"id";"type";"energy";"usage";"usagenet";"createdat";"startdate";"enddate";"fillingdatecancellation";"cancellationreason";"city";"status";"productid";"modificationdate"
1;"energy";"electricity";2100;2084;"2018-03-12";"2018-12-01";"";"";"";"Wuppertal";"indelivery";1000;"2020-04-17"
2;"energy";"electricity";2700;2569;"2018-01-26";"2018-10-01";"";"";"";"Cologne";"indelivery";1000;"2020-02-06"
3;"energy";"electricity";2900;2760;"2019-04-09";"2019-09-01";"";"";"";"Berlin";"indelivery";1002;"2020-01-20"
4;"energy";"electricity";2500;2391;"2019-09-27";"2019-11-01";"2020-02-29";"2020-02-01";"fristgerecht durch Kunde";"Dortmund";"terminated";1000;"2020-02-01"
5;"energy";"electricity";2200;2178;"2020-04-01";"2020-11-01";"";"";"";"Hannover";"active";1001;"2020-07-06"
6;"energy";"electricity";2400;2375;"2020-02-02";"2020-07-01";"";"";"";"Freiberg";"indelivery";1001;"2020-04-01"
7;"energy";"electricity";2800;2915;"2019-07-20";"2019-09-01";"";"";"";"Mainz";"indelivery";1001;"2020-07-20"
8;"energy";"electricity";2800;2802;"2018-11-22";"2019-07-01";"";"";"";"Berlin";"indelivery";1001;"2020-03-10"
9;"energy";"electricity";2900;2894;"2018-06-27";"2018-07-01";"";"";"";"Duisburg";"indelivery";1000;"2018-08-08"
10;"energy";"electricity";2500;2489;"2019-07-06";"2019-08-01";"";"";"";"Munich";"indelivery";1000;"2020-09-12"
11;"energy";"electricity";3000;3087;"2020-06-08";"2021-04-01";"";"";"";"Lübeck";"active";1002;"2020-09-14"
12;"energy";"gas";9400;8969;"2019-07-13";"2019-09-01";"";"";"";"Berlin";"indelivery";2000;"2020-01-26"
13;"energy";"electricity";2600;2493;"2019-01-18";"2019-02-01";"";"";"";"Frankfurt";"indelivery";1000;"2020-05-26"
14;"energy";"electricity";2900;2935;"2020-09-06";"2020-10-01";"";"";"";"Hamburg";"indelivery";1000;"2020-09-25"
15;"energy";"gas";7700;8009;"2019-01-30";"2019-04-01";"";"";"";"Berlin";"indelivery";2000;"2019-04-27"
16;"energy";"electricity";2400;2409;"2018-08-26";"2018-09-01";"";"";"";"Frankfurt";"indelivery";1000;"2020-01-15"
17;"energy";"electricity";2600;2609;"2019-11-07";"2020-01-01";"";"";"";"Wiesbaden";"indelivery";1002;"2020-07-31"
18;"energy";"electricity";2200;2293;"2019-12-29";"2020-02-01";"2020-11-30";"2020-11-02";"fristgerecht durch Kunde";"Munich";"cancelled";1002;"2020-01-08"
19;"energy";"electricity";2500;2442;"2020-04-12";"2021-02-01";"";"";"";"Kiel";"active";1000;"2020-06-13"
20;"energy";"electricity";2100;2115;"2020-06-10";"2020-07-01";"2020-12-31";"2020-12-03";"fristgerecht durch LichtBlick";"Cologne";"cancelled";1000;"2020-07-05"
21;"energy";"electricity";2400;"";"2019-06-17";"2019-10-01";"";"";"";"Hamburg";"indelivery";1001;"2020-05-01"
22;"energy";"electricity";2200;2265;"2019-02-26";"2019-04-01";"";"";"";"Hamburg";"indelivery";1000;"2020-06-07"
23;"energy";"electricity";2500;2456;"2018-03-31";"2019-09-01";"";"";"";"Marienberg";"indelivery";1000;"2019-11-22"
24;"energy";"gas";7700;8184;"2020-01-22";"2020-03-01";"";"";"";"Cologne";"indelivery";2000;"2020-04-01"
25;"energy";"electricity";2300;2217;"2018-05-29";"2018-06-01";"2020-03-31";"2020-03-02";"fristgerecht durch LichtBlick";"Berlin";"terminated";1002;"2019-07-20"
26;"energy";"electricity";2900;2866;"2018-07-05";"2018-09-01";"";"";"";"Freiburg";"indelivery";1000;"2019-09-07"
27;"energy";"electricity";2900;2820;"2020-05-09";"2020-09-01";"";"";"";"Bremen";"indelivery";1000;"2020-07-04"
28;"energy";"electricity";2500;2626;"2018-02-08";"2018-04-01";"2018-11-30";"2018-10-27";"Umzug";"Munich";"terminated";1001;"2018-10-27"
29;"energy";"electricity";2200;2211;"2018-07-09";"2018-12-01";"";"";"";"Berlin";"indelivery";1002;"2020-08-04"
30;"energy";"electricity";2500;"";"2020-09-12";"2020-10-01";"";"";"";"Berlin";"indelivery";1000;"2020-09-26"
31;"energy";"gas";10700;10207;"2018-05-31";"2018-06-01";"";"";"";"Potsdam";"indelivery";2000;"2019-03-12"
32;"energy";"gas";8500;8720;"2018-04-25";"2018-05-01";"2018-11-30";"2018-11-01";"Umzug";"Hamburg";"terminated";2000;"2018-11-01"
33;"energy";"electricity";2200;2095;"2020-09-18";"2020-11-01";"";"";"";"Cologne";"active";1002;"2020-09-27"
34;"energy";"electricity";2500;2420;"2018-03-19";"2018-10-01";"2020-08-31";"2020-08-02";"fristgerecht durch LichtBlick";"Wuppertal";"terminated";1001;"2019-09-19"
35;"energy";"electricity";1900;"";"2018-07-03";"2019-03-01";"";"";"";"Berlin";"indelivery";1002;"2020-01-03"
36;"energy";"electricity";2600;2808;"2019-05-05";"2019-09-01";"";"";"";"Gera";"indelivery";1000;"2020-09-24"
37;"energy";"electricity";2400;2474;"2018-12-25";"2019-04-01";"2019-07-31";"2019-06-30";"fristgerecht durch LichtBlick";"Bremen";"terminated";1002;"2019-06-30"
38;"energy";"gas";11000;10773;"2020-03-11";"2020-04-01";"2020-07-31";"2020-06-29";"fristgerecht durch Kunde";"Halle";"terminated";2001;"2020-06-29"
39;"energy";"electricity";2400;2531;"2020-04-06";"2020-05-01";"";"";"";"Bremen";"indelivery";1000;"2020-09-11"
40;"energy";"gas";8700;9203;"2020-02-20";"2020-06-01";"";"";"";"Munich";"indelivery";2001;"2020-06-15"
41;"energy";"electricity";2500;2447;"2019-03-01";"2019-09-01";"";"";"";"Regensburg";"indelivery";1002;"2020-09-11"
42;"energy";"electricity";2600;"";"2020-01-06";"2020-03-01";"";"";"";"Nordhorn";"indelivery";1000;"2020-06-11"
43;"energy";"electricity";2400;2500;"2019-11-28";"2020-06-01";"";"";"";"Cologne";"indelivery";1000;"2019-12-20"
44;"energy";"electricity";2600;2717;"2019-12-14";"2020-03-01";"";"";"";"Frankfurt";"indelivery";1000;"2020-08-14"
45;"energy";"electricity";2100;2040;"2019-04-18";"2019-09-01";"";"";"";"Augsburg";"indelivery";1000;"2020-08-04"
46;"energy";"electricity";2700;2762;"2018-06-03";"2018-11-01";"";"";"";"Frankfurt";"indelivery";1000;"2019-12-11"
47;"energy";"electricity";2900;3035;"2019-08-04";"2019-11-01";"";"";"";"Berlin";"indelivery";1002;"2020-07-08"
48;"energy";"electricity";2200;2330;"2019-02-26";"2019-07-01";"";"";"";"Weilheim";"indelivery";1001;"2019-08-13"
49;"energy";"electricity";2900;2951;"2020-02-14";"2020-09-01";"";"";"";"Ingolstadt";"indelivery";1002;"2020-09-09"
50;"energy";"electricity";2600;"";"2019-10-12";"2020-03-01";"";"";"";"Herne";"indelivery";1001;"2020-01-09"
51;"energy";"electricity";2200;2341;"2019-04-08";"2019-06-01";"";"";"";"Magdeburg";"indelivery";1001;"2020-03-01"
52;"energy";"electricity";2300;2192;"2020-07-28";"2020-09-01";"";"";"";"Dortmund";"indelivery";1000;"2020-09-26"
53;"energy";"electricity";2100;2097;"2018-10-06";"2019-08-01";"";"";"";"Mainz";"indelivery";1001;"2020-03-07"
54;"energy";"electricity";2200;"";"2019-01-05";"2019-02-01";"";"";"";"Hamburg";"indelivery";1002;"2019-09-28"
55;"energy";"electricity";3000;2833;"2019-10-23";"2020-02-01";"";"";"";"Düsseldorf";"indelivery";1001;"2020-06-07"
56;"energy";"electricity";2500;2352;"2018-01-03";"2018-05-01";"";"";"";"Jena";"indelivery";1000;"2019-05-17"
57;"energy";"electricity";2800;2977;"2020-01-25";"2020-07-01";"";"";"";"Dortmund";"indelivery";1002;"2020-03-04"
58;"energy";"electricity";2300;2436;"2020-02-28";"2020-10-01";"";"";"";"Munich";"indelivery";1001;"2020-08-28"
59;"energy";"electricity";2900;2822;"2019-07-14";"2019-09-01";"";"";"";"Friedberg";"indelivery";1000;"2019-11-25"
60;"energy";"electricity";2800;"";"2018-03-13";"2018-04-01";"2018-08-31";"2018-08-01";"Umzug";"Stuttgart";"terminated";1001;"2018-08-01"
61;"energy";"electricity";1900;1795;"2019-06-27";"2020-02-01";"";"";"";"Cologne";"indelivery";1000;"2020-09-12"
62;"energy";"electricity";2400;2451;"2018-07-04";"2018-10-01";"";"";"";"Bonn";"indelivery";1000;"2018-08-20"
63;"energy";"electricity";2000;2128;"2019-09-28";"2020-01-01";"";"";"";"Berlin";"indelivery";1001;"2020-07-04"
64;"energy";"electricity";2000;2081;"2019-05-21";"2019-11-01";"";"";"";"Berlin";"indelivery";1000;"2020-06-19"
65;"energy";"gas";10300;10977;"2019-10-08";"2019-11-01";"2020-11-30";"2020-10-28";"fristgerecht durch Kunde";"Mühldorf";"cancelled";2001;"2019-12-05"
66;"energy";"electricity";2100;2263;"2018-11-26";"2019-05-01";"2019-12-31";"2019-12-02";"Umzug";"Munich";"terminated";1000;"2019-02-09"
67;"energy";"electricity";2600;2597;"2019-01-29";"2019-04-01";"2019-04-01";"2019-12-01";"Wiederruf";"Heidelberg";"terminated";1000;"2019-11-06"
68;"energy";"gas";10700;11373;"2018-07-14";"2018-11-01";"";"";"";"Essen";"indelivery";2001;"2019-06-20"
69;"energy";"electricity";2600;2453;"2019-03-26";"2019-05-01";"";"";"";"Leipzig";"indelivery";1002;"2019-09-01"
70;"energy";"electricity";2800;2796;"2019-12-15";"2020-02-01";"";"";"";"Frankfurt";"indelivery";1000;"2020-09-02"
71;"energy";"electricity";2200;2338;"2019-07-27";"2019-09-01";"";"";"";"Berlin";"indelivery";1001;"2019-08-04"
72;"energy";"electricity";2700;2562;"2019-07-17";"2019-09-01";"";"";"";"Hamburg";"indelivery";1002;"2020-05-04"
73;"energy";"electricity";3000;2903;"2019-03-04";"2019-08-01";"";"";"";"Bielefeld";"indelivery";1002;"2019-12-07"
74;"energy";"electricity";2100;2084;"2019-10-10";"2020-09-01";"";"";"";"Magdeburg";"indelivery";1000;"2020-05-25"
75;"energy";"electricity";2800;"";"2020-02-17";"2020-03-01";"";"";"";"Duisburg";"indelivery";1001;"2020-07-11"
76;"energy";"gas";11100;11235;"2018-01-24";"2018-02-01";"2020-12-31";"2020-11-28";"fristgerecht durch LichtBlick";"Gera";"cancelled";2001;"2018-03-18"
77;"energy";"electricity";2200;2188;"2020-02-15";"2020-11-01";"";"";"";"Oldenburg";"active";1001;"2020-09-02"
78;"energy";"electricity";2300;2330;"2020-01-16";"2020-03-01";"";"";"";"Berlin";"indelivery";1002;"2020-08-25"
79;"energy";"electricity";2100;2039;"2018-01-26";"2018-03-01";"";"";"";"Frankfurt";"indelivery";1000;"2018-05-31"
80;"energy";"electricity";2600;2723;"2018-10-17";"2018-12-01";"2019-09-30";"2019-09-02";"Umzug";"Berlin";"terminated";1001;"2019-09-02"
81;"energy";"electricity";2800;2900;"2018-08-30";"2018-11-01";"";"";"";"Munich";"indelivery";1002;"2020-02-01"
82;"energy";"electricity";2900;2724;"2019-02-26";"2019-12-01";"";"";"";"Essen";"indelivery";1000;"2019-05-10"
83;"energy";"gas";8100;8201;"2019-07-17";"2019-11-01";"";"";"";"Berlin";"indelivery";2000;"2020-06-18"
84;"energy";"electricity";2400;2296;"2019-01-03";"2019-06-01";"";"";"";"Wuppertal";"indelivery";1002;"2020-08-13"
85;"energy";"electricity";3000;2951;"2020-06-29";"2020-08-01";"";"";"";"Essen";"indelivery";1002;"2020-09-24"
86;"energy";"gas";9300;8982;"2020-07-13";"2020-09-01";"";"";"";"Berlin";"indelivery";2000;"2020-08-12"
87;"energy";"electricity";2700;2601;"2019-05-03";"2019-07-01";"";"";"";"Dortmund";"indelivery";1002;"2020-07-12"
88;"energy";"electricity";2100;"";"2018-08-05";"2019-05-01";"";"";"";"Hofeck";"indelivery";1000;"2019-01-19"
89;"energy";"electricity";2400;2434;"2018-10-17";"2019-03-01";"";"";"";"Leipzig";"indelivery";1000;"2020-09-17"
90;"energy";"electricity";2100;"";"2018-03-22";"2018-05-01";"";"";"";"Kiel";"indelivery";1002;"2020-08-11"
91;"energy";"electricity";2600;2591;"2018-06-08";"2018-08-01";"";"";"";"Munich";"indelivery";1000;"2020-07-12"
92;"energy";"electricity";2200;2051;"2018-12-31";"2019-03-01";"";"";"";"Halle";"indelivery";1002;"2019-11-13"
93;"energy";"electricity";2600;2742;"2020-09-28";"2021-03-01";"";"";"";"Leipzig";"active";1002;"2020-09-29"
94;"energy";"electricity";2000;1948;"2019-08-16";"2019-09-01";"2020-11-30";"2020-10-29";"Umzug";"Stuttgart";"cancelled";1000;"2020-02-21"
95;"energy";"electricity";2800;2701;"2018-12-30";"2019-08-01";"";"";"";"Hamburg";"indelivery";1000;"2019-02-06"
96;"energy";"electricity";2200;2291;"2020-04-04";"2020-05-01";"2020-07-31";"2020-07-01";"Umzug";"Lübeck";"terminated";1002;"2020-07-01"
97;"energy";"electricity";2300;2407;"2018-01-10";"2018-07-01";"";"";"";"Marienberg";"indelivery";1002;"2018-06-30"
98;"energy";"gas";8800;"";"2019-10-31";"2019-12-01";"";"";"";"Ingolstadt";"indelivery";2000;"2020-03-18"
99;"energy";"electricity";2200;2239;"2018-11-21";"2019-07-01";"";"";"";"Bremen";"indelivery";1002;"2019-07-06"
100;"energy";"electricity";3000;3118;"2020-03-30";"2020-12-01";"";"";"";"Bielefeld";"active";1000;"2020-04-05"
101;"energy";"gas";10300;10856;"2018-06-21";"2018-10-01";"2018-10-01";"2019-08-03";"Wiederruf";"Karlsruhe";"terminated";2000;"2019-08-03"
102;"energy";"electricity";2100;2054;"2018-03-23";"2018-05-01";"";"";"";"Duisburg";"indelivery";1002;"2019-05-24"
103;"energy";"electricity";3000;"";"2018-04-21";"2018-07-01";"2020-08-31";"2020-08-03";"fristgerecht durch LichtBlick";"Emden";"terminated";1002;"2019-08-05"
104;"energy";"electricity";2800;2827;"2019-08-28";"2019-10-01";"";"";"";"Cottbus";"indelivery";1002;"2020-02-24"
105;"energy";"electricity";2900;2756;"2018-02-02";"2018-05-01";"";"";"";"Gießen";"indelivery";1000;"2020-04-11"
106;"energy";"electricity";2800;3008;"2019-05-26";"2020-02-01";"";"";"";"Heidelberg";"indelivery";1001;"2019-09-04"
107;"energy";"gas";9700;"";"2020-05-29";"2020-07-01";"";"";"";"Munich";"indelivery";2000;"2020-08-04"
108;"energy";"electricity";2900;2874;"2018-05-14";"2019-04-01";"";"";"";"Kassel";"indelivery";1000;"2018-05-22"
109;"energy";"electricity";2600;"";"2018-03-26";"2018-04-01";"";"";"";"Hannover";"indelivery";1001;"2020-07-11"
110;"energy";"electricity";2800;2856;"2020-03-05";"2020-05-01";"";"";"";"Hamburg";"indelivery";1000;"2020-03-18"
111;"energy";"electricity";2400;2378;"2020-04-05";"2020-05-01";"";"";"";"Koblenz";"indelivery";1002;"2020-08-12"
112;"energy";"electricity";2500;2587;"2018-07-01";"2018-10-01";"2018-10-01";"2020-02-29";"Wiederruf";"Zweibrücken";"terminated";1002;"2019-12-15"
113;"energy";"electricity";2300;2156;"2020-08-28";"2021-05-01";"";"";"";"Hamburg";"active";1001;"2020-09-19"
114;"energy";"electricity";2600;"";"2019-08-20";"2019-11-01";"";"";"";"Munich";"indelivery";1000;"2020-02-06"
115;"energy";"gas";9000;8673;"2019-08-12";"2019-12-01";"";"";"";"Göttingen";"indelivery";2000;"2019-09-02"
116;"energy";"electricity";2900;2956;"2019-09-06";"2019-11-01";"";"";"";"Braunschweig";"indelivery";1002;"2019-12-21"
117;"energy";"electricity";2900;2828;"2020-02-05";"2020-04-01";"";"";"";"Leipzig";"indelivery";1002;"2020-04-24"
118;"energy";"electricity";2200;2268;"2019-08-11";"2019-10-01";"2019-10-01";"2020-10-03";"Wiederruf";"Essen";"terminated";1002;"2020-06-04"
119;"energy";"electricity";2400;2441;"2019-06-05";"2019-08-01";"";"";"";"Hamburg";"indelivery";1000;"2020-07-02"
120;"energy";"electricity";2200;2291;"2020-06-01";"2020-07-01";"";"";"";"Düsseldorf";"indelivery";1002;"2020-06-25"
121;"energy";"electricity";2100;1962;"2018-04-08";"2018-08-01";"2020-12-31";"2020-12-03";"fristgerecht durch Kunde";"Würzburg";"cancelled";1000;"2019-05-30"
122;"energy";"electricity";2700;2739;"2018-08-19";"2019-04-01";"2019-04-01";"2019-09-02";"Wiederruf";"Wuppertal";"terminated";1001;"2019-09-02"
123;"energy";"electricity";2200;2303;"2018-02-23";"2018-07-01";"2018-11-30";"2018-11-02";"fristgerecht durch LichtBlick";"Meppen";"terminated";1001;"2018-08-25"
124;"energy";"electricity";2500;"";"2019-09-23";"2019-11-01";"";"";"";"Düsseldorf";"indelivery";1001;"2020-06-29"
125;"energy";"electricity";2900;3076;"2018-07-26";"2018-08-01";"";"";"";"Jena";"indelivery";1000;"2020-06-24"
126;"energy";"electricity";2000;2166;"2019-02-12";"2019-05-01";"";"";"";"Berlin";"indelivery";1000;"2020-01-21"
127;"energy";"electricity";2200;2309;"2018-09-18";"2018-10-01";"";"";"";"Frankfurt";"indelivery";1002;"2019-01-04"
128;"energy";"electricity";2800;2987;"2018-10-16";"2018-12-01";"";"";"";"Cologne";"indelivery";1001;"2019-10-11"
129;"energy";"electricity";2900;2750;"2019-06-29";"2019-07-01";"";"";"";"Kassel";"indelivery";1000;"2020-09-16"
130;"energy";"electricity";2100;2150;"2019-11-11";"2019-12-01";"";"";"";"Hannover";"indelivery";1000;"2020-02-09"
131;"energy";"electricity";2700;2633;"2020-02-23";"2020-03-01";"";"";"";"Schwerin";"indelivery";1000;"2020-06-19"
132;"energy";"electricity";2400;2313;"2018-04-25";"2018-06-01";"";"";"";"Naumburg";"indelivery";1002;"2020-01-27"
133;"energy";"electricity";2000;1929;"2019-08-13";"2019-11-01";"";"";"";"Berlin";"indelivery";1000;"2020-07-25"
134;"energy";"gas";9600;9283;"2018-03-31";"2018-05-01";"";"";"";"Altchemnitz";"indelivery";2001;"2018-12-09"
135;"energy";"electricity";3000;3066;"2020-06-06";"2020-07-01";"2020-12-31";"2020-12-02";"fristgerecht durch LichtBlick";"Hamm";"cancelled";1001;"2020-07-26"
136;"energy";"electricity";2500;2665;"2018-04-26";"2018-06-01";"2018-06-01";"2020-01-31";"Wiederruf";"Hamburg";"terminated";1002;"2020-01-31"
137;"energy";"electricity";2500;2369;"2020-02-13";"2020-12-01";"";"";"";"Frankfurt";"active";1001;"2020-07-05"
138;"energy";"electricity";2700;2935;"2020-04-22";"2020-11-01";"";"";"";"Hannover";"active";1002;"2020-05-01"
139;"energy";"gas";8600;8913;"2018-02-03";"2018-06-01";"";"";"";"Oldenburg";"indelivery";2000;"2020-03-17"
140;"energy";"gas";10100;9987;"2018-01-16";"2018-03-01";"";"";"";"Dortmund";"indelivery";2001;"2020-06-01"
141;"energy";"gas";11200;12086;"2019-12-31";"2020-05-01";"";"";"";"Düsseldorf";"indelivery";2000;"2020-01-20"
142;"energy";"electricity";2900;2875;"2019-10-24";"2020-02-01";"2020-07-31";"2020-07-03";"fristgerecht durch LichtBlick";"Emden";"terminated";1001;"2020-03-02"
143;"energy";"electricity";2900;2992;"2019-01-13";"2019-07-01";"";"";"";"Koblenz";"indelivery";1000;"2020-01-23"
144;"energy";"electricity";2700;2710;"2018-01-23";"2018-05-01";"";"";"";"Hamburg";"indelivery";1000;"2019-04-01"
145;"energy";"electricity";2500;2639;"2019-01-01";"2019-06-01";"";"";"";"Munich";"indelivery";1001;"2020-07-07"
146;"energy";"electricity";3000;2830;"2019-09-22";"2020-02-01";"";"";"";"Düsseldorf";"indelivery";1001;"2020-04-26"
147;"energy";"electricity";2700;2735;"2020-02-07";"2020-04-01";"";"";"";"Osnabrück";"indelivery";1000;"2020-08-23"
148;"energy";"electricity";2800;2874;"2020-09-07";"2021-02-01";"";"";"";"Düsseldorf";"active";1001;"2020-09-07"
149;"energy";"gas";8500;8365;"2019-05-30";"2019-10-01";"2020-12-31";"2020-12-01";"fristgerecht durch Kunde";"Dortmund";"cancelled";2000;"2020-02-12"
150;"energy";"electricity";2400;2490;"2018-09-18";"2018-12-01";"";"";"";"Bonn";"indelivery";1001;"2018-10-20"
151;"energy";"electricity";2500;2513;"2019-11-13";"2020-05-01";"2020-12-31";"2020-12-01";"fristgerecht durch Kunde";"Erfurt";"cancelled";1001;"2020-09-07"
152;"energy";"electricity";2600;2661;"2019-09-03";"2019-11-01";"";"";"";"Bonn";"indelivery";1000;"2020-07-21"
153;"energy";"gas";9300;9396;"2019-08-07";"2019-10-01";"";"";"";"Bremen";"indelivery";2001;"2019-11-18"
154;"energy";"electricity";2300;2168;"2018-12-30";"2019-03-01";"";"";"";"Hamburg";"indelivery";1001;"2020-06-01"
155;"energy";"electricity";2000;2079;"2018-02-24";"2018-04-01";"";"";"";"Cologne";"indelivery";1000;"2020-02-11"
156;"energy";"electricity";2600;2516;"2019-05-21";"2019-06-01";"";"";"";"Osnabrück";"indelivery";1001;"2020-04-10"
157;"energy";"gas";9800;10456;"2020-01-25";"2020-02-01";"";"";"";"Hamburg";"indelivery";2000;"2020-03-08"
158;"energy";"electricity";2700;2770;"2018-02-22";"2018-12-01";"2020-01-31";"2020-01-03";"Umzug";"Potsdam";"terminated";1000;"2020-01-03"
159;"energy";"electricity";2200;"";"2020-03-16";"2020-04-01";"2020-11-30";"2020-10-28";"Umzug";"Essen";"cancelled";1000;"2020-05-12"
160;"energy";"electricity";2200;2328;"2019-09-09";"2019-10-01";"";"";"";"Altchemnitz";"indelivery";1002;"2019-11-29"
161;"energy";"electricity";2000;"";"2020-09-03";"2020-12-01";"";"";"";"Wuppertal";"active";1001;"2020-09-17"
162;"energy";"electricity";2100;2089;"2019-07-26";"2020-05-01";"";"";"";"Berlin";"indelivery";1000;"2020-09-06"
163;"energy";"electricity";2500;2711;"2020-09-09";"2020-10-01";"";"";"";"Hamburg";"indelivery";1002;"2020-09-28"
164;"energy";"electricity";2300;2309;"2019-05-26";"2019-09-01";"2020-04-30";"2020-04-01";"Umzug";"Osnabrück";"terminated";1000;"2019-09-17"
165;"energy";"electricity";2800;2854;"2018-06-27";"2019-06-01";"";"";"";"Cologne";"indelivery";1002;"2020-09-25"
166;"energy";"electricity";2200;2151;"2019-02-14";"2020-02-01";"";"";"";"Homberg";"indelivery";1001;"2019-11-13"
167;"energy";"gas";9500;"";"2018-07-04";"2018-12-01";"2020-09-30";"2020-09-01";"fristgerecht durch Kunde";"Bielefeld";"terminated";2001;"2020-09-01"
168;"energy";"electricity";2300;"";"2019-09-12";"2020-01-01";"";"";"";"Hannover";"indelivery";1002;"2020-03-19"
169;"energy";"gas";9500;9344;"2019-03-11";"2019-09-01";"";"";"";"Hamburg";"indelivery";2000;"2020-06-21"
170;"energy";"electricity";2100;2227;"2020-09-20";"2021-05-01";"";"";"";"Hannover";"active";1000;"2020-09-30"
171;"energy";"gas";10900;11589;"2020-03-14";"2020-05-01";"";"";"";"Saarbrücken";"indelivery";2000;"2020-09-22"
172;"energy";"electricity";2800;2725;"2020-09-26";"2020-11-01";"";"";"";"Koblenz";"active";1000;"2020-09-26"
173;"energy";"gas";9500;9080;"2019-03-20";"2019-06-01";"";"";"";"Hamburg";"indelivery";2000;"2020-06-18"
174;"energy";"electricity";2800;2986;"2019-11-28";"2020-02-01";"";"";"";"Dresden";"indelivery";1000;"2020-01-06"
175;"energy";"electricity";2300;2405;"2018-07-22";"2018-12-01";"2019-07-31";"2019-07-03";"fristgerecht durch LichtBlick";"Bremen";"terminated";1001;"2019-07-03"
176;"energy";"electricity";2600;2544;"2019-07-24";"2019-10-01";"";"";"";"Coburg";"indelivery";1001;"2020-09-01"
177;"energy";"electricity";2800;2732;"2018-07-22";"2018-11-01";"";"";"";"Düsseldorf";"indelivery";1002;"2019-02-28"
178;"energy";"electricity";2600;2522;"2018-08-07";"2018-10-01";"";"";"";"Fürth";"indelivery";1001;"2020-03-27"
179;"energy";"electricity";2000;"";"2019-05-13";"2019-09-01";"";"";"";"Frankfurt";"indelivery";1001;"2020-02-15"
180;"energy";"gas";8700;8564;"2018-04-17";"2018-10-01";"2018-10-01";"2019-09-02";"Wiederruf";"Cologne";"terminated";2000;"2018-06-08"
181;"energy";"electricity";2500;2573;"2019-08-10";"2020-07-01";"";"";"";"Kiel";"indelivery";1001;"2019-12-10"
182;"energy";"electricity";2300;2313;"2020-03-19";"2020-07-01";"";"";"";"Berlin";"indelivery";1000;"2020-04-14"
183;"energy";"gas";8500;8405;"2019-10-21";"2020-06-01";"";"";"";"Essen";"indelivery";2000;"2020-09-10"
184;"energy";"gas";8700;8277;"2018-02-22";"2018-10-01";"";"";"";"Düsseldorf";"indelivery";2001;"2019-10-20"
185;"energy";"electricity";2600;2570;"2019-06-21";"2019-12-01";"";"";"";"Salzwedel";"indelivery";1000;"2020-07-21"
186;"energy";"electricity";2600;"";"2019-06-16";"2020-01-01";"";"";"";"Duisburg";"indelivery";1001;"2020-05-29"
187;"energy";"electricity";2400;2404;"2019-07-15";"2020-01-01";"";"";"";"Erfurt";"indelivery";1000;"2019-09-07"
188;"energy";"electricity";2600;2589;"2019-04-30";"2019-07-01";"";"";"";"Wittenberg";"indelivery";1001;"2019-07-09"
189;"energy";"electricity";2800;2764;"2020-08-16";"2020-11-01";"";"";"";"Berlin";"active";1001;"2020-09-24"
190;"energy";"gas";8400;8828;"2020-05-29";"2020-12-01";"";"";"";"Bonn";"active";2000;"2020-06-23"
191;"energy";"electricity";2100;2190;"2018-09-16";"2019-06-01";"";"";"";"Berlin";"indelivery";1000;"2020-06-29"
192;"energy";"electricity";2500;"";"2020-07-28";"2021-01-01";"";"";"";"Hannover";"active";1002;"2020-09-24"
193;"energy";"electricity";2000;1954;"2019-09-16";"2020-04-01";"";"";"";"Wuppertal";"indelivery";1000;"2019-11-26"
194;"energy";"electricity";2500;2407;"2018-04-25";"2018-08-01";"";"";"";"Hamburg";"indelivery";1001;"2018-09-23"
195;"energy";"electricity";2500;2471;"2020-09-26";"2020-12-01";"";"";"";"Cologne";"active";1000;"2020-09-30"
196;"energy";"electricity";2100;2094;"2020-07-21";"2020-09-01";"";"";"";"Berlin";"indelivery";1001;"2020-09-04"
197;"energy";"electricity";2600;2540;"2019-10-05";"2020-07-01";"";"";"";"Frankfurt";"indelivery";1001;"2020-04-15"
198;"energy";"gas";9300;8872;"2019-05-08";"2019-08-01";"2020-03-31";"2020-03-01";"fristgerecht durch LichtBlick";"Cologne";"terminated";2000;"2020-02-25"
199;"energy";"electricity";2500;2662;"2019-05-03";"2019-06-01";"2020-12-31";"2020-11-30";"fristgerecht durch Kunde";"Kiel";"cancelled";1000;"2019-06-14"
200;"energy";"electricity";2600;2507;"2018-01-26";"2018-02-01";"";"";"";"Gießen";"indelivery";1002;"2018-03-03"
201;"energy";"electricity";2300;2322;"2018-08-21";"2019-02-01";"";"";"";"Cologne";"indelivery";1000;"2020-06-26"
202;"energy";"electricity";2600;2756;"2018-10-06";"2019-03-01";"";"";"";"Leipzig";"indelivery";1001;"2020-09-23"
203;"energy";"electricity";2200;2341;"2019-11-06";"2020-01-01";"";"";"";"Villingen-Schwenningen";"indelivery";1001;"2020-06-10"
204;"energy";"electricity";2500;2499;"2020-03-28";"2020-10-01";"";"";"";"Hannover";"indelivery";1000;"2020-08-25"
205;"energy";"electricity";2700;2628;"2020-08-04";"2020-11-01";"";"";"";"Berlin";"active";1001;"2020-09-17"
206;"energy";"electricity";2400;"";"2018-12-09";"2019-01-01";"2019-01-01";"2019-04-02";"Wiederruf";"Düsseldorf";"terminated";1000;"2019-04-02"
207;"energy";"gas";9600;9994;"2020-05-31";"2020-10-01";"";"";"";"Hannover";"indelivery";2000;"2020-08-23"
208;"energy";"gas";8700;"";"2019-05-06";"2019-10-01";"";"";"";"Dortmund";"indelivery";2001;"2019-10-15"
209;"energy";"electricity";2700;2750;"2019-05-23";"2019-07-01";"";"";"";"Hamburg";"indelivery";1000;"2020-07-02"
210;"energy";"electricity";2900;2846;"2020-09-10";"2020-10-01";"";"";"";"Essen";"indelivery";1001;"2020-09-26"
211;"energy";"electricity";2100;2164;"2019-01-02";"2019-02-01";"";"";"";"Dortmund";"indelivery";1002;"2020-01-16"
212;"energy";"electricity";2600;2581;"2019-09-09";"2020-01-01";"";"";"";"Kiel";"indelivery";1000;"2019-09-29"
213;"energy";"electricity";1900;1838;"2019-04-08";"2019-10-01";"2020-07-31";"2020-07-03";"fristgerecht durch LichtBlick";"Berlin";"terminated";1000;"2019-10-07"
214;"energy";"electricity";2500;2570;"2018-10-22";"2019-07-01";"2019-12-31";"2019-11-24";"fristgerecht durch Kunde";"Stuttgart";"terminated";1002;"2019-11-24"
215;"energy";"electricity";2100;2130;"2019-09-05";"2020-06-01";"";"";"";"Cologne";"indelivery";1002;"2019-11-04"
216;"energy";"gas";10000;9670;"2019-01-02";"2019-04-01";"";"";"";"Berlin";"indelivery";2001;"2020-08-27"
217;"energy";"gas";10100;9691;"2018-07-13";"2019-01-01";"";"";"";"Frankfurt";"indelivery";2001;"2020-03-21"
218;"energy";"gas";8800;8859;"2020-03-14";"2020-06-01";"";"";"";"Berlin";"indelivery";2000;"2020-03-16"
219;"energy";"electricity";2500;2447;"2018-07-12";"2018-09-01";"2018-10-31";"2018-10-01";"Umzug";"Leipzig";"terminated";1002;"2018-10-01"
220;"energy";"electricity";2600;2721;"2018-04-13";"2018-06-01";"2020-03-31";"2020-03-03";"fristgerecht durch LichtBlick";"Hamburg";"terminated";1001;"2019-05-16"
221;"energy";"electricity";2600;2516;"2020-08-22";"2021-09-01";"";"";"";"Stuttgart";"active";1002;"2020-09-04"
222;"energy";"electricity";2600;2557;"2019-12-27";"2020-02-01";"";"";"";"Dresden";"indelivery";1002;"2020-04-01"
223;"energy";"electricity";2000;2083;"2018-11-29";"2019-02-01";"";"";"";"Flensburg";"indelivery";1001;"2019-08-30"
224;"energy";"electricity";2800;2926;"2019-12-24";"2020-02-01";"";"";"";"Berlin";"indelivery";1000;"2020-05-03"
225;"energy";"electricity";2300;2409;"2020-06-09";"2020-08-01";"";"";"";"Heidelberg";"indelivery";1001;"2020-09-01"
226;"energy";"gas";8300;8001;"2018-05-19";"2018-07-01";"";"";"";"Stuttgart";"indelivery";2000;"2020-08-31"
227;"energy";"electricity";2200;2263;"2019-07-09";"2020-02-01";"2020-02-01";"2020-12-03";"Wiederruf";"Marienberg";"terminated";1000;"2019-12-27"
228;"energy";"electricity";2400;2356;"2018-05-17";"2018-12-01";"2018-12-01";"2019-04-02";"Wiederruf";"Mannheim";"terminated";1002;"2019-04-02"
229;"energy";"gas";8200;8547;"2018-04-30";"2018-06-01";"2019-05-31";"2019-05-03";"Umzug";"Hannover";"terminated";2001;"2018-12-22"
230;"energy";"electricity";2700;2841;"2018-07-25";"2019-05-01";"";"";"";"Cologne";"indelivery";1000;"2020-05-28"
231;"energy";"electricity";2000;1975;"2019-12-09";"2020-05-01";"";"";"";"Freiburg";"indelivery";1000;"2020-04-16"
232;"energy";"electricity";2900;2867;"2018-05-14";"2019-02-01";"2019-02-01";"2020-01-31";"Wiederruf";"Marienberg";"terminated";1001;"2018-05-26"
233;"energy";"electricity";2900;"";"2018-10-07";"2019-05-01";"";"";"";"Dortmund";"indelivery";1000;"2020-01-25"
234;"energy";"electricity";2900;2870;"2020-04-26";"2020-06-01";"";"";"";"Saarbrücken";"indelivery";1002;"2020-06-02"
235;"energy";"electricity";2400;2553;"2018-09-21";"2018-11-01";"2020-05-31";"2020-04-30";"Umzug";"Berlin";"terminated";1001;"2018-12-16"
236;"energy";"electricity";2700;"";"2020-04-05";"2021-08-01";"";"";"";"Hamburg";"active";1000;"2020-05-08"
237;"energy";"electricity";2200;2371;"2020-04-22";"2020-06-01";"";"";"";"Bonn";"indelivery";1001;"2020-05-28"
238;"energy";"electricity";2000;1998;"2019-11-09";"2020-08-01";"";"";"";"Kassel";"indelivery";1001;"2020-05-05"
239;"energy";"electricity";2800;3015;"2019-03-13";"2020-02-01";"2020-12-31";"2020-12-02";"Umzug";"Frankfurt";"cancelled";1001;"2020-01-07"
240;"energy";"electricity";2400;2561;"2018-08-25";"2019-01-01";"";"";"";"Berlin";"indelivery";1000;"2020-05-19"
241;"energy";"electricity";2100;"";"2018-07-20";"2018-08-01";"2020-04-30";"2020-04-01";"fristgerecht durch Kunde";"Ulm";"terminated";1002;"2019-06-09"
242;"energy";"electricity";2900;2845;"2019-03-18";"2019-05-01";"";"";"";"Karlsruhe";"indelivery";1001;"2019-10-21"
243;"energy";"electricity";2300;2491;"2018-11-20";"2018-12-01";"";"";"";"Berlin";"indelivery";1002;"2020-02-28"
244;"energy";"electricity";2100;2250;"2018-05-09";"2018-08-01";"";"";"";"Berlin";"indelivery";1001;"2018-05-19"
245;"energy";"electricity";2300;2309;"2018-02-03";"2018-05-01";"";"";"";"Munich";"indelivery";1002;"2019-07-28"
246;"energy";"electricity";2700;2845;"2018-07-29";"2019-01-01";"";"";"";"Berlin";"indelivery";1002;"2018-11-04"
247;"energy";"electricity";2500;2543;"2020-01-06";"2020-06-01";"";"";"";"Berlin";"indelivery";1000;"2020-09-05"
248;"energy";"electricity";2900;2861;"2018-09-04";"2019-04-01";"";"";"";"Dortmund";"indelivery";1000;"2018-09-20"
249;"energy";"electricity";2400;2382;"2018-11-06";"2019-01-01";"2020-07-31";"2020-06-28";"fristgerecht durch LichtBlick";"Bielefeld";"terminated";1001;"2020-06-13"
250;"energy";"electricity";2200;2225;"2018-06-27";"2018-11-01";"2019-11-30";"2019-11-02";"fristgerecht durch Kunde";"Schwerin";"terminated";1000;"2019-11-02"
251;"energy";"electricity";3000;2865;"2018-04-30";"2019-01-01";"";"";"";"Mainz";"indelivery";1002;"2019-09-29"
252;"energy";"electricity";2600;"";"2020-06-09";"2020-10-01";"";"";"";"Ulm";"indelivery";1002;"2020-08-18"
253;"energy";"electricity";2300;2442;"2018-07-10";"2018-09-01";"";"";"";"Hamburg";"indelivery";1001;"2019-12-19"
254;"energy";"electricity";2900;2844;"2020-03-26";"2020-10-01";"";"";"";"Berlin";"indelivery";1001;"2020-06-09"
255;"energy";"gas";9000;9399;"2020-04-06";"2020-05-01";"";"";"";"Fürth";"indelivery";2001;"2020-04-12"
256;"energy";"electricity";2300;"";"2019-05-21";"2019-11-01";"";"";"";"Mannheim";"indelivery";1001;"2020-01-14"
257;"energy";"electricity";2300;2222;"2018-10-11";"2018-12-01";"";"";"";"Stuttgart";"indelivery";1001;"2019-10-19"
258;"energy";"electricity";2500;2682;"2019-03-22";"2019-10-01";"";"";"";"Lübeck";"indelivery";1001;"2020-07-20"
259;"energy";"electricity";2500;2619;"2020-03-16";"2020-05-01";"";"";"";"Dortmund";"indelivery";1000;"2020-05-22"
260;"energy";"electricity";2300;2267;"2020-04-10";"2020-07-01";"";"";"";"Würzburg";"indelivery";1002;"2020-06-03"
261;"energy";"electricity";2000;2198;"2019-01-21";"2019-03-01";"";"";"";"Würzburg";"indelivery";1000;"2020-05-24"
262;"energy";"electricity";2300;2418;"2019-03-14";"2019-05-01";"";"";"";"Dortmund";"indelivery";1001;"2020-07-17"
263;"energy";"electricity";2900;3014;"2018-12-09";"2019-06-01";"";"";"";"Bonn";"indelivery";1000;"2020-09-23"
264;"energy";"electricity";2500;2443;"2018-08-17";"2019-02-01";"2020-01-31";"2020-01-03";"Umzug";"Berlin";"terminated";1000;"2019-07-04"
265;"energy";"electricity";2500;2582;"2020-05-17";"2021-02-01";"";"";"";"Fürth";"active";1001;"2020-07-16"
266;"energy";"electricity";2300;2489;"2019-04-28";"2020-01-01";"";"";"";"Freiburg";"indelivery";1001;"2019-12-16"
267;"energy";"electricity";2800;2973;"2019-02-24";"2019-08-01";"";"";"";"Höxter";"indelivery";1000;"2019-06-15"
268;"energy";"electricity";2100;2102;"2018-11-23";"2019-04-01";"2019-04-01";"2019-09-22";"Wiederruf";"Düsseldorf";"terminated";1000;"2019-09-22"
269;"energy";"electricity";2700;2722;"2018-08-24";"2019-06-01";"2020-05-31";"2020-04-30";"Umzug";"Hamburg";"terminated";1001;"2019-10-25"
270;"energy";"electricity";2700;2651;"2018-04-30";"2018-06-01";"";"";"";"Berlin";"indelivery";1001;"2018-11-20"
271;"energy";"electricity";2600;2594;"2019-05-18";"2019-10-01";"2020-03-31";"2020-03-01";"Umzug";"Dortmund";"terminated";1002;"2020-03-01"
272;"energy";"electricity";2200;"";"2019-11-27";"2019-12-01";"";"";"";"Limburg";"indelivery";1001;"2020-07-08"
273;"energy";"electricity";2400;2387;"2018-09-09";"2018-10-01";"";"";"";"Leipzig";"indelivery";1001;"2018-09-17"
274;"energy";"gas";8200;8478;"2019-10-09";"2020-04-01";"";"";"";"Berlin";"indelivery";2000;"2020-01-26"
275;"energy";"electricity";2500;2468;"2019-02-06";"2019-05-01";"";"";"";"Stuttgart";"indelivery";1002;"2020-07-30"
276;"energy";"gas";8900;8854;"2019-04-22";"2019-11-01";"";"";"";"Marienberg";"indelivery";2000;"2019-08-17"
277;"energy";"electricity";2000;2098;"2019-09-13";"2019-10-01";"";"";"";"Kiel";"indelivery";1001;"2020-01-23"
278;"energy";"electricity";2600;2696;"2019-04-23";"2019-06-01";"";"";"";"Hannover";"indelivery";1002;"2020-06-11"
279;"energy";"electricity";2200;2251;"2019-04-01";"2019-06-01";"";"";"";"Bremen";"indelivery";1001;"2020-01-09"
280;"energy";"electricity";2800;2765;"2018-04-20";"2019-04-01";"";"";"";"Hamburg";"indelivery";1001;"2018-05-20"
281;"energy";"electricity";2600;2605;"2019-07-14";"2020-01-01";"";"";"";"Düsseldorf";"indelivery";1002;"2019-07-25"
282;"energy";"electricity";2400;2565;"2018-04-14";"2018-05-01";"2018-07-31";"2018-06-30";"fristgerecht durch Kunde";"Bremen";"terminated";1002;"2018-06-30"
283;"energy";"electricity";2700;2631;"2019-08-06";"2019-09-01";"";"";"";"Lübeck";"indelivery";1002;"2020-07-20"
284;"energy";"electricity";2700;2644;"2018-01-29";"2018-06-01";"2020-10-31";"2020-10-02";"Umzug";"Berlin";"cancelled";1000;"2019-08-31"
285;"energy";"electricity";2000;1957;"2018-03-05";"2018-04-01";"";"";"";"Berlin";"indelivery";1001;"2018-08-27"
286;"energy";"electricity";2600;2664;"2020-03-31";"2020-05-01";"";"";"";"Cologne";"indelivery";1000;"2020-08-08"
287;"energy";"electricity";2700;2722;"2018-06-25";"2018-10-01";"";"";"";"Jena";"indelivery";1002;"2019-09-15"
288;"energy";"electricity";2800;3001;"2019-05-20";"2019-08-01";"2020-10-31";"2020-10-03";"Umzug";"Bonn";"cancelled";1000;"2020-08-21"
289;"energy";"electricity";2000;2136;"2018-05-16";"2019-01-01";"";"";"";"Cologne";"indelivery";1000;"2018-11-16"
290;"energy";"electricity";2900;2965;"2019-07-06";"2019-08-01";"";"";"";"Dortmund";"indelivery";1001;"2020-09-01"
291;"energy";"electricity";2300;2406;"2020-01-21";"2020-03-01";"";"";"";"Dresden";"indelivery";1002;"2020-09-29"
292;"energy";"gas";10100;"";"2020-02-27";"2020-03-01";"";"";"";"Cologne";"indelivery";2001;"2020-04-13"
293;"energy";"electricity";2200;2264;"2018-04-09";"2018-06-01";"";"";"";"Essen";"indelivery";1000;"2019-06-04"
294;"energy";"electricity";2100;2291;"2018-05-02";"2018-08-01";"2018-08-01";"2018-10-30";"Wiederruf";"Stuttgart";"terminated";1000;"2018-10-30"
295;"energy";"electricity";2400;2522;"2019-09-25";"2019-10-01";"";"";"";"Munich";"indelivery";1000;"2020-06-15"
296;"energy";"electricity";2400;2435;"2019-02-04";"2019-05-01";"2020-11-30";"2020-10-30";"Umzug";"Wiesbaden";"cancelled";1002;"2020-06-30"
297;"energy";"electricity";2800;2963;"2018-01-17";"2018-04-01";"";"";"";"Berlin";"indelivery";1000;"2018-04-19"
298;"energy";"electricity";2700;2640;"2020-03-02";"2020-08-01";"";"";"";"Berlin";"indelivery";1000;"2020-04-19"
299;"energy";"gas";8900;8842;"2018-06-11";"2018-07-01";"";"";"";"Erfurt";"indelivery";2000;"2020-09-08"
300;"energy";"electricity";2700;2742;"2020-02-17";"2021-03-01";"";"";"";"Berlin";"active";1000;"2020-09-09"
301;"energy";"electricity";2500;2465;"2020-02-24";"2020-07-01";"";"";"";"Braunschweig";"indelivery";1001;"2020-05-23"
302;"energy";"gas";9700;9562;"2018-02-09";"2018-09-01";"";"";"";"Munich";"indelivery";2001;"2020-04-11"
303;"energy";"electricity";2200;2196;"2019-07-01";"2019-10-01";"";"";"";"Essen";"indelivery";1001;"2019-12-28"
304;"energy";"gas";10200;10609;"2019-08-06";"2020-01-01";"";"";"";"Mannheim";"indelivery";2001;"2019-10-25"
305;"energy";"electricity";2600;2749;"2019-01-06";"2019-03-01";"";"";"";"Berlin";"indelivery";1000;"2019-01-18"
306;"energy";"electricity";2400;2309;"2018-10-05";"2018-12-01";"";"";"";"Berlin";"indelivery";1000;"2019-11-07"
307;"energy";"gas";8800;9267;"2018-01-19";"2018-03-01";"";"";"";"Berlin";"indelivery";2000;"2019-11-14"
308;"energy";"electricity";2700;2611;"2020-05-31";"2020-08-01";"";"";"";"Hamburg";"indelivery";1000;"2020-09-09"
309;"energy";"electricity";2400;2580;"2020-07-11";"2020-09-01";"";"";"";"Hannover";"indelivery";1002;"2020-07-29"
310;"energy";"electricity";2400;2422;"2019-12-20";"2020-06-01";"";"";"";"Hamburg";"indelivery";1000;"2020-05-27"
311;"energy";"electricity";2500;2452;"2018-02-08";"2018-03-01";"2020-09-30";"2020-09-02";"Umzug";"Kempten";"terminated";1000;"2019-06-22"
312;"energy";"electricity";2700;2618;"2020-06-27";"2020-07-01";"";"";"";"Rostock";"indelivery";1000;"2020-07-31"
313;"energy";"electricity";2400;2502;"2019-06-04";"2019-10-01";"";"";"";"Stuttgart";"indelivery";1000;"2020-02-06"
314;"energy";"electricity";2100;"";"2018-06-27";"2019-03-01";"";"";"";"Hamburg";"indelivery";1002;"2018-12-25"
315;"energy";"electricity";2500;2563;"2020-03-04";"2020-06-01";"";"";"";"Braunschweig";"indelivery";1001;"2020-07-16"
316;"energy";"gas";11700;12086;"2020-09-21";"2021-01-01";"";"";"";"Mannheim";"active";2000;"2020-09-24"
317;"energy";"electricity";2900;3047;"2018-05-13";"2018-09-01";"2018-10-31";"2018-10-02";"fristgerecht durch Kunde";"Ingolstadt";"terminated";1001;"2018-09-14"
318;"energy";"gas";11400;"";"2019-02-28";"2019-04-01";"2020-02-29";"2020-01-31";"fristgerecht durch Kunde";"Bremen";"terminated";2000;"2020-01-31"
319;"energy";"gas";10000;9719;"2020-06-17";"2020-10-01";"";"";"";"Hamburg";"indelivery";2001;"2020-08-22"
320;"energy";"electricity";2300;2176;"2019-04-25";"2019-06-01";"";"";"";"Düsseldorf";"indelivery";1000;"2019-07-09"
321;"energy";"electricity";2400;"";"2018-10-07";"2018-11-01";"";"";"";"Münster";"indelivery";1002;"2020-06-05"
322;"energy";"electricity";2700;2641;"2020-03-04";"2020-09-01";"";"";"";"Duisburg";"indelivery";1002;"2020-08-14"
323;"energy";"electricity";2300;"";"2020-05-04";"2020-07-01";"";"";"";"Hamburg";"indelivery";1001;"2020-08-26"
324;"energy";"electricity";2500;2468;"2020-06-14";"2020-08-01";"";"";"";"Cologne";"indelivery";1000;"2020-08-23"
325;"energy";"electricity";2800;2686;"2020-02-04";"2020-05-01";"";"";"";"Gera";"indelivery";1001;"2020-05-01"
326;"energy";"gas";8200;8717;"2019-12-16";"2020-02-01";"2020-10-31";"2020-10-02";"fristgerecht durch LichtBlick";"Hamburg";"cancelled";2000;"2020-07-22"
327;"energy";"electricity";2700;2917;"2019-02-03";"2019-08-01";"";"";"";"Munich";"indelivery";1002;"2020-09-25"
328;"energy";"electricity";2700;2735;"2020-01-30";"2020-03-01";"";"";"";"Stralsund";"indelivery";1002;"2020-03-30"
329;"energy";"electricity";2600;2545;"2018-02-16";"2018-04-01";"2018-07-31";"2018-06-28";"fristgerecht durch LichtBlick";"Mainz";"terminated";1000;"2018-06-28"
330;"energy";"electricity";2300;2275;"2019-05-27";"2019-08-01";"";"";"";"Munich";"indelivery";1000;"2020-04-12"
331;"energy";"electricity";2200;2257;"2020-04-04";"2020-09-01";"";"";"";"Bonn";"indelivery";1001;"2020-09-06"
332;"energy";"electricity";2900;2869;"2019-05-27";"2019-07-01";"2020-02-29";"2020-02-01";"Umzug";"Kassel";"terminated";1001;"2019-11-16"
333;"energy";"electricity";2500;2710;"2019-10-20";"2019-11-01";"";"";"";"Marienberg";"indelivery";1001;"2020-08-09"
334;"energy";"electricity";2000;"";"2019-12-06";"2020-03-01";"";"";"";"Wiesbaden";"indelivery";1000;"2020-02-13"
335;"energy";"electricity";2600;2611;"2018-11-18";"2019-03-01";"";"";"";"Berlin";"indelivery";1002;"2019-01-02"
336;"energy";"electricity";2600;"";"2019-08-03";"2019-11-01";"";"";"";"Osnabrück";"indelivery";1001;"2020-01-25"
337;"energy";"electricity";2500;"";"2018-09-24";"2019-05-01";"";"";"";"Stuttgart";"indelivery";1001;"2019-09-24"
338;"energy";"gas";9500;9791;"2019-05-14";"2019-11-01";"";"";"";"Berlin";"indelivery";2000;"2019-07-18"
339;"energy";"electricity";2700;2914;"2020-04-04";"2020-05-01";"";"";"";"Duisburg";"indelivery";1002;"2020-05-17"
340;"energy";"electricity";2400;2390;"2020-08-26";"2020-12-01";"";"";"";"Dresden";"active";1002;"2020-09-03"
341;"energy";"gas";10100;"";"2018-08-03";"2018-10-01";"";"";"";"Mannheim";"indelivery";2001;"2018-11-09"
342;"energy";"gas";11800;11854;"2018-02-11";"2018-05-01";"";"";"";"Marienberg";"indelivery";2000;"2018-02-28"
343;"energy";"electricity";2300;2303;"2019-04-26";"2019-05-01";"";"";"";"Rostock";"indelivery";1000;"2020-05-09"
344;"energy";"gas";11000;11420;"2018-12-11";"2019-05-01";"";"";"";"Bremen";"indelivery";2000;"2019-12-26"
345;"energy";"gas";8200;8035;"2020-01-10";"2020-03-01";"";"";"";"Leipzig";"indelivery";2000;"2020-06-04"
346;"energy";"electricity";2400;2335;"2019-04-12";"2019-06-01";"";"";"";"Hamburg";"indelivery";1002;"2020-05-08"
347;"energy";"electricity";2700;2846;"2019-12-24";"2020-01-01";"";"";"";"Cologne";"indelivery";1000;"2020-06-25"
348;"energy";"electricity";2400;2427;"2019-07-13";"2019-09-01";"";"";"";"Cologne";"indelivery";1001;"2020-02-02"
349;"energy";"electricity";2300;2258;"2020-08-12";"2021-02-01";"";"";"";"Wiesbaden";"active";1002;"2020-08-31"
350;"energy";"gas";10500;10070;"2019-02-18";"2019-05-01";"";"";"";"Bonn";"indelivery";2000;"2019-11-25"
351;"energy";"electricity";2500;2660;"2018-12-22";"2019-02-01";"";"";"";"Berlin";"indelivery";1002;"2020-07-13"
352;"energy";"electricity";2600;2735;"2018-03-28";"2018-07-01";"";"";"";"Karlsruhe";"indelivery";1001;"2018-12-22"
353;"energy";"electricity";2200;2238;"2018-04-23";"2018-08-01";"";"";"";"Hamburg";"indelivery";1002;"2019-09-07"
354;"energy";"electricity";2200;2112;"2020-06-17";"2020-08-01";"";"";"";"Bonn";"indelivery";1002;"2020-09-01"
355;"energy";"electricity";2400;2417;"2018-08-31";"2018-10-01";"";"";"";"Berlin";"indelivery";1002;"2019-08-15"
356;"energy";"electricity";2200;2188;"2019-01-27";"2019-06-01";"";"";"";"Düsseldorf";"indelivery";1002;"2019-05-02"
357;"energy";"electricity";2000;2038;"2018-09-29";"2019-12-01";"";"";"";"Berlin";"indelivery";1001;"2020-01-07"
358;"energy";"electricity";2700;2750;"2019-01-10";"2019-09-01";"";"";"";"Berlin";"indelivery";1000;"2019-07-28"
359;"energy";"electricity";2700;2770;"2018-12-26";"2019-05-01";"";"";"";"Dortmund";"indelivery";1002;"2019-04-27"
360;"energy";"electricity";2600;2603;"2020-09-11";"2020-10-01";"";"";"";"Kassel";"indelivery";1001;"2020-09-26"
361;"energy";"electricity";2400;2391;"2018-12-06";"2019-02-01";"";"";"";"Freiburg";"indelivery";1000;"2019-11-26"
362;"energy";"electricity";2300;2318;"2020-08-06";"2020-09-01";"";"";"";"Starnberg";"indelivery";1002;"2020-09-20"
363;"energy";"electricity";2300;2460;"2019-10-18";"2020-02-01";"";"";"";"Berlin";"indelivery";1002;"2020-04-04"
364;"energy";"electricity";2200;2231;"2019-02-11";"2019-05-01";"";"";"";"Ingolstadt";"indelivery";1001;"2020-02-03"
365;"energy";"electricity";2300;"";"2019-04-16";"2020-02-01";"";"";"";"Marienberg";"indelivery";1001;"2020-06-01"
366;"energy";"electricity";2000;2133;"2020-09-22";"2020-11-01";"";"";"";"Essen";"active";1001;"2020-09-27"
367;"energy";"electricity";2800;2740;"2019-02-02";"2019-04-01";"2020-10-31";"2020-09-26";"fristgerecht durch LichtBlick";"Karlsruhe";"cancelled";1000;"2019-06-27"
368;"energy";"electricity";2800;2733;"2019-06-14";"2019-08-01";"";"";"";"Nienburg";"indelivery";1000;"2020-05-04"
369;"energy";"electricity";3000;3042;"2020-08-16";"2020-09-01";"";"";"";"Aachen";"indelivery";1001;"2020-08-19"
370;"energy";"electricity";2600;2528;"2019-12-11";"2020-02-01";"";"";"";"Berlin";"indelivery";1001;"2020-07-04"
371;"energy";"electricity";2200;2381;"2019-06-13";"2019-08-01";"";"";"";"Berlin";"indelivery";1000;"2019-12-23"
372;"energy";"electricity";2100;2082;"2020-04-22";"2020-09-01";"";"";"";"Bremen";"indelivery";1001;"2020-06-21"
373;"energy";"electricity";2600;2720;"2018-04-16";"2018-06-01";"";"";"";"Berlin";"indelivery";1001;"2019-02-15"
374;"energy";"electricity";2300;2288;"2018-11-26";"2019-01-01";"2019-01-01";"2020-05-29";"Wiederruf";"Schwerin";"terminated";1002;"2019-06-30"
375;"energy";"electricity";2500;2544;"2020-05-20";"2020-07-01";"";"";"";"Freiburg";"indelivery";1002;"2020-08-25"
376;"energy";"electricity";2400;2358;"2018-12-22";"2019-02-01";"2019-09-30";"2019-08-31";"fristgerecht durch Kunde";"Altchemnitz";"terminated";1000;"2019-08-31"
377;"energy";"gas";9300;9575;"2018-09-17";"2019-05-01";"";"";"";"Stuttgart";"indelivery";2001;"2019-11-10"
378;"energy";"electricity";2000;2167;"2020-05-06";"2020-06-01";"";"";"";"Wiesbaden";"indelivery";1001;"2020-09-20"
379;"energy";"electricity";2600;2760;"2020-07-26";"2021-04-01";"";"";"";"Berlin";"active";1001;"2020-07-30"
380;"energy";"gas";11900;11458;"2018-01-31";"2018-07-01";"";"";"";"Rostock";"indelivery";2001;"2020-05-27"
381;"energy";"electricity";2000;2022;"2019-03-25";"2019-07-01";"";"";"";"Kassel";"indelivery";1002;"2020-06-26"
382;"energy";"electricity";2100;2126;"2018-08-01";"2018-10-01";"";"";"";"Munich";"indelivery";1001;"2018-09-18"
383;"energy";"gas";9500;9664;"2019-04-29";"2019-08-01";"";"";"";"Germersheim";"indelivery";2001;"2020-08-16"
384;"energy";"electricity";2400;2409;"2019-12-12";"2020-03-01";"";"";"";"Mannheim";"indelivery";1001;"2020-03-04"
385;"energy";"electricity";2100;2015;"2020-02-17";"2020-09-01";"";"";"";"Dresden";"indelivery";1001;"2020-03-08"
386;"energy";"electricity";2300;2424;"2018-08-16";"2018-11-01";"";"";"";"Heidelberg";"indelivery";1002;"2018-12-16"
387;"energy";"electricity";2400;2531;"2019-10-25";"2019-11-01";"";"";"";"Frankfurt";"indelivery";1001;"2020-01-01"
388;"energy";"electricity";2100;2039;"2020-09-22";"2020-12-01";"";"";"";"Hannover";"active";1000;"2020-09-25"
389;"energy";"electricity";2200;"";"2020-07-23";"2020-08-01";"";"";"";"Augsburg";"indelivery";1002;"2020-07-26"
390;"energy";"electricity";2200;2339;"2020-01-15";"2020-08-01";"";"";"";"Kiel";"indelivery";1000;"2020-02-04"
391;"energy";"electricity";2400;2409;"2018-07-30";"2018-10-01";"";"";"";"Berlin";"indelivery";1001;"2019-03-08"
392;"energy";"electricity";2400;2379;"2019-06-28";"2020-04-01";"";"";"";"Bamberg";"indelivery";1001;"2020-06-21"
393;"energy";"gas";9800;9866;"2020-08-08";"2020-11-01";"";"";"";"Frankfurt";"active";2000;"2020-08-19"
394;"energy";"electricity";2100;2098;"2020-04-20";"2020-07-01";"";"";"";"Wiesbaden";"indelivery";1000;"2020-06-07"
395;"energy";"electricity";2600;2560;"2020-09-24";"2021-01-01";"";"";"";"Mannheim";"active";1001;"2020-09-26"
396;"energy";"electricity";2200;2251;"2018-08-27";"2018-11-01";"2019-05-31";"2019-05-03";"fristgerecht durch LichtBlick";"Ulm";"terminated";1002;"2019-05-03"
397;"energy";"electricity";2800;2966;"2018-07-29";"2018-08-01";"2020-08-31";"2020-08-02";"Umzug";"Mannheim";"terminated";1001;"2020-03-13"
398;"energy";"electricity";2300;2365;"2018-05-05";"2019-04-01";"";"";"";"Dortmund";"indelivery";1002;"2018-05-13"
399;"energy";"electricity";2200;"";"2020-04-04";"2020-08-01";"";"";"";"Karlsruhe";"indelivery";1001;"2020-08-29"
400;"energy";"gas";8400;8346;"2018-11-18";"2019-03-01";"";"";"";"Altchemnitz";"indelivery";2000;"2019-02-11"
401;"energy";"electricity";2300;2259;"2019-08-18";"2019-09-01";"2020-08-31";"2020-08-01";"fristgerecht durch LichtBlick";"Marienberg";"terminated";1001;"2020-08-01"
402;"energy";"electricity";2500;2536;"2019-10-24";"2019-12-01";"2019-12-01";"2020-03-30";"Wiederruf";"Berlin";"terminated";1000;"2020-03-30"
403;"energy";"electricity";2300;"";"2018-02-12";"2018-03-01";"";"";"";"Berlin";"indelivery";1000;"2018-07-21"
404;"energy";"electricity";2300;2225;"2019-01-07";"2019-08-01";"";"";"";"Berlin";"indelivery";1000;"2019-01-20"
405;"energy";"electricity";2700;2739;"2019-07-17";"2019-08-01";"";"";"";"Altchemnitz";"indelivery";1002;"2020-06-05"
406;"energy";"gas";9400;9377;"2020-03-08";"2020-06-01";"";"";"";"Berlin";"indelivery";2000;"2020-03-14"
407;"energy";"electricity";2100;"";"2018-07-10";"2018-11-01";"";"";"";"Munich";"indelivery";1001;"2019-07-27"
408;"energy";"electricity";2500;2423;"2018-10-11";"2018-12-01";"";"";"";"Dortmund";"indelivery";1000;"2020-09-07"
409;"energy";"electricity";2200;2235;"2020-05-13";"2021-03-01";"";"";"";"Munich";"active";1001;"2020-08-20"
410;"energy";"electricity";2300;2213;"2018-05-08";"2018-09-01";"";"";"";"Dortmund";"indelivery";1002;"2020-09-04"
411;"energy";"electricity";2900;2970;"2018-11-13";"2019-02-01";"";"";"";"Würzburg";"indelivery";1002;"2020-09-04"
412;"energy";"gas";9300;9803;"2019-07-27";"2019-12-01";"";"";"";"Koblenz";"indelivery";2000;"2019-12-30"
413;"energy";"electricity";2100;2115;"2019-12-27";"2020-02-01";"";"";"";"Mannheim";"indelivery";1002;"2020-04-13"
414;"energy";"electricity";2300;2396;"2020-08-25";"2020-10-01";"";"";"";"Hamburg";"indelivery";1001;"2020-09-19"
415;"energy";"gas";8900;9041;"2018-10-13";"2019-09-01";"";"";"";"Berlin";"indelivery";2000;"2020-05-15"
416;"energy";"electricity";3000;3007;"2018-06-01";"2018-12-01";"2020-12-31";"2020-12-03";"Umzug";"Hannover";"cancelled";1000;"2019-07-03"
417;"energy";"gas";9800;10040;"2020-07-24";"2020-11-01";"";"";"";"Wuppertal";"active";2000;"2020-09-06"
418;"energy";"electricity";2600;"";"2020-09-24";"2021-02-01";"";"";"";"Stralsund";"active";1000;"2020-09-24"
419;"energy";"gas";8700;8615;"2019-08-01";"2019-08-01";"";"";"";"Munich";"indelivery";2000;"2020-01-19"
420;"energy";"electricity";2000;1972;"2018-04-18";"2018-07-01";"";"";"";"Leipzig";"indelivery";1001;"2020-07-04"
421;"energy";"electricity";2900;2916;"2020-08-22";"2020-09-01";"";"";"";"Kiel";"indelivery";1001;"2020-08-23"
422;"energy";"electricity";2600;2815;"2019-10-30";"2020-03-01";"";"";"";"Munich";"indelivery";1002;"2020-06-11"
423;"energy";"electricity";2800;3069;"2019-08-23";"2019-10-01";"";"";"";"Homberg";"indelivery";1002;"2019-11-21"
424;"energy";"electricity";2500;2427;"2019-11-12";"2020-10-01";"";"";"";"Hamburg";"indelivery";1000;"2020-09-01"
425;"energy";"electricity";2100;2225;"2019-10-21";"2020-06-01";"";"";"";"Düsseldorf";"indelivery";1000;"2020-08-20"
426;"energy";"electricity";2100;"";"2019-11-13";"2019-12-01";"2020-01-31";"2020-01-02";"Umzug";"Munich";"terminated";1001;"2020-01-02"
427;"energy";"electricity";2000;1915;"2018-12-19";"2019-03-01";"2020-04-30";"2020-03-30";"Umzug";"Hamburg";"terminated";1000;"2019-12-23"
428;"energy";"electricity";2700;2822;"2018-11-07";"2019-02-01";"2019-03-31";"2019-03-03";"fristgerecht durch LichtBlick";"Oldenburg";"terminated";1002;"2019-03-03"
429;"energy";"gas";10600;10477;"2020-03-27";"2021-03-01";"";"";"";"Bremen";"active";2000;"2020-06-04"
430;"energy";"electricity";2600;2757;"2018-08-19";"2019-04-01";"";"";"";"Hannover";"indelivery";1002;"2019-07-10"
431;"energy";"electricity";2800;2756;"2019-10-24";"2020-04-01";"";"";"";"Kassel";"indelivery";1002;"2020-09-24"
432;"energy";"electricity";2600;2626;"2019-03-18";"2019-06-01";"2019-10-31";"2019-09-20";"fristgerecht durch LichtBlick";"Kassel";"terminated";1001;"2019-03-28"
433;"energy";"electricity";2700;2686;"2018-10-15";"2018-12-01";"2018-12-01";"2019-03-01";"Wiederruf";"Berlin";"terminated";1002;"2019-03-01"
434;"energy";"electricity";3000;3184;"2020-02-15";"2021-06-01";"";"";"";"Hamburg";"active";1000;"2020-05-24"
435;"energy";"gas";10700;10354;"2020-05-11";"2021-01-01";"";"";"";"Berlin";"active";2000;"2020-08-11"
436;"energy";"electricity";2000;1952;"2019-11-16";"2020-01-01";"";"";"";"Berlin";"indelivery";1002;"2020-02-09"
437;"energy";"electricity";2600;2605;"2018-01-05";"2018-02-01";"2018-02-01";"2018-06-28";"Wiederruf";"Frankfurt";"terminated";1000;"2018-06-28"
438;"energy";"gas";8300;7989;"2020-03-17";"2020-05-01";"";"";"";"Dortmund";"indelivery";2001;"2020-07-15"
439;"energy";"electricity";2200;2117;"2018-06-28";"2018-08-01";"2018-08-01";"2019-05-02";"Wiederruf";"Dortmund";"terminated";1001;"2019-05-02"
440;"energy";"electricity";2800;2764;"2019-12-31";"2020-05-01";"";"";"";"Dresden";"indelivery";1001;"2020-02-28"
441;"energy";"electricity";2400;2328;"2019-11-16";"2020-01-01";"";"";"";"Berlin";"indelivery";1000;"2020-06-27"
442;"energy";"electricity";2600;2838;"2018-01-08";"2018-05-01";"";"";"";"Oldenburg";"indelivery";1000;"2020-05-25"
443;"energy";"electricity";2400;2509;"2019-12-13";"2020-02-01";"";"";"";"Cologne";"indelivery";1001;"2020-01-26"
444;"energy";"electricity";2100;2044;"2018-09-13";"2019-03-01";"";"";"";"Bremen";"indelivery";1001;"2020-04-05"
445;"energy";"electricity";2000;2035;"2019-08-11";"2019-12-01";"";"";"";"Munich";"indelivery";1001;"2020-09-16"
446;"energy";"electricity";3000;2961;"2019-02-14";"2019-06-01";"";"";"";"Mannheim";"indelivery";1002;"2020-07-06"
447;"energy";"electricity";2900;2757;"2020-09-15";"2020-10-01";"";"";"";"Cologne";"indelivery";1002;"2020-09-30"
448;"energy";"electricity";2300;2366;"2019-03-20";"2019-06-01";"";"";"";"Frankfurt";"indelivery";1001;"2019-08-10"
449;"energy";"electricity";2400;2389;"2019-07-20";"2019-09-01";"";"";"";"Ulm";"indelivery";1002;"2019-08-29"
450;"energy";"electricity";2100;2098;"2020-06-15";"2020-10-01";"";"";"";"Dortmund";"indelivery";1001;"2020-07-03"
451;"energy";"electricity";2000;"";"2018-01-29";"2018-08-01";"";"";"";"Berlin";"indelivery";1001;"2019-03-17"
452;"energy";"electricity";2000;1959;"2019-02-23";"2019-04-01";"2019-09-30";"2019-09-01";"fristgerecht durch Kunde";"Leipzig";"terminated";1001;"2019-07-20"
453;"energy";"electricity";2800;2942;"2019-12-03";"2020-03-01";"";"";"";"Dresden";"indelivery";1000;"2020-04-11"
454;"energy";"electricity";2800;2714;"2018-12-01";"2020-05-01";"";"";"";"Leipzig";"indelivery";1000;"2020-08-14"
455;"energy";"gas";10700;10454;"2019-09-26";"2019-11-01";"2020-05-31";"2020-04-27";"Umzug";"Essen";"terminated";2001;"2020-04-27"
456;"energy";"electricity";2200;2176;"2019-08-18";"2020-01-01";"2020-01-01";"2020-06-23";"Wiederruf";"Augsburg";"terminated";1002;"2020-06-11"
457;"energy";"electricity";2200;2155;"2018-03-18";"2018-05-01";"";"";"";"Hannover";"indelivery";1001;"2019-01-16"
458;"energy";"electricity";2600;2579;"2020-02-22";"2020-06-01";"";"";"";"Karlsruhe";"indelivery";1001;"2020-07-23"
459;"energy";"electricity";2500;2644;"2019-01-28";"2019-02-01";"2020-08-31";"2020-08-01";"fristgerecht durch Kunde";"Munich";"terminated";1000;"2019-10-22"
460;"energy";"electricity";2700;2747;"2019-08-26";"2019-11-01";"2020-03-31";"2020-02-29";"fristgerecht durch Kunde";"Berlin";"terminated";1002;"2020-02-29"
461;"energy";"electricity";2600;2493;"2019-07-08";"2019-08-01";"";"";"";"Kassel";"indelivery";1001;"2020-01-30"
462;"energy";"electricity";2100;2213;"2019-08-19";"2020-09-01";"";"";"";"Düsseldorf";"indelivery";1001;"2020-01-22"
463;"energy";"gas";9400;10064;"2019-09-12";"2020-05-01";"";"";"";"Cologne";"indelivery";2001;"2020-06-03"
464;"energy";"electricity";2700;2673;"2018-11-14";"2019-03-01";"";"";"";"Duisburg";"indelivery";1000;"2019-01-22"
465;"energy";"electricity";2600;2567;"2018-04-25";"2018-05-01";"";"";"";"Bonn";"indelivery";1001;"2020-09-10"
466;"energy";"electricity";1900;1946;"2020-03-06";"2020-09-01";"";"";"";"Berlin";"indelivery";1001;"2020-08-25"
467;"energy";"gas";8900;9311;"2018-10-07";"2019-02-01";"2019-04-30";"2019-04-01";"fristgerecht durch Kunde";"Frankfurt";"terminated";2000;"2018-12-17"
468;"energy";"electricity";2600;2499;"2019-12-30";"2020-06-01";"";"";"";"Berlin";"indelivery";1000;"2020-02-11"
469;"energy";"electricity";2600;2761;"2019-05-25";"2019-08-01";"";"";"";"Düsseldorf";"indelivery";1001;"2020-05-24"
470;"energy";"electricity";2800;2922;"2020-03-31";"2020-06-01";"";"";"";"Bonn";"indelivery";1002;"2020-06-25"
471;"energy";"electricity";2700;"";"2018-07-31";"2018-10-01";"";"";"";"Hamburg";"indelivery";1000;"2019-10-18"
472;"energy";"electricity";2500;2379;"2019-10-04";"2020-03-01";"";"";"";"Mannheim";"indelivery";1000;"2020-05-09"
473;"energy";"electricity";2900;2897;"2019-09-19";"2019-11-01";"";"";"";"Essen";"indelivery";1002;"2020-01-02"
474;"energy";"electricity";2700;2558;"2019-06-03";"2019-10-01";"";"";"";"Munich";"indelivery";1000;"2019-08-13"
475;"energy";"electricity";2000;2126;"2018-07-17";"2018-12-01";"";"";"";"Frankfurt";"indelivery";1000;"2020-05-17"
476;"energy";"electricity";2700;2850;"2020-06-06";"2021-02-01";"";"";"";"Hamburg";"active";1002;"2020-06-11"
477;"energy";"electricity";2300;2451;"2019-05-26";"2019-07-01";"";"";"";"Leipzig";"indelivery";1002;"2020-08-15"
478;"energy";"electricity";2800;2791;"2019-08-09";"2019-09-01";"2020-03-31";"2020-03-02";"fristgerecht durch LichtBlick";"Hamburg";"terminated";1001;"2020-01-25"
479;"energy";"electricity";2400;2534;"2018-05-10";"2018-11-01";"2018-12-31";"2018-11-26";"fristgerecht durch Kunde";"Munich";"terminated";1002;"2018-07-04"
480;"energy";"electricity";2800;2972;"2020-03-23";"2020-07-01";"";"";"";"Bremen";"indelivery";1001;"2020-04-01"
481;"energy";"electricity";2700;2813;"2020-05-22";"2020-09-01";"";"";"";"Munich";"indelivery";1002;"2020-08-28"
482;"energy";"electricity";2800;2816;"2019-12-01";"2020-04-01";"";"";"";"Bad Fallingbostel";"indelivery";1001;"2020-02-08"
483;"energy";"gas";9400;9617;"2019-03-04";"2019-08-01";"";"";"";"Berlin";"indelivery";2001;"2019-04-02"
484;"energy";"electricity";2900;2846;"2020-06-11";"2020-10-01";"";"";"";"Augsburg";"indelivery";1001;"2020-07-09"
485;"energy";"electricity";2600;2699;"2020-03-22";"2020-06-01";"";"";"";"Berlin";"indelivery";1001;"2020-06-22"
486;"energy";"electricity";2400;2327;"2019-05-30";"2019-06-01";"";"";"";"Duisburg";"indelivery";1002;"2020-01-09"
487;"energy";"gas";10300;10102;"2019-04-09";"2020-02-01";"";"";"";"Dresden";"indelivery";2001;"2020-07-28"
488;"energy";"electricity";2300;2440;"2019-04-12";"2019-07-01";"";"";"";"Speyer";"indelivery";1000;"2020-03-26"
489;"energy";"electricity";2900;2736;"2018-02-26";"2018-11-01";"2019-01-31";"2019-01-03";"fristgerecht durch Kunde";"Berlin";"terminated";1000;"2019-01-03"
490;"energy";"electricity";2500;2423;"2019-07-25";"2019-08-01";"2020-03-31";"2020-03-01";"fristgerecht durch LichtBlick";"Hannover";"terminated";1002;"2019-12-08"
491;"energy";"electricity";2600;2594;"2019-04-02";"2019-07-01";"";"";"";"Bielefeld";"indelivery";1002;"2020-03-12"
492;"energy";"electricity";2100;2272;"2018-09-27";"2018-12-01";"2019-04-30";"2019-03-31";"fristgerecht durch Kunde";"Essen";"terminated";1001;"2019-03-31"
493;"energy";"electricity";2300;2435;"2018-12-02";"2019-09-01";"";"";"";"Dresden";"indelivery";1001;"2019-05-26"
494;"energy";"gas";11100;11717;"2018-11-22";"2018-12-01";"";"";"";"Hamburg";"indelivery";2001;"2020-07-27"
495;"energy";"electricity";2000;2058;"2020-01-28";"2020-03-01";"";"";"";"Gießen";"indelivery";1001;"2020-06-10"
496;"energy";"electricity";2200;2237;"2018-12-26";"2019-02-01";"";"";"";"Marienberg";"indelivery";1000;"2019-05-20"
497;"energy";"electricity";2900;2737;"2020-07-14";"2021-01-01";"";"";"";"Augsburg";"active";1000;"2020-09-07"
498;"energy";"electricity";3000;2888;"2019-09-08";"2019-12-01";"";"";"";"Ulm";"indelivery";1000;"2020-07-01"
499;"energy";"electricity";1900;1925;"2019-08-15";"2019-12-01";"";"";"";"Hamburg";"indelivery";1000;"2020-04-10"
500;"energy";"electricity";2200;2281;"2019-09-07";"2019-10-01";"";"";"";"Gelsenkirchen";"indelivery";1001;"2020-08-17"
501;"energy";"electricity";2300;2460;"2020-02-07";"2020-07-01";"";"";"";"Dresden";"indelivery";1000;"2020-04-22"
502;"energy";"gas";11500;"";"2018-09-12";"2019-05-01";"2019-11-30";"2019-11-02";"fristgerecht durch LichtBlick";"Hamburg";"terminated";2001;"2018-10-01"
503;"energy";"gas";9300;9446;"2019-12-11";"2020-02-01";"";"";"";"Frankfurt";"indelivery";2000;"2020-08-26"
504;"energy";"gas";9800;9942;"2018-09-27";"2018-10-01";"";"";"";"Berlin";"indelivery";2001;"2019-11-01"
505;"energy";"gas";9200;9380;"2018-11-28";"2019-02-01";"";"";"";"Munich";"indelivery";2000;"2020-05-05"
506;"energy";"electricity";2300;2236;"2020-06-01";"2020-07-01";"";"";"";"Hannover";"indelivery";1002;"2020-09-05"
507;"energy";"gas";8300;8827;"2020-08-08";"2020-12-01";"";"";"";"Hamburg";"active";2001;"2020-09-10"
508;"energy";"electricity";2800;2933;"2018-12-06";"2019-02-01";"";"";"";"Berlin";"indelivery";1001;"2019-05-08"
509;"energy";"electricity";2400;2448;"2018-10-06";"2019-01-01";"2019-06-30";"2019-05-27";"Umzug";"Erfurt";"terminated";1001;"2019-05-27"
510;"energy";"electricity";2900;2837;"2018-05-18";"2018-10-01";"";"";"";"Bielefeld";"indelivery";1000;"2019-08-18"
511;"energy";"electricity";3000;3081;"2020-04-28";"2021-03-01";"";"";"";"Würzburg";"active";1002;"2020-09-15"
512;"energy";"electricity";2700;2816;"2019-07-04";"2019-09-01";"";"";"";"Berlin";"indelivery";1001;"2019-09-13"
513;"energy";"electricity";2800;2991;"2019-06-13";"2019-09-01";"";"";"";"Freiburg";"indelivery";1000;"2019-07-14"
514;"energy";"electricity";2700;2891;"2019-08-20";"2019-12-01";"";"";"";"Hannover";"indelivery";1002;"2019-12-24"
515;"energy";"gas";8200;"";"2018-07-07";"2018-12-01";"2018-12-01";"2019-12-02";"Wiederruf";"Bremerhaven";"terminated";2000;"2019-12-02"
516;"energy";"electricity";1900;1980;"2018-12-04";"2019-02-01";"2020-03-31";"2020-02-29";"fristgerecht durch Kunde";"Stuttgart";"terminated";1000;"2019-05-02"
517;"energy";"electricity";2800;2716;"2019-09-22";"2020-01-01";"";"";"";"Karlsruhe";"indelivery";1000;"2020-03-20"
518;"energy";"gas";9200;9175;"2018-05-09";"2018-07-01";"2020-05-31";"2020-04-23";"fristgerecht durch Kunde";"Essen";"terminated";2000;"2018-05-24"
519;"energy";"electricity";2400;2323;"2018-02-21";"2018-04-01";"";"";"";"Hamburg";"indelivery";1000;"2018-03-05"
520;"energy";"gas";10700;11124;"2018-03-20";"2018-05-01";"";"";"";"Berlin";"indelivery";2001;"2019-01-22"
521;"energy";"electricity";2900;2983;"2020-09-08";"2020-11-01";"";"";"";"Berlin";"active";1001;"2020-09-30"
522;"energy";"gas";11400;11499;"2018-07-13";"2018-11-01";"";"";"";"Munich";"indelivery";2000;"2018-09-15"
523;"energy";"electricity";2600;2580;"2020-01-18";"2020-07-01";"";"";"";"Frankfurt";"indelivery";1001;"2020-05-08"
524;"energy";"electricity";2600;2524;"2019-12-16";"2020-06-01";"";"";"";"Stuttgart";"indelivery";1002;"2020-07-21"
525;"energy";"electricity";2400;2388;"2018-05-14";"2019-01-01";"2019-01-01";"2019-10-03";"Wiederruf";"Bremen";"terminated";1000;"2019-10-03"
526;"energy";"gas";11600;11727;"2018-05-21";"2018-07-01";"2018-10-31";"2018-10-03";"Umzug";"Kassel";"terminated";2000;"2018-10-03"
527;"energy";"electricity";2300;2218;"2019-07-14";"2019-12-01";"";"";"";"Gera";"indelivery";1000;"2020-01-26"
528;"energy";"electricity";2800;"";"2019-01-17";"2019-03-01";"";"";"";"Berlin";"indelivery";1001;"2020-06-10"
529;"energy";"electricity";2300;2363;"2020-03-13";"2020-07-01";"";"";"";"Leipzig";"indelivery";1001;"2020-09-04"
530;"energy";"electricity";2300;2425;"2018-10-24";"2018-12-01";"";"";"";"Emden";"indelivery";1000;"2020-05-23"
531;"energy";"electricity";2500;2489;"2020-06-17";"2020-11-01";"";"";"";"Freiburg";"active";1000;"2020-07-08"
532;"energy";"electricity";2400;2353;"2019-04-21";"2019-07-01";"";"";"";"Düsseldorf";"indelivery";1001;"2019-10-27"
533;"energy";"gas";11400;12163;"2019-09-10";"2019-10-01";"2019-10-01";"2020-11-25";"Wiederruf";"Schleiz";"terminated";2001;"2020-05-30"
534;"energy";"electricity";3000;3001;"2020-01-12";"2020-04-01";"";"";"";"Regensburg";"indelivery";1000;"2020-05-24"
535;"energy";"electricity";2500;2512;"2019-06-11";"2019-08-01";"";"";"";"Freiburg";"indelivery";1002;"2020-03-12"
536;"energy";"electricity";2900;2794;"2018-01-02";"2018-02-01";"";"";"";"Düsseldorf";"indelivery";1002;"2019-04-09"
537;"energy";"electricity";2200;2166;"2019-05-14";"2020-02-01";"";"";"";"Berlin";"indelivery";1000;"2020-06-17"
538;"energy";"electricity";2300;2386;"2019-01-16";"2019-05-01";"2020-07-31";"2020-07-02";"Umzug";"Cologne";"terminated";1000;"2019-12-07"
539;"energy";"electricity";2300;2469;"2020-09-20";"2021-03-01";"";"";"";"Erbach";"active";1002;"2020-09-24"
540;"energy";"electricity";2700;2667;"2018-12-10";"2019-08-01";"";"";"";"Saarbrücken";"indelivery";1002;"2020-06-11"
541;"energy";"electricity";2400;2534;"2018-05-16";"2018-07-01";"";"";"";"Hamburg";"indelivery";1001;"2019-04-19"
542;"energy";"electricity";2300;2396;"2018-03-13";"2018-04-01";"";"";"";"Freiburg";"indelivery";1002;"2018-08-15"
543;"energy";"gas";11100;10932;"2018-02-17";"2019-01-01";"";"";"";"Leipzig";"indelivery";2001;"2019-11-16"
544;"energy";"electricity";2600;2489;"2018-09-24";"2019-02-01";"";"";"";"Rosenheim";"indelivery";1001;"2019-03-24"
545;"energy";"electricity";2300;2214;"2019-01-08";"2019-04-01";"2019-12-31";"2019-12-03";"fristgerecht durch LichtBlick";"Dortmund";"terminated";1000;"2019-12-03"
546;"energy";"electricity";2700;2680;"2019-12-31";"2020-02-01";"";"";"";"Düsseldorf";"indelivery";1001;"2020-05-12"
547;"energy";"electricity";1900;2015;"2020-09-28";"2021-01-01";"";"";"";"Frankfurt";"active";1001;"2020-09-29"
548;"energy";"gas";10800;11459;"2020-02-15";"2020-07-01";"";"";"";"Hamburg";"indelivery";2001;"2020-03-18"
549;"energy";"electricity";3000;2865;"2019-02-19";"2019-06-01";"";"";"";"Berlin";"indelivery";1001;"2019-08-21"
550;"energy";"electricity";2700;2787;"2019-11-22";"2020-04-01";"";"";"";"Wuppertal";"indelivery";1000;"2020-09-12"
551;"energy";"electricity";2300;2278;"2018-07-19";"2018-08-01";"2019-08-31";"2019-08-03";"fristgerecht durch Kunde";"Berlin";"terminated";1000;"2019-08-03"
552;"energy";"gas";10900;11269;"2019-08-03";"2019-11-01";"";"";"";"Bielefeld";"indelivery";2001;"2019-08-29"
553;"energy";"gas";10000;9550;"2020-08-23";"2020-10-01";"";"";"";"Berlin";"indelivery";2000;"2020-09-14"
554;"energy";"electricity";2900;2981;"2019-04-28";"2019-07-01";"";"";"";"Berlin";"indelivery";1000;"2019-06-17"
555;"energy";"electricity";2400;2377;"2019-09-08";"2019-11-01";"";"";"";"Cologne";"indelivery";1000;"2019-12-11"
556;"energy";"electricity";2400;2319;"2018-04-08";"2018-12-01";"";"";"";"Regen";"indelivery";1000;"2019-09-22"
557;"energy";"electricity";2700;2833;"2020-09-05";"2020-11-01";"";"";"";"Hannover";"active";1002;"2020-09-11"
558;"energy";"electricity";2900;3010;"2020-06-29";"2020-09-01";"";"";"";"Cottbus";"indelivery";1001;"2020-08-11"
559;"energy";"gas";9200;9375;"2020-07-04";"2020-12-01";"";"";"";"Hamburg";"active";2000;"2020-07-26"
560;"energy";"gas";9600;9185;"2018-07-25";"2018-10-01";"";"";"";"Hamburg";"indelivery";2001;"2019-05-17"
561;"energy";"electricity";2300;2280;"2018-10-30";"2019-09-01";"";"";"";"Cologne";"indelivery";1000;"2019-01-13"
562;"energy";"electricity";3000;2920;"2018-11-27";"2019-02-01";"2020-09-30";"2020-08-31";"fristgerecht durch Kunde";"Haldensleben";"terminated";1000;"2019-03-23"
563;"energy";"gas";7800;"";"2018-08-18";"2019-01-01";"";"";"";"Berlin";"indelivery";2001;"2019-12-01"
564;"energy";"gas";7700;7391;"2018-10-16";"2018-12-01";"";"";"";"Cologne";"indelivery";2000;"2020-09-09"
565;"energy";"electricity";2600;2519;"2020-01-09";"2020-06-01";"";"";"";"Munich";"indelivery";1002;"2020-08-14"
566;"energy";"electricity";2500;2445;"2018-04-07";"2018-06-01";"2019-04-30";"2019-03-29";"fristgerecht durch Kunde";"Erfurt";"terminated";1000;"2018-12-15"
567;"energy";"electricity";2600;2548;"2018-08-14";"2019-01-01";"";"";"";"Bremen";"indelivery";1000;"2019-03-21"
568;"energy";"electricity";2300;2358;"2018-06-01";"2018-08-01";"";"";"";"Schwerin";"indelivery";1001;"2020-07-22"
569;"energy";"electricity";2700;2833;"2020-04-24";"2020-05-01";"";"";"";"Berlin";"indelivery";1001;"2020-09-26"
570;"energy";"electricity";2100;2068;"2018-07-31";"2018-08-01";"";"";"";"Berlin";"indelivery";1001;"2019-06-17"
571;"energy";"electricity";2900;3069;"2019-03-29";"2019-05-01";"";"";"";"Berlin";"indelivery";1000;"2020-07-24"
572;"energy";"electricity";2600;2713;"2018-02-03";"2018-07-01";"";"";"";"Hamburg";"indelivery";1000;"2018-10-23"
573;"energy";"electricity";2500;2714;"2019-07-18";"2019-10-01";"";"";"";"Hamburg";"indelivery";1000;"2020-08-30"
574;"energy";"electricity";2700;2700;"2018-06-15";"2019-03-01";"";"";"";"Bonn";"indelivery";1000;"2020-04-27"
575;"energy";"electricity";2500;2640;"2018-08-22";"2018-12-01";"";"";"";"Osnabrück";"indelivery";1000;"2020-06-17"
576;"energy";"electricity";2200;2152;"2019-06-29";"2019-08-01";"";"";"";"Gießen";"indelivery";1002;"2019-07-14"
577;"energy";"electricity";2700;2818;"2019-07-18";"2019-09-01";"";"";"";"Merseburg";"indelivery";1002;"2020-05-25"
578;"energy";"electricity";2100;2181;"2018-02-16";"2018-08-01";"";"";"";"Munich";"indelivery";1000;"2018-05-13"
579;"energy";"gas";9200;8864;"2018-12-29";"2019-02-01";"";"";"";"Munich";"indelivery";2001;"2020-01-15"
580;"energy";"gas";12000;12633;"2018-04-24";"2018-09-01";"2019-05-31";"2019-05-03";"Umzug";"Bremen";"terminated";2001;"2019-05-03"
581;"energy";"electricity";2200;2349;"2018-02-23";"2019-07-01";"";"";"";"Stuttgart";"indelivery";1001;"2018-09-04"
582;"energy";"electricity";2600;2613;"2019-06-21";"2020-01-01";"";"";"";"Essen";"indelivery";1002;"2020-08-31"
583;"energy";"electricity";2000;1936;"2020-06-28";"2020-11-01";"";"";"";"Berlin";"active";1000;"2020-08-08"
584;"energy";"electricity";2700;2730;"2019-11-11";"2019-12-01";"";"";"";"Wiesbaden";"indelivery";1000;"2020-01-30"
585;"energy";"electricity";2800;2732;"2019-03-15";"2019-04-01";"2019-07-31";"2019-07-01";"Umzug";"Wuppertal";"terminated";1000;"2019-07-01"
586;"energy";"electricity";2400;2543;"2019-06-18";"2019-12-01";"";"";"";"Braunschweig";"indelivery";1001;"2020-05-09"
587;"energy";"electricity";2600;2769;"2019-01-23";"2020-03-01";"";"";"";"Stuttgart";"indelivery";1000;"2019-02-17"
588;"energy";"electricity";2700;2759;"2018-04-29";"2018-06-01";"2020-06-30";"2020-06-01";"fristgerecht durch Kunde";"Hannover";"terminated";1001;"2020-05-06"
589;"energy";"gas";9900;9990;"2018-05-07";"2018-07-01";"";"";"";"Dortmund";"indelivery";2000;"2019-09-26"
590;"energy";"electricity";2600;2665;"2018-09-01";"2019-02-01";"";"";"";"Kiel";"indelivery";1001;"2019-01-02"
591;"energy";"electricity";2700;2845;"2019-06-23";"2019-07-01";"";"";"";"Hannover";"indelivery";1001;"2019-12-12"
592;"energy";"electricity";2800;"";"2020-08-13";"2020-10-01";"";"";"";"Essen";"indelivery";1000;"2020-08-20"
593;"energy";"gas";8600;8216;"2019-05-21";"2019-11-01";"2019-11-01";"2020-08-31";"Wiederruf";"Hannover";"terminated";2001;"2019-09-28"
594;"energy";"electricity";2200;2395;"2019-08-09";"2020-05-01";"";"";"";"Braunschweig";"indelivery";1000;"2020-01-30"
595;"energy";"electricity";2400;2368;"2019-01-30";"2019-03-01";"2019-03-01";"2020-05-31";"Wiederruf";"Karlsruhe";"terminated";1002;"2020-05-02"
596;"energy";"electricity";2200;2322;"2018-09-06";"2018-10-01";"2020-11-30";"2020-10-30";"Umzug";"Berlin";"cancelled";1001;"2020-05-22"
597;"energy";"electricity";2100;2180;"2018-07-17";"2019-03-01";"";"";"";"Essen";"indelivery";1002;"2019-12-16"
598;"energy";"electricity";2200;2309;"2018-09-12";"2018-11-01";"";"";"";"Potsdam";"indelivery";1000;"2019-10-17"
599;"energy";"gas";11300;10817;"2018-02-18";"2018-05-01";"2019-12-31";"2019-11-28";"Umzug";"Dresden";"terminated";2000;"2018-09-12"
600;"energy";"electricity";2400;2314;"2020-05-03";"2021-02-01";"";"";"";"Stuttgart";"active";1000;"2020-08-01"
601;"energy";"electricity";2500;2651;"2020-02-20";"2020-05-01";"";"";"";"Dortmund";"indelivery";1002;"2020-05-05"
602;"energy";"gas";8800;8571;"2019-10-03";"2020-03-01";"";"";"";"Potsdam";"indelivery";2000;"2020-05-30"
603;"energy";"electricity";2700;2927;"2019-12-01";"2020-03-01";"";"";"";"Hannover";"indelivery";1001;"2020-05-09"
604;"energy";"electricity";2400;2476;"2019-11-24";"2020-06-01";"";"";"";"Kassel";"indelivery";1001;"2020-02-29"
605;"energy";"electricity";2300;2386;"2020-08-20";"2020-09-01";"";"";"";"Leipzig";"indelivery";1002;"2020-09-24"
606;"energy";"electricity";2000;2130;"2018-03-07";"2018-05-01";"";"";"";"Hannover";"indelivery";1002;"2020-04-21"
607;"energy";"electricity";2500;2565;"2019-03-03";"2019-08-01";"";"";"";"Munich";"indelivery";1002;"2019-10-07"
608;"energy";"electricity";2900;3034;"2019-02-23";"2019-06-01";"";"";"";"Frankfurt";"indelivery";1001;"2019-03-19"
609;"energy";"electricity";2100;2032;"2018-06-02";"2018-11-01";"2019-12-31";"2019-11-30";"fristgerecht durch Kunde";"Gera";"terminated";1000;"2019-11-30"
610;"energy";"electricity";2100;1977;"2019-10-09";"2020-02-01";"";"";"";"Hamburg";"indelivery";1002;"2020-01-28"
611;"energy";"electricity";2700;2785;"2018-12-04";"2019-04-01";"";"";"";"Berlin";"indelivery";1002;"2019-10-09"
612;"energy";"electricity";2800;2666;"2018-07-07";"2018-08-01";"";"";"";"Munich";"indelivery";1002;"2018-12-12"
613;"energy";"electricity";2700;2675;"2018-11-11";"2019-01-01";"";"";"";"Duisburg";"indelivery";1002;"2019-10-19"
614;"energy";"electricity";2800;2888;"2020-06-15";"2020-08-01";"";"";"";"Essen";"indelivery";1002;"2020-07-13"
615;"energy";"electricity";2700;2561;"2020-04-09";"2020-06-01";"";"";"";"Kassel";"indelivery";1001;"2020-04-27"
616;"energy";"electricity";2800;2855;"2019-01-24";"2019-09-01";"2020-03-31";"2020-02-24";"fristgerecht durch Kunde";"Munich";"terminated";1000;"2019-10-09"
617;"energy";"electricity";2900;2828;"2019-06-10";"2019-12-01";"";"";"";"Hannover";"indelivery";1002;"2020-07-02"
618;"energy";"gas";8900;"";"2018-07-06";"2018-09-01";"";"";"";"Berlin";"indelivery";2000;"2020-03-01"
619;"energy";"electricity";2900;3083;"2018-11-04";"2019-07-01";"";"";"";"Oldenburg";"indelivery";1002;"2018-11-10"
620;"energy";"electricity";2400;2435;"2019-09-10";"2019-11-01";"";"";"";"Stuttgart";"indelivery";1000;"2019-12-13"
621;"energy";"electricity";2000;2024;"2019-11-16";"2020-02-01";"";"";"";"Stuttgart";"indelivery";1002;"2019-12-25"
622;"energy";"electricity";2300;2387;"2020-09-22";"2021-02-01";"";"";"";"Duisburg";"active";1000;"2020-09-22"
623;"energy";"electricity";2900;3176;"2018-01-16";"2018-04-01";"";"";"";"Wiesbaden";"indelivery";1000;"2018-09-20"
624;"energy";"electricity";2800;2854;"2019-07-29";"2019-12-01";"";"";"";"Braunschweig";"indelivery";1000;"2019-08-29"
625;"energy";"electricity";2900;2865;"2018-07-17";"2019-05-01";"";"";"";"Bielefeld";"indelivery";1002;"2020-01-06"
626;"energy";"electricity";2300;2364;"2019-07-20";"2019-09-01";"2020-01-31";"2020-01-02";"fristgerecht durch Kunde";"Mannheim";"terminated";1001;"2020-01-02"
627;"energy";"gas";9300;9873;"2020-08-22";"2020-11-01";"";"";"";"Lübeck";"active";2001;"2020-09-30"
628;"energy";"electricity";2600;2572;"2018-06-02";"2018-10-01";"";"";"";"Hamburg";"indelivery";1000;"2018-11-13"
629;"energy";"electricity";2000;2126;"2020-05-14";"2020-06-01";"";"";"";"Düsseldorf";"indelivery";1000;"2020-06-26"
630;"energy";"electricity";2300;2369;"2018-10-15";"2018-12-01";"";"";"";"Leipzig";"indelivery";1000;"2019-04-08"
631;"energy";"electricity";1900;1861;"2019-04-18";"2019-07-01";"2020-06-30";"2020-05-20";"Umzug";"Berlin";"terminated";1002;"2020-05-20"
632;"energy";"gas";11100;11674;"2018-03-07";"2018-04-01";"2020-06-30";"2020-05-28";"Umzug";"Münster";"terminated";2000;"2019-07-22"
633;"energy";"gas";10800;10728;"2018-06-27";"2018-10-01";"2020-06-30";"2020-05-31";"fristgerecht durch LichtBlick";"Hannover";"terminated";2000;"2020-05-31"
634;"energy";"gas";11700;"";"2019-12-29";"2020-06-01";"2020-11-30";"2020-11-02";"Umzug";"Düsseldorf";"cancelled";2001;"2020-02-27"
635;"energy";"electricity";2400;2404;"2019-11-06";"2020-03-01";"2020-03-01";"2020-08-02";"Wiederruf";"Berlin";"terminated";1002;"2020-02-18"
636;"energy";"electricity";2500;2595;"2020-02-04";"2020-05-01";"";"";"";"Essen";"indelivery";1002;"2020-06-27"
637;"energy";"electricity";2200;2156;"2019-01-28";"2019-04-01";"2020-06-30";"2020-05-31";"fristgerecht durch Kunde";"Munich";"terminated";1001;"2019-08-05"
638;"energy";"electricity";2700;2845;"2019-08-05";"2020-04-01";"2020-08-31";"2020-08-01";"fristgerecht durch Kunde";"Essen";"terminated";1002;"2019-09-25"
639;"energy";"electricity";2700;2651;"2019-04-28";"2019-06-01";"";"";"";"Düsseldorf";"indelivery";1000;"2020-06-30"
640;"energy";"electricity";2000;1891;"2020-04-19";"2020-06-01";"";"";"";"Berlin";"indelivery";1001;"2020-09-08"
641;"energy";"electricity";2100;2101;"2019-07-20";"2019-09-01";"2019-11-30";"2019-11-02";"fristgerecht durch Kunde";"Erfurt";"terminated";1001;"2019-11-02"
642;"energy";"electricity";2400;2481;"2018-07-02";"2019-01-01";"";"";"";"Hamburg";"indelivery";1000;"2018-09-06"
643;"energy";"electricity";1900;1940;"2019-11-02";"2020-01-01";"";"";"";"Stuttgart";"indelivery";1000;"2020-03-12"
644;"energy";"gas";9200;9149;"2020-06-18";"2020-08-01";"";"";"";"Marienberg";"indelivery";2000;"2020-07-02"
645;"energy";"electricity";2400;2438;"2019-06-30";"2019-08-01";"2019-08-01";"2020-10-31";"Wiederruf";"Bremen";"terminated";1002;"2020-03-31"
646;"energy";"gas";9800;9299;"2018-12-23";"2019-02-01";"2020-04-30";"2020-04-01";"fristgerecht durch Kunde";"Hannover";"terminated";2001;"2019-06-04"
647;"energy";"electricity";2700;2861;"2018-07-09";"2018-12-01";"";"";"";"Lübeck";"indelivery";1002;"2019-04-01"
648;"energy";"electricity";2600;2728;"2020-07-21";"2021-07-01";"";"";"";"Braunschweig";"active";1002;"2020-09-06"
649;"energy";"electricity";2600;2646;"2018-03-13";"2018-09-01";"2020-08-31";"2020-08-02";"fristgerecht durch LichtBlick";"Wuppertal";"terminated";1001;"2018-11-16"
650;"energy";"electricity";2500;2531;"2019-05-11";"2019-12-01";"";"";"";"Berlin";"indelivery";1001;"2020-06-24"
651;"energy";"gas";11900;"";"2018-12-24";"2019-05-01";"";"";"";"Dortmund";"indelivery";2001;"2019-09-02"
652;"energy";"electricity";2800;2887;"2018-10-13";"2019-02-01";"";"";"";"Stuttgart";"indelivery";1000;"2019-08-14"
653;"energy";"gas";8300;8846;"2018-08-04";"2019-01-01";"";"";"";"Munich";"indelivery";2001;"2019-05-30"
654;"energy";"electricity";2400;2475;"2019-09-28";"2019-11-01";"2020-08-31";"2020-08-02";"fristgerecht durch Kunde";"Potsdam";"terminated";1002;"2020-08-02"
655;"energy";"electricity";2200;2353;"2018-06-05";"2018-08-01";"";"";"";"Dortmund";"indelivery";1001;"2018-08-10"
656;"energy";"gas";8600;9024;"2020-02-09";"2020-11-01";"";"";"";"Kiel";"active";2001;"2020-03-17"
657;"energy";"gas";9300;9196;"2020-06-08";"2020-07-01";"";"";"";"Berlin";"indelivery";2000;"2020-07-31"
658;"energy";"electricity";2700;2752;"2018-02-19";"2019-03-01";"";"";"";"Wiesbaden";"indelivery";1002;"2019-04-25"
659;"energy";"gas";11000;11166;"2020-07-17";"2020-10-01";"";"";"";"Hannover";"indelivery";2000;"2020-09-21"
660;"energy";"electricity";2300;"";"2018-11-08";"2019-02-01";"2019-02-01";"2019-07-31";"Wiederruf";"Wuppertal";"terminated";1001;"2019-04-12"
661;"energy";"electricity";2400;2417;"2018-10-15";"2019-03-01";"";"";"";"Hamburg";"indelivery";1000;"2020-07-19"
662;"energy";"electricity";2000;2200;"2018-04-07";"2018-06-01";"";"";"";"Berlin";"indelivery";1000;"2018-09-28"
663;"energy";"electricity";2900;2770;"2019-06-02";"2020-06-01";"";"";"";"Dresden";"indelivery";1000;"2019-10-20"
664;"energy";"electricity";2400;2426;"2020-03-04";"2020-08-01";"";"";"";"Rostock";"indelivery";1000;"2020-04-27"
665;"energy";"electricity";2500;2660;"2019-07-23";"2019-09-01";"";"";"";"Augsburg";"indelivery";1001;"2020-03-11"
666;"energy";"electricity";2900;3058;"2018-09-24";"2018-11-01";"";"";"";"Schwerin";"indelivery";1000;"2019-04-06"
667;"energy";"electricity";2700;2854;"2020-09-09";"2020-12-01";"";"";"";"Essen";"active";1000;"2020-09-26"
668;"energy";"electricity";2600;2671;"2018-09-26";"2019-01-01";"2019-09-30";"2019-09-02";"fristgerecht durch LichtBlick";"Lübeck";"terminated";1001;"2019-09-02"
669;"energy";"electricity";2100;1987;"2018-11-11";"2019-01-01";"";"";"";"Hamburg";"indelivery";1001;"2019-03-31"
670;"energy";"gas";11500;12206;"2018-01-01";"2018-06-01";"2018-11-30";"2018-10-27";"fristgerecht durch LichtBlick";"Schwerin";"terminated";2001;"2018-10-27"
671;"energy";"electricity";2000;2061;"2019-01-17";"2019-09-01";"2020-08-31";"2020-08-03";"fristgerecht durch LichtBlick";"Berlin";"terminated";1001;"2020-08-03"
672;"energy";"electricity";2400;2431;"2019-04-22";"2020-05-01";"";"";"";"Berlin";"indelivery";1001;"2020-06-10"
673;"energy";"electricity";2800;2821;"2019-09-11";"2020-01-01";"";"";"";"Münster";"indelivery";1001;"2019-12-16"
674;"energy";"electricity";2200;2092;"2018-07-13";"2018-09-01";"";"";"";"Berlin";"indelivery";1002;"2019-07-11"
675;"energy";"electricity";2900;2993;"2019-10-30";"2020-05-01";"";"";"";"Ingolstadt";"indelivery";1002;"2019-12-07"
676;"energy";"gas";8800;8601;"2019-12-09";"2020-02-01";"2020-03-31";"2020-03-02";"fristgerecht durch Kunde";"Brake";"terminated";2001;"2020-02-14"
677;"energy";"electricity";2300;2214;"2018-02-12";"2018-04-01";"";"";"";"Hannover";"indelivery";1000;"2019-07-09"
678;"energy";"gas";8100;8450;"2019-01-14";"2019-06-01";"";"";"";"Munich";"indelivery";2000;"2019-01-31"
679;"energy";"electricity";2100;2063;"2019-09-12";"2020-05-01";"";"";"";"Marienberg";"indelivery";1000;"2020-07-13"
680;"energy";"electricity";2600;2713;"2019-12-21";"2020-02-01";"";"";"";"Gießen";"indelivery";1002;"2020-08-10"
681;"energy";"electricity";2500;2460;"2018-02-23";"2018-07-01";"";"";"";"Würzburg";"indelivery";1001;"2019-08-13"
682;"energy";"gas";7900;7805;"2019-09-29";"2019-10-01";"";"";"";"Berlin";"indelivery";2001;"2020-01-23"
683;"energy";"electricity";2100;"";"2020-08-07";"2020-12-01";"";"";"";"Essen";"active";1001;"2020-08-17"
684;"energy";"electricity";2000;2057;"2019-12-02";"2020-01-01";"";"";"";"Cologne";"indelivery";1002;"2020-05-29"
685;"energy";"electricity";2400;2491;"2020-08-22";"2020-12-01";"";"";"";"Hamburg";"active";1001;"2020-08-23"
686;"energy";"electricity";2900;3095;"2020-08-24";"2021-03-01";"";"";"";"Leipzig";"active";1000;"2020-08-25"
687;"energy";"electricity";2600;2443;"2018-12-24";"2019-07-01";"";"";"";"Berlin";"indelivery";1001;"2019-06-27"
688;"energy";"gas";11000;11602;"2018-04-08";"2018-07-01";"2018-07-01";"2020-01-29";"Wiederruf";"Leipzig";"terminated";2001;"2018-10-08"
689;"energy";"electricity";2400;2398;"2018-08-21";"2018-11-01";"";"";"";"Dortmund";"indelivery";1000;"2020-07-06"
690;"energy";"electricity";2600;2823;"2020-09-25";"2021-02-01";"";"";"";"Oldenburg";"active";1002;"2020-09-25"
691;"energy";"electricity";2800;"";"2020-02-15";"2020-03-01";"";"";"";"Osnabrück";"indelivery";1002;"2020-03-14"
692;"energy";"gas";11100;11076;"2019-04-12";"2019-05-01";"";"";"";"Munich";"indelivery";2001;"2019-06-14"
693;"energy";"electricity";2100;2183;"2018-11-12";"2020-01-01";"";"";"";"Hamburg";"indelivery";1001;"2019-04-21"
694;"energy";"gas";10100;10519;"2018-11-06";"2018-12-01";"";"";"";"Berlin";"indelivery";2000;"2020-08-23"
695;"energy";"electricity";2000;2042;"2020-02-14";"2020-03-01";"2020-08-31";"2020-07-30";"fristgerecht durch Kunde";"Essen";"terminated";1002;"2020-07-30"
696;"energy";"electricity";2400;"";"2020-05-31";"2020-12-01";"";"";"";"Marienberg";"active";1001;"2020-06-24"
697;"energy";"electricity";2100;2241;"2018-03-11";"2018-05-01";"2018-11-30";"2018-11-02";"Umzug";"Frankfurt";"terminated";1002;"2018-11-02"
698;"energy";"electricity";2600;2605;"2019-05-14";"2019-08-01";"";"";"";"Osterholz-Scharmbeck";"indelivery";1002;"2020-04-21"
699;"energy";"gas";8500;8903;"2020-03-20";"2020-08-01";"";"";"";"Frankfurt";"indelivery";2000;"2020-09-06"
700;"energy";"electricity";1900;"";"2018-09-04";"2019-01-01";"";"";"";"Berlin";"indelivery";1002;"2019-06-06"
701;"energy";"electricity";2500;2718;"2018-11-20";"2019-02-01";"";"";"";"Lübeck";"indelivery";1002;"2020-07-21"
702;"energy";"gas";8800;8584;"2018-10-10";"2019-10-01";"";"";"";"Berlin";"indelivery";2000;"2018-10-28"
703;"energy";"electricity";2700;2744;"2018-09-01";"2018-12-01";"2018-12-01";"2019-05-03";"Wiederruf";"Rostock";"terminated";1000;"2019-03-25"
704;"energy";"gas";9300;9801;"2020-09-01";"2020-10-01";"";"";"";"Marienberg";"indelivery";2000;"2020-09-27"
705;"energy";"electricity";2600;2524;"2020-09-16";"2020-12-01";"";"";"";"Stuttgart";"active";1000;"2020-09-19"
706;"energy";"electricity";2200;"";"2019-12-25";"2020-03-01";"";"";"";"Hamburg";"indelivery";1000;"2020-08-30"
707;"energy";"electricity";2700;2877;"2019-12-06";"2020-05-01";"";"";"";"Friedberg";"indelivery";1000;"2020-08-17"
708;"energy";"electricity";2700;2696;"2020-07-15";"2020-11-01";"";"";"";"Hannover";"active";1000;"2020-07-26"
709;"energy";"electricity";2300;2424;"2018-03-27";"2018-07-01";"2018-07-01";"2019-12-03";"Wiederruf";"Bielefeld";"terminated";1002;"2018-07-08"
710;"energy";"electricity";2400;2453;"2020-07-24";"2021-01-01";"";"";"";"Munich";"active";1000;"2020-09-27"
711;"energy";"electricity";2000;1946;"2020-09-08";"2020-11-01";"";"";"";"Berlin";"active";1001;"2020-09-26"
712;"energy";"electricity";2700;2750;"2019-03-28";"2019-08-01";"";"";"";"Bielefeld";"indelivery";1000;"2020-06-24"
713;"energy";"electricity";2600;2695;"2019-06-29";"2019-07-01";"";"";"";"Berlin";"indelivery";1001;"2019-08-01"
714;"energy";"electricity";2100;2040;"2019-04-17";"2019-10-01";"2020-04-30";"2020-04-02";"fristgerecht durch Kunde";"Hamburg";"terminated";1001;"2020-04-02"
715;"energy";"electricity";2100;2215;"2018-11-04";"2019-01-01";"2020-11-30";"2020-10-27";"Umzug";"Erfurt";"cancelled";1001;"2020-06-30"
716;"energy";"electricity";2400;"";"2020-03-12";"2020-05-01";"2020-05-01";"2020-07-31";"Wiederruf";"Dortmund";"terminated";1002;"2020-04-23"
717;"energy";"electricity";2400;"";"2019-01-03";"2019-03-01";"";"";"";"Meschede";"indelivery";1001;"2019-04-12"
718;"energy";"electricity";2300;2241;"2020-04-19";"2020-07-01";"";"";"";"Heidelberg";"indelivery";1000;"2020-08-24"
719;"energy";"gas";10200;9884;"2018-07-30";"2018-09-01";"";"";"";"Hannover";"indelivery";2001;"2019-12-24"
720;"energy";"electricity";2900;3027;"2019-01-03";"2019-02-01";"";"";"";"Leipzig";"indelivery";1001;"2019-06-09"
721;"energy";"electricity";1900;2036;"2019-07-29";"2019-12-01";"";"";"";"Munich";"indelivery";1000;"2019-11-23"
722;"energy";"electricity";2800;2683;"2019-04-28";"2019-08-01";"";"";"";"Berlin";"indelivery";1001;"2019-12-13"
723;"energy";"electricity";2400;2470;"2019-10-27";"2020-04-01";"";"";"";"Duisburg";"indelivery";1000;"2020-06-27"
724;"energy";"electricity";2200;"";"2019-08-19";"2020-05-01";"";"";"";"Regensburg";"indelivery";1000;"2020-09-22"
725;"energy";"electricity";2000;2161;"2020-06-08";"2020-10-01";"";"";"";"Cologne";"indelivery";1000;"2020-07-31"
726;"energy";"electricity";2900;2810;"2019-12-24";"2020-01-01";"";"";"";"Senftenberg";"indelivery";1002;"2020-03-11"
727;"energy";"gas";11200;10685;"2018-02-10";"2018-07-01";"";"";"";"Schwerin";"indelivery";2001;"2020-06-14"
728;"energy";"electricity";1900;2058;"2019-06-28";"2019-09-01";"";"";"";"Berlin";"indelivery";1002;"2019-06-30"
729;"energy";"electricity";2300;2223;"2019-10-08";"2020-09-01";"";"";"";"Berlin";"indelivery";1000;"2020-04-16"
730;"energy";"gas";8600;8429;"2018-01-10";"2018-03-01";"";"";"";"Gera";"indelivery";2000;"2020-03-18"
731;"energy";"electricity";2300;"";"2018-07-01";"2018-08-01";"2019-03-31";"2019-02-27";"Umzug";"Hamburg";"terminated";1001;"2018-12-03"
732;"energy";"gas";12000;12226;"2020-03-12";"2020-07-01";"";"";"";"Bremen";"indelivery";2001;"2020-05-07"
733;"energy";"electricity";2600;2808;"2019-09-16";"2019-10-01";"";"";"";"Bonn";"indelivery";1000;"2020-08-23"
734;"energy";"electricity";2900;2904;"2020-06-24";"2020-10-01";"";"";"";"Hamburg";"indelivery";1001;"2020-07-21"
735;"energy";"electricity";3000;2993;"2020-08-23";"2020-12-01";"";"";"";"Marienberg";"active";1000;"2020-08-31"
736;"energy";"electricity";2800;2680;"2019-08-26";"2019-10-01";"2020-11-30";"2020-11-02";"Umzug";"Marienberg";"cancelled";1002;"2020-08-23"
737;"energy";"electricity";2900;3101;"2018-10-14";"2019-04-01";"";"";"";"Braunschweig";"indelivery";1002;"2020-01-08"
738;"energy";"electricity";2900;2933;"2019-08-30";"2019-12-01";"";"";"";"Magdeburg";"indelivery";1002;"2020-01-10"
739;"energy";"electricity";2500;2443;"2018-10-22";"2019-03-01";"2019-05-31";"2019-05-01";"fristgerecht durch Kunde";"Essen";"terminated";1002;"2019-05-01"
740;"energy";"electricity";2600;2731;"2019-12-19";"2020-03-01";"";"";"";"Sangerhausen";"indelivery";1000;"2020-01-11"
741;"energy";"electricity";2500;2559;"2018-12-15";"2019-02-01";"2019-04-30";"2019-03-24";"fristgerecht durch LichtBlick";"Berlin";"terminated";1000;"2019-03-24"
742;"energy";"gas";8300;7961;"2018-02-28";"2018-05-01";"2018-05-01";"2018-07-25";"Wiederruf";"Oldenburg";"terminated";2000;"2018-04-25"
743;"energy";"electricity";2800;2711;"2018-04-05";"2018-08-01";"2018-08-01";"2020-08-27";"Wiederruf";"Augsburg";"terminated";1001;"2018-09-25"
744;"energy";"electricity";2500;2393;"2019-01-25";"2019-06-01";"";"";"";"Schwerin";"indelivery";1000;"2019-08-18"
745;"energy";"gas";11000;10701;"2020-01-17";"2020-03-01";"";"";"";"Hamburg";"indelivery";2001;"2020-07-20"
746;"energy";"electricity";2500;2602;"2019-10-29";"2020-12-01";"";"";"";"Ulm";"active";1002;"2020-02-20"
747;"energy";"electricity";2900;2779;"2019-03-20";"2019-09-01";"";"";"";"Mosbach";"indelivery";1001;"2020-09-30"
748;"energy";"electricity";2200;2232;"2020-06-22";"2021-02-01";"";"";"";"Mannheim";"active";1001;"2020-09-22"
749;"energy";"gas";8500;8248;"2018-02-14";"2018-04-01";"";"";"";"Berlin";"indelivery";2001;"2020-08-22"
750;"energy";"gas";11600;12113;"2019-12-12";"2020-02-01";"";"";"";"Simmern";"indelivery";2001;"2020-08-14"
751;"energy";"electricity";2400;2504;"2019-04-24";"2019-06-01";"2020-08-31";"2020-07-31";"fristgerecht durch Kunde";"Berlin";"terminated";1002;"2019-09-24"
752;"energy";"electricity";2300;2270;"2020-09-24";"2020-11-01";"";"";"";"Oldenburg";"active";1001;"2020-09-28"
753;"energy";"electricity";2200;"";"2020-05-17";"2020-07-01";"";"";"";"Wiesbaden";"indelivery";1000;"2020-06-03"
754;"energy";"gas";10200;9855;"2019-03-01";"2019-04-01";"2019-07-31";"2019-06-29";"fristgerecht durch LichtBlick";"Hamburg";"terminated";2001;"2019-06-16"
755;"energy";"electricity";2100;2057;"2018-02-28";"2018-05-01";"";"";"";"Hannover";"indelivery";1000;"2019-05-21"
756;"energy";"electricity";2500;2490;"2018-06-21";"2018-07-01";"";"";"";"Remscheid";"indelivery";1000;"2020-04-26"
757;"energy";"electricity";2200;"";"2020-06-22";"2020-08-01";"";"";"";"Leipzig";"indelivery";1001;"2020-09-12"
758;"energy";"electricity";2200;2119;"2019-02-06";"2019-04-01";"";"";"";"Mühldorf";"indelivery";1001;"2020-08-22"
759;"energy";"electricity";2700;2761;"2019-07-28";"2019-08-01";"";"";"";"Berlin";"indelivery";1000;"2020-02-03"
760;"energy";"electricity";2600;2559;"2018-06-21";"2018-12-01";"2019-01-31";"2019-01-01";"fristgerecht durch Kunde";"Dresden";"terminated";1001;"2019-01-01"
761;"energy";"electricity";2100;2232;"2019-03-05";"2019-06-01";"";"";"";"Bonn";"indelivery";1000;"2020-05-20"
762;"energy";"electricity";2100;2117;"2019-01-29";"2019-09-01";"";"";"";"Munich";"indelivery";1002;"2020-09-22"
763;"energy";"gas";11100;11641;"2018-05-31";"2018-07-01";"";"";"";"Frankfurt";"indelivery";2001;"2020-07-26"
764;"energy";"electricity";2900;2919;"2020-01-18";"2020-03-01";"";"";"";"Kassel";"indelivery";1002;"2020-03-23"
765;"energy";"electricity";2200;2048;"2019-10-26";"2019-12-01";"2019-12-01";"2020-05-02";"Wiederruf";"Fürth";"terminated";1000;"2020-03-01"
766;"energy";"electricity";2300;2402;"2018-09-26";"2019-03-01";"";"";"";"Oldenburg";"indelivery";1001;"2019-04-03"
767;"energy";"gas";10900;11377;"2019-04-06";"2019-06-01";"";"";"";"Berlin";"indelivery";2001;"2020-02-25"
768;"energy";"electricity";2100;2208;"2020-06-25";"2021-11-01";"";"";"";"Cologne";"active";1001;"2020-09-23"
769;"energy";"gas";10800;10890;"2019-09-20";"2019-11-01";"";"";"";"Hamburg";"indelivery";2000;"2020-05-18"
770;"energy";"electricity";2000;1990;"2019-01-05";"2019-04-01";"2019-05-31";"2019-05-03";"Umzug";"Cologne";"terminated";1001;"2019-01-18"
771;"energy";"electricity";2900;2995;"2019-08-01";"2019-10-01";"";"";"";"Hamburg";"indelivery";1001;"2020-01-07"
772;"energy";"electricity";2700;2675;"2018-04-10";"2018-08-01";"";"";"";"Berlin";"indelivery";1002;"2018-11-22"
773;"energy";"electricity";2100;"";"2019-03-03";"2019-04-01";"";"";"";"Essen";"indelivery";1001;"2020-08-11"
774;"energy";"electricity";2900;2876;"2019-03-20";"2019-04-01";"";"";"";"Marienberg";"indelivery";1002;"2020-07-25"
775;"energy";"electricity";2200;2226;"2019-11-05";"2020-04-01";"";"";"";"Berlin";"indelivery";1002;"2020-05-16"
776;"energy";"electricity";2100;2067;"2019-07-01";"2020-08-01";"";"";"";"Frankfurt";"indelivery";1002;"2019-09-24"
777;"energy";"electricity";2000;1902;"2020-05-21";"2020-08-01";"";"";"";"Frankfurt";"indelivery";1001;"2020-06-09"
778;"energy";"electricity";2100;2123;"2019-12-29";"2020-02-01";"";"";"";"Altchemnitz";"indelivery";1001;"2020-09-20"
779;"energy";"electricity";2500;2477;"2020-09-29";"2020-10-01";"";"";"";"Munich";"indelivery";1001;"2020-09-29"
780;"energy";"gas";10800;10902;"2019-01-13";"2019-04-01";"";"";"";"Kiel";"indelivery";2000;"2019-12-04"
781;"energy";"gas";10300;10973;"2020-09-06";"2020-11-01";"";"";"";"Düsseldorf";"active";2001;"2020-09-13"
782;"energy";"electricity";2800;2957;"2018-07-05";"2019-04-01";"";"";"";"Berlin";"indelivery";1002;"2019-08-06"
783;"energy";"gas";8400;8735;"2018-06-20";"2019-04-01";"";"";"";"Munich";"indelivery";2000;"2018-07-29"
784;"energy";"electricity";2600;2636;"2018-09-18";"2019-03-01";"";"";"";"Cologne";"indelivery";1001;"2020-09-11"
785;"energy";"gas";9800;10085;"2018-09-06";"2018-12-01";"2019-02-28";"2019-01-29";"Umzug";"Berlin";"terminated";2000;"2019-01-29"
786;"energy";"electricity";2800;2834;"2020-02-29";"2020-04-01";"";"";"";"Fürth";"indelivery";1002;"2020-04-07"
787;"energy";"electricity";2500;2673;"2019-04-12";"2019-07-01";"";"";"";"Flensburg";"indelivery";1001;"2019-06-19"
788;"energy";"gas";8600;8604;"2018-11-08";"2019-01-01";"";"";"";"Hamburg";"indelivery";2000;"2019-05-14"
789;"energy";"electricity";2700;2555;"2019-06-13";"2019-08-01";"2020-08-31";"2020-07-31";"fristgerecht durch LichtBlick";"Berlin";"terminated";1000;"2020-07-31"
790;"energy";"electricity";2000;2117;"2019-06-06";"2019-08-01";"2020-01-31";"2020-01-02";"Umzug";"Hamburg";"terminated";1002;"2020-01-02"
791;"energy";"electricity";2900;2967;"2018-01-14";"2018-04-01";"";"";"";"Saarbrücken";"indelivery";1001;"2018-05-07"
792;"energy";"electricity";2700;2864;"2019-05-01";"2019-12-01";"";"";"";"Dresden";"indelivery";1000;"2020-01-04"
793;"energy";"electricity";2700;2748;"2019-01-28";"2019-04-01";"";"";"";"Merzig";"indelivery";1002;"2019-06-11"
794;"energy";"electricity";2500;2569;"2019-04-09";"2019-11-01";"";"";"";"Kassel";"indelivery";1002;"2019-05-16"
795;"energy";"electricity";2100;2146;"2020-01-20";"2020-05-01";"";"";"";"Oldenburg";"indelivery";1002;"2020-09-22"
796;"energy";"electricity";2800;2731;"2019-12-29";"2020-04-01";"2020-10-31";"2020-09-30";"fristgerecht durch Kunde";"Berlin";"cancelled";1001;"2020-05-24"
797;"energy";"electricity";2400;2339;"2018-03-06";"2018-09-01";"";"";"";"Berlin";"indelivery";1001;"2018-12-07"
798;"energy";"electricity";2200;2271;"2019-09-15";"2020-01-01";"";"";"";"Frankfurt";"indelivery";1002;"2020-03-21"
799;"energy";"electricity";2200;2395;"2020-04-24";"2020-11-01";"";"";"";"Cologne";"active";1002;"2020-09-26"
800;"energy";"gas";11500;11474;"2019-04-20";"2019-08-01";"2020-11-30";"2020-10-28";"Umzug";"Hamburg";"cancelled";2000;"2019-10-02"
801;"energy";"gas";9900;9826;"2018-12-16";"2019-09-01";"";"";"";"Berlin";"indelivery";2001;"2019-01-02"
802;"energy";"electricity";2600;2753;"2019-10-19";"2019-12-01";"";"";"";"Altchemnitz";"indelivery";1000;"2020-03-25"
803;"energy";"electricity";2300;2476;"2018-05-25";"2018-09-01";"";"";"";"Zweibrücken";"indelivery";1000;"2019-03-15"
804;"energy";"electricity";2600;2735;"2019-06-20";"2019-08-01";"";"";"";"Saarbrücken";"indelivery";1002;"2019-11-05"
805;"energy";"electricity";2700;2864;"2019-01-08";"2019-04-01";"";"";"";"Mainz";"indelivery";1001;"2019-05-07"
806;"energy";"electricity";2200;2252;"2018-09-26";"2019-03-01";"2019-03-01";"2020-06-02";"Wiederruf";"Duisburg";"terminated";1000;"2019-02-01"
807;"energy";"electricity";2300;2287;"2018-07-17";"2018-08-01";"2019-10-31";"2019-10-03";"fristgerecht durch LichtBlick";"Bielefeld";"terminated";1001;"2019-10-03"
808;"energy";"electricity";2200;2311;"2018-07-02";"2018-08-01";"";"";"";"Karlsruhe";"indelivery";1002;"2020-07-07"
809;"energy";"electricity";2400;2357;"2018-03-09";"2018-08-01";"2019-05-31";"2019-04-28";"fristgerecht durch LichtBlick";"Bad Kreuznach";"terminated";1001;"2018-08-20"
810;"energy";"gas";8200;7897;"2020-09-08";"2020-11-01";"";"";"";"Bremen";"active";2000;"2020-09-18"
811;"energy";"electricity";2600;2589;"2018-10-11";"2019-03-01";"";"";"";"Berlin";"indelivery";1002;"2019-03-06"
812;"energy";"electricity";2100;2192;"2019-12-30";"2020-03-01";"";"";"";"Heidelberg";"indelivery";1001;"2020-06-01"
813;"energy";"electricity";1900;1854;"2020-05-22";"2021-08-01";"";"";"";"Berlin";"active";1000;"2020-08-28"
814;"energy";"gas";10700;10982;"2020-01-03";"2020-02-01";"";"";"";"Hannover";"indelivery";2000;"2020-06-21"
815;"energy";"electricity";2600;2583;"2018-12-29";"2019-04-01";"";"";"";"Essen";"indelivery";1002;"2019-04-06"
816;"energy";"gas";9300;"";"2019-12-26";"2020-05-01";"";"";"";"Bremen";"indelivery";2000;"2020-06-15"
817;"energy";"electricity";2200;2107;"2020-03-05";"2020-04-01";"";"";"";"Mainz";"indelivery";1000;"2020-09-19"
818;"energy";"electricity";2600;2767;"2018-09-04";"2018-12-01";"";"";"";"Berlin";"indelivery";1000;"2020-01-11"
819;"energy";"electricity";2000;2018;"2019-10-02";"2019-11-01";"";"";"";"Lübeck";"indelivery";1002;"2019-10-13"
820;"energy";"electricity";2500;2347;"2019-06-13";"2019-10-01";"";"";"";"Oldenburg";"indelivery";1000;"2019-06-24"
821;"energy";"electricity";2400;2277;"2019-12-21";"2020-01-01";"";"";"";"Dresden";"indelivery";1002;"2020-02-01"
822;"energy";"electricity";2500;2643;"2019-12-08";"2020-01-01";"";"";"";"Munich";"indelivery";1002;"2019-12-30"
823;"energy";"electricity";2600;2531;"2020-06-26";"2020-10-01";"2020-10-01";"2020-12-01";"Wiederruf";"Erfurt";"terminated";1002;"2020-07-29"
824;"energy";"electricity";3000;"";"2019-03-31";"2019-04-01";"";"";"";"Karlsruhe";"indelivery";1000;"2020-08-27"
825;"energy";"electricity";2900;2794;"2020-02-02";"2020-06-01";"";"";"";"Kiel";"indelivery";1002;"2020-02-23"
826;"energy";"electricity";2200;2338;"2020-06-14";"2020-11-01";"";"";"";"Karlsruhe";"active";1002;"2020-07-24"
827;"energy";"electricity";2600;2758;"2018-10-01";"2019-01-01";"2019-03-31";"2019-02-25";"fristgerecht durch Kunde";"Berlin";"terminated";1000;"2019-02-25"
828;"energy";"electricity";2500;2547;"2020-04-13";"2020-05-01";"";"";"";"Frankfurt";"indelivery";1002;"2020-07-21"
829;"energy";"electricity";2200;2120;"2020-02-25";"2020-09-01";"";"";"";"Neustadt";"indelivery";1001;"2020-08-01"
830;"energy";"electricity";2300;2410;"2018-06-09";"2018-08-01";"";"";"";"Potsdam";"indelivery";1001;"2019-10-25"
831;"energy";"gas";11800;11465;"2018-03-12";"2018-08-01";"2018-10-31";"2018-10-02";"fristgerecht durch LichtBlick";"Weiden";"terminated";2001;"2018-10-02"
832;"energy";"electricity";2900;2995;"2018-09-30";"2019-04-01";"";"";"";"Bonn";"indelivery";1001;"2019-02-19"
833;"energy";"electricity";2100;2224;"2018-02-28";"2018-10-01";"2019-05-31";"2019-04-29";"fristgerecht durch LichtBlick";"Augsburg";"terminated";1000;"2019-04-29"
834;"energy";"electricity";2900;2802;"2019-11-06";"2020-02-01";"";"";"";"Düsseldorf";"indelivery";1001;"2020-04-25"
835;"energy";"electricity";2300;2327;"2020-08-08";"2021-02-01";"";"";"";"Düsseldorf";"active";1000;"2020-08-23"
836;"energy";"electricity";2400;2279;"2019-10-09";"2020-09-01";"";"";"";"Hamburg";"indelivery";1002;"2019-11-11"
837;"energy";"electricity";2600;2583;"2019-09-22";"2019-11-01";"";"";"";"Bremen";"indelivery";1002;"2020-07-06"
838;"energy";"electricity";2500;2414;"2018-08-31";"2018-09-01";"";"";"";"Berlin";"indelivery";1002;"2020-06-30"
839;"energy";"electricity";2900;2962;"2018-10-10";"2018-12-01";"";"";"";"Düsseldorf";"indelivery";1001;"2019-07-30"
840;"energy";"electricity";2800;2850;"2020-01-27";"2020-06-01";"";"";"";"Mannheim";"indelivery";1002;"2020-04-06"
841;"energy";"electricity";2200;2261;"2019-06-12";"2019-07-01";"";"";"";"Gera";"indelivery";1001;"2020-01-01"
842;"energy";"electricity";2100;2273;"2020-07-03";"2020-08-01";"";"";"";"Cologne";"indelivery";1000;"2020-09-03"
843;"energy";"electricity";2600;2720;"2019-12-27";"2021-01-01";"";"";"";"Berlin";"active";1001;"2020-03-19"
844;"energy";"electricity";2000;1947;"2019-03-18";"2019-04-01";"";"";"";"Hamburg";"indelivery";1002;"2019-05-26"
845;"energy";"gas";11100;10868;"2020-04-30";"2020-06-01";"";"";"";"Dortmund";"indelivery";2001;"2020-06-15"
846;"energy";"electricity";3000;2857;"2020-09-11";"2021-04-01";"";"";"";"Düsseldorf";"active";1000;"2020-09-17"
847;"energy";"electricity";2100;2248;"2018-08-26";"2019-02-01";"";"";"";"Kulmbach";"indelivery";1000;"2019-01-24"
848;"energy";"electricity";3000;2855;"2018-06-29";"2018-10-01";"";"";"";"Schwerin";"indelivery";1002;"2019-03-27"
849;"energy";"electricity";2800;2916;"2019-03-12";"2019-07-01";"";"";"";"Frankfurt";"indelivery";1000;"2020-04-10"
850;"energy";"electricity";1900;1859;"2019-01-27";"2019-03-01";"";"";"";"Berlin";"indelivery";1000;"2020-08-23"
851;"energy";"gas";11200;10854;"2018-07-17";"2018-12-01";"";"";"";"Berlin";"indelivery";2001;"2019-07-09"
852;"energy";"electricity";2700;2779;"2018-11-05";"2019-02-01";"";"";"";"Hamburg";"indelivery";1001;"2020-02-14"
853;"energy";"electricity";2500;2646;"2019-03-26";"2019-05-01";"2020-09-30";"2020-08-29";"fristgerecht durch Kunde";"Munich";"terminated";1001;"2020-02-11"
854;"energy";"electricity";2300;2192;"2019-12-11";"2020-06-01";"";"";"";"Stuttgart";"indelivery";1001;"2020-03-10"
855;"energy";"electricity";2900;2898;"2020-09-13";"2021-02-01";"";"";"";"Karlsruhe";"active";1000;"2020-09-16"
856;"energy";"electricity";2300;2406;"2018-12-04";"2019-01-01";"";"";"";"Marienberg";"indelivery";1001;"2019-02-28"
857;"energy";"gas";10500;"";"2018-02-24";"2018-05-01";"";"";"";"Munich";"indelivery";2001;"2019-05-31"
858;"energy";"electricity";2500;"";"2018-12-02";"2019-01-01";"2020-12-31";"2020-12-03";"Umzug";"Osnabrück";"cancelled";1001;"2020-09-04"
859;"energy";"electricity";2700;"";"2018-10-17";"2018-11-01";"";"";"";"Hamburg";"indelivery";1002;"2019-12-19"
860;"energy";"electricity";2700;2524;"2018-09-17";"2019-07-01";"";"";"";"Augsburg";"indelivery";1000;"2019-10-26"
861;"energy";"electricity";2600;2789;"2019-05-24";"2019-07-01";"";"";"";"Essen";"indelivery";1002;"2020-04-07"
862;"energy";"electricity";2300;2163;"2020-08-09";"2020-10-01";"";"";"";"Berlin";"indelivery";1002;"2020-09-03"
863;"energy";"electricity";2100;"";"2018-07-18";"2018-09-01";"";"";"";"Augsburg";"indelivery";1001;"2020-08-26"
864;"energy";"electricity";2900;2802;"2019-06-13";"2019-12-01";"";"";"";"Mannheim";"indelivery";1001;"2020-09-20"
865;"energy";"gas";9700;"";"2019-01-31";"2019-03-01";"";"";"";"Lübeck";"indelivery";2001;"2019-11-03"
866;"energy";"gas";9800;9738;"2020-05-31";"2020-09-01";"";"";"";"Freiburg";"indelivery";2000;"2020-09-13"
867;"energy";"electricity";2500;2617;"2018-12-28";"2019-02-01";"";"";"";"Berlin";"indelivery";1001;"2019-04-08"
868;"energy";"electricity";3000;3145;"2018-05-22";"2018-10-01";"2019-02-28";"2019-01-31";"Umzug";"Fürth";"terminated";1001;"2018-06-01"
869;"energy";"electricity";2500;2418;"2019-08-27";"2019-10-01";"2020-10-31";"2020-10-02";"fristgerecht durch Kunde";"Cologne";"cancelled";1002;"2020-01-21"
870;"energy";"electricity";2600;"";"2020-01-24";"2020-03-01";"";"";"";"Stuttgart";"indelivery";1002;"2020-05-12"
871;"energy";"electricity";2800;2881;"2020-04-10";"2020-11-01";"";"";"";"Augsburg";"active";1001;"2020-05-03"
872;"energy";"electricity";2400;2501;"2018-07-20";"2018-10-01";"";"";"";"Gera";"indelivery";1000;"2018-10-27"
873;"energy";"gas";10200;10072;"2020-01-30";"2020-06-01";"";"";"";"Stuttgart";"indelivery";2000;"2020-08-13"
874;"energy";"electricity";2700;2716;"2020-07-07";"2020-08-01";"";"";"";"Marienberg";"indelivery";1002;"2020-07-16"
875;"energy";"electricity";2400;2483;"2018-10-29";"2018-11-01";"2018-11-01";"2019-06-01";"Wiederruf";"Berlin";"terminated";1000;"2018-12-09"
876;"energy";"electricity";2100;2293;"2019-01-08";"2019-04-01";"";"";"";"Coburg";"indelivery";1000;"2019-05-22"
877;"energy";"electricity";2300;"";"2020-05-08";"2021-03-01";"";"";"";"Würzburg";"active";1001;"2020-06-11"
878;"energy";"electricity";2100;2100;"2019-06-13";"2019-09-01";"";"";"";"Marienberg";"indelivery";1002;"2020-05-27"
879;"energy";"electricity";2200;2323;"2018-11-23";"2019-01-01";"";"";"";"Hamburg";"indelivery";1000;"2018-12-06"
880;"energy";"electricity";2200;2360;"2018-02-03";"2018-04-01";"";"";"";"Koblenz";"indelivery";1000;"2019-10-12"
881;"energy";"gas";11800;11911;"2019-05-31";"2020-01-01";"";"";"";"Hannover";"indelivery";2000;"2020-02-01"
882;"energy";"electricity";2500;2430;"2018-03-03";"2018-04-01";"2018-08-31";"2018-07-25";"fristgerecht durch Kunde";"Berlin";"terminated";1002;"2018-07-25"
883;"energy";"electricity";2600;2843;"2020-08-13";"2020-10-01";"";"";"";"Essen";"indelivery";1001;"2020-09-13"
884;"energy";"gas";10700;11393;"2018-05-20";"2018-06-01";"2018-11-30";"2018-10-24";"fristgerecht durch LichtBlick";"Dresden";"terminated";2000;"2018-10-24"
885;"energy";"electricity";2500;2590;"2020-08-12";"2021-05-01";"";"";"";"Hamburg";"active";1001;"2020-09-08"
886;"energy";"electricity";2900;3012;"2020-01-26";"2021-07-01";"";"";"";"Dortmund";"active";1000;"2020-03-02"
887;"energy";"gas";10700;10614;"2018-01-15";"2018-06-01";"2019-05-31";"2019-05-03";"fristgerecht durch Kunde";"Bremen";"terminated";2001;"2019-05-03"
888;"energy";"electricity";2600;2735;"2018-07-30";"2018-08-01";"";"";"";"Dortmund";"indelivery";1000;"2019-06-06"
889;"energy";"electricity";2500;2417;"2020-09-04";"2020-12-01";"";"";"";"Leipzig";"active";1001;"2020-09-18"
890;"energy";"electricity";2300;"";"2018-04-16";"2018-08-01";"2020-10-31";"2020-09-30";"fristgerecht durch LichtBlick";"Stuttgart";"cancelled";1000;"2020-05-12"
891;"energy";"electricity";2200;2187;"2018-04-21";"2018-05-01";"";"";"";"Cologne";"indelivery";1000;"2019-08-04"
892;"energy";"electricity";2200;2142;"2018-05-15";"2018-08-01";"";"";"";"Osnabrück";"indelivery";1000;"2018-06-07"
893;"energy";"electricity";2300;2214;"2019-02-06";"2019-08-01";"";"";"";"Osnabrück";"indelivery";1000;"2019-11-25"
894;"energy";"electricity";2000;1928;"2019-01-03";"2019-12-01";"";"";"";"Berlin";"indelivery";1001;"2020-03-24"
895;"energy";"electricity";2600;2753;"2019-03-08";"2019-07-01";"";"";"";"Berlin";"indelivery";1000;"2019-03-21"
896;"energy";"electricity";2400;2454;"2020-03-31";"2020-04-01";"";"";"";"Berlin";"indelivery";1001;"2020-06-28"
897;"energy";"electricity";3000;3041;"2019-04-01";"2019-07-01";"";"";"";"Essen";"indelivery";1002;"2019-10-31"
898;"energy";"electricity";2500;2445;"2019-07-10";"2019-11-01";"";"";"";"Berlin";"indelivery";1002;"2020-05-29"
899;"energy";"electricity";2700;2881;"2018-02-18";"2018-06-01";"";"";"";"Berlin";"indelivery";1001;"2019-03-14"
900;"energy";"electricity";3000;2903;"2019-12-16";"2020-04-01";"";"";"";"Duisburg";"indelivery";1002;"2020-09-26"
901;"energy";"electricity";2100;2228;"2019-01-29";"2019-04-01";"";"";"";"Göttingen";"indelivery";1002;"2019-02-27"
902;"energy";"electricity";2700;2867;"2018-11-27";"2019-01-01";"";"";"";"Heidelberg";"indelivery";1002;"2019-02-10"
903;"energy";"electricity";2100;2172;"2020-02-14";"2020-08-01";"";"";"";"Schwerin";"indelivery";1002;"2020-09-19"
904;"energy";"electricity";2200;2367;"2018-08-22";"2018-10-01";"2019-12-31";"2019-12-02";"fristgerecht durch LichtBlick";"Kassel";"terminated";1000;"2019-12-02"
905;"energy";"electricity";2900;2954;"2018-02-27";"2018-07-01";"";"";"";"Duisburg";"indelivery";1000;"2020-09-08"
906;"energy";"electricity";2500;2452;"2019-06-25";"2020-02-01";"2020-07-31";"2020-06-29";"fristgerecht durch LichtBlick";"Berlin";"terminated";1000;"2020-05-29"
907;"energy";"electricity";2600;2558;"2018-10-09";"2018-12-01";"";"";"";"Munich";"indelivery";1000;"2019-10-15"
908;"energy";"electricity";2000;1989;"2019-11-14";"2020-01-01";"2020-01-01";"2020-10-03";"Wiederruf";"Munich";"terminated";1001;"2020-08-05"
909;"energy";"electricity";2600;2731;"2019-10-22";"2020-02-01";"";"";"";"Augsburg";"indelivery";1000;"2020-03-04"
910;"energy";"electricity";2500;2396;"2020-01-11";"2020-04-01";"";"";"";"Bielefeld";"indelivery";1000;"2020-05-22"
911;"energy";"electricity";2100;2024;"2018-10-18";"2019-02-01";"";"";"";"Hamburg";"indelivery";1001;"2020-03-16"
912;"energy";"electricity";2600;2626;"2019-09-27";"2020-01-01";"";"";"";"Hamburg";"indelivery";1001;"2020-07-17"
913;"energy";"gas";8300;8194;"2019-11-08";"2020-01-01";"";"";"";"Duisburg";"indelivery";2000;"2020-05-20"
914;"energy";"electricity";2800;2999;"2018-05-27";"2018-07-01";"";"";"";"Berlin";"indelivery";1002;"2018-07-11"
915;"energy";"electricity";2200;2317;"2019-12-08";"2020-03-01";"";"";"";"Marienberg";"indelivery";1000;"2020-06-25"
916;"energy";"electricity";2600;2709;"2020-02-04";"2020-03-01";"";"";"";"Bitburg";"indelivery";1000;"2020-06-06"
917;"energy";"electricity";2300;2365;"2020-07-13";"2021-03-01";"";"";"";"Duisburg";"active";1001;"2020-07-27"
918;"energy";"electricity";2400;2569;"2018-10-29";"2018-11-01";"2020-01-31";"2020-01-02";"fristgerecht durch LichtBlick";"Dortmund";"terminated";1000;"2020-01-02"
919;"energy";"electricity";2800;2957;"2018-06-20";"2018-07-01";"2018-07-01";"2019-07-02";"Wiederruf";"Düsseldorf";"terminated";1002;"2019-07-02"
920;"energy";"gas";9800;10423;"2019-07-20";"2019-08-01";"";"";"";"Altchemnitz";"indelivery";2001;"2020-04-11"
921;"energy";"electricity";2700;2919;"2019-02-15";"2019-03-01";"";"";"";"Wuppertal";"indelivery";1002;"2020-01-25"
922;"energy";"electricity";2100;2063;"2019-06-08";"2019-12-01";"";"";"";"Frankfurt";"indelivery";1002;"2019-10-15"
923;"energy";"electricity";2900;3071;"2020-07-15";"2020-10-01";"";"";"";"Marienberg";"indelivery";1000;"2020-09-07"
924;"energy";"electricity";2500;2624;"2020-02-14";"2020-03-01";"";"";"";"Rostock";"indelivery";1001;"2020-09-02"
925;"energy";"gas";9100;9493;"2019-04-29";"2019-08-01";"";"";"";"Offenburg";"indelivery";2001;"2020-07-02"
926;"energy";"electricity";2200;2185;"2018-08-06";"2019-01-01";"";"";"";"Düsseldorf";"indelivery";1001;"2018-09-16"
927;"energy";"gas";10900;11300;"2018-03-27";"2018-05-01";"";"";"";"Mannheim";"indelivery";2000;"2020-03-20"
928;"energy";"electricity";2100;2108;"2020-05-24";"2021-01-01";"";"";"";"Dortmund";"active";1001;"2020-09-29"
929;"energy";"electricity";1900;1779;"2018-11-13";"2019-04-01";"";"";"";"Berlin";"indelivery";1000;"2020-04-05"
930;"energy";"electricity";2800;2927;"2018-06-13";"2019-02-01";"2020-06-30";"2020-05-29";"Umzug";"Dresden";"terminated";1001;"2019-04-11"
931;"energy";"electricity";2400;2511;"2019-07-15";"2019-09-01";"";"";"";"Heidelberg";"indelivery";1002;"2019-09-23"
932;"energy";"electricity";2200;2165;"2018-05-06";"2018-09-01";"";"";"";"Düsseldorf";"indelivery";1000;"2019-10-13"
933;"energy";"electricity";2400;2374;"2020-04-21";"2020-07-01";"";"";"";"Koblenz";"indelivery";1000;"2020-08-20"
934;"energy";"electricity";2600;2700;"2019-08-08";"2019-11-01";"";"";"";"Hannover";"indelivery";1002;"2020-04-12"
935;"energy";"electricity";2400;2380;"2019-10-19";"2019-12-01";"2020-03-31";"2020-03-02";"Umzug";"Hamburg";"terminated";1001;"2020-01-02"
936;"energy";"electricity";2500;2647;"2019-02-19";"2019-06-01";"";"";"";"Cologne";"indelivery";1002;"2020-08-25"
937;"energy";"electricity";2400;2438;"2018-04-07";"2019-04-01";"";"";"";"Cologne";"indelivery";1002;"2018-10-21"
938;"energy";"electricity";3000;3045;"2020-05-16";"2020-10-01";"";"";"";"Bielefeld";"indelivery";1002;"2020-06-26"
939;"energy";"gas";11700;11826;"2018-11-06";"2019-03-01";"2019-07-31";"2019-07-02";"Umzug";"Berlin";"terminated";2000;"2019-05-10"
940;"energy";"electricity";2900;2898;"2018-07-01";"2018-08-01";"";"";"";"Dresden";"indelivery";1002;"2019-12-18"
941;"energy";"gas";10300;10582;"2020-04-05";"2020-08-01";"";"";"";"Hamburg";"indelivery";2000;"2020-04-06"
942;"energy";"electricity";2000;2091;"2020-01-14";"2020-03-01";"";"";"";"Leipzig";"indelivery";1002;"2020-02-18"
943;"energy";"electricity";2700;2605;"2020-06-23";"2020-09-01";"";"";"";"Stuttgart";"indelivery";1001;"2020-07-31"
944;"energy";"electricity";2100;2189;"2018-07-28";"2018-09-01";"";"";"";"Munich";"indelivery";1001;"2018-11-10"
945;"energy";"electricity";2200;2321;"2018-12-25";"2019-01-01";"";"";"";"Berlin";"indelivery";1002;"2020-06-14"
946;"energy";"gas";8300;8764;"2018-05-16";"2018-08-01";"2019-12-31";"2019-11-26";"Umzug";"Dortmund";"terminated";2001;"2018-12-15"
947;"energy";"gas";9900;10065;"2018-07-09";"2018-08-01";"2018-09-30";"2018-09-01";"Umzug";"Berlin";"terminated";2001;"2018-09-01"
948;"energy";"electricity";2100;2125;"2018-12-24";"2019-05-01";"";"";"";"Munich";"indelivery";1000;"2020-05-30"
949;"energy";"electricity";2500;"";"2020-08-25";"2020-10-01";"";"";"";"Potsdam";"indelivery";1001;"2020-09-18"
950;"energy";"electricity";2800;2839;"2019-06-06";"2019-11-01";"";"";"";"Berlin";"indelivery";1002;"2019-12-25"
951;"energy";"electricity";2400;2476;"2019-10-02";"2020-04-01";"";"";"";"Dortmund";"indelivery";1001;"2020-04-18"
952;"energy";"electricity";2800;3029;"2019-11-10";"2020-02-01";"";"";"";"Berlin";"indelivery";1001;"2020-07-02"
953;"energy";"electricity";1900;2051;"2019-03-24";"2019-04-01";"";"";"";"Hamburg";"indelivery";1000;"2020-08-18"
954;"energy";"electricity";2700;2712;"2019-08-15";"2020-03-01";"";"";"";"Munich";"indelivery";1002;"2020-02-21"
955;"energy";"electricity";3000;3060;"2018-07-26";"2018-11-01";"";"";"";"Marienberg";"indelivery";1002;"2019-04-19"
956;"energy";"gas";10100;9928;"2018-01-25";"2018-05-01";"";"";"";"Cologne";"indelivery";2000;"2018-04-23"
957;"energy";"electricity";2500;2514;"2020-01-13";"2020-03-01";"";"";"";"Bremen";"indelivery";1002;"2020-09-22"
958;"energy";"gas";10700;10255;"2018-07-31";"2018-11-01";"";"";"";"Cologne";"indelivery";2001;"2018-12-29"
959;"energy";"electricity";2400;2336;"2019-01-14";"2019-04-01";"";"";"";"Hamburg";"indelivery";1000;"2019-06-30"
960;"energy";"electricity";2500;2550;"2018-04-05";"2018-06-01";"";"";"";"Frankfurt";"indelivery";1000;"2020-04-28"
961;"energy";"electricity";2500;2570;"2020-01-17";"2020-03-01";"";"";"";"Berlin";"indelivery";1000;"2020-02-19"
962;"energy";"gas";10400;10072;"2019-11-11";"2020-01-01";"";"";"";"Leipzig";"indelivery";2001;"2020-07-15"
963;"energy";"electricity";3000;2830;"2020-01-17";"2020-02-01";"";"";"";"Kassel";"indelivery";1002;"2020-08-20"
964;"energy";"electricity";2700;2724;"2018-08-02";"2018-09-01";"2019-12-31";"2019-12-02";"fristgerecht durch Kunde";"Lübeck";"terminated";1002;"2018-10-04"
965;"energy";"electricity";2800;2781;"2020-09-24";"2021-02-01";"";"";"";"Fürth";"active";1002;"2020-09-28"
966;"energy";"electricity";2300;2511;"2019-12-04";"2020-06-01";"";"";"";"Dortmund";"indelivery";1002;"2020-08-11"
967;"energy";"electricity";2900;"";"2019-02-27";"2019-04-01";"2019-09-30";"2019-08-27";"fristgerecht durch Kunde";"Jena";"terminated";1001;"2019-08-27"
968;"energy";"electricity";2800;"";"2018-09-16";"2018-12-01";"";"";"";"Berlin";"indelivery";1000;"2018-11-19"
969;"energy";"gas";10500;10083;"2019-03-09";"2019-06-01";"";"";"";"Braunschweig";"indelivery";2000;"2020-05-06"
970;"energy";"gas";9800;9758;"2019-12-28";"2020-05-01";"";"";"";"Bielefeld";"indelivery";2001;"2020-01-26"
971;"energy";"electricity";2200;2128;"2018-12-30";"2019-03-01";"";"";"";"Koblenz";"indelivery";1002;"2019-03-31"
972;"energy";"electricity";2800;3022;"2020-01-06";"2020-04-01";"";"";"";"Potsdam";"indelivery";1000;"2020-07-23"
973;"energy";"electricity";2300;2353;"2020-07-17";"2020-08-01";"";"";"";"Munich";"indelivery";1000;"2020-08-19"
974;"energy";"gas";9500;10116;"2020-06-19";"2020-11-01";"";"";"";"Düsseldorf";"active";2001;"2020-08-02"
975;"energy";"electricity";2400;2267;"2019-05-05";"2019-07-01";"";"";"";"Cologne";"indelivery";1002;"2020-08-31"
976;"energy";"electricity";3000;3081;"2019-01-16";"2019-05-01";"";"";"";"Essen";"indelivery";1000;"2020-06-14"
977;"energy";"electricity";2800;2804;"2018-08-01";"2018-09-01";"";"";"";"Duisburg";"indelivery";1002;"2018-08-23"
978;"energy";"electricity";2200;2167;"2018-09-22";"2019-02-01";"2019-04-30";"2019-04-01";"fristgerecht durch LichtBlick";"Berlin";"terminated";1001;"2019-04-01"
979;"energy";"electricity";2700;2667;"2019-10-29";"2020-03-01";"2020-10-31";"2020-09-30";"fristgerecht durch LichtBlick";"Altchemnitz";"cancelled";1001;"2019-12-09"
980;"energy";"electricity";3000;2842;"2020-01-15";"2020-09-01";"";"";"";"Fürth";"indelivery";1001;"2020-01-28"
981;"energy";"gas";8900;9101;"2018-03-21";"2018-07-01";"";"";"";"Greifswald";"indelivery";2000;"2019-05-20"
982;"energy";"electricity";3000;3102;"2020-04-10";"2020-07-01";"";"";"";"Dresden";"indelivery";1002;"2020-07-23"
983;"energy";"electricity";2700;"";"2020-07-24";"2021-03-01";"";"";"";"Berlin";"active";1002;"2020-08-27"
984;"energy";"electricity";2700;2647;"2020-08-29";"2020-10-01";"";"";"";"Augsburg";"indelivery";1000;"2020-09-17"
985;"energy";"electricity";2900;3080;"2018-01-11";"2018-03-01";"";"";"";"Essen";"indelivery";1002;"2020-04-18"
986;"energy";"electricity";2400;2475;"2018-11-07";"2019-01-01";"";"";"";"Cologne";"indelivery";1002;"2020-06-25"
987;"energy";"electricity";2700;2845;"2020-08-23";"2021-03-01";"";"";"";"Duisburg";"active";1000;"2020-09-26"
988;"energy";"electricity";2800;2880;"2018-12-13";"2019-03-01";"";"";"";"Bielefeld";"indelivery";1000;"2020-01-19"
989;"energy";"electricity";2800;2796;"2018-01-18";"2018-06-01";"2020-03-31";"2020-03-03";"fristgerecht durch Kunde";"Ingolstadt";"terminated";1001;"2018-02-13"
990;"energy";"electricity";2400;2370;"2018-09-28";"2019-01-01";"";"";"";"Münster";"indelivery";1000;"2018-10-05"
991;"energy";"electricity";2000;1938;"2019-06-07";"2019-07-01";"2020-04-30";"2020-03-30";"Umzug";"Mannheim";"terminated";1001;"2019-08-23"
992;"energy";"electricity";2500;2361;"2018-07-26";"2018-10-01";"2019-06-30";"2019-06-02";"fristgerecht durch Kunde";"Wuppertal";"terminated";1001;"2019-05-11"
993;"energy";"electricity";2200;2207;"2019-01-16";"2019-02-01";"";"";"";"Homberg";"indelivery";1002;"2019-05-11"
994;"energy";"electricity";2500;2535;"2020-06-08";"2020-09-01";"";"";"";"Berlin";"indelivery";1000;"2020-09-16"
995;"energy";"electricity";2000;2152;"2018-10-11";"2018-11-01";"2019-10-31";"2019-10-02";"fristgerecht durch LichtBlick";"Karlsruhe";"terminated";1001;"2019-05-25"
996;"energy";"electricity";2300;2297;"2019-11-15";"2020-01-01";"";"";"";"Hamburg";"indelivery";1001;"2020-02-02"
997;"energy";"electricity";2700;2665;"2019-06-01";"2019-07-01";"2020-10-31";"2020-10-01";"fristgerecht durch Kunde";"Mannheim";"cancelled";1000;"2019-12-05"
998;"energy";"electricity";2300;2156;"2020-06-27";"2020-08-01";"2020-08-01";"2020-12-03";"Wiederruf";"Hamburg";"terminated";1001;"2020-06-30"
999;"energy";"electricity";3000;3165;"2020-09-11";"2020-11-01";"";"";"";"Freising";"active";1001;"2020-09-20"
1000;"energy";"electricity";2700;2804;"2018-08-13";"2018-12-01";"2018-12-01";"2020-09-02";"Wiederruf";"Cottbus";"terminated";1001;"2019-12-14"
1001;"energy";"electricity";2400;2489;"2020-01-15";"2020-12-01";"";"";"";"Munich";"active";1000;"2020-02-20"
1002;"energy";"electricity";2400;2398;"2019-06-10";"2019-09-01";"";"";"";"Altchemnitz";"indelivery";1002;"2020-05-10"
1003;"energy";"electricity";2900;2889;"2020-07-25";"2020-10-01";"";"";"";"Hamburg";"indelivery";1000;"2020-08-06"
1004;"energy";"electricity";2700;2678;"2019-10-21";"2020-06-01";"";"";"";"Frankfurt";"indelivery";1000;"2019-11-30"
1005;"energy";"electricity";2800;2857;"2018-08-04";"2018-10-01";"2018-10-01";"2020-05-01";"Wiederruf";"Augsburg";"terminated";1000;"2020-02-13"
1006;"energy";"electricity";2200;2114;"2019-01-20";"2019-06-01";"";"";"";"Hamburg";"indelivery";1002;"2020-09-06"
1007;"energy";"electricity";2400;2365;"2019-07-25";"2019-08-01";"";"";"";"Dortmund";"indelivery";1002;"2020-03-13"
1008;"energy";"electricity";2200;2343;"2019-10-19";"2020-06-01";"";"";"";"Essen";"indelivery";1001;"2019-12-26"
1009;"energy";"electricity";2300;2325;"2018-07-01";"2018-10-01";"";"";"";"Berlin";"indelivery";1001;"2019-08-06"
1010;"energy";"electricity";2300;2313;"2018-09-05";"2018-12-01";"2018-12-01";"2019-01-03";"Wiederruf";"Frankfurt";"terminated";1001;"2019-01-03"
1011;"energy";"electricity";2600;2588;"2019-09-29";"2020-03-01";"";"";"";"Berlin";"indelivery";1002;"2020-01-21"
1012;"energy";"electricity";2400;2399;"2019-02-11";"2019-04-01";"";"";"";"Cologne";"indelivery";1000;"2019-10-10"
1013;"energy";"electricity";2700;2717;"2020-08-21";"2021-01-01";"";"";"";"Berlin";"active";1002;"2020-09-28"
1014;"energy";"electricity";2100;2188;"2018-10-31";"2019-01-01";"";"";"";"Wiesbaden";"indelivery";1002;"2019-09-05"
1015;"energy";"electricity";3000;2844;"2019-12-20";"2020-03-01";"";"";"";"Mannheim";"indelivery";1001;"2020-04-09"
1016;"energy";"electricity";3100;3049;"2018-05-10";"2018-09-01";"";"";"";"Ingelheim";"indelivery";1002;"2019-12-03"
1017;"energy";"electricity";2500;2695;"2018-11-09";"2018-12-01";"";"";"";"Berlin";"indelivery";1002;"2019-07-02"
1018;"energy";"electricity";2100;2055;"2020-05-04";"2020-10-01";"";"";"";"Munich";"indelivery";1001;"2020-09-08"
1019;"energy";"electricity";2100;2131;"2018-05-04";"2018-06-01";"";"";"";"Lüdenscheid";"indelivery";1001;"2019-01-18"
1020;"energy";"electricity";2200;2320;"2020-06-25";"2020-07-01";"";"";"";"Kassel";"indelivery";1000;"2020-09-21"
1021;"energy";"electricity";2200;2141;"2018-07-17";"2018-09-01";"2018-10-31";"2018-10-01";"fristgerecht durch Kunde";"Bremerhaven";"terminated";1000;"2018-10-01"
1022;"energy";"electricity";2200;2244;"2018-05-31";"2018-08-01";"2019-06-30";"2019-06-01";"fristgerecht durch Kunde";"Marienberg";"terminated";1002;"2019-02-11"
1023;"energy";"electricity";2200;2312;"2019-02-27";"2019-06-01";"";"";"";"Munich";"indelivery";1001;"2019-05-26"
1024;"energy";"electricity";2200;"";"2018-05-04";"2018-10-01";"";"";"";"Magdeburg";"indelivery";1000;"2020-01-02"
1025;"energy";"electricity";2600;2773;"2019-06-30";"2019-08-01";"2020-07-31";"2020-06-29";"fristgerecht durch Kunde";"Munich";"terminated";1001;"2020-06-29"
1026;"energy";"electricity";2800;2773;"2019-12-23";"2020-02-01";"";"";"";"Bremen";"indelivery";1002;"2020-05-02"
1027;"energy";"electricity";2300;2210;"2018-11-20";"2018-12-01";"";"";"";"Berlin";"indelivery";1000;"2018-12-08"
1028;"energy";"electricity";2400;2577;"2018-08-11";"2019-01-01";"";"";"";"Munich";"indelivery";1000;"2019-06-24"
1029;"energy";"electricity";2200;2293;"2019-09-14";"2019-12-01";"";"";"";"Schwerin";"indelivery";1001;"2020-01-22"
1030;"energy";"gas";9300;9664;"2018-04-19";"2019-07-01";"";"";"";"Hamburg";"indelivery";2001;"2020-02-18"
1031;"energy";"electricity";2000;2037;"2018-05-12";"2018-11-01";"2019-07-31";"2019-07-03";"Umzug";"Berlin";"terminated";1001;"2019-07-03"
1032;"energy";"electricity";2100;2167;"2020-08-23";"2021-02-01";"";"";"";"Berlin";"active";1000;"2020-09-17"
1033;"energy";"electricity";2300;2370;"2018-03-08";"2018-07-01";"";"";"";"Dresden";"indelivery";1001;"2020-06-08"
1034;"energy";"electricity";2700;2770;"2019-08-02";"2019-12-01";"";"";"";"Essen";"indelivery";1001;"2019-09-24"
1035;"energy";"electricity";2600;2713;"2018-08-13";"2018-09-01";"";"";"";"Frankfurt";"indelivery";1001;"2019-09-06"
1036;"energy";"electricity";2300;"";"2019-10-18";"2020-06-01";"";"";"";"Magdeburg";"indelivery";1000;"2019-11-11"
1037;"energy";"electricity";2500;2729;"2020-04-19";"2020-06-01";"";"";"";"Frankfurt";"indelivery";1001;"2020-06-07"
1038;"energy";"electricity";2300;2451;"2018-01-31";"2018-05-01";"";"";"";"Berlin";"indelivery";1001;"2020-07-28"
1039;"energy";"electricity";2800;"";"2018-02-08";"2018-08-01";"";"";"";"Gießen";"indelivery";1002;"2018-09-04"
1040;"energy";"electricity";2700;2813;"2020-02-02";"2020-06-01";"";"";"";"Erfurt";"indelivery";1000;"2020-09-17"
1041;"energy";"electricity";2400;2515;"2018-04-24";"2018-07-01";"2018-07-01";"2019-07-24";"Wiederruf";"Berlin";"terminated";1000;"2019-05-20"
1042;"energy";"electricity";2500;2617;"2019-07-20";"2019-09-01";"";"";"";"Cologne";"indelivery";1000;"2020-02-15"
1043;"energy";"electricity";2900;2889;"2020-07-28";"2020-08-01";"";"";"";"Schwandorf";"indelivery";1000;"2020-09-11"
1044;"energy";"electricity";2800;"";"2020-08-17";"2021-04-01";"";"";"";"Berlin";"active";1000;"2020-09-17"
1045;"energy";"electricity";2400;2385;"2020-02-27";"2020-03-01";"";"";"";"Munich";"indelivery";1002;"2020-07-16"
1046;"energy";"electricity";2400;2541;"2018-07-04";"2018-09-01";"";"";"";"Berlin";"indelivery";1000;"2020-01-07"
1047;"energy";"electricity";2000;1989;"2020-01-16";"2020-03-01";"2020-10-31";"2020-10-03";"Umzug";"Stuttgart";"cancelled";1002;"2020-08-03"
1048;"energy";"electricity";2800;2671;"2018-12-31";"2019-03-01";"";"";"";"Ulm";"indelivery";1000;"2019-06-07"
1049;"energy";"electricity";2300;2431;"2019-07-07";"2019-09-01";"";"";"";"Rostock";"indelivery";1001;"2019-08-10"
1050;"energy";"electricity";2400;2341;"2018-04-06";"2018-06-01";"2019-03-31";"2019-02-25";"fristgerecht durch LichtBlick";"Essen";"terminated";1000;"2019-02-25"
1051;"energy";"electricity";2200;2191;"2019-10-30";"2020-01-01";"";"";"";"Stuttgart";"indelivery";1002;"2020-03-06"
1052;"energy";"gas";11200;"";"2019-04-28";"2019-06-01";"2020-10-31";"2020-09-30";"fristgerecht durch LichtBlick";"Stuttgart";"cancelled";2000;"2020-01-12"
1053;"energy";"electricity";2200;2324;"2019-01-10";"2019-03-01";"";"";"";"Dortmund";"indelivery";1002;"2020-06-06"
1054;"energy";"electricity";2300;2218;"2019-11-28";"2020-01-01";"";"";"";"Wuppertal";"indelivery";1002;"2019-12-31"
1055;"energy";"electricity";2000;2075;"2019-11-29";"2020-05-01";"";"";"";"Saarbrücken";"indelivery";1000;"2020-01-13"
1056;"energy";"electricity";2900;2875;"2020-04-30";"2020-06-01";"";"";"";"Potsdam";"indelivery";1001;"2020-06-28"
1057;"energy";"electricity";2200;2354;"2018-01-06";"2018-05-01";"";"";"";"Dresden";"indelivery";1000;"2020-02-04"
1058;"energy";"electricity";2600;2679;"2020-03-16";"2020-07-01";"";"";"";"Erfurt";"indelivery";1001;"2020-04-26"
1059;"energy";"electricity";2700;2786;"2018-05-02";"2019-03-01";"";"";"";"Offenburg";"indelivery";1002;"2020-01-25"
1060;"energy";"electricity";2500;"";"2019-02-20";"2019-04-01";"2020-07-31";"2020-07-03";"Umzug";"Berlin";"terminated";1001;"2020-01-22"
1061;"energy";"electricity";2600;2670;"2019-05-27";"2019-11-01";"2020-01-31";"2020-01-02";"fristgerecht durch LichtBlick";"Duisburg";"terminated";1001;"2020-01-02"
1062;"energy";"electricity";2300;2401;"2020-03-17";"2020-05-01";"";"";"";"Berlin";"indelivery";1000;"2020-05-29"
1063;"energy";"electricity";2000;2116;"2020-02-15";"2020-04-01";"";"";"";"Munich";"indelivery";1002;"2020-08-11"
1064;"energy";"electricity";2400;2406;"2019-10-16";"2019-11-01";"";"";"";"Munich";"indelivery";1001;"2019-11-26"
1065;"energy";"electricity";2800;2857;"2018-11-10";"2019-08-01";"";"";"";"Berlin";"indelivery";1001;"2019-05-08"
1066;"energy";"gas";10200;10172;"2019-01-30";"2019-03-01";"2019-12-31";"2019-12-03";"fristgerecht durch Kunde";"Potsdam";"terminated";2000;"2019-12-03"
1067;"energy";"electricity";2100;2232;"2020-04-14";"2020-06-01";"";"";"";"Berlin";"indelivery";1000;"2020-09-26"
1068;"energy";"electricity";2600;2563;"2019-08-14";"2020-03-01";"";"";"";"Braunschweig";"indelivery";1001;"2020-07-08"
1069;"energy";"electricity";2400;2507;"2018-01-08";"2018-03-01";"";"";"";"Berlin";"indelivery";1000;"2019-07-08"
1070;"energy";"electricity";2900;3000;"2018-08-13";"2018-10-01";"";"";"";"Bremen";"indelivery";1002;"2020-02-21"
1071;"energy";"electricity";2200;2312;"2018-07-11";"2018-09-01";"";"";"";"Munich";"indelivery";1001;"2020-04-29"
1072;"energy";"electricity";2300;2191;"2018-08-07";"2018-10-01";"";"";"";"Rostock";"indelivery";1002;"2019-05-09"
1073;"energy";"gas";7800;"";"2020-03-25";"2020-06-01";"";"";"";"Hamburg";"indelivery";2000;"2020-05-31"
1074;"energy";"gas";11500;11962;"2020-09-03";"2020-10-01";"";"";"";"Mainz";"indelivery";2000;"2020-09-11"
1075;"energy";"electricity";2500;2533;"2019-12-14";"2020-04-01";"";"";"";"Altchemnitz";"indelivery";1000;"2020-02-09"
1076;"energy";"electricity";2400;2508;"2019-11-17";"2020-04-01";"";"";"";"Karlsruhe";"indelivery";1000;"2020-09-27"
1077;"energy";"electricity";2300;2220;"2018-11-19";"2019-03-01";"2019-03-01";"2019-05-03";"Wiederruf";"Berlin";"terminated";1002;"2019-03-22"
1078;"energy";"electricity";2600;2619;"2020-07-18";"2021-02-01";"";"";"";"Duisburg";"active";1001;"2020-07-18"
1079;"energy";"electricity";2300;2299;"2018-10-29";"2018-12-01";"";"";"";"Berlin";"indelivery";1001;"2019-07-27"
1080;"energy";"electricity";2600;2692;"2020-07-28";"2020-08-01";"";"";"";"Cologne";"indelivery";1000;"2020-08-12"
1081;"energy";"gas";11800;11870;"2020-03-29";"2020-04-01";"";"";"";"Bremen";"indelivery";2000;"2020-07-14"
1082;"energy";"electricity";2600;2650;"2018-07-23";"2018-09-01";"2018-11-30";"2018-11-02";"fristgerecht durch Kunde";"Kiel";"terminated";1001;"2018-11-02"
1083;"energy";"gas";11100;11689;"2019-02-06";"2019-03-01";"";"";"";"Düsseldorf";"indelivery";2001;"2019-11-04"
1084;"energy";"gas";8500;"";"2020-06-20";"2020-10-01";"";"";"";"Fürth";"indelivery";2000;"2020-09-04"
1085;"energy";"electricity";3200;3371;"2020-05-14";"2021-01-01";"";"";"";"Haßfurt";"active";1000;"2020-09-27"
1086;"energy";"electricity";2200;2226;"2019-02-02";"2019-06-01";"";"";"";"Magdeburg";"indelivery";1002;"2019-08-19"
1087;"energy";"gas";10300;11130;"2019-07-12";"2019-11-01";"";"";"";"Cologne";"indelivery";2001;"2019-09-24"
1088;"energy";"electricity";2700;2774;"2019-06-02";"2019-11-01";"";"";"";"Frankfurt";"indelivery";1001;"2019-11-21"
1089;"energy";"electricity";2100;2069;"2018-07-13";"2018-09-01";"2018-09-01";"2020-06-02";"Wiederruf";"Berlin";"terminated";1002;"2019-02-27"
1090;"energy";"electricity";3000;3157;"2019-10-03";"2019-11-01";"";"";"";"Freiburg";"indelivery";1001;"2020-06-28"
1091;"energy";"gas";10200;9869;"2018-06-19";"2018-09-01";"";"";"";"Cologne";"indelivery";2001;"2019-05-09"
1092;"energy";"gas";9700;10211;"2020-08-15";"2020-10-01";"";"";"";"Marienberg";"indelivery";2000;"2020-08-26"
1093;"energy";"electricity";1900;1873;"2018-08-15";"2019-01-01";"";"";"";"Berlin";"indelivery";1001;"2019-04-03"
1094;"energy";"electricity";2500;2498;"2020-06-12";"2020-08-01";"";"";"";"Berlin";"indelivery";1001;"2020-08-09"
1095;"energy";"gas";11800;12108;"2020-01-17";"2020-03-01";"";"";"";"Braunschweig";"indelivery";2000;"2020-04-29"
1096;"energy";"electricity";2300;2288;"2018-12-14";"2019-02-01";"2019-03-31";"2019-03-03";"fristgerecht durch Kunde";"Berlin";"terminated";1000;"2019-03-03"
1097;"energy";"electricity";2600;2744;"2018-07-27";"2018-08-01";"2018-08-01";"2020-01-02";"Wiederruf";"Berlin";"terminated";1001;"2019-12-17"
1098;"energy";"electricity";2100;"";"2018-07-28";"2019-01-01";"2020-02-29";"2020-01-24";"fristgerecht durch LichtBlick";"Schwerin";"terminated";1000;"2019-05-14"
1099;"energy";"electricity";2300;2352;"2019-05-29";"2019-07-01";"";"";"";"Cologne";"indelivery";1000;"2020-06-01"
1100;"energy";"electricity";2000;1924;"2018-07-11";"2018-09-01";"";"";"";"Cottbus";"indelivery";1001;"2019-04-18"
1101;"energy";"electricity";2900;2813;"2019-09-18";"2019-12-01";"";"";"";"Essen";"indelivery";1000;"2020-03-03"
1102;"energy";"electricity";2000;2148;"2018-02-04";"2018-03-01";"";"";"";"Marienberg";"indelivery";1002;"2018-03-10"
1103;"energy";"electricity";2400;2355;"2019-12-09";"2020-03-01";"";"";"";"Braunschweig";"indelivery";1002;"2020-01-29"
1104;"energy";"electricity";3000;3204;"2019-11-12";"2020-01-01";"";"";"";"Ingolstadt";"indelivery";1000;"2020-01-25"
1105;"energy";"electricity";2700;"";"2018-02-23";"2018-08-01";"2020-10-31";"2020-09-28";"fristgerecht durch LichtBlick";"Ingolstadt";"cancelled";1001;"2018-11-25"
1106;"energy";"electricity";2700;2574;"2018-01-05";"2018-09-01";"";"";"";"Berlin";"indelivery";1000;"2019-03-30"
1107;"energy";"electricity";2700;2814;"2020-01-26";"2020-03-01";"";"";"";"Rostock";"indelivery";1000;"2020-09-07"
1108;"energy";"electricity";2600;2757;"2020-08-22";"2021-02-01";"";"";"";"Ulm";"active";1001;"2020-08-23"
1109;"energy";"electricity";2100;2142;"2019-05-21";"2019-11-01";"";"";"";"Berlin";"indelivery";1001;"2020-07-03"
1110;"energy";"electricity";2600;2543;"2020-01-08";"2020-10-01";"";"";"";"Berlin";"indelivery";1001;"2020-06-08"
1111;"energy";"electricity";3000;2963;"2019-01-18";"2019-08-01";"";"";"";"Ulm";"indelivery";1001;"2019-06-14"
1112;"energy";"electricity";2300;2250;"2018-03-18";"2018-11-01";"";"";"";"Oldenburg";"indelivery";1002;"2018-08-14"
1113;"energy";"electricity";2300;2472;"2020-08-05";"2020-11-01";"";"";"";"Hofeck";"active";1002;"2020-09-16"
1114;"energy";"electricity";2500;2646;"2018-03-12";"2018-06-01";"2020-09-30";"2020-08-31";"fristgerecht durch Kunde";"Cologne";"terminated";1002;"2019-10-14"
1115;"energy";"gas";11900;"";"2018-11-22";"2018-12-01";"";"";"";"Rostock";"indelivery";2001;"2020-03-29"
1116;"energy";"electricity";2400;"";"2019-02-22";"2019-06-01";"2020-05-31";"2020-05-02";"fristgerecht durch Kunde";"Berlin";"terminated";1002;"2019-08-29"
1117;"energy";"electricity";2400;2303;"2019-01-15";"2019-02-01";"";"";"";"Cologne";"indelivery";1001;"2019-11-13"
1118;"energy";"electricity";2700;2703;"2018-01-15";"2018-07-01";"";"";"";"Cologne";"indelivery";1001;"2019-08-05"
1119;"energy";"electricity";2900;3142;"2020-04-10";"2020-07-01";"";"";"";"Leipzig";"indelivery";1000;"2020-04-15"
1120;"energy";"electricity";2400;2556;"2020-03-13";"2020-04-01";"";"";"";"Hamburg";"indelivery";1001;"2020-06-09"
1121;"energy";"electricity";2400;2324;"2018-09-27";"2018-10-01";"";"";"";"Rostock";"indelivery";1001;"2020-01-17"
1122;"energy";"electricity";3000;3195;"2020-01-09";"2020-11-01";"";"";"";"Stuttgart";"active";1001;"2020-09-12"
1123;"energy";"gas";10700;10225;"2018-01-23";"2018-03-01";"2018-11-30";"2018-10-28";"fristgerecht durch Kunde";"Hannover";"terminated";2001;"2018-10-28"
1124;"energy";"electricity";2700;2899;"2020-07-19";"2021-03-01";"";"";"";"Oldenburg";"active";1000;"2020-09-07"
1125;"energy";"gas";8800;8632;"2019-01-31";"2019-04-01";"";"";"";"Duisburg";"indelivery";2000;"2020-05-03"
1126;"energy";"electricity";2800;2695;"2019-01-28";"2019-02-01";"2019-02-01";"2019-11-02";"Wiederruf";"Leipzig";"terminated";1000;"2019-03-23"
1127;"energy";"gas";11200;10806;"2018-11-13";"2019-04-01";"2019-07-31";"2019-06-25";"Umzug";"Bremerhaven";"terminated";2001;"2019-06-25"
1128;"energy";"electricity";2400;2266;"2019-04-03";"2019-06-01";"";"";"";"Hamburg";"indelivery";1002;"2020-08-13"
1129;"energy";"electricity";2300;2426;"2018-08-06";"2018-09-01";"";"";"";"Gießen";"indelivery";1000;"2018-12-17"
1130;"energy";"gas";10600;10516;"2020-02-16";"2021-04-01";"";"";"";"Essen";"active";2000;"2020-05-11"
1131;"energy";"electricity";2100;2149;"2018-04-28";"2018-06-01";"";"";"";"Düsseldorf";"indelivery";1000;"2019-07-24"
1132;"energy";"electricity";2800;2742;"2020-07-23";"2020-09-01";"";"";"";"Frankfurt";"indelivery";1001;"2020-08-30"
1133;"energy";"gas";8900;"";"2019-07-06";"2019-10-01";"2020-05-31";"2020-05-01";"fristgerecht durch Kunde";"Cologne";"terminated";2000;"2020-05-01"
1134;"energy";"electricity";2000;2053;"2019-11-15";"2020-02-01";"2020-10-31";"2020-10-03";"fristgerecht durch LichtBlick";"Potsdam";"cancelled";1000;"2020-06-24"
1135;"energy";"electricity";2400;2294;"2018-06-08";"2019-01-01";"";"";"";"Bremen";"indelivery";1001;"2019-06-29"
1136;"energy";"electricity";2900;2900;"2018-09-01";"2018-10-01";"";"";"";"Frankfurt";"indelivery";1000;"2020-09-11"
1137;"energy";"electricity";2400;2343;"2018-12-01";"2019-04-01";"";"";"";"Koblenz";"indelivery";1001;"2019-04-14"
1138;"energy";"electricity";2900;2858;"2019-04-05";"2019-07-01";"";"";"";"Berlin";"indelivery";1000;"2019-04-26"
1139;"energy";"electricity";2400;2486;"2020-02-15";"2020-05-01";"";"";"";"Saarbrücken";"indelivery";1001;"2020-05-22"
1140;"energy";"electricity";2000;2199;"2018-08-23";"2018-09-01";"";"";"";"Stuttgart";"indelivery";1001;"2018-09-28"
1141;"energy";"gas";11300;"";"2019-07-30";"2019-10-01";"";"";"";"Stuttgart";"indelivery";2000;"2019-11-26"
1142;"energy";"electricity";2500;2500;"2018-09-08";"2018-12-01";"2019-08-31";"2019-08-02";"fristgerecht durch LichtBlick";"Bergisch Gladbach";"terminated";1002;"2019-08-02"
1143;"energy";"electricity";2300;2375;"2020-08-31";"2020-10-01";"";"";"";"Cologne";"indelivery";1002;"2020-09-02"
1144;"energy";"electricity";2700;2782;"2019-08-16";"2019-10-01";"";"";"";"Munich";"indelivery";1002;"2020-08-06"
1145;"energy";"electricity";2500;2402;"2020-03-20";"2020-04-01";"";"";"";"Düsseldorf";"indelivery";1001;"2020-05-26"
1146;"energy";"gas";10100;10898;"2018-10-18";"2019-01-01";"";"";"";"Wuppertal";"indelivery";2001;"2020-01-02"
1147;"energy";"electricity";2400;2413;"2019-09-20";"2019-12-01";"";"";"";"Berlin";"indelivery";1001;"2020-08-11"
1148;"energy";"gas";11200;11058;"2018-10-22";"2019-09-01";"2019-09-01";"2020-01-02";"Wiederruf";"Leipzig";"terminated";2000;"2020-01-02"
1149;"energy";"electricity";2800;2984;"2018-01-27";"2018-05-01";"2018-05-01";"2019-01-01";"Wiederruf";"Lübeck";"terminated";1001;"2018-06-08"
1150;"energy";"electricity";2400;2413;"2020-04-28";"2020-07-01";"2020-09-30";"2020-08-30";"fristgerecht durch Kunde";"Braunschweig";"terminated";1002;"2020-08-30"
1151;"energy";"electricity";2700;2537;"2019-06-30";"2019-12-01";"";"";"";"Merseburg";"indelivery";1002;"2020-09-25"
1152;"energy";"electricity";2000;1985;"2018-10-25";"2020-02-01";"";"";"";"Cologne";"indelivery";1000;"2019-10-17"
1153;"energy";"electricity";2600;2617;"2018-06-01";"2019-04-01";"2020-12-31";"2020-12-02";"fristgerecht durch LichtBlick";"Berlin";"cancelled";1001;"2020-04-04"
1154;"energy";"electricity";2600;2615;"2020-03-02";"2021-04-01";"";"";"";"Dresden";"active";1002;"2020-07-19"
1155;"energy";"electricity";2500;2449;"2020-05-13";"2020-08-01";"";"";"";"Berlin";"indelivery";1000;"2020-08-26"
1156;"energy";"electricity";2400;2502;"2018-04-10";"2019-04-01";"";"";"";"Altchemnitz";"indelivery";1002;"2020-03-20"
1157;"energy";"electricity";2400;2449;"2018-03-15";"2019-03-01";"2019-04-30";"2019-04-02";"fristgerecht durch Kunde";"Hamburg";"terminated";1001;"2019-03-02"
1158;"energy";"gas";9100;"";"2019-03-31";"2019-04-01";"";"";"";"Borken";"indelivery";2000;"2019-05-26"
1159;"energy";"electricity";2800;2869;"2020-02-04";"2020-04-01";"";"";"";"Magdeburg";"indelivery";1000;"2020-06-28"
1160;"energy";"electricity";2000;1927;"2020-06-27";"2020-07-01";"";"";"";"Hamburg";"indelivery";1001;"2020-06-30"
1161;"energy";"electricity";2100;2200;"2019-01-22";"2019-03-01";"";"";"";"Berlin";"indelivery";1000;"2019-04-15"
1162;"energy";"electricity";2600;2557;"2019-09-11";"2020-04-01";"";"";"";"Kiel";"indelivery";1002;"2020-03-20"
1163;"energy";"electricity";2300;2533;"2018-05-06";"2018-09-01";"";"";"";"Dortmund";"indelivery";1001;"2019-01-06"
1164;"energy";"electricity";2800;2991;"2020-02-14";"2020-10-01";"";"";"";"Wuppertal";"indelivery";1002;"2020-07-09"
1165;"energy";"gas";8700;9002;"2019-12-20";"2020-05-01";"2020-08-31";"2020-07-23";"fristgerecht durch LichtBlick";"Hannover";"terminated";2001;"2020-04-25"
1166;"energy";"electricity";2500;2587;"2018-01-05";"2018-03-01";"";"";"";"Mannheim";"indelivery";1002;"2020-08-27"
1167;"energy";"electricity";2900;2965;"2020-09-15";"2020-11-01";"2020-12-31";"2020-11-26";"fristgerecht durch Kunde";"Duisburg";"cancelled";1000;"2020-09-29"
1168;"energy";"electricity";2900;2992;"2019-03-22";"2019-05-01";"";"";"";"Munich";"indelivery";1002;"2020-03-31"
1169;"energy";"electricity";2800;2724;"2019-10-25";"2020-02-01";"";"";"";"Kassel";"indelivery";1000;"2020-09-18"
1170;"energy";"electricity";2200;2144;"2018-03-13";"2018-05-01";"2019-02-28";"2019-01-26";"fristgerecht durch LichtBlick";"Stuttgart";"terminated";1000;"2019-01-26"
1171;"energy";"electricity";2300;2375;"2018-04-17";"2018-07-01";"";"";"";"Osnabrück";"indelivery";1001;"2018-07-12"
1172;"energy";"electricity";2800;2996;"2020-03-05";"2020-05-01";"";"";"";"Bonn";"indelivery";1000;"2020-05-11"
1173;"energy";"electricity";2400;2552;"2019-05-14";"2019-09-01";"2019-09-01";"2020-09-28";"Wiederruf";"Düsseldorf";"terminated";1001;"2019-07-09"
1174;"energy";"electricity";2400;2553;"2019-09-24";"2019-11-01";"";"";"";"Munich";"indelivery";1002;"2020-04-30"
1175;"energy";"electricity";2600;2819;"2018-05-20";"2019-01-01";"2020-03-31";"2020-03-02";"fristgerecht durch LichtBlick";"Munich";"terminated";1001;"2020-03-02"
1176;"energy";"electricity";2900;3085;"2019-07-07";"2019-09-01";"";"";"";"Cologne";"indelivery";1000;"2019-11-28"
1177;"energy";"electricity";2700;2688;"2018-03-11";"2018-06-01";"2020-05-31";"2020-05-03";"fristgerecht durch Kunde";"Cologne";"terminated";1001;"2018-03-11"
1178;"energy";"electricity";2400;2589;"2020-01-22";"2020-12-01";"";"";"";"Berlin";"active";1000;"2020-02-22"
1179;"energy";"electricity";2400;2399;"2019-08-07";"2019-10-01";"";"";"";"Berlin";"indelivery";1001;"2020-04-18"
1180;"energy";"electricity";3000;"";"2020-04-23";"2020-05-01";"";"";"";"Lübeck";"indelivery";1001;"2020-06-27"
1181;"energy";"electricity";3000;3085;"2018-12-01";"2019-01-01";"2019-06-30";"2019-06-02";"fristgerecht durch Kunde";"Gütersloh";"terminated";1002;"2019-05-30"
1182;"energy";"gas";10500;10734;"2019-11-20";"2019-12-01";"";"";"";"Jena";"indelivery";2001;"2020-01-10"
1183;"energy";"electricity";2200;2229;"2019-05-17";"2019-10-01";"";"";"";"Hamburg";"indelivery";1000;"2020-01-13"
1184;"energy";"electricity";2700;2698;"2018-09-27";"2019-01-01";"2019-01-01";"2019-06-02";"Wiederruf";"Berlin";"terminated";1002;"2019-03-16"
1185;"energy";"electricity";2800;"";"2019-09-23";"2019-12-01";"";"";"";"Braunschweig";"indelivery";1002;"2020-05-31"
1186;"energy";"electricity";2200;2131;"2020-01-19";"2020-05-01";"";"";"";"Cologne";"indelivery";1002;"2020-03-13"
1187;"energy";"electricity";1900;"";"2018-03-07";"2018-06-01";"";"";"";"Frankfurt";"indelivery";1002;"2019-09-15"
1188;"energy";"gas";9600;9233;"2020-01-29";"2020-05-01";"";"";"";"Lübeck";"indelivery";2000;"2020-04-08"
1189;"energy";"gas";11900;11372;"2019-03-21";"2019-05-01";"";"";"";"Erfurt";"indelivery";2001;"2019-05-17"
1190;"energy";"electricity";2500;2543;"2020-09-04";"2021-03-01";"";"";"";"Hannover";"active";1001;"2020-09-17"
1191;"energy";"gas";11400;11580;"2020-05-29";"2020-06-01";"";"";"";"Berlin";"indelivery";2000;"2020-06-24"
1192;"energy";"electricity";2400;2481;"2018-09-17";"2018-12-01";"2019-10-31";"2019-10-02";"fristgerecht durch LichtBlick";"Memmingen";"terminated";1002;"2019-06-08"
1193;"energy";"electricity";1900;1917;"2018-12-16";"2019-05-01";"";"";"";"Berlin";"indelivery";1002;"2020-06-06"
1194;"energy";"electricity";2800;2957;"2019-11-19";"2020-07-01";"";"";"";"Stuttgart";"indelivery";1001;"2019-12-23"
1195;"energy";"electricity";2700;2562;"2019-09-12";"2019-11-01";"2019-12-31";"2019-12-02";"fristgerecht durch LichtBlick";"Würzburg";"terminated";1002;"2019-12-02"
1196;"energy";"electricity";2600;2819;"2020-04-30";"2020-08-01";"";"";"";"Ingolstadt";"indelivery";1000;"2020-06-28"
1197;"energy";"electricity";2900;3036;"2018-07-11";"2018-10-01";"";"";"";"Kronach";"indelivery";1001;"2020-04-29"
1198;"energy";"electricity";2700;2789;"2019-09-26";"2019-10-01";"";"";"";"Berlin";"indelivery";1002;"2020-08-24"
1199;"energy";"electricity";2900;"";"2019-02-16";"2019-07-01";"2020-12-31";"2020-12-03";"fristgerecht durch LichtBlick";"Dortmund";"cancelled";1002;"2020-05-01"
1200;"energy";"electricity";2400;2312;"2019-03-31";"2019-12-01";"";"";"";"Koblenz";"indelivery";1001;"2020-06-17"
1201;"energy";"electricity";2100;1976;"2018-12-04";"2019-02-01";"";"";"";"Hamburg";"indelivery";1002;"2019-01-23"
1202;"energy";"electricity";2200;2323;"2019-04-08";"2019-08-01";"";"";"";"Würzburg";"indelivery";1002;"2019-12-20"
1203;"energy";"electricity";2900;2820;"2018-06-25";"2018-11-01";"2019-06-30";"2019-06-02";"fristgerecht durch Kunde";"Hannover";"terminated";1001;"2019-06-02"
1204;"energy";"electricity";2200;2267;"2018-01-21";"2018-03-01";"";"";"";"Bielefeld";"indelivery";1000;"2018-01-29"
1205;"energy";"electricity";2800;2931;"2018-02-15";"2018-08-01";"";"";"";"Munich";"indelivery";1002;"2020-09-17"
1206;"energy";"gas";10100;10472;"2020-05-16";"2020-06-01";"";"";"";"Potsdam";"indelivery";2000;"2020-09-16"
1207;"energy";"electricity";2500;2483;"2018-11-06";"2019-03-01";"";"";"";"Berlin";"indelivery";1002;"2019-01-31"
1208;"energy";"electricity";2300;"";"2019-12-07";"2020-05-01";"";"";"";"Hannover";"indelivery";1002;"2020-03-22"
1209;"energy";"electricity";2400;2341;"2019-02-25";"2019-08-01";"";"";"";"Wiesbaden";"indelivery";1001;"2020-06-07"
1210;"energy";"electricity";2600;2528;"2018-05-28";"2018-11-01";"";"";"";"Berlin";"indelivery";1002;"2019-09-13"
1211;"energy";"electricity";2900;3007;"2019-01-29";"2019-09-01";"";"";"";"Essen";"indelivery";1002;"2020-01-21"
1212;"energy";"electricity";2000;1913;"2020-02-12";"2020-05-01";"";"";"";"Berlin";"indelivery";1000;"2020-09-24"
1213;"energy";"electricity";2300;2311;"2018-11-09";"2018-12-01";"";"";"";"Marienberg";"indelivery";1000;"2019-10-06"
1214;"energy";"electricity";2700;2837;"2018-07-01";"2018-11-01";"";"";"";"Düsseldorf";"indelivery";1000;"2020-04-22"
1215;"energy";"electricity";2300;"";"2019-05-20";"2019-12-01";"";"";"";"Berlin";"indelivery";1000;"2019-07-14"
1216;"energy";"electricity";2700;2651;"2020-07-20";"2020-09-01";"";"";"";"Cologne";"indelivery";1002;"2020-09-17"
1217;"energy";"electricity";2300;"";"2019-05-10";"2019-06-01";"";"";"";"Ratzeburg";"indelivery";1001;"2020-06-03"
1218;"energy";"electricity";2800;"";"2020-01-22";"2020-06-01";"";"";"";"Munich";"indelivery";1002;"2020-04-09"
1219;"energy";"electricity";2800;2823;"2019-01-17";"2019-02-01";"";"";"";"Bremen";"indelivery";1000;"2019-10-20"
1220;"energy";"electricity";2200;2186;"2018-08-25";"2018-11-01";"2018-11-01";"2020-08-02";"Wiederruf";"Essen";"terminated";1001;"2020-04-08"
1221;"energy";"gas";11100;10832;"2018-03-31";"2018-05-01";"2018-05-01";"2018-07-30";"Wiederruf";"Mannheim";"terminated";2001;"2018-07-30"
1222;"energy";"gas";9200;9918;"2019-01-25";"2019-05-01";"";"";"";"Altchemnitz";"indelivery";2000;"2020-02-16"
1223;"energy";"electricity";2700;2618;"2018-11-21";"2019-07-01";"";"";"";"Flensburg";"indelivery";1000;"2020-05-04"
1224;"energy";"gas";9000;9380;"2019-02-15";"2019-03-01";"";"";"";"Hamburg";"indelivery";2001;"2019-12-15"
1225;"energy";"gas";8400;8297;"2020-01-24";"2020-04-01";"";"";"";"Osnabrück";"indelivery";2001;"2020-06-09"
1226;"energy";"electricity";2200;2309;"2018-06-15";"2018-08-01";"2019-02-28";"2019-01-28";"fristgerecht durch Kunde";"Berlin";"terminated";1002;"2019-01-28"
1227;"energy";"electricity";2700;2865;"2020-08-14";"2021-06-01";"";"";"";"Berlin";"active";1001;"2020-08-23"
1228;"energy";"electricity";2000;2000;"2020-07-29";"2021-01-01";"";"";"";"Würzburg";"active";1000;"2020-09-26"
1229;"energy";"electricity";2400;2377;"2020-02-26";"2020-03-01";"";"";"";"Bonn";"indelivery";1001;"2020-06-05"
1230;"energy";"electricity";2700;2770;"2019-09-18";"2020-03-01";"";"";"";"Hamburg";"indelivery";1002;"2019-11-17"
1231;"energy";"electricity";2700;2750;"2018-01-07";"2018-03-01";"2020-07-31";"2020-06-30";"fristgerecht durch Kunde";"Wiesbaden";"terminated";1000;"2018-03-31"
1232;"energy";"electricity";2300;2475;"2020-08-16";"2021-06-01";"";"";"";"Berlin";"active";1000;"2020-09-06"
1233;"energy";"electricity";2800;"";"2018-08-01";"2019-02-01";"";"";"";"Düsseldorf";"indelivery";1000;"2018-08-28"
1234;"energy";"gas";8300;7966;"2018-02-09";"2018-03-01";"";"";"";"Marienberg";"indelivery";2000;"2019-11-25"
1235;"energy";"electricity";3000;2922;"2018-05-28";"2018-06-01";"";"";"";"Göttingen";"indelivery";1002;"2018-08-10"
1236;"energy";"electricity";2800;2698;"2018-05-02";"2018-07-01";"";"";"";"Essen";"indelivery";1000;"2018-05-16"
1237;"energy";"electricity";2400;"";"2018-06-20";"2018-10-01";"";"";"";"Braunschweig";"indelivery";1000;"2018-12-03"
1238;"energy";"electricity";2900;3103;"2019-12-10";"2020-07-01";"";"";"";"Berlin";"indelivery";1000;"2020-09-17"
1239;"energy";"gas";10900;11146;"2020-06-16";"2020-08-01";"";"";"";"Augsburg";"indelivery";2000;"2020-06-30"
1240;"energy";"electricity";2900;3073;"2020-01-06";"2020-02-01";"";"";"";"Hamburg";"indelivery";1001;"2020-08-24"
1241;"energy";"gas";10700;10855;"2019-04-04";"2019-06-01";"";"";"";"Düsseldorf";"indelivery";2000;"2020-06-24"
1242;"energy";"electricity";2700;2584;"2018-07-01";"2018-07-01";"";"";"";"Ingolstadt";"indelivery";1001;"2019-10-01"
1243;"energy";"electricity";2500;2552;"2018-05-07";"2018-07-01";"";"";"";"Saarbrücken";"indelivery";1000;"2018-05-22"
1244;"energy";"gas";11800;"";"2018-09-12";"2019-03-01";"";"";"";"Bremen";"indelivery";2001;"2019-12-07"
1245;"energy";"gas";11100;11004;"2019-11-03";"2019-12-01";"2020-01-31";"2019-12-31";"fristgerecht durch Kunde";"Berlin";"terminated";2001;"2019-12-31"
1246;"energy";"electricity";2100;2102;"2019-02-11";"2019-03-01";"";"";"";"Essen";"indelivery";1000;"2020-06-09"
1247;"energy";"gas";11900;12165;"2019-04-19";"2019-07-01";"2020-02-29";"2020-01-24";"fristgerecht durch LichtBlick";"Braunschweig";"terminated";2000;"2019-08-19"
1248;"energy";"electricity";2300;2374;"2019-10-02";"2020-02-01";"";"";"";"Berlin";"indelivery";1001;"2020-02-11"
1249;"energy";"electricity";2400;2387;"2020-03-15";"2020-08-01";"";"";"";"Cologne";"indelivery";1001;"2020-06-28"
1250;"energy";"electricity";2500;"";"2019-12-23";"2020-02-01";"";"";"";"Stuttgart";"indelivery";1000;"2020-01-03"
1251;"energy";"electricity";2300;2345;"2018-02-04";"2018-05-01";"";"";"";"Stuttgart";"indelivery";1001;"2020-08-24"
1252;"energy";"electricity";2800;"";"2019-11-25";"2020-01-01";"";"";"";"Hannover";"indelivery";1002;"2020-05-15"
1253;"energy";"electricity";3100;3169;"2020-09-09";"2021-03-01";"";"";"";"Neustadt";"active";1000;"2020-09-16"
1254;"energy";"electricity";2500;2432;"2020-09-04";"2020-10-01";"";"";"";"Cologne";"indelivery";1001;"2020-09-10"
1255;"energy";"electricity";1900;2018;"2018-05-17";"2019-02-01";"";"";"";"Berlin";"indelivery";1001;"2018-06-06"
1256;"energy";"electricity";2000;2169;"2020-09-02";"2020-11-01";"";"";"";"Cottbus";"active";1000;"2020-09-09"
1257;"energy";"gas";11500;11223;"2019-03-06";"2019-04-01";"";"";"";"Hamburg";"indelivery";2000;"2019-06-24"
1258;"energy";"electricity";2900;3024;"2018-12-29";"2019-03-01";"2020-06-30";"2020-05-30";"fristgerecht durch Kunde";"Marienberg";"terminated";1000;"2019-07-28"
1259;"energy";"gas";8100;"";"2019-01-27";"2019-03-01";"";"";"";"Berlin";"indelivery";2000;"2020-03-05"
1260;"energy";"electricity";2600;2645;"2019-07-20";"2020-08-01";"";"";"";"Kronach";"indelivery";1001;"2019-10-07"
1261;"energy";"electricity";2100;2090;"2018-06-01";"2019-01-01";"2019-06-30";"2019-06-01";"Umzug";"Munich";"terminated";1001;"2019-06-01"
1262;"energy";"gas";10400;10243;"2019-06-05";"2019-08-01";"";"";"";"Marienberg";"indelivery";2001;"2019-10-24"
1263;"energy";"electricity";2700;2754;"2018-07-16";"2018-10-01";"2019-11-30";"2019-10-31";"Umzug";"Berlin";"terminated";1001;"2019-06-27"
1264;"energy";"electricity";2600;2598;"2019-12-28";"2020-03-01";"";"";"";"Eberswalde";"indelivery";1002;"2020-03-01"
1265;"energy";"electricity";3000;2887;"2020-03-28";"2020-05-01";"";"";"";"Fürth";"indelivery";1002;"2020-08-10"
1266;"energy";"electricity";2200;2139;"2020-06-17";"2020-09-01";"";"";"";"Kassel";"indelivery";1002;"2020-08-25"
1267;"energy";"electricity";2300;2173;"2018-07-25";"2018-09-01";"2020-03-31";"2020-02-29";"fristgerecht durch Kunde";"Mannheim";"terminated";1001;"2020-02-29"
1268;"energy";"electricity";2400;2294;"2019-12-29";"2020-03-01";"";"";"";"Augsburg";"indelivery";1000;"2020-06-10"
1269;"energy";"electricity";2100;1997;"2018-07-22";"2018-10-01";"";"";"";"Cologne";"indelivery";1001;"2020-05-03"
1270;"energy";"electricity";2000;2005;"2018-07-09";"2018-10-01";"2020-09-30";"2020-09-02";"Umzug";"Hamburg";"terminated";1002;"2018-09-24"
1271;"energy";"electricity";2900;2819;"2018-01-22";"2018-09-01";"2020-10-31";"2020-09-27";"Umzug";"Mannheim";"cancelled";1002;"2020-02-09"
1272;"energy";"electricity";2600;2459;"2019-09-18";"2020-01-01";"";"";"";"Kiel";"indelivery";1001;"2020-09-29"
1273;"energy";"gas";9900;9981;"2018-01-27";"2018-03-01";"";"";"";"Marienberg";"indelivery";2000;"2018-07-10"
1274;"energy";"electricity";2700;2862;"2018-11-04";"2019-02-01";"";"";"";"Berlin";"indelivery";1001;"2019-09-08"
1275;"energy";"electricity";2800;2739;"2018-03-25";"2018-04-01";"";"";"";"Dortmund";"indelivery";1002;"2018-04-10"
1276;"energy";"electricity";2900;3082;"2018-12-17";"2019-05-01";"";"";"";"Bonn";"indelivery";1000;"2019-02-20"
1277;"energy";"electricity";2300;2335;"2020-01-13";"2020-03-01";"";"";"";"Hannover";"indelivery";1001;"2020-08-01"
1278;"energy";"electricity";2600;2699;"2018-07-20";"2019-03-01";"";"";"";"Berlin";"indelivery";1002;"2019-01-14"
1279;"energy";"electricity";2200;2135;"2020-09-10";"2020-12-01";"";"";"";"Berlin";"active";1002;"2020-09-21"
1280;"energy";"electricity";2400;2518;"2019-08-21";"2020-01-01";"";"";"";"Berlin";"indelivery";1001;"2020-07-23"
1281;"energy";"gas";10100;10787;"2020-06-20";"2020-08-01";"2020-09-30";"2020-09-01";"fristgerecht durch Kunde";"Kassel";"terminated";2000;"2020-09-01"
1282;"energy";"electricity";2100;2061;"2019-10-19";"2020-03-01";"2020-03-01";"2020-10-03";"Wiederruf";"Dortmund";"terminated";1000;"2019-12-13"
1283;"energy";"electricity";2100;2266;"2018-03-08";"2018-07-01";"";"";"";"Dortmund";"indelivery";1000;"2020-02-07"
1284;"energy";"electricity";2200;2282;"2018-05-25";"2018-06-01";"2018-09-30";"2018-09-02";"fristgerecht durch Kunde";"Hamburg";"terminated";1002;"2018-09-02"
1285;"energy";"electricity";2200;2226;"2020-03-24";"2020-10-01";"";"";"";"Düsseldorf";"indelivery";1001;"2020-05-29"
1286;"energy";"electricity";2800;2945;"2020-07-11";"2020-08-01";"";"";"";"Kassel";"indelivery";1002;"2020-08-26"
1287;"energy";"electricity";2400;2333;"2018-06-09";"2019-01-01";"";"";"";"Wuppertal";"indelivery";1002;"2018-12-15"
1288;"energy";"electricity";2300;2315;"2019-07-25";"2020-01-01";"";"";"";"Braunschweig";"indelivery";1001;"2020-06-20"
1289;"energy";"gas";10700;11403;"2018-09-02";"2018-12-01";"2019-09-30";"2019-08-30";"fristgerecht durch Kunde";"Düsseldorf";"terminated";2000;"2019-08-25"
1290;"energy";"electricity";2200;2246;"2018-06-23";"2019-04-01";"";"";"";"Neustadt";"indelivery";1000;"2019-07-09"
1291;"energy";"electricity";2600;2750;"2018-08-11";"2018-10-01";"2020-01-31";"2020-01-01";"Umzug";"Duisburg";"terminated";1002;"2020-01-01"
1292;"energy";"electricity";2500;2449;"2019-10-03";"2020-04-01";"";"";"";"Dresden";"indelivery";1000;"2020-07-31"
1293;"energy";"electricity";2900;"";"2020-03-22";"2020-06-01";"";"";"";"Cologne";"indelivery";1002;"2020-04-27"
1294;"energy";"electricity";2300;2441;"2018-11-22";"2019-09-01";"";"";"";"Karlsruhe";"indelivery";1001;"2019-08-28"
1295;"energy";"gas";10000;10286;"2018-04-29";"2018-12-01";"";"";"";"Mannheim";"indelivery";2000;"2019-11-02"
1296;"energy";"electricity";2500;2521;"2020-06-05";"2020-09-01";"";"";"";"Munich";"indelivery";1002;"2020-08-02"
1297;"energy";"electricity";2000;2086;"2019-10-17";"2020-09-01";"";"";"";"Stuttgart";"indelivery";1000;"2020-03-13"
1298;"energy";"electricity";2200;2361;"2020-06-11";"2020-07-01";"";"";"";"Hannover";"indelivery";1001;"2020-06-20"
1299;"energy";"electricity";2200;2309;"2019-01-05";"2019-06-01";"";"";"";"Dortmund";"indelivery";1001;"2019-08-15"
1300;"energy";"electricity";2900;2778;"2020-05-03";"2020-11-01";"";"";"";"Karlsruhe";"active";1002;"2020-07-08"
1301;"energy";"electricity";2300;2206;"2019-09-26";"2020-06-01";"";"";"";"Bremen";"indelivery";1001;"2020-03-08"
1302;"energy";"electricity";2300;2436;"2020-04-02";"2020-06-01";"";"";"";"Essen";"indelivery";1000;"2020-06-19"
1303;"energy";"electricity";2000;2043;"2019-08-16";"2019-12-01";"";"";"";"Hamburg";"indelivery";1001;"2020-05-26"
1304;"energy";"electricity";2300;2218;"2018-04-23";"2018-06-01";"";"";"";"Braunschweig";"indelivery";1001;"2018-06-11"
1305;"energy";"electricity";3000;2985;"2019-10-06";"2020-08-01";"";"";"";"Karlsruhe";"indelivery";1001;"2019-12-02"
1306;"energy";"electricity";2200;"";"2020-07-15";"2021-03-01";"";"";"";"Berlin";"active";1001;"2020-08-08"
1307;"energy";"electricity";2800;2707;"2020-07-08";"2020-09-01";"";"";"";"Rostock";"indelivery";1002;"2020-08-15"
1308;"energy";"electricity";2100;2026;"2018-12-08";"2019-01-01";"";"";"";"Munich";"indelivery";1001;"2019-06-28"
1309;"energy";"electricity";2300;2321;"2019-11-11";"2020-01-01";"";"";"";"Ansbach";"indelivery";1002;"2020-05-24"
1310;"energy";"electricity";2200;2249;"2019-11-23";"2020-02-01";"2020-02-01";"2020-03-03";"Wiederruf";"Frankfurt";"terminated";1000;"2020-03-03"
1311;"energy";"electricity";2500;2631;"2019-09-19";"2019-12-01";"";"";"";"Berlin";"indelivery";1002;"2019-11-21"
1312;"energy";"electricity";2700;2621;"2020-06-14";"2020-08-01";"";"";"";"Hamburg";"indelivery";1000;"2020-06-16"
1313;"energy";"gas";8800;9009;"2018-07-08";"2018-09-01";"2018-11-30";"2018-11-01";"Umzug";"Marienberg";"terminated";2001;"2018-11-01"
1314;"energy";"electricity";2400;2427;"2020-09-03";"2021-03-01";"";"";"";"Bremen";"active";1000;"2020-09-22"
1315;"energy";"electricity";2700;2781;"2018-05-12";"2018-10-01";"";"";"";"Berlin";"indelivery";1000;"2019-06-07"
1316;"energy";"electricity";1900;1841;"2018-12-15";"2019-01-01";"";"";"";"Berlin";"indelivery";1000;"2019-11-04"
1317;"energy";"electricity";2600;2551;"2018-01-02";"2018-05-01";"";"";"";"Wuppertal";"indelivery";1001;"2018-01-13"
1318;"energy";"electricity";2200;2352;"2018-09-05";"2019-02-01";"";"";"";"Rostock";"indelivery";1001;"2020-04-29"
1319;"energy";"electricity";2100;2213;"2018-09-29";"2018-12-01";"";"";"";"Würzburg";"indelivery";1002;"2019-09-28"
1320;"energy";"electricity";2400;2500;"2018-11-10";"2018-12-01";"";"";"";"Berlin";"indelivery";1001;"2019-10-19"
1321;"energy";"electricity";2100;"";"2019-07-30";"2020-01-01";"";"";"";"Osnabrück";"indelivery";1000;"2019-09-21"
1322;"energy";"electricity";2800;2770;"2019-04-14";"2019-05-01";"2020-08-31";"2020-08-02";"Umzug";"Essen";"terminated";1000;"2019-07-23"
1323;"energy";"electricity";2800;2709;"2019-03-02";"2019-05-01";"2020-03-31";"2020-03-02";"fristgerecht durch LichtBlick";"Wiesbaden";"terminated";1002;"2019-12-13"
1324;"energy";"electricity";2000;2012;"2020-03-17";"2020-06-01";"";"";"";"Cologne";"indelivery";1000;"2020-04-26"
1325;"energy";"electricity";2100;2230;"2020-04-24";"2020-10-01";"";"";"";"Hamburg";"indelivery";1002;"2020-08-27"
1326;"energy";"electricity";2100;2051;"2020-09-30";"2020-11-01";"";"";"";"Hamburg";"active";1000;"2020-09-30"
1327;"energy";"electricity";2700;2675;"2020-03-06";"2020-05-01";"";"";"";"Wiesbaden";"indelivery";1002;"2020-06-13"
1328;"energy";"electricity";2400;2604;"2019-06-22";"2019-08-01";"";"";"";"Cologne";"indelivery";1000;"2020-06-25"
1329;"energy";"gas";11100;11316;"2018-10-06";"2019-01-01";"";"";"";"Dresden";"indelivery";2000;"2019-09-23"
1330;"energy";"electricity";2200;"";"2019-06-14";"2019-08-01";"2019-08-01";"2020-08-29";"Wiederruf";"Mannheim";"terminated";1001;"2020-05-12"
1331;"energy";"electricity";2600;2470;"2019-11-24";"2020-01-01";"";"";"";"Kiel";"indelivery";1000;"2020-09-27"
1332;"energy";"electricity";2300;2209;"2018-10-20";"2018-12-01";"2020-10-31";"2020-09-30";"fristgerecht durch LichtBlick";"Dortmund";"cancelled";1002;"2020-09-25"
1333;"energy";"electricity";2600;2590;"2019-06-30";"2019-11-01";"";"";"";"Ingolstadt";"indelivery";1002;"2020-02-16"
1334;"energy";"electricity";2800;2905;"2018-06-05";"2018-09-01";"";"";"";"Rottweil";"indelivery";1002;"2018-09-30"
1335;"energy";"electricity";2300;2392;"2020-05-24";"2020-10-01";"";"";"";"Munich";"indelivery";1001;"2020-09-15"
1336;"energy";"electricity";2700;2870;"2018-02-17";"2018-03-01";"";"";"";"Braunschweig";"indelivery";1002;"2019-04-24"
1337;"energy";"electricity";2800;"";"2019-06-28";"2019-08-01";"";"";"";"Erfurt";"indelivery";1000;"2020-07-12"
1338;"energy";"electricity";2900;2922;"2020-08-27";"2020-10-01";"";"";"";"Duisburg";"indelivery";1000;"2020-09-23"
1339;"energy";"electricity";2200;2119;"2020-09-26";"2020-10-01";"";"";"";"Stralsund";"indelivery";1001;"2020-09-27"
1340;"energy";"electricity";2300;2179;"2019-03-24";"2019-11-01";"";"";"";"Saarbrücken";"indelivery";1001;"2020-08-03"
1341;"energy";"electricity";2600;2775;"2020-09-08";"2021-01-01";"";"";"";"Essen";"active";1000;"2020-09-09"
1342;"energy";"electricity";3000;2943;"2020-07-25";"2021-02-01";"";"";"";"Düsseldorf";"active";1002;"2020-09-25"
1343;"energy";"electricity";2000;"";"2018-05-02";"2018-12-01";"";"";"";"Berlin";"indelivery";1001;"2019-06-15"
1344;"energy";"electricity";2300;2391;"2019-02-22";"2019-05-01";"2020-09-30";"2020-09-02";"fristgerecht durch LichtBlick";"Hannover";"terminated";1001;"2019-06-01"
1345;"energy";"gas";11800;11391;"2018-01-22";"2018-02-01";"2018-02-01";"2020-11-27";"Wiederruf";"Augsburg";"terminated";2001;"2020-01-04"
1346;"energy";"electricity";2800;2881;"2020-08-12";"2020-09-01";"";"";"";"Berlin";"indelivery";1002;"2020-08-23"
1347;"energy";"electricity";2400;2489;"2018-11-13";"2019-06-01";"";"";"";"Bielefeld";"indelivery";1000;"2020-05-31"
1348;"energy";"electricity";3000;"";"2019-11-19";"2020-02-01";"";"";"";"Munich";"indelivery";1002;"2020-03-19"
1349;"energy";"electricity";2800;2873;"2018-01-17";"2018-05-01";"2019-12-31";"2019-12-02";"fristgerecht durch LichtBlick";"Duisburg";"terminated";1001;"2018-01-24"
1350;"energy";"electricity";2700;2621;"2019-02-23";"2020-02-01";"";"";"";"Magdeburg";"indelivery";1000;"2020-07-06"
1351;"energy";"electricity";2700;2708;"2018-02-12";"2018-04-01";"";"";"";"Dortmund";"indelivery";1001;"2019-03-22"
1352;"energy";"gas";8300;8031;"2020-06-04";"2020-07-01";"";"";"";"Hamburg";"indelivery";2001;"2020-07-17"
1353;"energy";"gas";8900;9293;"2020-01-23";"2020-03-01";"";"";"";"Kiel";"indelivery";2000;"2020-07-23"
1354;"energy";"electricity";2600;2692;"2018-10-21";"2018-12-01";"2018-12-01";"2020-10-30";"Wiederruf";"Cottbus";"terminated";1001;"2019-07-17"
1355;"energy";"electricity";2100;2079;"2020-06-17";"2020-10-01";"";"";"";"Augsburg";"indelivery";1002;"2020-06-24"
1356;"energy";"electricity";2600;2454;"2019-09-13";"2020-01-01";"";"";"";"Hamburg";"indelivery";1001;"2020-08-07"
1357;"energy";"electricity";2600;2543;"2018-03-25";"2018-08-01";"2019-04-30";"2019-03-29";"Umzug";"Saarbrücken";"terminated";1002;"2018-09-18"
1358;"energy";"gas";8400;8778;"2019-02-25";"2019-03-01";"2020-05-31";"2020-04-30";"fristgerecht durch Kunde";"Frankfurt";"terminated";2001;"2019-10-30"
1359;"energy";"electricity";2300;2400;"2018-04-18";"2018-10-01";"2019-01-31";"2018-12-25";"fristgerecht durch Kunde";"Hamburg";"terminated";1000;"2018-12-25"
1360;"energy";"electricity";2800;2872;"2020-05-15";"2020-06-01";"";"";"";"Neustadt";"indelivery";1000;"2020-08-28"
1361;"energy";"electricity";2100;2073;"2020-03-14";"2020-05-01";"";"";"";"Hamburg";"indelivery";1001;"2020-08-25"
1362;"energy";"electricity";3100;"";"2018-05-28";"2018-06-01";"";"";"";"Hameln";"indelivery";1000;"2019-03-25"
1363;"energy";"gas";8100;8116;"2019-10-08";"2019-11-01";"";"";"";"Saarbrücken";"indelivery";2001;"2020-06-30"
1364;"energy";"electricity";2000;2146;"2020-03-05";"2020-05-01";"";"";"";"Karlsruhe";"indelivery";1002;"2020-07-09"
1365;"energy";"electricity";2200;2247;"2020-07-04";"2020-11-01";"";"";"";"Hamburg";"active";1001;"2020-09-25"
1366;"energy";"electricity";2900;2797;"2018-11-13";"2019-10-01";"";"";"";"Essen";"indelivery";1001;"2019-03-12"
1367;"energy";"electricity";2700;2949;"2019-04-24";"2019-07-01";"";"";"";"Freiburg";"indelivery";1002;"2020-04-28"
1368;"energy";"electricity";2400;2372;"2018-06-03";"2018-11-01";"";"";"";"Düsseldorf";"indelivery";1001;"2020-04-28"
1369;"energy";"electricity";2300;2226;"2019-02-08";"2019-07-01";"";"";"";"Dresden";"indelivery";1002;"2019-08-26"
1370;"energy";"electricity";2700;2621;"2018-05-02";"2019-10-01";"";"";"";"Münster";"indelivery";1001;"2019-05-27"
1371;"energy";"electricity";2700;2758;"2019-07-04";"2019-08-01";"";"";"";"Gießen";"indelivery";1001;"2019-11-08"
1372;"energy";"gas";10200;10939;"2020-07-29";"2021-02-01";"";"";"";"Berlin";"active";2000;"2020-08-25"
1373;"energy";"electricity";2300;2429;"2020-08-13";"2021-03-01";"";"";"";"Berlin";"active";1001;"2020-08-15"
1374;"energy";"electricity";2700;2705;"2018-12-23";"2019-03-01";"";"";"";"Bremen";"indelivery";1000;"2020-09-02"
1375;"energy";"electricity";2200;2384;"2020-07-19";"2020-09-01";"";"";"";"Berlin";"indelivery";1001;"2020-08-27"
1376;"energy";"electricity";2800;2880;"2019-11-30";"2020-05-01";"";"";"";"Mannheim";"indelivery";1002;"2020-08-09"
1377;"energy";"electricity";2000;1923;"2018-11-03";"2020-04-01";"";"";"";"Duisburg";"indelivery";1001;"2019-08-23"
1378;"energy";"electricity";2600;2635;"2018-11-15";"2019-03-01";"";"";"";"Regensburg";"indelivery";1000;"2020-01-17"
1379;"energy";"electricity";2000;2165;"2018-02-08";"2018-04-01";"";"";"";"Augsburg";"indelivery";1001;"2019-03-28"
1380;"energy";"electricity";2500;2428;"2020-04-12";"2020-06-01";"";"";"";"Frankfurt";"indelivery";1001;"2020-04-30"
1381;"energy";"electricity";2700;2672;"2020-05-31";"2020-07-01";"";"";"";"Berlin";"indelivery";1002;"2020-06-19"
1382;"energy";"electricity";2300;2358;"2020-08-24";"2020-09-01";"";"";"";"Frankfurt";"indelivery";1001;"2020-09-26"
1383;"energy";"electricity";2700;2661;"2020-05-11";"2020-08-01";"";"";"";"Bielefeld";"indelivery";1002;"2020-08-08"
1384;"energy";"gas";8600;8831;"2018-08-04";"2018-10-01";"";"";"";"Cologne";"indelivery";2001;"2020-01-18"
1385;"energy";"electricity";2100;2180;"2019-03-31";"2019-10-01";"";"";"";"Saarbrücken";"indelivery";1002;"2020-06-01"
1386;"energy";"electricity";2300;2372;"2019-07-11";"2019-12-01";"";"";"";"Düsseldorf";"indelivery";1001;"2019-09-09"
1387;"energy";"electricity";2600;2523;"2020-03-15";"2020-09-01";"";"";"";"Gera";"indelivery";1001;"2020-06-26"
1388;"energy";"electricity";2300;2212;"2020-03-08";"2020-04-01";"";"";"";"Düsseldorf";"indelivery";1002;"2020-09-02"
1389;"energy";"electricity";2200;2249;"2018-03-23";"2018-05-01";"2020-03-31";"2020-03-01";"fristgerecht durch Kunde";"Rostock";"terminated";1002;"2018-09-08"
1390;"energy";"electricity";2600;"";"2018-11-10";"2019-06-01";"";"";"";"Hofeck";"indelivery";1001;"2019-02-23"
1391;"energy";"gas";8100;"";"2019-11-03";"2020-01-01";"";"";"";"Hannover";"indelivery";2001;"2020-01-21"
1392;"energy";"electricity";2300;2356;"2019-06-05";"2020-01-01";"2020-03-31";"2020-02-25";"fristgerecht durch Kunde";"Schwabach";"terminated";1000;"2020-02-25"
1393;"energy";"electricity";2100;2124;"2019-08-18";"2019-10-01";"";"";"";"Magdeburg";"indelivery";1000;"2020-05-26"
1394;"energy";"electricity";2600;2631;"2019-08-04";"2019-09-01";"";"";"";"Frankfurt";"indelivery";1000;"2020-06-30"
1395;"energy";"electricity";2600;2552;"2020-01-10";"2020-08-01";"";"";"";"Berlin";"indelivery";1000;"2020-08-05"
1396;"energy";"gas";10700;11431;"2019-12-25";"2020-01-01";"";"";"";"Hamburg";"indelivery";2001;"2020-07-27"
1397;"energy";"electricity";2000;1996;"2019-07-16";"2019-12-01";"";"";"";"Dresden";"indelivery";1001;"2020-02-09"
1398;"energy";"electricity";2700;2739;"2019-11-21";"2020-03-01";"";"";"";"Berlin";"indelivery";1002;"2020-03-18"
1399;"energy";"electricity";2600;2567;"2018-04-03";"2018-06-01";"";"";"";"Berlin";"indelivery";1000;"2019-08-13"
1400;"energy";"electricity";2700;2640;"2018-06-22";"2018-09-01";"";"";"";"Cologne";"indelivery";1002;"2019-12-27"
1401;"energy";"electricity";2600;2514;"2018-12-14";"2019-08-01";"2020-03-31";"2020-02-26";"fristgerecht durch LichtBlick";"Magdeburg";"terminated";1002;"2020-02-26"
1402;"energy";"electricity";2300;2299;"2018-08-20";"2019-04-01";"";"";"";"Saarbrücken";"indelivery";1002;"2019-08-29"
1403;"energy";"electricity";3000;3177;"2019-02-08";"2019-07-01";"";"";"";"Gießen";"indelivery";1001;"2019-11-13"
1404;"energy";"electricity";2300;2411;"2019-03-07";"2019-06-01";"";"";"";"Düsseldorf";"indelivery";1001;"2019-04-14"
1405;"energy";"electricity";2800;2734;"2019-03-30";"2019-05-01";"";"";"";"Altchemnitz";"indelivery";1002;"2019-04-19"
1406;"energy";"electricity";2700;2622;"2019-06-22";"2019-08-01";"2019-09-30";"2019-08-29";"fristgerecht durch Kunde";"Hamburg";"terminated";1000;"2019-08-29"
1407;"energy";"gas";12000;12771;"2020-04-02";"2020-07-01";"2020-08-31";"2020-07-30";"Umzug";"Düsseldorf";"terminated";2000;"2020-07-22"
1408;"energy";"electricity";2400;2428;"2020-04-27";"2020-05-01";"";"";"";"Frankfurt";"indelivery";1001;"2020-09-16"
1409;"energy";"electricity";2400;2552;"2018-06-05";"2018-10-01";"";"";"";"Düsseldorf";"indelivery";1000;"2020-04-18"
1410;"energy";"electricity";2800;2796;"2019-08-04";"2019-09-01";"";"";"";"Berlin";"indelivery";1001;"2020-09-25"
1411;"energy";"gas";9400;9487;"2019-11-01";"2019-12-01";"";"";"";"Freiburg";"indelivery";2000;"2020-06-03"
1412;"energy";"electricity";2800;2791;"2019-03-22";"2020-01-01";"";"";"";"Heidelberg";"indelivery";1002;"2020-07-11"
1413;"energy";"electricity";2500;2623;"2018-04-18";"2018-05-01";"";"";"";"Emden";"indelivery";1002;"2019-06-12"
1414;"energy";"electricity";2400;2562;"2019-08-10";"2020-11-01";"";"";"";"Soest";"active";1001;"2020-07-09"
1415;"energy";"electricity";2100;2150;"2019-02-10";"2019-08-01";"";"";"";"Leipzig";"indelivery";1001;"2019-02-20"
1416;"energy";"electricity";2200;2237;"2020-03-16";"2020-06-01";"";"";"";"Bielefeld";"indelivery";1000;"2020-05-19"
1417;"energy";"electricity";2600;2679;"2018-01-13";"2018-03-01";"";"";"";"Berlin";"indelivery";1002;"2018-09-24"
1418;"energy";"electricity";2800;2638;"2019-05-08";"2019-06-01";"";"";"";"Karlsruhe";"indelivery";1001;"2019-12-25"
1419;"energy";"electricity";2300;2399;"2019-10-09";"2020-02-01";"";"";"";"Bremen";"indelivery";1000;"2020-01-26"
1420;"energy";"electricity";2000;1974;"2019-03-30";"2019-06-01";"";"";"";"Berlin";"indelivery";1002;"2019-07-25"
1421;"energy";"electricity";2900;2977;"2019-06-17";"2019-08-01";"";"";"";"Mannheim";"indelivery";1000;"2020-09-12"
1422;"energy";"electricity";2400;2591;"2018-10-07";"2019-02-01";"";"";"";"Kassel";"indelivery";1002;"2019-08-02"
1423;"energy";"electricity";2500;2694;"2018-10-25";"2019-05-01";"";"";"";"Kiel";"indelivery";1001;"2020-06-07"
1424;"energy";"gas";8500;8962;"2018-04-17";"2018-08-01";"";"";"";"Cologne";"indelivery";2000;"2020-03-15"
1425;"energy";"electricity";2900;2962;"2020-04-21";"2020-05-01";"";"";"";"Augsburg";"indelivery";1001;"2020-04-26"
1426;"energy";"electricity";2400;2520;"2018-12-24";"2020-06-01";"2020-06-01";"2020-07-02";"Wiederruf";"Oldenburg";"terminated";1002;"2019-11-01"
1427;"energy";"electricity";2700;"";"2020-05-22";"2020-09-01";"";"";"";"Bielefeld";"indelivery";1000;"2020-06-21"
1428;"energy";"electricity";2600;2515;"2019-02-18";"2019-07-01";"";"";"";"Berlin";"indelivery";1000;"2020-05-24"
1429;"energy";"electricity";2900;2801;"2018-02-23";"2018-04-01";"2018-04-01";"2018-07-31";"Wiederruf";"Essen";"terminated";1001;"2018-07-31"
1430;"energy";"electricity";3000;2975;"2020-09-28";"2021-02-01";"";"";"";"Essen";"active";1001;"2020-09-30"
1431;"energy";"gas";9500;10099;"2020-08-22";"2020-11-01";"";"";"";"Saarbrücken";"active";2001;"2020-08-26"
1432;"energy";"electricity";3000;3255;"2020-03-08";"2020-10-01";"";"";"";"Rotenburg";"indelivery";1002;"2020-05-01"
1433;"energy";"electricity";2700;2599;"2020-04-09";"2020-09-01";"";"";"";"Mannheim";"indelivery";1001;"2020-08-26"
1434;"energy";"gas";9500;9348;"2018-01-25";"2018-02-01";"2020-02-29";"2020-01-28";"fristgerecht durch Kunde";"Münster";"terminated";2001;"2019-04-05"
1435;"energy";"electricity";2400;"";"2019-05-08";"2019-06-01";"";"";"";"Berlin";"indelivery";1002;"2019-11-12"
1436;"energy";"gas";8700;9162;"2018-07-28";"2018-11-01";"";"";"";"Hannover";"indelivery";2000;"2018-09-26"
1437;"energy";"electricity";2300;2259;"2020-03-20";"2020-04-01";"";"";"";"Berlin";"indelivery";1002;"2020-09-15"
1438;"energy";"electricity";2300;2343;"2019-04-22";"2019-09-01";"";"";"";"Karlstadt";"indelivery";1000;"2019-09-08"
1439;"energy";"electricity";2700;2921;"2019-12-27";"2020-02-01";"";"";"";"Frankfurt";"indelivery";1002;"2020-08-13"
1440;"energy";"gas";8300;8681;"2020-08-27";"2020-10-01";"";"";"";"Hannover";"indelivery";2000;"2020-09-22"
1441;"energy";"electricity";2300;2273;"2018-11-20";"2018-12-01";"";"";"";"Frankfurt";"indelivery";1001;"2019-01-16"
1442;"energy";"electricity";2300;2176;"2018-08-23";"2018-11-01";"";"";"";"Augsburg";"indelivery";1000;"2019-01-31"
1443;"energy";"electricity";2000;2081;"2018-01-13";"2018-03-01";"2019-06-30";"2019-06-01";"Umzug";"Hannover";"terminated";1002;"2018-09-11"
1444;"energy";"gas";9500;9689;"2019-05-27";"2019-08-01";"";"";"";"Marienberg";"indelivery";2000;"2019-07-14"
1445;"energy";"electricity";2800;2693;"2019-12-03";"2020-02-01";"2020-03-31";"2020-03-03";"Umzug";"Frankfurt";"terminated";1000;"2020-03-03"
1446;"energy";"electricity";2500;2547;"2020-05-05";"2020-09-01";"";"";"";"Hamburg";"indelivery";1000;"2020-07-21"
1447;"energy";"electricity";2100;2093;"2019-10-28";"2020-02-01";"";"";"";"Hamburg";"indelivery";1000;"2019-11-14"
1448;"energy";"electricity";2500;2597;"2019-05-02";"2019-07-01";"";"";"";"Cottbus";"indelivery";1002;"2019-12-06"
1449;"energy";"electricity";2400;"";"2020-08-17";"2020-10-01";"";"";"";"Mannheim";"indelivery";1000;"2020-09-04"
1450;"energy";"electricity";2400;2394;"2018-10-22";"2019-01-01";"2020-02-29";"2020-02-01";"fristgerecht durch LichtBlick";"Berlin";"terminated";1001;"2020-02-01"
1451;"energy";"electricity";1900;2062;"2020-06-08";"2020-08-01";"";"";"";"Berlin";"indelivery";1001;"2020-08-10"
1452;"energy";"electricity";2900;2780;"2020-04-04";"2020-05-01";"2020-11-30";"2020-10-30";"fristgerecht durch LichtBlick";"Göttingen";"cancelled";1000;"2020-07-29"
1453;"energy";"electricity";2500;"";"2019-11-07";"2020-01-01";"";"";"";"Mannheim";"indelivery";1000;"2020-02-09"
1454;"energy";"electricity";2400;2518;"2020-07-16";"2020-09-01";"";"";"";"Detmold";"indelivery";1002;"2020-09-14"
1455;"energy";"gas";9300;9060;"2018-05-10";"2018-08-01";"";"";"";"Hamburg";"indelivery";2000;"2019-01-02"
1456;"energy";"electricity";2100;2225;"2020-01-09";"2021-05-01";"";"";"";"Munich";"active";1002;"2020-06-10"
1457;"energy";"electricity";2300;2432;"2019-12-20";"2020-02-01";"";"";"";"Hamburg";"indelivery";1000;"2020-05-17"
1458;"energy";"electricity";2500;2504;"2020-09-05";"2021-01-01";"";"";"";"Munich";"active";1000;"2020-09-26"
1459;"energy";"electricity";2900;2752;"2020-07-07";"2020-08-01";"";"";"";"Stuttgart";"indelivery";1001;"2020-08-26"
1460;"energy";"electricity";2300;2285;"2020-09-04";"2021-05-01";"";"";"";"Berlin";"active";1001;"2020-09-08"
1461;"energy";"electricity";2400;2454;"2019-04-11";"2019-05-01";"";"";"";"Minden";"indelivery";1000;"2020-05-29"
1462;"energy";"gas";11200;11461;"2018-09-26";"2018-10-01";"";"";"";"Cologne";"indelivery";2000;"2019-07-30"
1463;"energy";"electricity";2800;2675;"2018-09-09";"2019-02-01";"2019-12-31";"2019-11-30";"Umzug";"Wuppertal";"terminated";1001;"2018-11-27"
1464;"energy";"electricity";2100;2014;"2018-05-24";"2018-06-01";"";"";"";"Frankfurt";"indelivery";1001;"2020-02-21"
1465;"energy";"gas";8400;8142;"2018-01-22";"2018-07-01";"";"";"";"Hannover";"indelivery";2000;"2020-06-18"
1466;"energy";"electricity";2800;2972;"2019-08-10";"2019-09-01";"";"";"";"Jena";"indelivery";1001;"2020-08-04"
1467;"energy";"electricity";2100;2083;"2018-06-12";"2018-09-01";"2019-06-30";"2019-06-01";"fristgerecht durch LichtBlick";"Munich";"terminated";1002;"2019-06-01"
1468;"energy";"electricity";2500;2468;"2019-04-14";"2019-05-01";"";"";"";"Essen";"indelivery";1001;"2019-05-24"
1469;"energy";"electricity";2800;2840;"2018-02-17";"2018-09-01";"";"";"";"Kiel";"indelivery";1002;"2019-04-14"
1470;"energy";"electricity";2500;2361;"2019-02-19";"2019-10-01";"";"";"";"Berlin";"indelivery";1001;"2020-08-19"
1471;"energy";"electricity";2200;"";"2019-07-16";"2019-09-01";"2019-12-31";"2019-11-28";"Umzug";"Berlin";"terminated";1002;"2019-11-28"
1472;"energy";"electricity";2700;2833;"2019-06-26";"2019-08-01";"";"";"";"Berlin";"indelivery";1001;"2020-04-25"
1473;"energy";"electricity";2500;2453;"2019-03-24";"2019-07-01";"2019-09-30";"2019-09-01";"fristgerecht durch Kunde";"Hamburg";"terminated";1001;"2019-09-01"
1474;"energy";"electricity";2200;"";"2020-06-04";"2021-01-01";"";"";"";"Bielefeld";"active";1001;"2020-07-07"
1475;"energy";"electricity";2400;2296;"2020-09-16";"2020-11-01";"";"";"";"Stralsund";"active";1001;"2020-09-21"
1476;"energy";"electricity";2400;2424;"2018-05-19";"2018-07-01";"2018-07-01";"2019-02-28";"Wiederruf";"Bad Hersfeld";"terminated";1002;"2018-08-04"
1477;"energy";"electricity";2400;2268;"2020-04-29";"2020-06-01";"";"";"";"Bielefeld";"indelivery";1000;"2020-05-25"
1478;"energy";"electricity";3000;3031;"2019-05-14";"2020-01-01";"2020-01-01";"2020-02-29";"Wiederruf";"Dresden";"terminated";1002;"2020-02-29"
1479;"energy";"gas";8100;8075;"2018-11-13";"2019-06-01";"2019-06-01";"2019-08-01";"Wiederruf";"Cologne";"terminated";2000;"2018-12-14"
1480;"energy";"electricity";2500;2534;"2018-11-16";"2019-05-01";"";"";"";"Freiburg";"indelivery";1000;"2019-04-21"
1481;"energy";"electricity";2200;2261;"2018-01-21";"2018-05-01";"2019-05-31";"2019-04-23";"Umzug";"Munich";"terminated";1001;"2019-04-23"
1482;"energy";"electricity";2500;2640;"2019-12-27";"2020-07-01";"";"";"";"Ulm";"indelivery";1000;"2020-08-24"
1483;"energy";"electricity";2700;"";"2019-07-30";"2019-08-01";"";"";"";"Cologne";"indelivery";1001;"2019-10-23"
1484;"energy";"electricity";2800;2948;"2020-06-20";"2020-07-01";"";"";"";"Berlin";"indelivery";1000;"2020-07-08"
1485;"energy";"electricity";2600;2739;"2019-02-05";"2019-07-01";"";"";"";"Osterode";"indelivery";1001;"2019-05-06"
1486;"energy";"electricity";2500;2636;"2018-01-04";"2018-04-01";"";"";"";"Berlin";"indelivery";1002;"2018-01-25"
1487;"energy";"electricity";2200;2169;"2018-02-19";"2018-05-01";"2018-12-31";"2018-12-02";"fristgerecht durch Kunde";"Berlin";"terminated";1002;"2018-12-02"
1488;"energy";"electricity";2300;2169;"2020-06-22";"2020-11-01";"";"";"";"Gera";"active";1000;"2020-07-14"
1489;"energy";"electricity";2400;2430;"2020-08-10";"2020-11-01";"";"";"";"Munich";"active";1001;"2020-09-26"
1490;"energy";"electricity";2400;2399;"2019-01-04";"2019-10-01";"";"";"";"Berlin";"indelivery";1001;"2019-06-19"
1491;"energy";"electricity";2400;2583;"2018-08-18";"2018-12-01";"";"";"";"Frankfurt";"indelivery";1001;"2019-07-16"
1492;"energy";"electricity";2700;2819;"2020-02-23";"2020-08-01";"";"";"";"Munich";"indelivery";1000;"2020-08-22"
1493;"energy";"electricity";2300;2323;"2018-05-15";"2018-10-01";"";"";"";"Greifswald";"indelivery";1001;"2020-06-08"
1494;"energy";"gas";10600;10316;"2020-08-30";"2020-12-01";"";"";"";"Hamburg";"active";2001;"2020-09-21"
1495;"energy";"electricity";2200;2097;"2020-06-08";"2020-12-01";"";"";"";"Berlin";"active";1002;"2020-08-24"
1496;"energy";"electricity";2200;2105;"2018-10-26";"2018-12-01";"";"";"";"Karlsruhe";"indelivery";1002;"2020-02-07"
1497;"energy";"electricity";3000;3050;"2019-03-10";"2019-05-01";"";"";"";"Rostock";"indelivery";1002;"2020-09-03"
1498;"energy";"electricity";2800;3050;"2020-08-17";"2020-09-01";"";"";"";"Berlin";"indelivery";1001;"2020-09-23"
1499;"energy";"electricity";2300;2262;"2019-12-16";"2020-01-01";"";"";"";"Cologne";"indelivery";1002;"2020-06-08"
1500;"energy";"electricity";2100;2204;"2019-09-06";"2019-10-01";"";"";"";"Hamburg";"indelivery";1000;"2020-09-23"
1501;"energy";"electricity";2100;2172;"2018-12-05";"2019-02-01";"";"";"";"Berlin";"indelivery";1001;"2019-11-07"
1502;"energy";"gas";10800;"";"2019-09-15";"2019-12-01";"2019-12-01";"2020-08-03";"Wiederruf";"Berlin";"terminated";2001;"2020-06-07"
1503;"energy";"electricity";2200;2291;"2018-01-23";"2018-04-01";"2018-04-01";"2019-01-24";"Wiederruf";"Sigmaringen";"terminated";1001;"2019-01-24"
1504;"energy";"electricity";2300;2511;"2018-05-11";"2018-07-01";"";"";"";"Koblenz";"indelivery";1002;"2018-10-29"
1505;"energy";"electricity";2700;2542;"2019-07-09";"2019-12-01";"2019-12-01";"2020-03-29";"Wiederruf";"Berlin";"terminated";1000;"2020-03-29"
1506;"energy";"electricity";2100;2156;"2018-08-25";"2018-11-01";"";"";"";"Regensburg";"indelivery";1000;"2020-01-14"
1507;"energy";"gas";8900;9561;"2020-06-27";"2020-09-01";"";"";"";"Bielefeld";"indelivery";2001;"2020-07-07"
1508;"energy";"electricity";2800;2820;"2019-12-27";"2020-02-01";"";"";"";"Jena";"indelivery";1001;"2020-07-18"
1509;"energy";"electricity";2700;2652;"2020-05-28";"2020-08-01";"";"";"";"Berlin";"indelivery";1000;"2020-08-03"
1510;"energy";"electricity";2700;2901;"2018-06-05";"2018-09-01";"";"";"";"Marienberg";"indelivery";1002;"2020-01-21"
1511;"energy";"electricity";2200;2119;"2019-11-08";"2020-02-01";"2020-02-01";"2020-10-02";"Wiederruf";"Hamburg";"terminated";1002;"2020-08-04"
1512;"energy";"electricity";2700;2621;"2018-10-12";"2018-11-01";"";"";"";"Hamburg";"indelivery";1002;"2019-02-25"
1513;"energy";"electricity";2300;2375;"2020-09-04";"2020-10-01";"";"";"";"Schwandorf";"indelivery";1001;"2020-09-17"
1514;"energy";"electricity";2300;2350;"2020-09-11";"2020-11-01";"";"";"";"Oldenburg";"active";1000;"2020-09-21"
1515;"energy";"electricity";2300;2254;"2018-10-01";"2019-01-01";"";"";"";"Potsdam";"indelivery";1001;"2020-02-20"
1516;"energy";"electricity";2500;2429;"2019-03-31";"2019-07-01";"";"";"";"Berlin";"indelivery";1000;"2019-11-18"
1517;"energy";"gas";10200;10848;"2020-08-04";"2021-01-01";"";"";"";"Berlin";"active";2001;"2020-08-31"
1518;"energy";"electricity";2500;"";"2019-01-03";"2019-06-01";"";"";"";"Dortmund";"indelivery";1002;"2019-09-25"
1519;"energy";"electricity";2000;"";"2019-06-14";"2019-08-01";"";"";"";"Stuttgart";"indelivery";1001;"2019-08-01"
1520;"energy";"electricity";2600;2669;"2020-04-14";"2020-05-01";"";"";"";"Berlin";"indelivery";1002;"2020-07-04"
1521;"energy";"electricity";2600;2688;"2019-06-22";"2020-05-01";"";"";"";"Leipzig";"indelivery";1000;"2020-04-27"
1522;"energy";"electricity";2800;2843;"2018-07-24";"2019-07-01";"";"";"";"Freiburg";"indelivery";1001;"2019-07-10"
1523;"energy";"electricity";2200;2157;"2018-09-03";"2019-01-01";"";"";"";"Hamburg";"indelivery";1000;"2018-09-27"
1524;"energy";"electricity";2900;"";"2020-02-07";"2020-05-01";"";"";"";"Leipzig";"indelivery";1000;"2020-08-07"
1525;"energy";"electricity";2900;2825;"2019-12-26";"2020-07-01";"";"";"";"Augsburg";"indelivery";1002;"2020-09-19"
1526;"energy";"electricity";2300;2407;"2019-03-05";"2019-05-01";"";"";"";"Berlin";"indelivery";1002;"2020-09-22"
1527;"energy";"electricity";2500;2364;"2018-05-23";"2018-07-01";"";"";"";"Berlin";"indelivery";1000;"2020-01-19"
1528;"energy";"electricity";2100;2091;"2018-04-04";"2018-09-01";"";"";"";"Marienberg";"indelivery";1000;"2019-10-09"
1529;"energy";"electricity";2800;2717;"2020-02-02";"2020-05-01";"2020-08-31";"2020-07-31";"Umzug";"Marienberg";"terminated";1001;"2020-07-13"
1530;"energy";"electricity";2100;2020;"2020-03-25";"2020-05-01";"";"";"";"Berlin";"indelivery";1001;"2020-08-27"
1531;"energy";"electricity";2300;2361;"2018-05-27";"2018-09-01";"2018-09-01";"2018-12-01";"Wiederruf";"Bonn";"terminated";1002;"2018-12-01"
1532;"energy";"gas";11100;11942;"2018-05-13";"2018-07-01";"";"";"";"Munich";"indelivery";2000;"2019-02-06"
1533;"energy";"electricity";2800;2685;"2020-07-18";"2021-02-01";"";"";"";"Cologne";"active";1001;"2020-09-17"
1534;"energy";"electricity";2700;2659;"2018-11-02";"2018-12-01";"";"";"";"Munich";"indelivery";1000;"2019-12-26"
1535;"energy";"electricity";2300;"";"2018-01-04";"2018-07-01";"2019-10-31";"2019-09-30";"fristgerecht durch Kunde";"Berlin";"terminated";1001;"2018-10-12"
1536;"energy";"electricity";2500;2550;"2018-02-18";"2018-03-01";"2018-03-01";"2018-09-26";"Wiederruf";"Hamburg";"terminated";1001;"2018-07-10"
1537;"energy";"gas";9900;10304;"2018-06-19";"2018-07-01";"2018-07-01";"2019-05-03";"Wiederruf";"Mannheim";"terminated";2001;"2019-02-21"
1538;"energy";"electricity";2900;2872;"2019-07-10";"2019-10-01";"2020-07-31";"2020-07-01";"Umzug";"Hamburg";"terminated";1002;"2020-06-10"
1539;"energy";"electricity";2300;2422;"2020-09-22";"2021-02-01";"";"";"";"Marienberg";"active";1002;"2020-09-24"
1540;"energy";"electricity";2100;"";"2018-01-31";"2018-07-01";"2020-10-31";"2020-09-24";"Umzug";"Cottbus";"cancelled";1002;"2018-03-22"
1541;"energy";"gas";10600;10515;"2020-04-03";"2020-08-01";"";"";"";"Munich";"indelivery";2001;"2020-08-30"
1542;"energy";"electricity";2200;2327;"2020-05-05";"2020-09-01";"";"";"";"Rostock";"indelivery";1001;"2020-06-16"
1543;"energy";"electricity";2300;2337;"2020-02-29";"2020-04-01";"";"";"";"Dortmund";"indelivery";1001;"2020-09-06"
1544;"energy";"gas";10900;11116;"2018-09-11";"2019-04-01";"";"";"";"Dortmund";"indelivery";2000;"2018-09-27"
1545;"energy";"electricity";2300;2267;"2018-08-14";"2018-11-01";"";"";"";"Wiesbaden";"indelivery";1000;"2019-04-06"
1546;"energy";"electricity";2400;2514;"2019-01-08";"2020-02-01";"";"";"";"Karlsruhe";"indelivery";1002;"2020-02-02"
1547;"energy";"electricity";2800;2759;"2020-08-14";"2020-09-01";"";"";"";"Gießen";"indelivery";1002;"2020-09-03"
1548;"energy";"electricity";3000;2967;"2020-04-16";"2020-05-01";"";"";"";"Rostock";"indelivery";1002;"2020-07-18"
1549;"energy";"gas";8300;8431;"2019-07-18";"2019-08-01";"2020-02-29";"2020-01-30";"fristgerecht durch Kunde";"Leipzig";"terminated";2001;"2020-01-30"
1550;"energy";"electricity";2500;2683;"2018-03-17";"2018-05-01";"";"";"";"Cologne";"indelivery";1000;"2018-10-27"
1551;"energy";"gas";12000;12715;"2019-05-28";"2019-07-01";"";"";"";"Osnabrück";"indelivery";2001;"2019-08-28"
1552;"energy";"electricity";2600;2742;"2019-12-25";"2020-04-01";"";"";"";"Munich";"indelivery";1000;"2020-05-26"
1553;"energy";"electricity";2100;2002;"2018-08-31";"2018-10-01";"";"";"";"Regensburg";"indelivery";1002;"2020-05-01"
1554;"energy";"electricity";2400;2534;"2018-10-12";"2018-11-01";"2019-02-28";"2019-01-31";"Umzug";"Berlin";"terminated";1000;"2019-01-31"
1555;"energy";"electricity";2500;2424;"2018-05-26";"2019-04-01";"";"";"";"Berlin";"indelivery";1002;"2020-05-25"
1556;"energy";"electricity";2700;2634;"2019-10-17";"2019-11-01";"";"";"";"Germersheim";"indelivery";1002;"2020-02-01"
1557;"energy";"electricity";2600;2491;"2019-08-10";"2019-09-01";"";"";"";"Düsseldorf";"indelivery";1002;"2019-11-28"
1558;"energy";"electricity";2700;2609;"2020-02-07";"2020-03-01";"2020-05-31";"2020-04-25";"Umzug";"Berlin";"terminated";1000;"2020-04-25"
1559;"energy";"electricity";3000;2909;"2019-12-24";"2020-03-01";"";"";"";"Korbach";"indelivery";1001;"2020-02-15"
1560;"energy";"electricity";2100;2242;"2018-03-13";"2018-07-01";"";"";"";"Rostock";"indelivery";1000;"2020-08-22"
1561;"energy";"electricity";2400;2412;"2020-01-27";"2020-09-01";"";"";"";"Wuppertal";"indelivery";1002;"2020-02-12"
1562;"energy";"electricity";2500;2460;"2018-09-23";"2019-01-01";"2019-07-31";"2019-07-03";"fristgerecht durch LichtBlick";"Hamburg";"terminated";1002;"2018-09-29"
1563;"energy";"gas";10600;10784;"2019-09-13";"2019-11-01";"";"";"";"Munich";"indelivery";2000;"2019-11-28"
1564;"energy";"electricity";2200;2314;"2020-09-29";"2021-02-01";"";"";"";"Stuttgart";"active";1000;"2020-09-30"
1565;"energy";"electricity";2800;2819;"2020-04-25";"2020-08-01";"";"";"";"Hamburg";"indelivery";1002;"2020-05-12"
1566;"energy";"electricity";2900;2963;"2018-10-05";"2018-12-01";"";"";"";"Essen";"indelivery";1000;"2020-01-02"
1567;"energy";"electricity";1900;1981;"2019-07-16";"2020-02-01";"";"";"";"Berlin";"indelivery";1001;"2019-09-11"
1568;"energy";"gas";11500;12202;"2019-01-10";"2019-03-01";"";"";"";"Cottbus";"indelivery";2001;"2019-07-08"
1569;"energy";"electricity";2600;2750;"2018-02-09";"2018-06-01";"";"";"";"Tauberbischofsheim";"indelivery";1002;"2018-05-18"
1570;"energy";"electricity";2300;2358;"2019-03-09";"2019-05-01";"";"";"";"Frankfurt";"indelivery";1000;"2019-04-23"
1571;"energy";"electricity";2600;"";"2018-01-26";"2018-02-01";"";"";"";"Rostock";"indelivery";1001;"2018-04-25"
1572;"energy";"gas";11100;11596;"2019-09-12";"2020-01-01";"";"";"";"Mainz";"indelivery";2000;"2020-09-22"
1573;"energy";"electricity";2700;2624;"2020-02-20";"2020-04-01";"";"";"";"Hannover";"indelivery";1002;"2020-08-15"
1574;"energy";"electricity";2800;2715;"2019-07-24";"2019-08-01";"";"";"";"Duisburg";"indelivery";1001;"2019-09-18"
1575;"energy";"electricity";2300;2435;"2020-02-01";"2020-08-01";"";"";"";"Osnabrück";"indelivery";1000;"2020-07-20"
1576;"energy";"electricity";2300;2404;"2019-05-30";"2019-07-01";"";"";"";"Munich";"indelivery";1001;"2020-07-16"
1577;"energy";"electricity";3100;2964;"2020-07-01";"2020-09-01";"";"";"";"Oberhausen";"indelivery";1000;"2020-08-17"
1578;"energy";"gas";8700;8287;"2018-10-24";"2019-08-01";"";"";"";"Bonn";"indelivery";2000;"2020-01-01"
1579;"energy";"electricity";2600;2712;"2018-11-14";"2019-07-01";"";"";"";"Osnabrück";"indelivery";1002;"2019-04-17"
1580;"energy";"electricity";2300;2399;"2020-04-04";"2020-07-01";"2020-12-31";"2020-12-03";"fristgerecht durch Kunde";"Ingolstadt";"cancelled";1002;"2020-06-11"
1581;"energy";"gas";9500;9608;"2019-08-26";"2020-09-01";"";"";"";"Berlin";"indelivery";2001;"2020-08-11"
1582;"energy";"electricity";2100;2032;"2019-01-05";"2019-04-01";"";"";"";"Magdeburg";"indelivery";1002;"2019-04-22"
1583;"energy";"electricity";2800;2879;"2018-05-04";"2018-06-01";"";"";"";"Cologne";"indelivery";1002;"2018-11-10"
1584;"energy";"electricity";2500;2681;"2019-06-03";"2019-07-01";"";"";"";"Dresden";"indelivery";1000;"2020-07-05"
1585;"energy";"electricity";2400;2478;"2018-06-22";"2018-10-01";"";"";"";"Lübeck";"indelivery";1001;"2020-03-11"
1586;"energy";"electricity";2600;2638;"2018-09-02";"2018-10-01";"";"";"";"Frankfurt";"indelivery";1000;"2019-03-12"
1587;"energy";"electricity";2700;2678;"2018-10-26";"2018-12-01";"";"";"";"Gera";"indelivery";1001;"2020-01-10"
1588;"energy";"electricity";2900;2821;"2019-03-17";"2019-04-01";"";"";"";"Leipzig";"indelivery";1002;"2019-10-04"
1589;"energy";"electricity";2200;2114;"2018-06-11";"2018-08-01";"2019-09-30";"2019-08-22";"fristgerecht durch Kunde";"Koblenz";"terminated";1002;"2019-08-22"
1590;"energy";"electricity";2300;2429;"2018-04-21";"2018-06-01";"";"";"";"Hamburg";"indelivery";1001;"2019-11-18"
1591;"energy";"gas";10000;9832;"2020-04-11";"2020-05-01";"";"";"";"Hamburg";"indelivery";2001;"2020-09-25"
1592;"energy";"electricity";2100;2124;"2019-01-29";"2019-05-01";"2019-08-31";"2019-08-01";"fristgerecht durch Kunde";"Berlin";"terminated";1002;"2019-08-01"
1593;"energy";"electricity";2100;2166;"2019-09-01";"2019-10-01";"";"";"";"Berlin";"indelivery";1002;"2020-05-14"
1594;"energy";"gas";11400;11305;"2019-05-31";"2019-09-01";"";"";"";"Hamburg";"indelivery";2000;"2020-06-16"
1595;"energy";"electricity";2400;2386;"2020-03-12";"2020-06-01";"";"";"";"Potsdam";"indelivery";1001;"2020-09-08"
1596;"energy";"electricity";2800;"";"2019-02-23";"2019-07-01";"";"";"";"Cologne";"indelivery";1002;"2020-07-30"
1597;"energy";"electricity";2300;2426;"2019-07-19";"2019-08-01";"2020-04-30";"2020-04-02";"fristgerecht durch Kunde";"Hamburg";"terminated";1002;"2019-08-27"
1598;"energy";"electricity";2600;2774;"2019-02-04";"2019-09-01";"";"";"";"Cologne";"indelivery";1001;"2020-03-05"
1599;"energy";"electricity";2900;"";"2018-04-20";"2018-07-01";"";"";"";"Duisburg";"indelivery";1002;"2020-02-15"
1600;"energy";"electricity";2500;2438;"2020-04-02";"2020-11-01";"";"";"";"Düsseldorf";"active";1002;"2020-07-16"
1601;"energy";"electricity";2900;2857;"2018-05-28";"2018-07-01";"";"";"";"Dresden";"indelivery";1000;"2018-09-16"
1602;"energy";"electricity";2500;2455;"2019-05-31";"2019-10-01";"";"";"";"Berlin";"indelivery";1000;"2020-08-14"
1603;"energy";"electricity";2400;2506;"2018-02-09";"2018-10-01";"";"";"";"Hamburg";"indelivery";1002;"2020-06-18"
1604;"energy";"electricity";2200;2308;"2019-11-01";"2019-12-01";"";"";"";"Münster";"indelivery";1000;"2020-04-23"
1605;"energy";"electricity";2900;2888;"2018-12-30";"2019-05-01";"";"";"";"Neustadt";"indelivery";1001;"2019-06-06"
1606;"energy";"electricity";2400;2567;"2018-11-22";"2019-02-01";"";"";"";"Munich";"indelivery";1002;"2020-03-25"
1607;"energy";"electricity";2700;2610;"2019-03-18";"2019-05-01";"";"";"";"Stuttgart";"indelivery";1002;"2020-03-03"
1608;"energy";"electricity";2200;2101;"2020-03-09";"2020-09-01";"";"";"";"Cologne";"indelivery";1000;"2020-07-16"
1609;"energy";"electricity";2800;2949;"2020-08-22";"2020-11-01";"";"";"";"Bonn";"active";1000;"2020-09-09"
1610;"energy";"electricity";2200;2248;"2018-10-16";"2019-03-01";"";"";"";"Frankfurt";"indelivery";1000;"2019-12-13"
1611;"energy";"gas";10400;10807;"2019-09-01";"2019-10-01";"2020-04-30";"2020-04-01";"fristgerecht durch LichtBlick";"Bremerhaven";"terminated";2001;"2019-12-09"
1612;"energy";"electricity";3000;2853;"2020-06-16";"2020-07-01";"2020-12-31";"2020-12-03";"fristgerecht durch Kunde";"Dessau-Roßlau";"cancelled";1000;"2020-09-26"
1613;"energy";"electricity";2300;"";"2018-01-21";"2018-06-01";"2018-06-01";"2018-11-02";"Wiederruf";"Berlin";"terminated";1000;"2018-03-05"
1614;"energy";"electricity";2500;2429;"2018-12-07";"2019-08-01";"";"";"";"Würzburg";"indelivery";1000;"2019-01-30"
1615;"energy";"electricity";2500;2602;"2019-02-09";"2019-07-01";"";"";"";"Cologne";"indelivery";1001;"2020-09-07"
1616;"energy";"electricity";2300;2236;"2018-03-13";"2018-07-01";"2020-01-31";"2020-01-01";"fristgerecht durch Kunde";"Berlin";"terminated";1000;"2020-01-01"
1617;"energy";"electricity";2100;2161;"2020-02-23";"2020-06-01";"";"";"";"Marienberg";"indelivery";1002;"2020-04-22"
1618;"energy";"gas";8500;8776;"2018-07-22";"2018-09-01";"";"";"";"Berlin";"indelivery";2000;"2018-10-19"
1619;"energy";"gas";9200;9852;"2018-05-18";"2018-09-01";"";"";"";"Würzburg";"indelivery";2000;"2020-02-28"
1620;"energy";"electricity";2500;2474;"2018-09-23";"2018-11-01";"";"";"";"Bremen";"indelivery";1001;"2019-09-16"
1621;"energy";"gas";10500;10231;"2018-12-30";"2019-07-01";"";"";"";"Essen";"indelivery";2001;"2020-07-06"
1622;"energy";"electricity";3000;3142;"2019-07-06";"2019-09-01";"2020-04-30";"2020-03-31";"fristgerecht durch Kunde";"Salzgitter";"terminated";1001;"2019-10-26"
1623;"energy";"electricity";2200;2252;"2018-03-02";"2018-05-01";"";"";"";"Hamburg";"indelivery";1000;"2019-06-19"
1624;"energy";"electricity";2600;2519;"2019-08-07";"2020-07-01";"2020-07-01";"2020-11-02";"Wiederruf";"Magdeburg";"terminated";1000;"2020-04-08"
1625;"energy";"electricity";2100;2107;"2019-12-08";"2020-02-01";"2020-08-31";"2020-08-01";"Umzug";"Braunschweig";"terminated";1002;"2020-03-31"
1626;"energy";"electricity";2500;2669;"2019-01-14";"2019-02-01";"2020-04-30";"2020-04-02";"Umzug";"Lübeck";"terminated";1001;"2019-07-17"
1627;"energy";"electricity";2200;2383;"2018-03-14";"2018-05-01";"2020-09-30";"2020-09-02";"Umzug";"Bremen";"terminated";1001;"2018-03-19"
1628;"energy";"gas";9300;9265;"2020-02-28";"2020-04-01";"";"";"";"Cologne";"indelivery";2000;"2020-03-25"
1629;"energy";"electricity";2500;2648;"2019-07-25";"2019-11-01";"";"";"";"Mainz";"indelivery";1001;"2019-09-27"
1630;"energy";"electricity";2900;3150;"2018-05-01";"2018-06-01";"";"";"";"Magdeburg";"indelivery";1001;"2018-06-30"
1631;"energy";"electricity";2300;2255;"2020-03-12";"2020-05-01";"";"";"";"Berlin";"indelivery";1002;"2020-04-17"
1632;"energy";"electricity";3000;"";"2019-05-07";"2020-01-01";"";"";"";"Dresden";"indelivery";1002;"2019-05-24"
1633;"energy";"electricity";2500;2613;"2019-02-18";"2019-10-01";"";"";"";"Frankfurt";"indelivery";1001;"2020-02-01"
1634;"energy";"electricity";2700;2762;"2019-06-06";"2019-10-01";"";"";"";"Frankfurt";"indelivery";1001;"2020-02-24"
1635;"energy";"electricity";2400;2448;"2020-09-24";"2020-11-01";"";"";"";"Leipzig";"active";1001;"2020-09-25"
1636;"energy";"electricity";2300;"";"2019-03-31";"2019-05-01";"";"";"";"Lübeck";"indelivery";1000;"2019-05-18"
1637;"energy";"gas";8100;8140;"2018-01-14";"2018-03-01";"";"";"";"Hamburg";"indelivery";2001;"2018-04-12"
1638;"energy";"electricity";2600;2698;"2018-03-06";"2018-11-01";"";"";"";"Bonn";"indelivery";1002;"2019-08-15"
1639;"energy";"electricity";2500;2578;"2018-02-12";"2018-08-01";"";"";"";"Berlin";"indelivery";1001;"2019-04-01"
1640;"energy";"gas";8100;7723;"2018-11-07";"2018-12-01";"";"";"";"Berlin";"indelivery";2001;"2019-05-06"
1641;"energy";"electricity";2200;2306;"2018-09-22";"2018-11-01";"";"";"";"Hamburg";"indelivery";1001;"2019-02-21"
1642;"energy";"electricity";2800;3011;"2019-01-18";"2019-03-01";"";"";"";"Berlin";"indelivery";1001;"2019-06-10"
1643;"energy";"electricity";2200;2301;"2020-01-06";"2020-11-01";"";"";"";"Dortmund";"active";1002;"2020-09-05"
1644;"energy";"electricity";2800;2731;"2020-01-20";"2020-02-01";"";"";"";"Berlin";"indelivery";1000;"2020-07-01"
1645;"energy";"electricity";2700;2638;"2020-03-08";"2020-04-01";"";"";"";"Mannheim";"indelivery";1000;"2020-09-27"
1646;"energy";"electricity";2300;2422;"2018-07-20";"2018-09-01";"";"";"";"Munich";"indelivery";1000;"2019-10-11"
1647;"energy";"electricity";2800;"";"2020-03-15";"2020-06-01";"";"";"";"Göttingen";"indelivery";1001;"2020-08-06"
1648;"energy";"electricity";2300;2255;"2019-10-21";"2020-02-01";"";"";"";"Munich";"indelivery";1001;"2020-01-23"
1649;"energy";"gas";10100;10385;"2019-05-16";"2020-07-01";"";"";"";"Duisburg";"indelivery";2000;"2020-08-14"
1650;"energy";"electricity";2200;2178;"2018-06-29";"2018-12-01";"";"";"";"Hamburg";"indelivery";1000;"2019-01-27"
1651;"energy";"electricity";2700;2688;"2018-01-29";"2018-03-01";"2018-05-31";"2018-05-01";"Umzug";"Mannheim";"terminated";1000;"2018-05-01"
1652;"energy";"electricity";2400;2398;"2019-08-31";"2019-11-01";"";"";"";"Düsseldorf";"indelivery";1002;"2020-03-20"
1653;"energy";"electricity";2300;2371;"2020-02-18";"2020-03-01";"";"";"";"Cologne";"indelivery";1001;"2020-07-18"
1654;"energy";"electricity";2800;2746;"2018-04-17";"2018-06-01";"2020-03-31";"2020-03-01";"Umzug";"Chemnitz";"terminated";1002;"2019-01-06"
1655;"energy";"electricity";2500;2603;"2018-05-27";"2018-08-01";"2018-09-30";"2018-09-02";"fristgerecht durch Kunde";"Cologne";"terminated";1000;"2018-08-12"
1656;"energy";"electricity";2300;2473;"2019-11-04";"2020-07-01";"";"";"";"Steinfurt";"indelivery";1000;"2020-02-20"
1657;"energy";"electricity";2600;2751;"2019-02-27";"2019-12-01";"";"";"";"Bremen";"indelivery";1002;"2019-06-24"
1658;"energy";"electricity";2700;2602;"2020-01-17";"2020-09-01";"";"";"";"Duisburg";"indelivery";1000;"2020-06-19"
1659;"energy";"electricity";3000;3064;"2020-02-13";"2020-11-01";"";"";"";"Kiel";"active";1002;"2020-03-31"
1660;"energy";"electricity";2100;2198;"2019-03-31";"2019-06-01";"2019-06-01";"2020-01-02";"Wiederruf";"Augsburg";"terminated";1002;"2020-01-02"
1661;"energy";"electricity";2100;2058;"2020-02-10";"2020-04-01";"";"";"";"Düsseldorf";"indelivery";1002;"2020-07-30"
1662;"energy";"electricity";2300;2320;"2018-02-02";"2018-03-01";"";"";"";"Emden";"indelivery";1002;"2020-02-14"
1663;"energy";"electricity";2800;2716;"2018-03-26";"2018-05-01";"";"";"";"Wetzlar";"indelivery";1001;"2018-07-04"
1664;"energy";"electricity";2300;2236;"2018-06-08";"2018-12-01";"";"";"";"Berlin";"indelivery";1002;"2018-08-21"
1665;"energy";"electricity";2400;"";"2018-11-18";"2019-04-01";"";"";"";"Bremen";"indelivery";1002;"2019-03-01"
1666;"energy";"electricity";2300;2256;"2018-04-28";"2018-08-01";"";"";"";"Bonn";"indelivery";1001;"2020-04-28"
1667;"energy";"electricity";2000;2045;"2018-04-23";"2018-12-01";"";"";"";"Düsseldorf";"indelivery";1001;"2019-01-13"
1668;"energy";"electricity";2800;2818;"2019-08-17";"2019-11-01";"";"";"";"Flensburg";"indelivery";1000;"2019-08-26"
1669;"energy";"electricity";2200;2326;"2019-02-09";"2019-12-01";"";"";"";"Hamburg";"indelivery";1001;"2019-08-02"
1670;"energy";"electricity";2500;"";"2020-07-25";"2020-11-01";"";"";"";"Bremen";"active";1002;"2020-09-19"
1671;"energy";"electricity";2600;2533;"2018-12-03";"2019-05-01";"";"";"";"Cologne";"indelivery";1000;"2019-11-15"
1672;"energy";"electricity";1900;2047;"2020-09-23";"2020-11-01";"";"";"";"Hamburg";"active";1002;"2020-09-26"
1673;"energy";"electricity";2300;2448;"2020-02-19";"2020-04-01";"";"";"";"Mannheim";"indelivery";1002;"2020-06-26"
1674;"energy";"electricity";2500;2526;"2020-01-20";"2020-07-01";"";"";"";"Mainz";"indelivery";1002;"2020-08-20"
1675;"energy";"electricity";2300;"";"2018-02-17";"2018-07-01";"";"";"";"Saarbrücken";"indelivery";1000;"2020-09-19"
1676;"energy";"electricity";2300;2288;"2019-01-31";"2019-08-01";"";"";"";"Wiesbaden";"indelivery";1001;"2020-09-20"
1677;"energy";"electricity";2400;2366;"2018-09-04";"2018-10-01";"2019-02-28";"2019-01-30";"fristgerecht durch Kunde";"Würzburg";"terminated";1000;"2019-01-30"
1678;"energy";"electricity";2700;2854;"2018-07-13";"2018-12-01";"";"";"";"Berlin";"indelivery";1002;"2019-09-05"
1679;"energy";"gas";11300;11346;"2019-03-04";"2019-05-01";"";"";"";"Erfurt";"indelivery";2001;"2020-03-17"
1680;"energy";"electricity";2900;2982;"2019-09-28";"2020-03-01";"";"";"";"Jena";"indelivery";1000;"2020-02-24"
1681;"energy";"electricity";2200;"";"2019-04-25";"2019-07-01";"2019-11-30";"2019-11-01";"fristgerecht durch Kunde";"Hamburg";"terminated";1002;"2019-11-01"
1682;"energy";"electricity";2000;1972;"2018-03-31";"2018-09-01";"2019-05-31";"2019-04-29";"Umzug";"Augsburg";"terminated";1000;"2018-09-15"
1683;"energy";"electricity";2900;2938;"2020-03-08";"2020-06-01";"";"";"";"Kassel";"indelivery";1001;"2020-08-13"
1684;"energy";"electricity";2500;2388;"2018-02-27";"2018-04-01";"2018-10-31";"2018-10-03";"Umzug";"Essen";"terminated";1000;"2018-10-03"
1685;"energy";"gas";9900;10529;"2019-05-30";"2020-03-01";"";"";"";"Berlin";"indelivery";2000;"2020-02-26"
1686;"energy";"electricity";2300;2431;"2018-10-21";"2018-11-01";"2018-11-01";"2020-11-27";"Wiederruf";"Cologne";"terminated";1001;"2019-07-22"
1687;"energy";"electricity";2900;2932;"2018-01-20";"2018-04-01";"";"";"";"Berlin";"indelivery";1001;"2019-10-02"
1688;"energy";"electricity";2100;2053;"2019-12-31";"2020-03-01";"";"";"";"Berlin";"indelivery";1001;"2020-07-19"
1689;"energy";"electricity";2200;2169;"2018-02-06";"2018-05-01";"2018-05-01";"2020-01-02";"Wiederruf";"Ingolstadt";"terminated";1002;"2019-07-07"
1690;"energy";"electricity";2800;3028;"2019-11-21";"2019-12-01";"";"";"";"Essen";"indelivery";1000;"2020-09-21"
1691;"energy";"electricity";2100;2029;"2018-05-23";"2018-09-01";"";"";"";"Oldenburg";"indelivery";1001;"2018-05-28"
1692;"energy";"gas";11200;11387;"2020-02-29";"2020-07-01";"";"";"";"Saarbrücken";"indelivery";2001;"2020-04-12"
1693;"energy";"electricity";1900;"";"2020-07-10";"2020-08-01";"";"";"";"Stuttgart";"indelivery";1001;"2020-08-14"
1694;"energy";"electricity";2700;2576;"2020-08-30";"2021-03-01";"";"";"";"Coburg";"active";1000;"2020-09-12"
1695;"energy";"electricity";2400;2594;"2018-02-09";"2018-06-01";"";"";"";"Frankfurt";"indelivery";1000;"2018-03-29"
1696;"energy";"electricity";2900;3012;"2020-07-29";"2020-09-01";"";"";"";"Altchemnitz";"indelivery";1000;"2020-08-22"
1697;"energy";"electricity";2300;"";"2020-06-07";"2020-07-01";"";"";"";"Berlin";"indelivery";1000;"2020-07-13"
1698;"energy";"gas";9100;9737;"2020-08-10";"2020-09-01";"";"";"";"Kiel";"indelivery";2001;"2020-08-27"
1699;"energy";"electricity";2500;2547;"2018-05-30";"2018-08-01";"2020-05-31";"2020-05-03";"fristgerecht durch LichtBlick";"Merseburg";"terminated";1001;"2019-01-12"
1700;"energy";"electricity";2300;2291;"2020-02-04";"2020-06-01";"";"";"";"Berlin";"indelivery";1001;"2020-02-12"
1701;"energy";"electricity";2100;2120;"2019-10-16";"2019-11-01";"";"";"";"Frankfurt";"indelivery";1000;"2020-03-03"
1702;"energy";"electricity";2700;2744;"2018-06-02";"2018-08-01";"2020-09-30";"2020-08-26";"fristgerecht durch Kunde";"Berlin";"terminated";1001;"2019-09-26"
1703;"energy";"electricity";2000;2065;"2018-01-14";"2018-03-01";"";"";"";"Frankfurt";"indelivery";1001;"2019-09-05"
1704;"energy";"electricity";2000;2083;"2018-02-04";"2018-04-01";"2018-07-31";"2018-07-02";"Umzug";"Kiel";"terminated";1002;"2018-07-02"
1705;"energy";"electricity";2800;2838;"2018-01-25";"2019-05-01";"";"";"";"Berlin";"indelivery";1002;"2019-12-19"
1706;"energy";"electricity";2000;2090;"2020-09-06";"2020-10-01";"";"";"";"Berlin";"indelivery";1001;"2020-09-25"
1707;"energy";"electricity";2500;2506;"2020-08-21";"2020-11-01";"";"";"";"Munich";"active";1001;"2020-09-19"
1708;"energy";"electricity";2300;2450;"2020-08-11";"2020-11-01";"";"";"";"Berlin";"active";1000;"2020-08-29"
1709;"energy";"electricity";2600;2658;"2020-06-10";"2020-09-01";"";"";"";"Hannover";"indelivery";1002;"2020-07-17"
1710;"energy";"electricity";2700;2839;"2019-06-07";"2019-10-01";"";"";"";"Viersen";"indelivery";1001;"2020-05-10"
1711;"energy";"electricity";2100;2090;"2018-08-24";"2018-11-01";"";"";"";"Rostock";"indelivery";1002;"2019-01-10"
1712;"energy";"electricity";2900;3072;"2020-03-12";"2020-04-01";"";"";"";"Euskirchen";"indelivery";1001;"2020-06-21"
1713;"energy";"electricity";2800;2793;"2019-06-12";"2019-11-01";"";"";"";"Gera";"indelivery";1000;"2020-07-13"
1714;"energy";"electricity";2600;2553;"2018-02-16";"2018-04-01";"";"";"";"Dresden";"indelivery";1001;"2020-04-27"
1715;"energy";"electricity";2400;2451;"2019-11-28";"2020-08-01";"";"";"";"Düsseldorf";"indelivery";1002;"2020-08-12"
1716;"energy";"electricity";2700;2722;"2018-04-12";"2018-06-01";"";"";"";"Hannover";"indelivery";1002;"2018-09-25"
1717;"energy";"electricity";2600;2510;"2019-11-20";"2020-03-01";"";"";"";"Gießen";"indelivery";1000;"2019-12-26"
1718;"energy";"electricity";2700;2598;"2019-08-19";"2019-12-01";"2020-01-31";"2020-01-03";"fristgerecht durch Kunde";"Stralsund";"terminated";1001;"2019-11-06"
1719;"energy";"electricity";2300;"";"2018-07-21";"2018-11-01";"";"";"";"Cologne";"indelivery";1001;"2018-12-19"
1720;"energy";"electricity";2200;2334;"2019-08-13";"2020-02-01";"";"";"";"Berlin";"indelivery";1000;"2019-12-15"
1721;"energy";"electricity";2200;2277;"2019-04-09";"2019-06-01";"";"";"";"Hannover";"indelivery";1000;"2019-11-19"
1722;"energy";"electricity";2400;2522;"2018-01-06";"2018-05-01";"";"";"";"Dortmund";"indelivery";1002;"2019-01-03"
1723;"energy";"electricity";2700;2896;"2019-09-21";"2020-03-01";"";"";"";"Regensburg";"indelivery";1000;"2020-08-28"
1724;"energy";"electricity";2500;2385;"2019-05-22";"2020-02-01";"";"";"";"Kiel";"indelivery";1000;"2019-09-25"
1725;"energy";"electricity";2500;2362;"2018-06-04";"2018-11-01";"2018-11-01";"2020-07-25";"Wiederruf";"Wiesbaden";"terminated";1001;"2020-07-25"
1726;"energy";"electricity";2500;2566;"2018-10-03";"2018-12-01";"";"";"";"Cologne";"indelivery";1001;"2020-07-15"
1727;"energy";"electricity";2000;2087;"2019-12-21";"2020-06-01";"";"";"";"Berlin";"indelivery";1002;"2020-03-22"
1728;"energy";"electricity";2100;"";"2019-08-16";"2019-10-01";"";"";"";"Hamburg";"indelivery";1000;"2019-08-17"
1729;"energy";"electricity";2500;2472;"2020-03-26";"2021-01-01";"";"";"";"Münster";"active";1002;"2020-09-29"
1730;"energy";"electricity";2300;2382;"2018-04-14";"2018-08-01";"";"";"";"Frankfurt";"indelivery";1002;"2019-12-01"
1731;"energy";"gas";7600;7261;"2019-07-08";"2020-01-01";"";"";"";"Cologne";"indelivery";2000;"2020-06-22"
1732;"energy";"electricity";2300;2231;"2020-06-21";"2020-12-01";"";"";"";"Magdeburg";"active";1002;"2020-09-08"
1733;"energy";"electricity";2600;2591;"2020-07-29";"2021-01-01";"";"";"";"Hamburg";"active";1001;"2020-09-29"
1734;"energy";"electricity";2400;2363;"2019-03-06";"2019-07-01";"";"";"";"Dortmund";"indelivery";1002;"2019-10-31"
1735;"energy";"electricity";2800;2921;"2018-04-07";"2018-07-01";"";"";"";"Würzburg";"indelivery";1002;"2019-02-11"
1736;"energy";"electricity";2500;2434;"2018-11-28";"2019-11-01";"2020-05-31";"2020-04-30";"fristgerecht durch Kunde";"Rosenheim";"terminated";1001;"2020-04-30"
1737;"energy";"electricity";2600;2616;"2018-05-31";"2018-12-01";"2020-03-31";"2020-02-29";"Umzug";"Mainz";"terminated";1001;"2020-02-29"
1738;"energy";"electricity";2500;2421;"2018-04-29";"2018-06-01";"2018-06-01";"2018-07-31";"Wiederruf";"Mainz";"terminated";1001;"2018-07-31"
1739;"energy";"electricity";2300;2231;"2019-11-21";"2020-02-01";"2020-02-01";"2020-09-01";"Wiederruf";"Düsseldorf";"terminated";1002;"2020-05-05"
1740;"energy";"electricity";2300;2458;"2020-07-23";"2020-11-01";"";"";"";"Essen";"active";1001;"2020-09-15"
1741;"energy";"gas";10600;10647;"2020-09-28";"2020-11-01";"";"";"";"Ulm";"active";2000;"2020-09-29"
1742;"energy";"electricity";2400;2546;"2018-02-26";"2018-05-01";"";"";"";"Osnabrück";"indelivery";1001;"2019-07-07"
1743;"energy";"electricity";2200;2310;"2018-05-19";"2018-07-01";"";"";"";"Koblenz";"indelivery";1000;"2018-05-23"
1744;"energy";"gas";9600;9465;"2018-11-16";"2019-01-01";"2019-05-31";"2019-04-24";"fristgerecht durch Kunde";"Berlin";"terminated";2000;"2019-04-24"
1745;"energy";"gas";8500;9120;"2019-03-15";"2019-11-01";"";"";"";"Schleiz";"indelivery";2001;"2020-06-13"
1746;"energy";"electricity";2200;2098;"2019-05-10";"2019-08-01";"";"";"";"Regensburg";"indelivery";1002;"2019-09-29"
1747;"energy";"electricity";3000;3184;"2020-05-29";"2020-09-01";"";"";"";"Dresden";"indelivery";1002;"2020-06-15"
1748;"energy";"electricity";2600;2662;"2020-01-24";"2020-06-01";"2020-11-30";"2020-11-01";"fristgerecht durch LichtBlick";"Dortmund";"cancelled";1002;"2020-04-25"
1749;"energy";"electricity";2500;2528;"2019-09-09";"2019-12-01";"2020-02-29";"2020-01-28";"Umzug";"Cologne";"terminated";1002;"2019-12-14"
1750;"energy";"gas";11100;11181;"2020-01-08";"2020-04-01";"";"";"";"Cologne";"indelivery";2000;"2020-01-24"
1751;"energy";"electricity";2600;2840;"2019-08-17";"2019-12-01";"";"";"";"Cologne";"indelivery";1002;"2020-02-22"
1752;"energy";"electricity";2000;2186;"2018-06-22";"2018-09-01";"";"";"";"Dortmund";"indelivery";1002;"2019-04-13"
1753;"energy";"electricity";2100;2202;"2018-06-21";"2018-10-01";"";"";"";"Bremen";"indelivery";1001;"2020-03-06"
1754;"energy";"electricity";2200;2196;"2020-05-28";"2021-03-01";"";"";"";"Berlin";"active";1002;"2020-05-30"
1755;"energy";"electricity";2600;2712;"2019-09-19";"2019-11-01";"";"";"";"Frankfurt";"indelivery";1000;"2020-03-20"
1756;"energy";"electricity";2800;3001;"2018-06-21";"2018-08-01";"";"";"";"Cologne";"indelivery";1002;"2019-02-19"
1757;"energy";"electricity";2600;2573;"2019-09-14";"2019-11-01";"";"";"";"Mannheim";"indelivery";1002;"2020-01-06"
1758;"energy";"electricity";2900;2851;"2020-08-29";"2020-10-01";"";"";"";"Munich";"indelivery";1001;"2020-09-27"
1759;"energy";"gas";10800;11644;"2020-01-29";"2020-04-01";"2020-06-30";"2020-05-31";"Umzug";"Remscheid";"terminated";2001;"2020-04-02"
1760;"energy";"gas";9800;10240;"2020-06-02";"2021-01-01";"";"";"";"Bremerhaven";"active";2001;"2020-07-04"
1761;"energy";"gas";10900;11510;"2019-12-26";"2020-04-01";"";"";"";"Oldenburg";"indelivery";2000;"2020-04-21"
1762;"energy";"electricity";2600;2648;"2019-12-16";"2020-04-01";"2020-09-30";"2020-08-27";"fristgerecht durch Kunde";"Cologne";"terminated";1001;"2020-05-23"
1763;"energy";"electricity";2300;2465;"2018-05-09";"2018-07-01";"2019-09-30";"2019-09-01";"fristgerecht durch Kunde";"Munich";"terminated";1001;"2018-12-13"
1764;"energy";"electricity";3000;3051;"2018-08-16";"2019-09-01";"";"";"";"Essen";"indelivery";1002;"2018-12-11"
1765;"energy";"electricity";2500;2427;"2020-01-09";"2020-02-01";"";"";"";"Berlin";"indelivery";1002;"2020-03-03"
1766;"energy";"electricity";3000;2831;"2019-11-14";"2020-03-01";"";"";"";"Erfurt";"indelivery";1001;"2019-12-22"
1767;"energy";"electricity";2100;2062;"2020-01-20";"2020-04-01";"";"";"";"Düsseldorf";"indelivery";1002;"2020-02-29"
1768;"energy";"gas";11700;12330;"2020-09-04";"2020-10-01";"";"";"";"Mannheim";"indelivery";2000;"2020-09-05"
1769;"energy";"gas";8800;9248;"2019-01-03";"2019-02-01";"";"";"";"Berlin";"indelivery";2000;"2020-09-24"
1770;"energy";"gas";11600;12364;"2018-09-11";"2018-12-01";"";"";"";"Rosenheim";"indelivery";2000;"2020-06-25"
1771;"energy";"electricity";2700;2795;"2018-06-07";"2019-02-01";"";"";"";"Marienberg";"indelivery";1000;"2019-08-26"
1772;"energy";"gas";8800;8481;"2019-04-20";"2019-05-01";"2020-08-31";"2020-08-03";"fristgerecht durch Kunde";"Ingolstadt";"terminated";2000;"2020-08-03"
1773;"energy";"electricity";2900;"";"2019-02-04";"2020-03-01";"2020-03-01";"2020-03-31";"Wiederruf";"Erfurt";"terminated";1001;"2020-03-31"
1774;"energy";"electricity";2300;2364;"2020-04-16";"2021-04-01";"";"";"";"Marienberg";"active";1000;"2020-08-20"
1775;"energy";"electricity";2700;2786;"2020-01-03";"2020-11-01";"";"";"";"Düsseldorf";"active";1002;"2020-09-04"
1776;"energy";"electricity";2400;2350;"2019-08-07";"2019-11-01";"";"";"";"Hannover";"indelivery";1001;"2020-01-13"
1777;"energy";"electricity";2100;2120;"2019-05-08";"2019-08-01";"2019-08-01";"2020-12-03";"Wiederruf";"Berlin";"terminated";1001;"2020-03-18"
1778;"energy";"electricity";2800;2931;"2019-05-02";"2019-07-01";"2019-10-31";"2019-10-02";"Umzug";"Mannheim";"terminated";1002;"2019-10-02"
1779;"energy";"electricity";2400;2350;"2019-05-08";"2019-09-01";"";"";"";"Marienberg";"indelivery";1001;"2020-06-12"
1780;"energy";"electricity";2300;2473;"2018-05-05";"2018-07-01";"";"";"";"Rostock";"indelivery";1001;"2019-01-04"
1781;"energy";"electricity";2600;2578;"2019-03-08";"2019-04-01";"";"";"";"Karlsruhe";"indelivery";1001;"2020-04-13"
1782;"energy";"electricity";2700;2634;"2018-11-08";"2019-06-01";"";"";"";"Hamburg";"indelivery";1000;"2020-04-09"
1783;"energy";"electricity";2700;"";"2019-09-05";"2019-10-01";"";"";"";"Dresden";"indelivery";1000;"2019-11-01"
1784;"energy";"electricity";2300;2186;"2019-12-25";"2020-01-01";"";"";"";"Lübeck";"indelivery";1002;"2020-01-30"
1785;"energy";"electricity";2100;2041;"2020-02-06";"2020-04-01";"";"";"";"Düsseldorf";"indelivery";1000;"2020-09-23"
1786;"energy";"electricity";2300;2417;"2019-05-06";"2019-06-01";"";"";"";"Münster";"indelivery";1001;"2020-01-11"
1787;"energy";"electricity";2700;2750;"2018-04-19";"2018-05-01";"";"";"";"Karlsruhe";"indelivery";1000;"2020-02-02"
1788;"energy";"electricity";2700;2759;"2020-01-22";"2020-04-01";"";"";"";"Munich";"indelivery";1000;"2020-05-18"
1789;"energy";"electricity";2800;2780;"2019-02-06";"2019-05-01";"";"";"";"Düsseldorf";"indelivery";1002;"2020-04-25"
1790;"energy";"electricity";2400;2491;"2020-09-22";"2020-11-01";"";"";"";"Altchemnitz";"active";1000;"2020-09-24"
1791;"energy";"electricity";2700;2701;"2018-08-26";"2018-12-01";"";"";"";"Hannover";"indelivery";1000;"2018-11-14"
1792;"energy";"electricity";2200;"";"2018-01-28";"2018-07-01";"";"";"";"Bremen";"indelivery";1002;"2020-05-26"
1793;"energy";"electricity";2600;"";"2018-01-15";"2018-05-01";"2019-12-31";"2019-11-27";"Umzug";"Frankfurt";"terminated";1001;"2018-04-08"
1794;"energy";"electricity";2900;2967;"2020-07-05";"2020-10-01";"";"";"";"Bremen";"indelivery";1002;"2020-07-31"
1795;"energy";"gas";9600;"";"2019-08-09";"2020-01-01";"";"";"";"Munich";"indelivery";2000;"2020-04-16"
1796;"energy";"gas";9700;10248;"2020-09-05";"2020-12-01";"";"";"";"Oldenburg";"active";2000;"2020-09-19"
1797;"energy";"electricity";2300;2295;"2019-12-23";"2020-04-01";"";"";"";"Cottbus";"indelivery";1002;"2020-09-13"
1798;"energy";"gas";9100;9386;"2018-12-07";"2019-08-01";"";"";"";"Berlin";"indelivery";2000;"2019-06-12"
1799;"energy";"electricity";2600;2509;"2019-01-21";"2019-04-01";"";"";"";"Duisburg";"indelivery";1000;"2020-09-12"
1800;"energy";"electricity";2500;2445;"2018-10-02";"2019-06-01";"";"";"";"Bremerhaven";"indelivery";1001;"2020-08-14"
1801;"energy";"electricity";2600;2590;"2019-06-29";"2019-10-01";"";"";"";"Magdeburg";"indelivery";1000;"2020-03-21"
1802;"energy";"electricity";2800;2694;"2018-08-31";"2018-10-01";"";"";"";"Münster";"indelivery";1000;"2020-02-26"
1803;"energy";"electricity";2500;2516;"2018-01-13";"2018-06-01";"2020-01-31";"2020-01-03";"Umzug";"Braunschweig";"terminated";1001;"2019-05-03"
1804;"energy";"electricity";2800;2661;"2019-05-01";"2019-05-01";"";"";"";"Hamburg";"indelivery";1001;"2019-10-18"
1805;"energy";"electricity";2700;2655;"2019-10-30";"2019-12-01";"2020-03-31";"2020-02-29";"fristgerecht durch Kunde";"Essen";"terminated";1001;"2020-02-29"
1806;"energy";"gas";10400;10078;"2018-06-23";"2019-01-01";"";"";"";"Altchemnitz";"indelivery";2001;"2020-09-30"
1807;"energy";"electricity";2100;2150;"2019-03-31";"2019-05-01";"";"";"";"Hannover";"indelivery";1002;"2019-12-30"
1808;"energy";"electricity";2500;2401;"2018-04-25";"2018-05-01";"";"";"";"Hamburg";"indelivery";1001;"2018-08-24"
1809;"energy";"gas";8600;8669;"2020-06-02";"2020-09-01";"";"";"";"Leipzig";"indelivery";2000;"2020-09-08"
1810;"energy";"electricity";2400;2325;"2020-07-24";"2020-09-01";"";"";"";"Regensburg";"indelivery";1000;"2020-07-31"
1811;"energy";"electricity";2400;2407;"2018-07-09";"2018-09-01";"";"";"";"Berlin";"indelivery";1000;"2019-05-29"
1812;"energy";"gas";11300;10840;"2018-03-20";"2018-10-01";"";"";"";"Würzburg";"indelivery";2000;"2019-01-17"
1813;"energy";"electricity";2200;2235;"2019-07-31";"2020-02-01";"2020-11-30";"2020-10-27";"fristgerecht durch Kunde";"Berlin";"cancelled";1002;"2020-07-07"
1814;"energy";"electricity";2000;2085;"2019-08-06";"2019-11-01";"";"";"";"Cologne";"indelivery";1001;"2020-08-13"
1815;"energy";"electricity";2000;2132;"2019-01-26";"2019-04-01";"2019-10-31";"2019-09-28";"Umzug";"Leipzig";"terminated";1001;"2019-06-26"
1816;"energy";"electricity";2100;2079;"2018-09-18";"2018-12-01";"2018-12-01";"2019-01-26";"Wiederruf";"Stuttgart";"terminated";1000;"2019-01-26"
1817;"energy";"gas";9700;9329;"2018-09-06";"2019-05-01";"";"";"";"Munich";"indelivery";2001;"2019-01-02"
1818;"energy";"electricity";2000;2067;"2020-09-20";"2020-11-01";"";"";"";"Munich";"active";1002;"2020-09-27"
1819;"energy";"electricity";2100;2089;"2018-04-11";"2018-07-01";"";"";"";"Stuttgart";"indelivery";1001;"2019-10-05"
1820;"energy";"electricity";2300;2395;"2020-04-28";"2020-06-01";"";"";"";"Berlin";"indelivery";1001;"2020-05-30"
1821;"energy";"electricity";2400;2507;"2018-04-09";"2018-12-01";"";"";"";"Bielefeld";"indelivery";1001;"2019-08-08"
1822;"energy";"electricity";2000;"";"2018-01-14";"2018-03-01";"2018-07-31";"2018-07-03";"fristgerecht durch LichtBlick";"Wiesbaden";"terminated";1002;"2018-07-03"
1823;"energy";"electricity";3000;2945;"2020-01-28";"2020-09-01";"";"";"";"Wiesbaden";"indelivery";1001;"2020-06-29"
1824;"energy";"gas";8900;"";"2019-08-23";"2019-11-01";"";"";"";"Magdeburg";"indelivery";2001;"2019-09-25"
1825;"energy";"electricity";2600;2807;"2018-11-07";"2019-01-01";"2019-01-01";"2020-04-23";"Wiederruf";"Cologne";"terminated";1002;"2020-04-23"
1826;"energy";"electricity";2100;2037;"2019-01-17";"2019-02-01";"";"";"";"Munich";"indelivery";1002;"2019-10-13"
1827;"energy";"electricity";2100;2038;"2019-06-09";"2019-08-01";"";"";"";"Kassel";"indelivery";1000;"2020-07-25"
1828;"energy";"electricity";3000;3094;"2018-11-12";"2019-03-01";"2019-10-31";"2019-10-03";"fristgerecht durch Kunde";"Frankfurt";"terminated";1001;"2019-01-27"
1829;"energy";"electricity";2900;2876;"2018-06-18";"2018-10-01";"";"";"";"Korbach";"indelivery";1001;"2018-10-28"
1830;"energy";"electricity";2300;2486;"2020-08-06";"2020-10-01";"";"";"";"Steinfurt";"indelivery";1001;"2020-09-13"
1831;"energy";"gas";9100;9756;"2018-09-05";"2018-11-01";"";"";"";"Hamburg";"indelivery";2000;"2019-05-18"
1832;"energy";"electricity";2300;2384;"2018-06-03";"2018-11-01";"";"";"";"Magdeburg";"indelivery";1001;"2018-11-21"
1833;"energy";"electricity";2900;2787;"2018-09-16";"2020-03-01";"";"";"";"Hannover";"indelivery";1000;"2020-09-18"
1834;"energy";"electricity";2600;2732;"2018-11-26";"2019-01-01";"2019-02-28";"2019-01-29";"Umzug";"Altötting";"terminated";1000;"2019-01-29"
1835;"energy";"electricity";2500;2493;"2019-02-28";"2019-05-01";"";"";"";"Berlin";"indelivery";1000;"2020-03-30"
1836;"energy";"electricity";2700;"";"2020-08-06";"2020-09-01";"";"";"";"Frankfurt";"indelivery";1000;"2020-08-29"
1837;"energy";"electricity";2300;2371;"2018-04-02";"2018-05-01";"2019-06-30";"2019-06-02";"fristgerecht durch LichtBlick";"Dortmund";"terminated";1001;"2019-06-02"
1838;"energy";"electricity";2200;2286;"2018-05-27";"2018-06-01";"";"";"";"Weißenburg";"indelivery";1002;"2019-11-20"
1839;"energy";"electricity";2600;2565;"2019-05-03";"2019-08-01";"";"";"";"Dortmund";"indelivery";1001;"2019-11-24"
1840;"energy";"electricity";2500;"";"2018-01-20";"2018-04-01";"";"";"";"Frankfurt";"indelivery";1000;"2018-05-12"
1841;"energy";"gas";9100;9584;"2019-12-04";"2020-02-01";"";"";"";"Berlin";"indelivery";2000;"2020-05-18"
1842;"energy";"electricity";2900;3066;"2019-05-06";"2019-07-01";"";"";"";"Karlsruhe";"indelivery";1001;"2020-08-02"
1843;"energy";"electricity";2900;2799;"2018-02-20";"2018-03-01";"";"";"";"Duisburg";"indelivery";1000;"2019-08-21"
1844;"energy";"electricity";2600;"";"2019-03-23";"2019-06-01";"";"";"";"Gelsenkirchen";"indelivery";1000;"2020-02-06"
1845;"energy";"electricity";2100;2074;"2020-06-29";"2020-08-01";"";"";"";"Munich";"indelivery";1001;"2020-07-21"
1846;"energy";"electricity";2900;2871;"2018-05-28";"2018-08-01";"";"";"";"Lübeck";"indelivery";1002;"2019-07-26"
1847;"energy";"electricity";2800;2804;"2019-02-27";"2019-04-01";"";"";"";"Berlin";"indelivery";1001;"2019-11-06"
1848;"energy";"gas";11400;12227;"2020-05-19";"2020-09-01";"";"";"";"Dortmund";"indelivery";2001;"2020-06-13"
1849;"energy";"electricity";2600;2542;"2020-05-20";"2020-08-01";"";"";"";"Wuppertal";"indelivery";1000;"2020-09-09"
1850;"energy";"electricity";3000;3210;"2020-09-23";"2020-10-01";"";"";"";"Leipzig";"indelivery";1000;"2020-09-26"
1851;"energy";"electricity";2400;2445;"2019-07-24";"2019-08-01";"";"";"";"Munich";"indelivery";1001;"2020-03-02"
1852;"energy";"gas";11200;"";"2020-08-01";"2020-09-01";"";"";"";"Mannheim";"indelivery";2001;"2020-09-07"
1853;"energy";"gas";11500;11269;"2019-03-14";"2019-05-01";"";"";"";"Leipzig";"indelivery";2001;"2020-04-06"
1854;"energy";"gas";10300;11094;"2018-01-04";"2018-02-01";"";"";"";"Munich";"indelivery";2001;"2018-04-12"
1855;"energy";"electricity";2400;2318;"2020-08-27";"2021-06-01";"";"";"";"Braunschweig";"active";1000;"2020-09-18"
1856;"energy";"gas";8300;8802;"2020-01-24";"2020-03-01";"";"";"";"Berlin";"indelivery";2000;"2020-07-22"
1857;"energy";"gas";9400;9041;"2020-05-22";"2021-04-01";"";"";"";"Stuttgart";"active";2001;"2020-06-17"
1858;"energy";"electricity";2200;2258;"2018-01-20";"2018-04-01";"";"";"";"Altchemnitz";"indelivery";1001;"2020-02-27"
1859;"energy";"electricity";2200;2143;"2019-02-18";"2019-07-01";"";"";"";"Wiesbaden";"indelivery";1000;"2020-07-30"
1860;"energy";"electricity";2100;2207;"2020-08-27";"2020-12-01";"";"";"";"Munich";"active";1002;"2020-09-04"
1861;"energy";"electricity";2600;2566;"2020-05-23";"2021-04-01";"";"";"";"Fürstenfeldbruck";"active";1002;"2020-06-18"
1862;"energy";"gas";9800;9484;"2020-01-01";"2020-03-01";"";"";"";"Berlin";"indelivery";2001;"2020-04-03"
1863;"energy";"electricity";2700;2774;"2019-01-04";"2019-10-01";"";"";"";"Freiburg";"indelivery";1000;"2020-04-17"
1864;"energy";"electricity";2300;2498;"2019-08-26";"2019-10-01";"2020-03-31";"2020-02-29";"fristgerecht durch LichtBlick";"Hamburg";"terminated";1002;"2020-02-10"
1865;"energy";"electricity";2200;2100;"2020-08-18";"2020-12-01";"";"";"";"Essen";"active";1002;"2020-09-22"
1866;"energy";"electricity";3000;2941;"2019-04-29";"2019-06-01";"";"";"";"Bamberg";"indelivery";1002;"2020-02-03"
1867;"energy";"electricity";2500;2437;"2018-10-05";"2019-06-01";"2020-02-29";"2020-02-01";"fristgerecht durch Kunde";"Berlin";"terminated";1002;"2019-09-01"
1868;"energy";"electricity";2400;2473;"2018-03-12";"2018-06-01";"";"";"";"Landshut";"indelivery";1002;"2018-10-14"
1869;"energy";"electricity";2200;2260;"2020-06-16";"2020-07-01";"";"";"";"Cologne";"indelivery";1002;"2020-08-25"
1870;"energy";"electricity";2800;3048;"2018-03-19";"2018-05-01";"";"";"";"Mainz";"indelivery";1002;"2020-09-12"
1871;"energy";"electricity";2300;2381;"2020-05-02";"2020-07-01";"";"";"";"Frankfurt";"indelivery";1000;"2020-07-31"
1872;"energy";"electricity";2600;2751;"2019-12-17";"2020-02-01";"";"";"";"Berlin";"indelivery";1001;"2020-05-26"
1873;"energy";"electricity";2800;3002;"2020-05-18";"2021-05-01";"";"";"";"Bonn";"active";1001;"2020-09-08"
1874;"energy";"gas";9800;10117;"2018-05-15";"2018-08-01";"";"";"";"Cologne";"indelivery";2000;"2019-08-13"
1875;"energy";"electricity";1900;1957;"2018-10-14";"2019-05-01";"";"";"";"Munich";"indelivery";1001;"2019-02-24"
1876;"energy";"electricity";2100;2017;"2019-10-04";"2020-02-01";"";"";"";"Osnabrück";"indelivery";1002;"2020-08-09"
1877;"energy";"gas";10100;10465;"2018-02-10";"2018-05-01";"";"";"";"Düsseldorf";"indelivery";2001;"2018-08-10"
1878;"energy";"electricity";2400;2406;"2018-04-20";"2018-09-01";"";"";"";"Munich";"indelivery";1000;"2019-01-10"
1879;"energy";"electricity";2700;2714;"2019-04-07";"2019-05-01";"";"";"";"Karlsruhe";"indelivery";1001;"2020-02-24"
1880;"energy";"electricity";2700;2871;"2019-12-12";"2020-03-01";"";"";"";"Potsdam";"indelivery";1002;"2020-05-30"
1881;"energy";"electricity";2400;2418;"2020-05-18";"2020-07-01";"";"";"";"Oldenburg";"indelivery";1001;"2020-09-20"
1882;"energy";"electricity";2100;2157;"2018-02-15";"2018-09-01";"";"";"";"Leipzig";"indelivery";1002;"2018-11-02"
1883;"energy";"electricity";2900;2807;"2018-12-17";"2019-06-01";"";"";"";"Leipzig";"indelivery";1001;"2020-02-11"
1884;"energy";"electricity";2200;2174;"2018-05-03";"2018-10-01";"";"";"";"Berlin";"indelivery";1002;"2020-08-01"
1885;"energy";"gas";11800;"";"2019-10-23";"2019-11-01";"";"";"";"Marienberg";"indelivery";2001;"2020-05-13"
1886;"energy";"electricity";2600;2782;"2019-12-20";"2020-06-01";"";"";"";"Berlin";"indelivery";1001;"2020-01-20"
1887;"energy";"electricity";2800;"";"2020-06-06";"2021-10-01";"";"";"";"Bielefeld";"active";1000;"2020-07-30"
1888;"energy";"electricity";2700;2848;"2019-01-09";"2020-01-01";"";"";"";"Flensburg";"indelivery";1001;"2020-03-11"
1889;"energy";"electricity";2100;2067;"2020-01-15";"2020-05-01";"";"";"";"Mainz";"indelivery";1000;"2020-06-07"
1890;"energy";"electricity";2300;2475;"2020-06-29";"2020-12-01";"";"";"";"Berlin";"active";1001;"2020-09-05"
1891;"energy";"electricity";2500;2372;"2019-09-05";"2020-01-01";"";"";"";"Frankfurt";"indelivery";1002;"2020-02-19"
1892;"energy";"electricity";2000;2011;"2020-04-23";"2020-12-01";"";"";"";"Hamburg";"active";1002;"2020-05-08"
1893;"energy";"electricity";2200;2371;"2019-12-26";"2020-01-01";"";"";"";"Dresden";"indelivery";1001;"2020-05-31"
1894;"energy";"electricity";2500;2531;"2019-11-05";"2021-02-01";"";"";"";"Duisburg";"active";1001;"2020-04-13"
1895;"energy";"electricity";2300;2233;"2018-01-29";"2018-02-01";"";"";"";"Munich";"indelivery";1001;"2020-01-14"
1896;"energy";"gas";10000;10661;"2018-03-05";"2018-05-01";"2019-09-30";"2019-08-30";"fristgerecht durch Kunde";"Munich";"terminated";2001;"2018-06-23"
1897;"energy";"electricity";2700;2811;"2018-03-06";"2018-08-01";"2019-04-30";"2019-04-02";"fristgerecht durch LichtBlick";"Berlin";"terminated";1001;"2019-04-02"
1898;"energy";"electricity";2500;2432;"2019-01-20";"2019-03-01";"2020-03-31";"2020-03-03";"fristgerecht durch Kunde";"Wiesbaden";"terminated";1002;"2020-03-03"
1899;"energy";"electricity";2900;3112;"2018-04-28";"2018-07-01";"";"";"";"Wiesbaden";"indelivery";1001;"2020-03-26"
1900;"energy";"electricity";2200;2129;"2020-02-09";"2020-04-01";"";"";"";"Bremen";"indelivery";1002;"2020-07-12"
1901;"energy";"electricity";2800;2763;"2018-01-05";"2018-03-01";"";"";"";"Lübeck";"indelivery";1001;"2018-11-11"
1902;"energy";"gas";11900;12557;"2019-03-18";"2019-06-01";"";"";"";"Wuppertal";"indelivery";2001;"2020-09-30"
1903;"energy";"gas";7800;"";"2018-01-31";"2018-05-01";"2020-01-31";"2019-12-27";"Umzug";"Berlin";"terminated";2000;"2019-10-28"
1904;"energy";"electricity";2200;"";"2018-08-26";"2018-11-01";"";"";"";"Hamburg";"indelivery";1001;"2018-09-03"
1905;"energy";"electricity";2100;2141;"2018-12-23";"2019-03-01";"2020-09-30";"2020-08-31";"Umzug";"Munich";"terminated";1000;"2020-05-04"
1906;"energy";"electricity";2200;2151;"2020-04-13";"2020-05-01";"";"";"";"Berlin";"indelivery";1000;"2020-08-11"
1907;"energy";"electricity";2700;2832;"2018-03-22";"2018-09-01";"";"";"";"Cologne";"indelivery";1000;"2018-09-27"
1908;"energy";"gas";8200;8589;"2019-05-02";"2019-10-01";"";"";"";"Munich";"indelivery";2000;"2019-07-08"
1909;"energy";"electricity";3100;3255;"2019-08-29";"2020-01-01";"";"";"";"Bautzen";"indelivery";1000;"2020-09-28"
1910;"energy";"electricity";2500;2659;"2020-07-30";"2021-01-01";"";"";"";"Bremen";"active";1001;"2020-08-30"
1911;"energy";"electricity";2300;2453;"2019-02-12";"2019-05-01";"2019-05-01";"2019-10-28";"Wiederruf";"Frankfurt";"terminated";1000;"2019-07-29"
1912;"energy";"gas";10300;10440;"2019-09-01";"2019-11-01";"";"";"";"Cologne";"indelivery";2000;"2020-07-20"
1913;"energy";"electricity";2500;2672;"2020-07-17";"2020-12-01";"";"";"";"Jena";"active";1002;"2020-09-26"
1914;"energy";"electricity";2200;2130;"2018-01-13";"2018-04-01";"";"";"";"Hamburg";"indelivery";1000;"2018-07-02"
1915;"energy";"gas";9800;10161;"2018-02-22";"2018-09-01";"";"";"";"Bonn";"indelivery";2001;"2018-03-16"
1916;"energy";"electricity";2800;2677;"2020-03-17";"2020-06-01";"";"";"";"Munich";"indelivery";1002;"2020-05-22"
1917;"energy";"electricity";2700;2587;"2020-06-08";"2020-12-01";"";"";"";"Mannheim";"active";1001;"2020-07-04"
1918;"energy";"electricity";2200;2134;"2019-06-30";"2019-10-01";"";"";"";"Essen";"indelivery";1002;"2019-10-09"
1919;"energy";"electricity";2700;2793;"2020-03-26";"2020-06-01";"";"";"";"Hamburg";"indelivery";1001;"2020-09-17"
1920;"energy";"electricity";2300;2461;"2018-04-06";"2018-08-01";"";"";"";"Berlin";"indelivery";1001;"2018-06-26"
1921;"energy";"electricity";3000;3024;"2018-03-02";"2018-04-01";"";"";"";"Duisburg";"indelivery";1000;"2020-03-02"
1922;"energy";"electricity";2800;2882;"2019-12-21";"2020-05-01";"2020-05-01";"2020-09-29";"Wiederruf";"Bonn";"terminated";1001;"2020-07-27"
1923;"energy";"electricity";2400;2466;"2018-11-26";"2019-01-01";"";"";"";"Stuttgart";"indelivery";1000;"2020-06-06"
1924;"energy";"gas";10400;11210;"2018-03-01";"2018-05-01";"";"";"";"Cologne";"indelivery";2001;"2018-10-25"
1925;"energy";"gas";8700;8442;"2019-03-01";"2019-07-01";"";"";"";"Schwerin";"indelivery";2000;"2020-02-24"
1926;"energy";"electricity";2300;2372;"2018-03-28";"2018-04-01";"";"";"";"Münster";"indelivery";1002;"2019-11-09"
1927;"energy";"electricity";2000;2189;"2019-12-16";"2020-10-01";"";"";"";"Freiburg";"indelivery";1001;"2020-01-15"
1928;"energy";"gas";11600;12074;"2020-02-12";"2020-04-01";"";"";"";"Rostock";"indelivery";2000;"2020-09-30"
1929;"energy";"electricity";2000;2013;"2019-11-10";"2020-05-01";"";"";"";"Berlin";"indelivery";1000;"2020-01-14"
1930;"energy";"electricity";3000;2918;"2020-03-18";"2020-04-01";"";"";"";"Pinneberg";"indelivery";1002;"2020-09-26"
1931;"energy";"gas";8500;9206;"2019-01-31";"2019-10-01";"2020-09-30";"2020-09-02";"Umzug";"Bielefeld";"terminated";2001;"2020-08-20"
1932;"energy";"electricity";2600;2541;"2019-10-16";"2020-08-01";"";"";"";"Munich";"indelivery";1000;"2020-03-18"
1933;"energy";"electricity";2900;3003;"2018-02-25";"2018-11-01";"";"";"";"Bremen";"indelivery";1002;"2019-05-24"
1934;"energy";"electricity";2700;2791;"2019-10-25";"2019-12-01";"";"";"";"Essen";"indelivery";1001;"2019-11-27"
1935;"energy";"electricity";2500;"";"2019-03-06";"2019-04-01";"";"";"";"Berlin";"indelivery";1001;"2020-01-02"
1936;"energy";"electricity";2400;2418;"2019-04-10";"2019-06-01";"";"";"";"Berlin";"indelivery";1001;"2020-08-13"
1937;"energy";"electricity";2100;2259;"2018-09-21";"2019-03-01";"2020-12-31";"2020-12-03";"fristgerecht durch LichtBlick";"Berlin";"cancelled";1002;"2020-06-30"
1938;"energy";"electricity";2600;2767;"2019-10-10";"2020-06-01";"2020-10-31";"2020-10-01";"fristgerecht durch LichtBlick";"Berlin";"cancelled";1001;"2020-05-07"
1939;"energy";"electricity";2400;2289;"2020-09-20";"2020-11-01";"";"";"";"Lübeck";"active";1001;"2020-09-22"
1940;"energy";"gas";7800;8227;"2020-02-15";"2020-03-01";"";"";"";"Stuttgart";"indelivery";2001;"2020-09-23"
1941;"energy";"electricity";2300;2362;"2018-04-01";"2018-08-01";"";"";"";"Berlin";"indelivery";1001;"2018-05-01"
1942;"energy";"electricity";2600;2623;"2020-06-06";"2020-08-01";"";"";"";"Berlin";"indelivery";1000;"2020-09-05"
1943;"energy";"electricity";2600;2681;"2019-04-19";"2019-07-01";"";"";"";"Stuttgart";"indelivery";1001;"2019-08-12"
1944;"energy";"electricity";2700;2665;"2018-11-12";"2019-01-01";"";"";"";"Munich";"indelivery";1002;"2019-12-04"
1945;"energy";"electricity";2900;3009;"2019-06-20";"2020-02-01";"";"";"";"Würzburg";"indelivery";1002;"2019-10-16"
1946;"energy";"electricity";2300;"";"2019-09-08";"2020-01-01";"2020-12-31";"2020-12-03";"fristgerecht durch LichtBlick";"Saarbrücken";"cancelled";1000;"2020-01-26"
1947;"energy";"electricity";3000;2992;"2018-12-01";"2018-12-01";"";"";"";"Heidelberg";"indelivery";1002;"2019-02-02"
1948;"energy";"electricity";2300;2436;"2019-10-08";"2020-01-01";"";"";"";"Neumarkt";"indelivery";1000;"2020-02-14"
1949;"energy";"electricity";2600;"";"2019-06-10";"2020-08-01";"";"";"";"Berlin";"indelivery";1001;"2019-09-26"
1950;"energy";"electricity";2200;2169;"2019-05-10";"2019-06-01";"2019-11-30";"2019-10-25";"Umzug";"Berlin";"terminated";1002;"2019-10-25"
1951;"energy";"electricity";2800;3050;"2020-06-12";"2021-01-01";"";"";"";"Hamburg";"active";1002;"2020-09-23"
1952;"energy";"electricity";2000;"";"2020-04-30";"2020-05-01";"";"";"";"Berlin";"indelivery";1002;"2020-07-04"
1953;"energy";"gas";10100;10265;"2019-08-10";"2019-09-01";"";"";"";"Potsdam";"indelivery";2000;"2020-09-20"
1954;"energy";"electricity";2300;2514;"2019-05-10";"2019-07-01";"2020-03-31";"2020-03-02";"Umzug";"Bremen";"terminated";1000;"2019-09-04"
1955;"energy";"electricity";2900;2826;"2020-02-20";"2020-06-01";"";"";"";"Wittmund";"indelivery";1002;"2020-07-05"
1956;"energy";"gas";10600;11438;"2019-11-10";"2020-10-01";"";"";"";"Lübeck";"indelivery";2000;"2020-04-26"
1957;"energy";"gas";11300;11280;"2020-01-25";"2020-03-01";"";"";"";"Hannover";"indelivery";2000;"2020-04-27"
1958;"energy";"electricity";2300;2360;"2020-07-06";"2020-08-01";"";"";"";"Lübeck";"indelivery";1002;"2020-09-29"
1959;"energy";"electricity";2900;2862;"2020-06-15";"2021-01-01";"";"";"";"Düsseldorf";"active";1000;"2020-07-17"
1960;"energy";"electricity";3000;2846;"2020-09-16";"2021-06-01";"";"";"";"Bielefeld";"active";1001;"2020-09-27"
1961;"energy";"gas";8000;7864;"2020-03-12";"2020-05-01";"";"";"";"Stuttgart";"indelivery";2000;"2020-03-16"
1962;"energy";"electricity";2900;2964;"2020-03-06";"2020-04-01";"";"";"";"Hamburg";"indelivery";1001;"2020-09-03"
1963;"energy";"gas";9800;9548;"2018-03-28";"2018-04-01";"";"";"";"Wiesbaden";"indelivery";2001;"2018-08-07"
1964;"energy";"electricity";2600;2625;"2019-09-18";"2020-01-01";"";"";"";"Berlin";"indelivery";1001;"2020-06-14"
1965;"energy";"gas";11600;11527;"2018-08-24";"2018-11-01";"";"";"";"Münster";"indelivery";2001;"2019-01-05"
1966;"energy";"electricity";2600;2722;"2019-02-10";"2019-07-01";"";"";"";"Duisburg";"indelivery";1000;"2019-12-01"
1967;"energy";"electricity";2300;2371;"2018-01-27";"2018-02-01";"";"";"";"Germersheim";"indelivery";1001;"2019-02-21"
1968;"energy";"electricity";2600;2628;"2019-10-24";"2020-08-01";"";"";"";"Cologne";"indelivery";1000;"2020-04-28"
1969;"energy";"electricity";2200;2066;"2020-03-06";"2020-04-01";"";"";"";"Stuttgart";"indelivery";1001;"2020-03-14"
1970;"energy";"electricity";3000;3184;"2018-06-29";"2019-06-01";"";"";"";"Bremerhaven";"indelivery";1002;"2019-11-01"
1971;"energy";"electricity";2800;2873;"2018-12-03";"2019-09-01";"";"";"";"Berlin";"indelivery";1000;"2020-07-09"
1972;"energy";"electricity";2700;2915;"2018-01-20";"2018-02-01";"";"";"";"Dresden";"indelivery";1000;"2018-01-20"
1973;"energy";"electricity";2600;2529;"2018-06-12";"2018-08-01";"2018-08-01";"2020-03-03";"Wiederruf";"Hamburg";"terminated";1001;"2019-12-17"
1974;"energy";"gas";11600;11488;"2019-12-09";"2020-03-01";"";"";"";"Apolda";"indelivery";2000;"2020-02-16"
1975;"energy";"electricity";2700;2846;"2019-11-08";"2020-04-01";"";"";"";"Munich";"indelivery";1001;"2020-04-11"
1976;"energy";"electricity";2400;2496;"2018-07-01";"2019-02-01";"";"";"";"Cologne";"indelivery";1000;"2018-09-17"
1977;"energy";"gas";8000;7836;"2019-08-18";"2019-09-01";"";"";"";"Berlin";"indelivery";2001;"2020-07-16"
1978;"energy";"electricity";2500;2577;"2019-03-07";"2019-05-01";"2020-09-30";"2020-08-29";"Umzug";"Erfurt";"terminated";1000;"2019-04-24"
1979;"energy";"gas";8300;8697;"2019-03-12";"2019-06-01";"";"";"";"Koblenz";"indelivery";2001;"2020-05-27"
1980;"energy";"gas";9600;9168;"2019-10-30";"2020-01-01";"";"";"";"Essen";"indelivery";2000;"2020-07-29"
1981;"energy";"electricity";1900;1908;"2019-08-26";"2019-10-01";"";"";"";"Cologne";"indelivery";1001;"2020-06-14"
1982;"energy";"electricity";2900;3082;"2019-09-13";"2019-10-01";"2019-12-31";"2019-11-27";"fristgerecht durch Kunde";"Freiburg";"terminated";1000;"2019-11-27"
1983;"energy";"electricity";2400;2324;"2019-03-29";"2019-10-01";"";"";"";"Kassel";"indelivery";1001;"2019-10-29"
1984;"energy";"electricity";2400;2594;"2020-07-13";"2021-02-01";"";"";"";"Leipzig";"active";1001;"2020-08-10"
1985;"energy";"electricity";2900;2801;"2018-03-16";"2018-05-01";"2018-05-01";"2019-08-31";"Wiederruf";"Leipzig";"terminated";1000;"2019-01-18"
1986;"energy";"electricity";2200;2297;"2018-11-29";"2018-12-01";"";"";"";"Berlin";"indelivery";1000;"2019-04-29"
1987;"energy";"electricity";2700;2575;"2018-10-02";"2019-06-01";"";"";"";"Cologne";"indelivery";1000;"2019-06-12"
1988;"energy";"electricity";2100;"";"2018-02-05";"2018-07-01";"";"";"";"Munich";"indelivery";1000;"2019-11-20"
1989;"energy";"electricity";2800;2918;"2018-11-22";"2019-01-01";"";"";"";"Cologne";"indelivery";1002;"2019-02-27"
1990;"energy";"gas";9400;9914;"2018-06-15";"2018-11-01";"2020-11-30";"2020-10-30";"fristgerecht durch LichtBlick";"Lübeck";"cancelled";2001;"2020-05-30"
1991;"energy";"electricity";2900;3124;"2018-08-26";"2018-09-01";"";"";"";"Duisburg";"indelivery";1002;"2018-10-14"
1992;"energy";"electricity";2000;2163;"2019-07-03";"2019-10-01";"";"";"";"Altchemnitz";"indelivery";1001;"2019-08-02"
1993;"energy";"electricity";3000;3103;"2020-01-20";"2020-03-01";"";"";"";"Göttingen";"indelivery";1000;"2020-03-26"
1994;"energy";"electricity";2600;2578;"2020-05-28";"2020-09-01";"";"";"";"Rostock";"indelivery";1000;"2020-09-04"
1995;"energy";"electricity";2700;2860;"2019-08-06";"2019-10-01";"";"";"";"Ulm";"indelivery";1000;"2020-06-27"
1996;"energy";"electricity";2300;2393;"2020-07-28";"2020-10-01";"";"";"";"Hamburg";"indelivery";1002;"2020-09-27"
1997;"energy";"electricity";2600;2663;"2019-12-28";"2020-02-01";"";"";"";"Hamburg";"indelivery";1000;"2020-03-22"
1998;"energy";"electricity";2400;2488;"2020-03-09";"2020-10-01";"";"";"";"Stuttgart";"indelivery";1002;"2020-08-03"
1999;"energy";"electricity";2200;2344;"2018-09-28";"2019-04-01";"";"";"";"Hamburg";"indelivery";1002;"2020-07-09"
2000;"energy";"electricity";2800;2799;"2018-06-04";"2019-01-01";"";"";"";"Hamburg";"indelivery";1002;"2020-04-02"
2001;"energy";"electricity";2100;2175;"2020-07-28";"2021-06-01";"";"";"";"Saarbrücken";"active";1002;"2020-08-31"
2002;"energy";"gas";8500;8636;"2019-04-17";"2019-11-01";"";"";"";"Berlin";"indelivery";2000;"2019-07-05"
2003;"energy";"gas";8300;8802;"2019-12-14";"2021-06-01";"";"";"";"Stuttgart";"active";2001;"2020-08-10"
2004;"energy";"electricity";2300;2287;"2018-10-01";"2018-12-01";"2019-02-28";"2019-01-30";"fristgerecht durch LichtBlick";"Freiburg";"terminated";1000;"2019-01-21"
2005;"energy";"electricity";2600;2698;"2019-10-08";"2020-02-01";"";"";"";"Gera";"indelivery";1001;"2020-06-10"
2006;"energy";"electricity";2300;2308;"2019-03-18";"2019-07-01";"";"";"";"Hamburg";"indelivery";1000;"2020-09-27"
2007;"energy";"electricity";2800;2801;"2020-01-13";"2020-04-01";"";"";"";"Emden";"indelivery";1001;"2020-03-19"
2008;"energy";"electricity";2500;2662;"2018-10-25";"2019-01-01";"2020-02-29";"2020-01-30";"Umzug";"Hamburg";"terminated";1000;"2019-01-04"
2009;"energy";"electricity";2800;2795;"2020-02-27";"2020-03-01";"2020-03-01";"2020-09-02";"Wiederruf";"Göttingen";"terminated";1000;"2020-07-01"
2010;"energy";"electricity";2500;2355;"2018-10-01";"2018-10-01";"2019-04-30";"2019-03-28";"fristgerecht durch Kunde";"Cologne";"terminated";1002;"2019-03-28"
2011;"energy";"gas";9800;9879;"2020-09-22";"2021-04-01";"";"";"";"Altchemnitz";"active";2001;"2020-09-29"
2012;"energy";"electricity";2200;2151;"2019-02-05";"2019-07-01";"2019-07-01";"2020-09-02";"Wiederruf";"Berlin";"terminated";1001;"2019-10-15"
2013;"energy";"electricity";2700;2733;"2018-09-10";"2018-10-01";"";"";"";"Frankfurt";"indelivery";1001;"2020-06-23"
2014;"energy";"gas";7600;7389;"2020-03-23";"2021-04-01";"";"";"";"Hamburg";"active";2000;"2020-04-16"
2015;"energy";"electricity";2900;3025;"2018-04-16";"2018-07-01";"2018-07-01";"2020-05-02";"Wiederruf";"Karlsruhe";"terminated";1001;"2019-07-29"
2016;"energy";"electricity";2500;2476;"2020-09-07";"2021-05-01";"";"";"";"Mülheim";"active";1000;"2020-09-26"
2017;"energy";"electricity";2200;2251;"2020-01-25";"2020-04-01";"";"";"";"Lübeck";"indelivery";1002;"2020-08-20"
2018;"energy";"gas";9900;9491;"2019-06-19";"2019-08-01";"";"";"";"Cologne";"indelivery";2000;"2020-04-07"
2019;"energy";"electricity";2900;2981;"2018-10-25";"2019-05-01";"";"";"";"Bremen";"indelivery";1001;"2019-08-27"
2020;"energy";"electricity";2700;2888;"2019-11-01";"2020-06-01";"";"";"";"Essen";"indelivery";1000;"2020-03-07"
2021;"energy";"electricity";2500;2548;"2018-01-09";"2018-03-01";"2020-12-31";"2020-11-29";"fristgerecht durch Kunde";"Düsseldorf";"cancelled";1002;"2020-08-27"
2022;"energy";"electricity";3000;2899;"2018-11-22";"2019-02-01";"";"";"";"Cologne";"indelivery";1002;"2019-05-13"
2023;"energy";"gas";10100;10608;"2019-04-18";"2020-02-01";"";"";"";"Berlin";"indelivery";2001;"2019-09-16"
2024;"energy";"gas";9400;"";"2018-06-15";"2018-08-01";"2020-03-31";"2020-03-03";"fristgerecht durch Kunde";"Hamburg";"terminated";2001;"2020-03-03"
2025;"energy";"gas";9400;9062;"2018-09-12";"2018-12-01";"";"";"";"Hannover";"indelivery";2001;"2019-07-06"
2026;"energy";"gas";9000;8910;"2018-12-29";"2019-05-01";"2019-12-31";"2019-12-02";"fristgerecht durch Kunde";"Mannheim";"terminated";2001;"2019-12-02"
2027;"energy";"electricity";1900;2000;"2019-01-24";"2019-03-01";"";"";"";"Hamburg";"indelivery";1001;"2019-10-26"
2028;"energy";"electricity";2500;2487;"2018-01-23";"2018-12-01";"";"";"";"Munich";"indelivery";1000;"2019-05-24"
2029;"energy";"gas";7900;8484;"2019-03-27";"2019-11-01";"";"";"";"Berlin";"indelivery";2001;"2020-03-30"
2030;"energy";"electricity";2100;2285;"2019-12-23";"2020-07-01";"";"";"";"Frankfurt";"indelivery";1000;"2020-02-06"
2031;"energy";"gas";8600;8500;"2019-01-30";"2019-03-01";"";"";"";"Wuppertal";"indelivery";2001;"2020-04-10"
2032;"energy";"electricity";2400;2548;"2019-08-09";"2020-02-01";"";"";"";"Münster";"indelivery";1000;"2019-11-12"
2033;"energy";"gas";9100;8852;"2019-11-08";"2019-12-01";"";"";"";"Frankfurt";"indelivery";2001;"2020-06-15"
2034;"energy";"electricity";2200;2341;"2018-08-12";"2018-11-01";"";"";"";"Wuppertal";"indelivery";1000;"2019-02-04"
2035;"energy";"gas";10600;10328;"2018-12-28";"2019-02-01";"2019-07-31";"2019-07-03";"fristgerecht durch Kunde";"Bielefeld";"terminated";2001;"2019-07-03"
2036;"energy";"gas";8100;8614;"2019-11-03";"2020-06-01";"";"";"";"Berlin";"indelivery";2000;"2020-05-15"
2037;"energy";"gas";8800;9394;"2019-08-18";"2019-10-01";"2019-10-01";"2020-11-01";"Wiederruf";"Cologne";"terminated";2001;"2020-08-12"
2038;"energy";"electricity";2700;2859;"2019-02-10";"2019-11-01";"";"";"";"Göttingen";"indelivery";1000;"2019-03-22"
2039;"energy";"electricity";2700;2598;"2019-09-13";"2020-02-01";"";"";"";"Frankfurt";"indelivery";1001;"2020-05-20"
2040;"energy";"electricity";2800;"";"2019-08-13";"2019-11-01";"2019-11-01";"2019-11-27";"Wiederruf";"Cologne";"terminated";1002;"2019-11-27"
2041;"energy";"electricity";2400;2472;"2018-02-12";"2018-04-01";"2019-03-31";"2019-03-03";"Umzug";"Berlin";"terminated";1002;"2019-02-20"
2042;"energy";"electricity";2500;2631;"2019-11-10";"2020-03-01";"";"";"";"Karlsruhe";"indelivery";1000;"2020-03-26"
2043;"energy";"electricity";2700;2690;"2018-09-28";"2019-01-01";"";"";"";"Munich";"indelivery";1002;"2019-01-22"
2044;"energy";"gas";11200;11037;"2019-07-30";"2020-03-01";"";"";"";"Munich";"indelivery";2000;"2020-06-08"
2045;"energy";"electricity";2600;2494;"2019-09-09";"2019-12-01";"";"";"";"Berlin";"indelivery";1000;"2020-04-25"
2046;"energy";"gas";9200;9771;"2018-12-30";"2019-05-01";"";"";"";"Heidelberg";"indelivery";2001;"2019-08-29"
2047;"energy";"electricity";2300;2236;"2020-03-02";"2020-06-01";"";"";"";"Berlin";"indelivery";1001;"2020-03-02"
2048;"energy";"electricity";2200;2377;"2020-01-22";"2020-03-01";"";"";"";"Hamburg";"indelivery";1002;"2020-04-15"
2049;"energy";"electricity";2600;2784;"2019-03-07";"2019-05-01";"";"";"";"Hamburg";"indelivery";1001;"2019-05-27"
2050;"energy";"electricity";2500;2439;"2020-05-26";"2020-07-01";"";"";"";"Wuppertal";"indelivery";1001;"2020-08-08"
2051;"energy";"electricity";2300;2181;"2018-10-14";"2018-12-01";"";"";"";"Euskirchen";"indelivery";1000;"2019-06-26"
2052;"energy";"electricity";2600;2676;"2019-12-06";"2020-05-01";"";"";"";"Bremerhaven";"indelivery";1001;"2020-08-30"
2053;"energy";"electricity";2700;2745;"2018-12-09";"2019-04-01";"";"";"";"Hannover";"indelivery";1001;"2019-12-08"
2054;"energy";"electricity";2300;2246;"2019-06-04";"2019-09-01";"2020-05-31";"2020-04-30";"Umzug";"Saarlouis";"terminated";1001;"2019-08-01"
2055;"energy";"electricity";2000;2156;"2020-02-03";"2020-04-01";"";"";"";"Berlin";"indelivery";1000;"2020-06-07"
2056;"energy";"electricity";2600;2672;"2018-01-24";"2018-04-01";"2018-04-01";"2019-07-03";"Wiederruf";"Berlin";"terminated";1001;"2018-10-04"
2057;"energy";"electricity";2600;2575;"2019-09-12";"2020-06-01";"";"";"";"Cologne";"indelivery";1000;"2020-04-07"
2058;"energy";"electricity";2900;2999;"2020-03-19";"2020-05-01";"2020-05-01";"2020-09-01";"Wiederruf";"Dortmund";"terminated";1000;"2020-06-13"
2059;"energy";"electricity";2800;2699;"2020-06-06";"2020-08-01";"";"";"";"Bonn";"indelivery";1002;"2020-08-17"
2060;"energy";"electricity";2100;2040;"2019-08-23";"2019-11-01";"";"";"";"Marienberg";"indelivery";1001;"2020-04-03"
2061;"energy";"electricity";2400;2491;"2019-05-21";"2019-08-01";"2020-12-31";"2020-12-02";"Umzug";"Gießen";"cancelled";1002;"2019-09-24"
2062;"energy";"electricity";2800;2921;"2020-08-03";"2020-12-01";"";"";"";"Flensburg";"active";1001;"2020-08-26"
2063;"energy";"electricity";2200;2103;"2019-04-06";"2020-03-01";"";"";"";"Dortmund";"indelivery";1001;"2019-07-05"
2064;"energy";"gas";8200;8036;"2018-05-20";"2018-11-01";"";"";"";"Dessau-Roßlau";"indelivery";2000;"2018-07-14"
2065;"energy";"electricity";2800;2732;"2018-12-21";"2019-05-01";"";"";"";"Lübeck";"indelivery";1001;"2019-01-04"
2066;"energy";"electricity";2900;2981;"2018-06-18";"2018-09-01";"2020-10-31";"2020-09-30";"Umzug";"Wuppertal";"cancelled";1000;"2018-10-07"
2067;"energy";"electricity";2200;"";"2020-01-08";"2020-03-01";"";"";"";"Berlin";"indelivery";1001;"2020-05-19"
2068;"energy";"electricity";2800;2859;"2018-05-07";"2018-08-01";"2020-03-31";"2020-03-02";"fristgerecht durch Kunde";"Altchemnitz";"terminated";1001;"2020-01-18"
2069;"energy";"electricity";2900;2791;"2018-03-16";"2018-04-01";"";"";"";"Karlsruhe";"indelivery";1001;"2018-05-10"
2070;"energy";"gas";10000;10405;"2020-04-13";"2020-06-01";"";"";"";"Munich";"indelivery";2000;"2020-06-02"
2071;"energy";"electricity";2200;"";"2018-10-21";"2019-08-01";"2020-12-31";"2020-11-27";"fristgerecht durch LichtBlick";"Berlin";"cancelled";1000;"2019-10-06"
2072;"energy";"electricity";2800;2851;"2019-02-13";"2019-10-01";"";"";"";"Stuttgart";"indelivery";1000;"2019-09-22"
2073;"energy";"electricity";2400;2375;"2018-07-03";"2018-10-01";"2018-12-31";"2018-12-01";"fristgerecht durch Kunde";"Berlin";"terminated";1002;"2018-12-01"
2074;"energy";"electricity";2900;3043;"2019-07-09";"2020-10-01";"";"";"";"Stadthagen";"indelivery";1000;"2019-12-13"
2075;"energy";"electricity";2200;2222;"2020-02-07";"2020-05-01";"";"";"";"Ingelheim";"indelivery";1002;"2020-05-27"
2076;"energy";"gas";9200;9620;"2019-03-27";"2019-05-01";"";"";"";"Munich";"indelivery";2000;"2020-09-05"
2077;"energy";"electricity";2000;2102;"2018-12-10";"2019-06-01";"";"";"";"Hamburg";"indelivery";1000;"2019-04-25"
2078;"energy";"electricity";2000;1955;"2018-11-07";"2018-12-01";"2020-12-31";"2020-12-01";"Umzug";"Hamburg";"cancelled";1000;"2019-01-31"
2079;"energy";"electricity";2000;2011;"2019-09-10";"2020-04-01";"";"";"";"Cologne";"indelivery";1001;"2019-10-15"
2080;"energy";"electricity";2000;1966;"2018-11-11";"2018-12-01";"2020-01-31";"2020-01-03";"fristgerecht durch Kunde";"Hamburg";"terminated";1000;"2019-10-16"
2081;"energy";"electricity";2200;2172;"2020-08-19";"2020-11-01";"";"";"";"Stralsund";"active";1000;"2020-09-06"
2082;"energy";"electricity";2500;2601;"2018-03-27";"2018-06-01";"";"";"";"Kassel";"indelivery";1000;"2019-03-13"
2083;"energy";"electricity";2600;"";"2020-07-08";"2020-09-01";"";"";"";"Emmendingen";"indelivery";1000;"2020-08-24"
2084;"energy";"electricity";2000;2125;"2018-12-31";"2019-04-01";"";"";"";"Cologne";"indelivery";1002;"2019-08-22"
2085;"energy";"electricity";2900;2827;"2018-04-02";"2018-07-01";"2018-07-01";"2020-08-03";"Wiederruf";"Karlsruhe";"terminated";1000;"2019-09-30"
2086;"energy";"electricity";2300;2455;"2020-08-29";"2020-09-01";"";"";"";"Berlin";"indelivery";1000;"2020-09-03"
2087;"energy";"electricity";2300;2490;"2018-07-30";"2018-11-01";"2018-11-01";"2019-03-30";"Wiederruf";"Stuttgart";"terminated";1000;"2019-03-30"
2088;"energy";"electricity";3100;3066;"2018-06-12";"2018-11-01";"";"";"";"Emmendingen";"indelivery";1001;"2018-07-19"
2089;"energy";"electricity";2500;2638;"2020-02-12";"2020-10-01";"";"";"";"Karlsruhe";"indelivery";1000;"2020-02-27"
2090;"energy";"electricity";2100;2155;"2019-01-07";"2019-02-01";"";"";"";"Berlin";"indelivery";1002;"2019-06-14"
2091;"energy";"electricity";2400;2538;"2019-07-07";"2020-03-01";"";"";"";"Greiz";"indelivery";1000;"2019-12-15"
2092;"energy";"gas";11800;12450;"2018-04-11";"2018-06-01";"";"";"";"Dortmund";"indelivery";2001;"2018-10-23"
2093;"energy";"electricity";2200;2166;"2018-07-20";"2018-10-01";"2020-08-31";"2020-08-03";"Umzug";"Berlin";"terminated";1001;"2019-09-05"
2094;"energy";"electricity";2600;"";"2018-05-27";"2018-06-01";"";"";"";"Frankfurt";"indelivery";1002;"2018-08-31"
2095;"energy";"electricity";2000;"";"2018-06-06";"2018-08-01";"2019-01-31";"2019-01-02";"fristgerecht durch LichtBlick";"Wiesbaden";"terminated";1001;"2018-12-01"
2096;"energy";"electricity";2300;2455;"2018-10-28";"2019-10-01";"";"";"";"Neuburg";"indelivery";1001;"2020-03-30"
2097;"energy";"electricity";2400;2350;"2020-06-21";"2021-04-01";"";"";"";"Bremen";"active";1002;"2020-09-18"
2098;"energy";"electricity";2100;2072;"2020-03-18";"2020-05-01";"";"";"";"Detmold";"indelivery";1000;"2020-08-05"
2099;"energy";"electricity";2100;2157;"2019-05-10";"2019-07-01";"2019-07-01";"2020-08-27";"Wiederruf";"Düsseldorf";"terminated";1001;"2020-02-11"
2100;"energy";"electricity";2400;2377;"2018-05-11";"2019-02-01";"";"";"";"Stuttgart";"indelivery";1002;"2019-04-08"
2101;"energy";"electricity";3000;3011;"2020-07-31";"2020-08-01";"";"";"";"Saarbrücken";"indelivery";1001;"2020-09-23"
2102;"energy";"electricity";2600;2670;"2020-04-20";"2020-05-01";"";"";"";"Bremerhaven";"indelivery";1002;"2020-08-24"
2103;"energy";"electricity";2500;2707;"2018-07-06";"2018-12-01";"2020-01-31";"2019-12-28";"Umzug";"Rostock";"terminated";1001;"2019-12-28"
2104;"energy";"electricity";2900;2851;"2018-06-04";"2018-08-01";"";"";"";"Mainz";"indelivery";1000;"2018-12-02"
2105;"energy";"electricity";2200;2334;"2018-08-12";"2018-12-01";"2018-12-01";"2020-09-02";"Wiederruf";"Dessau-Roßlau";"terminated";1001;"2019-01-02"
2106;"energy";"electricity";2300;2314;"2019-03-02";"2019-06-01";"";"";"";"Kassel";"indelivery";1001;"2020-08-26"
2107;"energy";"electricity";2800;2639;"2019-02-08";"2019-04-01";"";"";"";"Hamburg";"indelivery";1001;"2019-12-23"
2108;"energy";"electricity";2600;2609;"2018-10-05";"2018-11-01";"";"";"";"Munich";"indelivery";1001;"2020-06-30"
2109;"energy";"electricity";2900;2965;"2018-06-06";"2018-11-01";"";"";"";"Munich";"indelivery";1001;"2020-05-25"
2110;"energy";"electricity";2900;2761;"2020-05-08";"2020-06-01";"";"";"";"Hamburg";"indelivery";1002;"2020-06-27"
2111;"energy";"electricity";2500;2505;"2018-10-19";"2019-03-01";"2019-04-30";"2019-03-27";"Umzug";"Mainz";"terminated";1002;"2019-01-16"
2112;"energy";"electricity";2000;2046;"2020-01-20";"2020-05-01";"";"";"";"Emden";"indelivery";1002;"2020-08-03"
2113;"energy";"electricity";2900;2975;"2018-09-30";"2019-11-01";"2019-11-01";"2020-02-27";"Wiederruf";"Mannheim";"terminated";1002;"2019-02-09"
2114;"energy";"electricity";2400;2508;"2020-06-23";"2020-08-01";"";"";"";"Bonn";"indelivery";1001;"2020-07-16"
2115;"energy";"electricity";2000;2082;"2020-02-01";"2020-05-01";"";"";"";"Berlin";"indelivery";1001;"2020-03-19"
2116;"energy";"electricity";2000;1960;"2018-04-03";"2018-10-01";"";"";"";"Bonn";"indelivery";1002;"2018-10-11"
2117;"energy";"electricity";2400;2539;"2018-11-23";"2019-05-01";"";"";"";"Altchemnitz";"indelivery";1002;"2020-03-15"
2118;"energy";"electricity";2400;2411;"2019-08-21";"2020-04-01";"";"";"";"Marienberg";"indelivery";1001;"2020-03-02"
2119;"energy";"electricity";2400;2289;"2018-03-03";"2018-05-01";"2019-09-30";"2019-08-31";"fristgerecht durch Kunde";"Mannheim";"terminated";1001;"2018-04-25"
2120;"energy";"electricity";2300;"";"2018-06-06";"2018-08-01";"";"";"";"Düsseldorf";"indelivery";1000;"2020-06-24"
2121;"energy";"electricity";2800;"";"2019-12-29";"2020-04-01";"";"";"";"Hamburg";"indelivery";1002;"2020-02-17"
2122;"energy";"electricity";2300;"";"2019-01-09";"2019-04-01";"";"";"";"Bremen";"indelivery";1002;"2019-07-31"
2123;"energy";"electricity";2500;2334;"2019-11-21";"2021-05-01";"";"";"";"Osnabrück";"active";1000;"2020-07-10"
2124;"energy";"electricity";2100;"";"2018-11-23";"2019-02-01";"";"";"";"Bremerhaven";"indelivery";1000;"2020-03-06"
2125;"energy";"electricity";2500;2588;"2020-02-15";"2020-07-01";"";"";"";"Berlin";"indelivery";1001;"2020-08-03"
2126;"energy";"electricity";2300;2315;"2020-05-31";"2020-06-01";"";"";"";"Berlin";"indelivery";1000;"2020-06-10"
2127;"energy";"electricity";2900;2827;"2019-07-20";"2019-08-01";"";"";"";"Münster";"indelivery";1001;"2020-07-28"
2128;"energy";"electricity";2500;2498;"2020-05-24";"2020-08-01";"";"";"";"Saarbrücken";"indelivery";1001;"2020-06-20"
2129;"energy";"electricity";2800;2697;"2019-06-25";"2019-10-01";"";"";"";"Duisburg";"indelivery";1002;"2020-08-27"
2130;"energy";"electricity";2300;2347;"2019-09-27";"2019-11-01";"";"";"";"Munich";"indelivery";1001;"2020-08-10"
2131;"energy";"gas";11700;12161;"2020-05-06";"2020-07-01";"";"";"";"Gera";"indelivery";2001;"2020-08-24"
2132;"energy";"electricity";2000;1970;"2019-05-21";"2019-12-01";"2020-11-30";"2020-10-31";"fristgerecht durch Kunde";"Berlin";"cancelled";1002;"2019-08-15"
2133;"energy";"electricity";2400;2485;"2020-03-07";"2020-05-01";"";"";"";"Bremen";"indelivery";1001;"2020-06-25"
2134;"energy";"gas";9200;9101;"2019-04-26";"2019-07-01";"";"";"";"Düsseldorf";"indelivery";2000;"2019-06-25"
2135;"energy";"electricity";2100;2043;"2019-05-10";"2019-08-01";"";"";"";"Leipzig";"indelivery";1002;"2020-07-24"
2136;"energy";"electricity";2900;"";"2018-08-22";"2018-12-01";"";"";"";"Flensburg";"indelivery";1002;"2019-08-15"
2137;"energy";"electricity";2100;2123;"2020-09-13";"2020-11-01";"";"";"";"Rostock";"active";1002;"2020-09-13"
2138;"energy";"electricity";2500;2620;"2020-05-22";"2020-07-01";"";"";"";"Frankfurt";"indelivery";1000;"2020-07-28"
2139;"energy";"electricity";2600;2436;"2019-07-11";"2020-04-01";"";"";"";"Hamburg";"indelivery";1002;"2019-10-02"
2140;"energy";"electricity";2700;2612;"2018-06-04";"2018-09-01";"";"";"";"Berlin";"indelivery";1001;"2018-11-03"
2141;"energy";"electricity";2800;2793;"2018-03-06";"2018-09-01";"";"";"";"Regensburg";"indelivery";1000;"2019-11-14"
2142;"energy";"electricity";2500;2492;"2018-10-03";"2019-01-01";"";"";"";"Dresden";"indelivery";1000;"2020-04-26"
2143;"energy";"electricity";2300;2442;"2019-11-30";"2020-02-01";"";"";"";"Berlin";"indelivery";1002;"2020-05-01"
2144;"energy";"electricity";2100;2143;"2019-10-21";"2020-02-01";"2020-04-30";"2020-04-01";"fristgerecht durch LichtBlick";"Dortmund";"terminated";1000;"2020-04-01"
2145;"energy";"gas";10900;10461;"2018-08-23";"2019-01-01";"";"";"";"Berlin";"indelivery";2001;"2020-06-17"
2146;"energy";"electricity";2100;2248;"2020-08-30";"2020-11-01";"";"";"";"Berlin";"active";1001;"2020-09-04"
2147;"energy";"electricity";2100;2222;"2020-08-21";"2020-09-01";"";"";"";"Oldenburg";"indelivery";1000;"2020-09-17"
2148;"energy";"electricity";2500;2491;"2019-08-27";"2019-12-01";"";"";"";"Hamburg";"indelivery";1000;"2020-03-04"
2149;"energy";"electricity";2200;"";"2019-02-21";"2019-04-01";"";"";"";"Kiel";"indelivery";1000;"2019-12-16"
2150;"energy";"gas";8800;9490;"2018-02-20";"2018-03-01";"2018-05-31";"2018-05-01";"fristgerecht durch LichtBlick";"Hamburg";"terminated";2001;"2018-05-01"
2151;"energy";"electricity";2500;2570;"2019-10-26";"2020-08-01";"";"";"";"Kassel";"indelivery";1000;"2020-08-07"
2152;"energy";"electricity";2400;2293;"2018-12-27";"2019-04-01";"";"";"";"Leipzig";"indelivery";1001;"2019-06-13"
2153;"energy";"gas";10100;10792;"2019-08-02";"2020-02-01";"";"";"";"Munich";"indelivery";2000;"2019-12-16"
2154;"energy";"electricity";2600;2656;"2020-02-17";"2020-05-01";"";"";"";"Cologne";"indelivery";1000;"2020-09-10"
2155;"energy";"electricity";2300;2324;"2019-07-27";"2019-08-01";"";"";"";"Hamburg";"indelivery";1001;"2020-07-16"
2156;"energy";"electricity";2800;2708;"2018-07-19";"2018-08-01";"2020-06-30";"2020-05-30";"fristgerecht durch LichtBlick";"Stralsund";"terminated";1001;"2020-05-12"
2157;"energy";"electricity";2300;2259;"2019-12-05";"2020-09-01";"";"";"";"Stuttgart";"indelivery";1000;"2020-04-24"
2158;"energy";"electricity";2800;2774;"2020-08-27";"2020-10-01";"";"";"";"Bielefeld";"indelivery";1001;"2020-08-30"
2159;"energy";"electricity";2700;2770;"2020-08-16";"2021-06-01";"";"";"";"Rostock";"active";1000;"2020-09-03"
2160;"energy";"gas";12000;11660;"2019-04-05";"2020-02-01";"2020-02-01";"2020-05-02";"Wiederruf";"Osnabrück";"terminated";2001;"2020-04-20"
2161;"energy";"electricity";2700;2783;"2019-04-02";"2019-06-01";"";"";"";"Dresden";"indelivery";1001;"2019-08-14"
2162;"energy";"electricity";2600;2587;"2019-12-14";"2021-02-01";"";"";"";"Hamburg";"active";1002;"2020-08-03"
2163;"energy";"electricity";2500;2570;"2020-09-06";"2021-05-01";"";"";"";"Osnabrück";"active";1000;"2020-09-10"
2164;"energy";"electricity";2400;2540;"2019-05-30";"2019-10-01";"";"";"";"Berlin";"indelivery";1002;"2020-05-15"
2165;"energy";"electricity";2700;2826;"2020-09-28";"2020-10-01";"";"";"";"Hamburg";"indelivery";1002;"2020-09-28"
2166;"energy";"electricity";2800;2810;"2019-11-07";"2020-09-01";"";"";"";"Dresden";"indelivery";1002;"2020-01-08"
2167;"energy";"electricity";2300;"";"2019-04-03";"2019-07-01";"";"";"";"Hannover";"indelivery";1002;"2019-04-03"
2168;"energy";"electricity";2100;2267;"2018-07-23";"2018-09-01";"";"";"";"Bremen";"indelivery";1002;"2020-08-02"
2169;"energy";"electricity";2900;2803;"2019-04-27";"2019-07-01";"";"";"";"Leipzig";"indelivery";1001;"2020-01-08"
2170;"energy";"electricity";2600;2743;"2019-05-09";"2020-01-01";"";"";"";"Frankfurt";"indelivery";1002;"2019-10-21"
2171;"energy";"electricity";2900;3028;"2018-07-07";"2019-02-01";"";"";"";"Dortmund";"indelivery";1000;"2019-03-01"
2172;"energy";"electricity";3000;2961;"2019-10-29";"2019-12-01";"2020-07-31";"2020-06-26";"fristgerecht durch Kunde";"Dresden";"terminated";1000;"2020-01-15"
2173;"energy";"electricity";2000;2099;"2018-07-29";"2018-12-01";"";"";"";"Cologne";"indelivery";1002;"2018-11-30"
2174;"energy";"electricity";2300;2438;"2020-08-19";"2020-11-01";"";"";"";"Hamburg";"active";1000;"2020-09-07"
2175;"energy";"electricity";2100;2085;"2018-08-04";"2018-10-01";"2020-03-31";"2020-03-03";"fristgerecht durch LichtBlick";"Heidelberg";"terminated";1001;"2019-08-29"
2176;"energy";"electricity";2700;2804;"2019-04-17";"2019-08-01";"";"";"";"Hamburg";"indelivery";1001;"2020-02-08"
2177;"energy";"electricity";2500;2450;"2018-02-21";"2019-02-01";"";"";"";"Erfurt";"indelivery";1002;"2019-10-20"
2178;"energy";"electricity";2900;2858;"2020-07-26";"2020-10-01";"";"";"";"Mannheim";"indelivery";1002;"2020-09-07"
2179;"energy";"electricity";2400;2487;"2019-07-30";"2020-04-01";"";"";"";"Stuttgart";"indelivery";1000;"2019-08-21"
2180;"energy";"gas";9400;9754;"2018-12-12";"2019-04-01";"";"";"";"Wismar";"indelivery";2000;"2020-03-07"
2181;"energy";"electricity";2100;"";"2018-07-25";"2018-08-01";"";"";"";"Berlin";"indelivery";1002;"2018-11-18"
2182;"energy";"electricity";2700;2893;"2020-03-25";"2020-07-01";"";"";"";"Berlin";"indelivery";1002;"2020-08-31"
2183;"energy";"electricity";2300;"";"2018-10-18";"2019-01-01";"2020-07-31";"2020-07-03";"fristgerecht durch Kunde";"Munich";"terminated";1002;"2019-01-19"
2184;"energy";"electricity";3000;2894;"2019-11-09";"2020-04-01";"";"";"";"Saarbrücken";"indelivery";1001;"2019-12-25"
2185;"energy";"electricity";2700;2730;"2018-02-27";"2018-04-01";"";"";"";"Berlin";"indelivery";1001;"2020-07-20"
2186;"energy";"electricity";2500;"";"2019-07-07";"2019-09-01";"2020-10-31";"2020-09-29";"Umzug";"Berlin";"cancelled";1002;"2019-12-28"
2187;"energy";"electricity";2400;2344;"2020-02-26";"2020-03-01";"";"";"";"Cologne";"indelivery";1002;"2020-03-11"
2188;"energy";"electricity";2600;2552;"2018-10-02";"2018-12-01";"";"";"";"Berlin";"indelivery";1000;"2019-02-14"
2189;"energy";"electricity";2700;2790;"2018-05-28";"2018-08-01";"2018-10-31";"2018-10-03";"fristgerecht durch LichtBlick";"Düsseldorf";"terminated";1000;"2018-10-03"
2190;"energy";"electricity";2000;2156;"2018-08-18";"2019-02-01";"";"";"";"Berlin";"indelivery";1001;"2019-06-07"
2191;"energy";"gas";9300;9450;"2019-01-31";"2019-05-01";"";"";"";"Berlin";"indelivery";2001;"2020-05-14"
2192;"energy";"electricity";2700;2641;"2019-06-02";"2019-08-01";"2020-05-31";"2020-05-01";"fristgerecht durch LichtBlick";"Berlin";"terminated";1002;"2019-06-29"
2193;"energy";"gas";11500;11597;"2019-05-10";"2019-07-01";"";"";"";"Bremen";"indelivery";2000;"2019-11-03"
2194;"energy";"electricity";2000;1949;"2018-11-12";"2019-01-01";"";"";"";"Berlin";"indelivery";1001;"2019-04-21"
2195;"energy";"electricity";2800;2879;"2019-02-06";"2019-04-01";"";"";"";"Ebersberg";"indelivery";1002;"2020-07-01"
2196;"energy";"electricity";2300;2293;"2018-12-27";"2019-03-01";"";"";"";"Düsseldorf";"indelivery";1001;"2019-09-06"
2197;"energy";"gas";9800;10146;"2018-01-22";"2018-05-01";"";"";"";"Stuttgart";"indelivery";2001;"2019-08-10"
2198;"energy";"gas";10500;10881;"2019-05-05";"2019-07-01";"2019-08-31";"2019-07-31";"Umzug";"Rosenheim";"terminated";2000;"2019-07-31"
2199;"energy";"electricity";2700;"";"2020-03-10";"2020-07-01";"";"";"";"Düsseldorf";"indelivery";1001;"2020-05-27"
2200;"energy";"electricity";2200;2322;"2020-07-21";"2021-01-01";"";"";"";"Berlin";"active";1001;"2020-07-30"
2201;"energy";"electricity";2200;2089;"2018-03-13";"2018-05-01";"";"";"";"Waiblingen";"indelivery";1002;"2020-08-16"
2202;"energy";"gas";11200;11692;"2018-03-10";"2018-05-01";"";"";"";"Kassel";"indelivery";2000;"2018-03-26"
2203;"energy";"electricity";2100;2047;"2020-09-09";"2020-11-01";"";"";"";"Bremen";"active";1000;"2020-09-14"
2204;"energy";"electricity";2300;2388;"2019-09-21";"2019-12-01";"2020-10-31";"2020-10-03";"fristgerecht durch Kunde";"Berlin";"cancelled";1000;"2020-09-01"
2205;"energy";"electricity";2800;2983;"2019-10-20";"2020-03-01";"";"";"";"Hamburg";"indelivery";1001;"2020-03-01"
2206;"energy";"electricity";2500;2641;"2018-11-18";"2019-02-01";"";"";"";"Schwerin";"indelivery";1002;"2019-04-23"
2207;"energy";"electricity";2200;"";"2020-06-19";"2020-10-01";"2020-11-30";"2020-10-29";"fristgerecht durch LichtBlick";"Freiburg";"cancelled";1000;"2020-07-17"
2208;"energy";"electricity";2500;2447;"2019-10-13";"2019-12-01";"";"";"";"Oldenburg";"indelivery";1002;"2020-07-31"
2209;"energy";"electricity";3000;3059;"2019-12-05";"2020-03-01";"";"";"";"Lübeck";"indelivery";1001;"2020-02-11"
2210;"energy";"electricity";2700;2817;"2019-12-11";"2020-12-01";"";"";"";"Munich";"active";1002;"2020-07-25"
2211;"energy";"electricity";3000;3067;"2020-07-26";"2021-01-01";"";"";"";"Essen";"active";1000;"2020-09-10"
2212;"energy";"electricity";2700;2648;"2019-05-26";"2019-06-01";"";"";"";"Rostock";"indelivery";1000;"2019-06-08"
2213;"energy";"electricity";2000;1969;"2018-09-16";"2019-01-01";"";"";"";"Duisburg";"indelivery";1002;"2019-04-12"
2214;"energy";"electricity";3000;2920;"2020-08-15";"2020-10-01";"";"";"";"Rostock";"indelivery";1001;"2020-09-26"
2215;"energy";"gas";9200;9388;"2018-08-26";"2019-01-01";"";"";"";"Essen";"indelivery";2000;"2019-09-01"
2216;"energy";"electricity";2500;2466;"2020-09-01";"2020-10-01";"";"";"";"Mainz";"indelivery";1002;"2020-09-30"
2217;"energy";"electricity";2400;2272;"2018-11-06";"2019-09-01";"";"";"";"Berlin";"indelivery";1002;"2020-04-23"
2218;"energy";"electricity";2900;2762;"2018-03-13";"2018-07-01";"2018-08-31";"2018-08-01";"fristgerecht durch Kunde";"Berlin";"terminated";1002;"2018-08-01"
2219;"energy";"electricity";2900;2772;"2018-01-13";"2018-03-01";"";"";"";"Mannheim";"indelivery";1002;"2020-08-17"
2220;"energy";"electricity";2300;2250;"2019-01-15";"2019-07-01";"";"";"";"Bonn";"indelivery";1000;"2019-11-28"
2221;"energy";"gas";11200;11963;"2018-02-25";"2018-04-01";"";"";"";"Hamburg";"indelivery";2000;"2019-03-09"
2222;"energy";"electricity";2200;"";"2020-03-05";"2020-08-01";"";"";"";"Berlin";"indelivery";1000;"2020-04-17"
2223;"energy";"electricity";2600;2697;"2018-01-21";"2018-03-01";"2018-10-31";"2018-10-02";"fristgerecht durch LichtBlick";"Cologne";"terminated";1002;"2018-10-02"
2224;"energy";"electricity";2100;2111;"2020-01-30";"2020-03-01";"";"";"";"Kassel";"indelivery";1000;"2020-04-10"
2225;"energy";"electricity";2900;2762;"2019-07-10";"2019-10-01";"";"";"";"Bremen";"indelivery";1000;"2019-11-11"
2226;"energy";"electricity";2100;2144;"2018-02-05";"2019-01-01";"";"";"";"Dortmund";"indelivery";1001;"2020-02-02"
2227;"energy";"gas";7700;7960;"2020-03-28";"2020-09-01";"";"";"";"Berlin";"indelivery";2000;"2020-06-07"
2228;"energy";"electricity";2600;"";"2019-04-21";"2019-07-01";"";"";"";"Leipzig";"indelivery";1000;"2019-11-30"
2229;"energy";"electricity";2400;2442;"2019-07-09";"2020-02-01";"2020-07-31";"2020-07-02";"Umzug";"Bielefeld";"terminated";1001;"2019-08-22"
2230;"energy";"electricity";2500;2390;"2019-07-29";"2019-11-01";"2020-10-31";"2020-10-03";"fristgerecht durch LichtBlick";"Dortmund";"cancelled";1000;"2019-12-17"
2231;"energy";"electricity";2600;2753;"2018-08-06";"2018-10-01";"";"";"";"Dortmund";"indelivery";1000;"2019-03-09"
2232;"energy";"electricity";2400;2384;"2018-07-19";"2019-02-01";"2020-02-29";"2020-02-01";"fristgerecht durch Kunde";"Duisburg";"terminated";1002;"2019-05-09"
2233;"energy";"gas";11100;"";"2018-11-07";"2019-05-01";"";"";"";"Würzburg";"indelivery";2001;"2019-07-07"
2234;"energy";"electricity";2900;2958;"2019-04-18";"2019-06-01";"";"";"";"Leipzig";"indelivery";1001;"2020-05-30"
2235;"energy";"electricity";1900;1872;"2020-07-05";"2021-01-01";"";"";"";"Frankfurt";"active";1002;"2020-08-22"
2236;"energy";"electricity";2500;2471;"2018-06-08";"2018-08-01";"";"";"";"Berlin";"indelivery";1001;"2020-03-28"
2237;"energy";"electricity";2600;2691;"2019-08-01";"2019-09-01";"";"";"";"Duisburg";"indelivery";1001;"2020-04-20"
2238;"energy";"electricity";2200;2275;"2019-05-22";"2019-07-01";"2020-10-31";"2020-10-03";"fristgerecht durch Kunde";"Hamburg";"cancelled";1001;"2020-05-08"
2239;"energy";"gas";10400;"";"2019-08-26";"2019-09-01";"";"";"";"Stuttgart";"indelivery";2000;"2020-03-14"
2240;"energy";"electricity";2400;2453;"2018-12-27";"2019-04-01";"2020-09-30";"2020-09-01";"Umzug";"Münster";"terminated";1002;"2019-06-15"
2241;"energy";"electricity";2000;1995;"2019-07-15";"2020-01-01";"";"";"";"Hamburg";"indelivery";1000;"2020-03-05"
2242;"energy";"electricity";2400;2463;"2019-01-07";"2019-03-01";"2020-03-31";"2020-02-29";"Umzug";"Berlin";"terminated";1000;"2019-09-02"
2243;"energy";"electricity";2900;2944;"2019-04-03";"2019-05-01";"";"";"";"Heidelberg";"indelivery";1002;"2020-01-03"
2244;"energy";"electricity";2300;2426;"2019-01-24";"2019-06-01";"";"";"";"Regensburg";"indelivery";1001;"2019-12-08"
2245;"energy";"electricity";2200;2107;"2018-09-19";"2019-02-01";"";"";"";"Rostock";"indelivery";1000;"2020-02-19"
2246;"energy";"electricity";2300;2351;"2019-03-26";"2019-06-01";"";"";"";"Berlin";"indelivery";1002;"2020-08-09"
2247;"energy";"electricity";2700;2828;"2019-08-02";"2020-01-01";"";"";"";"Gießen";"indelivery";1000;"2020-04-25"
2248;"energy";"electricity";2500;2414;"2020-05-18";"2020-08-01";"";"";"";"Rotenburg";"indelivery";1000;"2020-09-06"
2249;"energy";"electricity";2800;2759;"2019-09-09";"2020-03-01";"";"";"";"Berlin";"indelivery";1001;"2020-02-26"
2250;"energy";"electricity";2900;2933;"2020-04-10";"2020-06-01";"";"";"";"Berlin";"indelivery";1002;"2020-04-15"
2251;"energy";"electricity";2900;3135;"2018-08-24";"2018-09-01";"";"";"";"Wuppertal";"indelivery";1001;"2018-09-03"
2252;"energy";"electricity";2100;2054;"2019-01-13";"2019-04-01";"";"";"";"Karlsruhe";"indelivery";1001;"2020-03-18"
2253;"energy";"gas";8300;8449;"2019-07-02";"2019-11-01";"";"";"";"Rostock";"indelivery";2000;"2020-04-05"
2254;"energy";"electricity";2100;2148;"2018-11-21";"2019-04-01";"";"";"";"Hamburg";"indelivery";1002;"2019-03-17"
2255;"energy";"electricity";2400;2336;"2020-06-14";"2020-07-01";"";"";"";"Freiburg";"indelivery";1001;"2020-07-27"
2256;"energy";"electricity";2600;2596;"2018-01-02";"2018-06-01";"";"";"";"Duisburg";"indelivery";1002;"2018-04-20"
2257;"energy";"electricity";2800;2900;"2019-04-08";"2019-08-01";"";"";"";"Schwerin";"indelivery";1000;"2019-11-08"
2258;"energy";"electricity";2400;"";"2020-03-22";"2021-02-01";"";"";"";"Gießen";"active";1001;"2020-06-13"
2259;"energy";"electricity";2500;2530;"2019-02-08";"2019-04-01";"";"";"";"Dortmund";"indelivery";1000;"2020-08-24"
2260;"energy";"electricity";2400;2333;"2020-07-30";"2020-08-01";"";"";"";"Coburg";"indelivery";1000;"2020-09-23"
2261;"energy";"electricity";2200;2127;"2019-08-04";"2019-10-01";"";"";"";"Cologne";"indelivery";1001;"2020-06-05"
2262;"energy";"electricity";2200;2133;"2019-07-20";"2019-09-01";"";"";"";"Hamburg";"indelivery";1002;"2019-11-13"
2263;"energy";"electricity";2400;2276;"2020-08-23";"2020-09-01";"";"";"";"Braunschweig";"indelivery";1000;"2020-09-10"
2264;"energy";"electricity";2700;2819;"2020-02-05";"2020-10-01";"";"";"";"Augsburg";"indelivery";1002;"2020-07-23"
2265;"energy";"electricity";2000;2072;"2018-03-25";"2018-12-01";"";"";"";"Berlin";"indelivery";1001;"2018-11-14"
2266;"energy";"electricity";2800;2744;"2018-07-18";"2018-10-01";"2019-12-31";"2019-11-29";"fristgerecht durch LichtBlick";"Würzburg";"terminated";1000;"2018-11-29"
2267;"energy";"electricity";2200;2192;"2018-07-24";"2018-10-01";"";"";"";"Cologne";"indelivery";1000;"2020-08-24"
2268;"energy";"electricity";2100;2128;"2020-09-20";"2020-10-01";"";"";"";"Lübeck";"indelivery";1001;"2020-09-25"
2269;"energy";"gas";11100;11136;"2019-01-14";"2019-03-01";"";"";"";"Ulm";"indelivery";2000;"2019-05-03"
2270;"energy";"electricity";2100;2130;"2019-08-30";"2019-09-01";"";"";"";"Stuttgart";"indelivery";1000;"2019-12-16"
2271;"energy";"electricity";2000;2052;"2020-05-29";"2020-08-01";"";"";"";"Kiel";"indelivery";1002;"2020-07-16"
2272;"energy";"electricity";2600;2615;"2018-03-21";"2018-05-01";"";"";"";"Freiburg";"indelivery";1000;"2018-12-06"
2273;"energy";"electricity";2600;2769;"2020-06-17";"2020-09-01";"";"";"";"Hannover";"indelivery";1000;"2020-06-17"
2274;"energy";"electricity";2600;2526;"2019-04-27";"2019-05-01";"";"";"";"Frankfurt";"indelivery";1002;"2020-09-19"
2275;"energy";"electricity";2600;2694;"2020-03-31";"2020-07-01";"";"";"";"Duisburg";"indelivery";1000;"2020-08-11"
2276;"energy";"electricity";2600;2562;"2018-10-07";"2019-04-01";"";"";"";"Hamburg";"indelivery";1002;"2019-03-05"
2277;"energy";"gas";10300;10106;"2018-03-22";"2018-11-01";"";"";"";"Munich";"indelivery";2001;"2018-06-04"
2278;"energy";"electricity";2000;2087;"2019-08-16";"2019-10-01";"";"";"";"Düsseldorf";"indelivery";1002;"2020-07-07"
2279;"energy";"electricity";2200;2129;"2018-09-03";"2018-11-01";"";"";"";"Wiesbaden";"indelivery";1002;"2019-11-02"
2280;"energy";"electricity";2600;2765;"2018-03-21";"2018-05-01";"";"";"";"Duisburg";"indelivery";1002;"2018-05-01"
2281;"energy";"gas";10800;10458;"2020-09-11";"2020-10-01";"";"";"";"Hamburg";"indelivery";2000;"2020-09-15"
2282;"energy";"electricity";2800;2877;"2018-08-02";"2018-10-01";"";"";"";"Berlin";"indelivery";1002;"2020-03-19"
2283;"energy";"electricity";2200;2414;"2018-02-11";"2018-07-01";"2020-07-31";"2020-07-03";"fristgerecht durch LichtBlick";"Dortmund";"terminated";1002;"2020-02-13"
2284;"energy";"gas";11600;"";"2018-08-14";"2018-09-01";"";"";"";"Hamburg";"indelivery";2000;"2019-09-18"
2285;"energy";"gas";8100;8181;"2019-11-13";"2020-07-01";"";"";"";"Hamburg";"indelivery";2001;"2019-11-21"
2286;"energy";"electricity";2600;2681;"2019-11-24";"2020-02-01";"";"";"";"Düsseldorf";"indelivery";1001;"2020-03-03"
2287;"energy";"electricity";2600;2529;"2019-07-15";"2019-08-01";"";"";"";"Oldenburg";"indelivery";1001;"2019-08-11"
2288;"energy";"gas";9800;10019;"2019-05-16";"2019-07-01";"";"";"";"Wiesbaden";"indelivery";2001;"2019-10-15"
2289;"energy";"gas";7900;7541;"2020-09-21";"2020-10-01";"";"";"";"Berlin";"indelivery";2000;"2020-09-28"
2290;"energy";"gas";11600;11725;"2019-06-13";"2019-08-01";"";"";"";"Hofeck";"indelivery";2001;"2020-02-27"
2291;"energy";"electricity";2200;2099;"2020-03-16";"2020-07-01";"";"";"";"Hannover";"indelivery";1002;"2020-05-29"
2292;"energy";"electricity";2600;"";"2020-08-10";"2020-12-01";"";"";"";"Frankfurt";"active";1000;"2020-09-08"
2293;"energy";"gas";10900;11462;"2020-05-13";"2020-07-01";"";"";"";"Munich";"indelivery";2001;"2020-06-03"
2294;"energy";"electricity";2700;2724;"2019-07-07";"2019-09-01";"2020-08-31";"2020-08-02";"fristgerecht durch LichtBlick";"Stuttgart";"terminated";1000;"2020-04-25"
2295;"energy";"electricity";2300;2172;"2018-05-19";"2018-07-01";"";"";"";"Dortmund";"indelivery";1001;"2018-08-23"
2296;"energy";"electricity";1900;1908;"2019-06-18";"2019-11-01";"";"";"";"Frankfurt";"indelivery";1001;"2020-03-29"
2297;"energy";"electricity";2600;2581;"2020-01-08";"2020-05-01";"";"";"";"Berlin";"indelivery";1001;"2020-03-01"
2298;"energy";"gas";9300;9639;"2019-05-31";"2020-03-01";"";"";"";"Stralsund";"indelivery";2001;"2020-01-27"
2299;"energy";"electricity";2300;2293;"2020-05-03";"2021-02-01";"";"";"";"Göttingen";"active";1000;"2020-07-29"
2300;"energy";"electricity";2800;2905;"2020-03-20";"2020-07-01";"";"";"";"Berlin";"indelivery";1002;"2020-08-06"
2301;"energy";"electricity";2100;"";"2020-04-12";"2020-11-01";"";"";"";"Berlin";"active";1001;"2020-09-29"
2302;"energy";"electricity";2700;2896;"2018-10-19";"2019-02-01";"2020-08-31";"2020-08-02";"fristgerecht durch Kunde";"Braunschweig";"terminated";1002;"2019-10-24"
2303;"energy";"electricity";2000;1990;"2020-03-28";"2020-05-01";"";"";"";"Berlin";"indelivery";1002;"2020-05-17"
2304;"energy";"electricity";2300;2414;"2018-06-14";"2018-12-01";"";"";"";"Wiesbaden";"indelivery";1002;"2018-09-19"
2305;"energy";"electricity";2300;2196;"2020-09-16";"2021-01-01";"";"";"";"Altchemnitz";"active";1001;"2020-09-27"
2306;"energy";"electricity";2600;2513;"2019-04-20";"2019-05-01";"2019-05-01";"2020-11-30";"Wiederruf";"Heidelberg";"terminated";1002;"2019-07-02"
2307;"energy";"electricity";2700;2649;"2019-01-23";"2019-08-01";"2019-08-01";"2020-10-03";"Wiederruf";"Cologne";"terminated";1001;"2019-01-26"
2308;"energy";"gas";10300;10522;"2020-06-24";"2021-01-01";"";"";"";"Lübeck";"active";2000;"2020-07-26"
2309;"energy";"gas";9300;"";"2018-01-07";"2018-09-01";"";"";"";"Karlsruhe";"indelivery";2000;"2018-05-22"
2310;"energy";"gas";8400;"";"2019-01-03";"2019-11-01";"2019-11-01";"2020-06-02";"Wiederruf";"Berlin";"terminated";2000;"2020-03-25"
2311;"energy";"electricity";2100;2102;"2019-11-18";"2020-03-01";"";"";"";"Cologne";"indelivery";1000;"2020-08-14"
2312;"energy";"electricity";2300;2310;"2018-05-22";"2018-10-01";"";"";"";"Cologne";"indelivery";1000;"2018-10-17"
2313;"energy";"electricity";2300;2396;"2018-11-10";"2019-01-01";"";"";"";"Berlin";"indelivery";1002;"2019-11-13"
2314;"energy";"gas";11300;10975;"2020-07-01";"2020-09-01";"";"";"";"Düsseldorf";"indelivery";2000;"2020-07-04"
2315;"energy";"electricity";2100;2210;"2020-03-16";"2020-05-01";"";"";"";"Dresden";"indelivery";1002;"2020-05-18"
2316;"energy";"electricity";2900;2959;"2019-12-30";"2020-01-01";"";"";"";"Stralsund";"indelivery";1002;"2020-04-20"
2317;"energy";"electricity";2300;2235;"2019-01-31";"2019-04-01";"";"";"";"Karlsruhe";"indelivery";1002;"2019-04-16"
2318;"energy";"electricity";2200;2106;"2019-02-01";"2019-03-01";"";"";"";"Berlin";"indelivery";1001;"2020-05-24"
2319;"energy";"electricity";2900;2978;"2018-10-02";"2018-12-01";"2018-12-01";"2020-10-01";"Wiederruf";"Münster";"terminated";1001;"2020-04-21"
2320;"energy";"electricity";2600;2635;"2018-04-02";"2018-11-01";"";"";"";"Stuttgart";"indelivery";1001;"2018-06-04"
2321;"energy";"electricity";2900;2920;"2019-05-02";"2019-07-01";"";"";"";"Düsseldorf";"indelivery";1002;"2019-05-23"
2322;"energy";"gas";9400;8946;"2018-05-28";"2018-08-01";"";"";"";"Hamburg";"indelivery";2000;"2020-06-29"
2323;"energy";"electricity";2300;2357;"2019-03-26";"2019-06-01";"";"";"";"Ingolstadt";"indelivery";1001;"2019-04-04"
2324;"energy";"gas";10400;10972;"2019-02-24";"2019-07-01";"";"";"";"Dortmund";"indelivery";2000;"2019-05-26"
2325;"energy";"electricity";2000;2183;"2019-07-31";"2019-12-01";"2020-02-29";"2020-02-01";"fristgerecht durch LichtBlick";"Altchemnitz";"terminated";1002;"2020-01-23"
2326;"energy";"electricity";2700;2836;"2020-03-17";"2020-04-01";"";"";"";"Frankfurt";"indelivery";1002;"2020-08-23"
2327;"energy";"electricity";2300;2377;"2020-06-15";"2020-07-01";"";"";"";"Mainz";"indelivery";1001;"2020-07-24"
2328;"energy";"electricity";2700;2691;"2018-01-14";"2018-03-01";"2020-12-31";"2020-12-01";"Umzug";"Dortmund";"cancelled";1000;"2020-03-16"
2329;"energy";"electricity";2800;2688;"2019-11-21";"2020-02-01";"";"";"";"Essen";"indelivery";1000;"2020-04-02"
2330;"energy";"electricity";2900;2902;"2020-05-19";"2020-11-01";"";"";"";"Münster";"active";1001;"2020-06-28"
2331;"energy";"electricity";2800;2764;"2019-03-23";"2019-10-01";"";"";"";"Stuttgart";"indelivery";1000;"2019-04-04"
2332;"energy";"electricity";2200;2225;"2020-02-25";"2020-10-01";"";"";"";"Kassel";"indelivery";1001;"2020-03-11"
2333;"energy";"electricity";2800;2885;"2018-02-18";"2018-05-01";"";"";"";"Berlin";"indelivery";1000;"2019-03-22"
2334;"energy";"electricity";2100;2151;"2019-06-01";"2019-08-01";"";"";"";"Peine";"indelivery";1002;"2020-03-19"
2335;"energy";"electricity";2600;2657;"2020-06-19";"2020-08-01";"";"";"";"Hamburg";"indelivery";1002;"2020-07-17"
2336;"energy";"gas";11700;11772;"2018-06-09";"2018-12-01";"2018-12-01";"2020-08-26";"Wiederruf";"Bremen";"terminated";2001;"2020-01-11"
2337;"energy";"electricity";2900;2991;"2019-04-19";"2020-01-01";"";"";"";"Gießen";"indelivery";1002;"2020-02-24"
2338;"energy";"electricity";2700;2702;"2020-06-21";"2020-11-01";"";"";"";"Dortmund";"active";1002;"2020-08-08"
2339;"energy";"electricity";2800;2898;"2020-03-22";"2020-04-01";"";"";"";"Wuppertal";"indelivery";1002;"2020-06-28"
2340;"energy";"electricity";2300;2263;"2018-05-21";"2018-09-01";"";"";"";"Wiesbaden";"indelivery";1001;"2018-08-18"
2341;"energy";"electricity";2400;2498;"2019-11-04";"2020-06-01";"";"";"";"Berlin";"indelivery";1002;"2020-01-11"
2342;"energy";"electricity";2000;"";"2019-04-18";"2019-06-01";"";"";"";"Wuppertal";"indelivery";1002;"2019-07-24"
2343;"energy";"electricity";2100;2170;"2019-07-02";"2019-08-01";"";"";"";"Hamburg";"indelivery";1002;"2020-09-29"
2344;"energy";"gas";11100;11042;"2019-09-25";"2020-09-01";"";"";"";"Berlin";"indelivery";2000;"2019-12-15"
2345;"energy";"gas";10700;"";"2018-03-11";"2018-04-01";"";"";"";"Cottbus";"indelivery";2000;"2019-02-21"
2346;"energy";"electricity";2600;2653;"2019-06-20";"2019-08-01";"";"";"";"Oldenburg";"indelivery";1001;"2019-07-09"
2347;"energy";"electricity";2200;2140;"2019-10-27";"2020-02-01";"";"";"";"Augsburg";"indelivery";1002;"2019-11-19"
2348;"energy";"electricity";2000;2013;"2018-09-15";"2018-10-01";"2019-10-31";"2019-09-27";"fristgerecht durch LichtBlick";"Altchemnitz";"terminated";1002;"2019-08-05"
2349;"energy";"electricity";2900;2967;"2018-05-15";"2018-08-01";"2019-09-30";"2019-09-02";"fristgerecht durch LichtBlick";"Flensburg";"terminated";1000;"2019-09-02"
2350;"energy";"gas";9900;9941;"2019-09-10";"2019-10-01";"";"";"";"Erfurt";"indelivery";2001;"2019-12-14"
2351;"energy";"electricity";2200;2208;"2020-05-04";"2020-10-01";"";"";"";"Stuttgart";"indelivery";1000;"2020-08-15"
2352;"energy";"gas";7500;"";"2020-04-14";"2020-07-01";"";"";"";"Hamburg";"indelivery";2000;"2020-06-30"
2353;"energy";"electricity";2300;2269;"2019-03-31";"2019-11-01";"";"";"";"Munich";"indelivery";1002;"2019-11-12"
2354;"energy";"gas";8000;"";"2020-06-14";"2020-07-01";"";"";"";"Berlin";"indelivery";2000;"2020-09-12"
2355;"energy";"electricity";3000;2996;"2019-12-07";"2020-07-01";"";"";"";"Neuburg";"indelivery";1001;"2020-08-14"
2356;"energy";"electricity";2200;"";"2019-07-19";"2019-09-01";"";"";"";"Hamburg";"indelivery";1002;"2020-08-04"
2357;"energy";"electricity";2800;2936;"2018-07-02";"2019-03-01";"";"";"";"Stuttgart";"indelivery";1002;"2018-08-17"
2358;"energy";"electricity";2300;"";"2019-12-24";"2020-05-01";"";"";"";"Leipzig";"indelivery";1000;"2020-08-27"
2359;"energy";"electricity";2500;"";"2019-01-21";"2020-02-01";"";"";"";"Wiesbaden";"indelivery";1000;"2019-02-15"
2360;"energy";"gas";8000;8554;"2019-06-25";"2019-07-01";"";"";"";"Leipzig";"indelivery";2001;"2019-08-04"
2361;"energy";"electricity";2800;2958;"2020-03-25";"2020-04-01";"";"";"";"Kiel";"indelivery";1001;"2020-04-07"
2362;"energy";"electricity";2600;2544;"2019-01-21";"2019-03-01";"";"";"";"Stuttgart";"indelivery";1001;"2020-03-21"
2363;"energy";"gas";8400;8924;"2019-09-06";"2020-01-01";"";"";"";"Gießen";"indelivery";2001;"2019-12-17"
2364;"energy";"electricity";2900;2840;"2019-05-23";"2019-07-01";"";"";"";"Altchemnitz";"indelivery";1002;"2020-01-11"
2365;"energy";"electricity";2600;2610;"2020-08-04";"2020-10-01";"";"";"";"Hannover";"indelivery";1000;"2020-09-03"
2366;"energy";"electricity";2100;2164;"2018-04-29";"2018-10-01";"";"";"";"Schwabach";"indelivery";1001;"2018-11-08"
2367;"energy";"electricity";2000;1972;"2018-03-25";"2018-05-01";"";"";"";"Leipzig";"indelivery";1001;"2020-03-02"
2368;"energy";"electricity";2200;2254;"2019-03-01";"2019-03-01";"";"";"";"Berlin";"indelivery";1002;"2019-06-21"
2369;"energy";"electricity";2600;2487;"2019-03-22";"2019-09-01";"2019-12-31";"2019-12-02";"Umzug";"Leipzig";"terminated";1000;"2019-04-16"
2370;"energy";"gas";8900;8561;"2019-06-30";"2019-07-01";"";"";"";"Augsburg";"indelivery";2001;"2020-05-19"
2371;"energy";"electricity";2800;2684;"2018-09-24";"2018-11-01";"";"";"";"Braunschweig";"indelivery";1000;"2020-03-21"
2372;"energy";"electricity";2900;2851;"2020-02-01";"2021-06-01";"";"";"";"Borken";"active";1002;"2020-07-23"
2373;"energy";"electricity";2200;2247;"2020-06-08";"2020-08-01";"";"";"";"Hamburg";"indelivery";1002;"2020-06-19"
2374;"energy";"electricity";2800;"";"2018-12-28";"2019-02-01";"";"";"";"Hannover";"indelivery";1001;"2020-08-19"
2375;"energy";"gas";8100;8015;"2018-04-25";"2018-06-01";"";"";"";"Hamburg";"indelivery";2000;"2018-09-04"
2376;"energy";"electricity";2600;2539;"2018-04-24";"2018-07-01";"";"";"";"Hamburg";"indelivery";1001;"2019-12-02"
2377;"energy";"electricity";2600;2754;"2019-07-11";"2019-09-01";"";"";"";"Kiel";"indelivery";1000;"2019-11-18"
2378;"energy";"electricity";2300;2473;"2020-06-10";"2020-08-01";"";"";"";"Altenkirchen";"indelivery";1002;"2020-08-23"
2379;"energy";"electricity";2600;2616;"2018-07-26";"2018-09-01";"2019-01-31";"2018-12-25";"fristgerecht durch Kunde";"Gera";"terminated";1000;"2018-12-25"
2380;"energy";"electricity";2000;1989;"2020-08-08";"2020-10-01";"";"";"";"Hamburg";"indelivery";1001;"2020-09-09"
2381;"energy";"gas";9700;9830;"2020-06-30";"2020-09-01";"2020-11-30";"2020-10-25";"Umzug";"Berlin";"cancelled";2001;"2020-08-28"
2382;"energy";"gas";9100;9762;"2019-04-26";"2019-07-01";"2020-02-29";"2020-01-29";"fristgerecht durch LichtBlick";"Munich";"terminated";2000;"2019-12-21"
2383;"energy";"electricity";2300;2341;"2019-06-20";"2020-05-01";"";"";"";"Hamburg";"indelivery";1000;"2019-10-06"
2384;"energy";"electricity";2100;2030;"2018-09-28";"2018-11-01";"";"";"";"Berlin";"indelivery";1001;"2019-07-20"
2385;"energy";"gas";9300;9727;"2019-09-12";"2020-03-01";"";"";"";"Berlin";"indelivery";2000;"2019-10-24"
2386;"energy";"electricity";2800;2995;"2018-07-18";"2018-11-01";"";"";"";"Schwerin";"indelivery";1000;"2018-12-25"
2387;"energy";"electricity";2300;2281;"2020-05-13";"2020-12-01";"";"";"";"Berlin";"active";1002;"2020-06-22"
2388;"energy";"electricity";2300;2219;"2018-10-20";"2019-02-01";"2019-12-31";"2019-12-03";"fristgerecht durch Kunde";"Bremen";"terminated";1002;"2019-10-08"
2389;"energy";"electricity";2100;2047;"2018-10-14";"2018-12-01";"";"";"";"Bremen";"indelivery";1001;"2019-12-05"
2390;"energy";"gas";7700;7511;"2020-09-30";"2021-04-01";"";"";"";"Cologne";"active";2000;"2020-09-30"
2391;"energy";"electricity";2300;2433;"2020-01-25";"2020-10-01";"";"";"";"Kiel";"indelivery";1000;"2020-09-26"
2392;"energy";"electricity";2900;3132;"2019-10-15";"2020-03-01";"";"";"";"Wuppertal";"indelivery";1001;"2019-11-07"
2393;"energy";"gas";7900;8106;"2020-08-09";"2020-10-01";"";"";"";"Hamburg";"indelivery";2001;"2020-09-02"
2394;"energy";"electricity";2300;2427;"2019-01-21";"2019-08-01";"";"";"";"Frankfurt";"indelivery";1000;"2019-07-29"
2395;"energy";"electricity";2500;2609;"2018-04-15";"2018-06-01";"2018-11-30";"2018-10-27";"fristgerecht durch LichtBlick";"Rostock";"terminated";1001;"2018-06-19"
2396;"energy";"electricity";2400;2370;"2018-03-29";"2018-08-01";"";"";"";"Berlin";"indelivery";1000;"2018-09-28"
2397;"energy";"electricity";2500;2618;"2018-05-14";"2019-04-01";"";"";"";"Emden";"indelivery";1002;"2020-06-24"
2398;"energy";"electricity";2100;2068;"2019-06-18";"2019-10-01";"";"";"";"Göttingen";"indelivery";1001;"2019-12-02"
2399;"energy";"electricity";2900;2973;"2018-01-23";"2018-05-01";"";"";"";"Bonn";"indelivery";1002;"2018-06-11"
2400;"energy";"gas";10400;10491;"2019-11-03";"2020-03-01";"";"";"";"Stuttgart";"indelivery";2001;"2020-03-20"
2401;"energy";"electricity";3000;2836;"2018-01-16";"2018-02-01";"";"";"";"Braunschweig";"indelivery";1002;"2018-11-07"
2402;"energy";"electricity";2600;2735;"2019-07-16";"2019-10-01";"2020-10-31";"2020-10-03";"fristgerecht durch Kunde";"Berlin";"cancelled";1000;"2020-04-08"
2403;"energy";"electricity";3000;2880;"2018-12-18";"2019-02-01";"";"";"";"Bremen";"indelivery";1002;"2019-11-21"
2404;"energy";"gas";11000;11527;"2019-08-14";"2020-07-01";"";"";"";"Augsburg";"indelivery";2000;"2019-11-18"
2405;"energy";"electricity";2000;1962;"2019-01-11";"2019-08-01";"";"";"";"Hamburg";"indelivery";1002;"2019-03-08"
2406;"energy";"electricity";2300;2410;"2018-03-12";"2018-06-01";"2018-06-01";"2020-07-31";"Wiederruf";"Frankfurt";"terminated";1001;"2020-04-13"
2407;"energy";"gas";8300;8374;"2018-06-05";"2018-09-01";"2019-12-31";"2019-12-02";"fristgerecht durch Kunde";"Wuppertal";"terminated";2001;"2019-03-30"
2408;"energy";"electricity";2700;"";"2020-01-21";"2020-04-01";"";"";"";"Borken";"indelivery";1001;"2020-07-01"
2409;"energy";"electricity";2700;2655;"2018-06-20";"2019-01-01";"";"";"";"Magdeburg";"indelivery";1000;"2018-10-28"
2410;"energy";"electricity";2200;"";"2020-07-24";"2020-09-01";"";"";"";"Emden";"indelivery";1001;"2020-08-04"
2411;"energy";"gas";11900;12247;"2019-09-13";"2019-12-01";"2020-09-30";"2020-08-31";"fristgerecht durch Kunde";"Mannheim";"terminated";2000;"2020-04-14"
2412;"energy";"electricity";2300;2439;"2019-05-28";"2019-12-01";"";"";"";"Augsburg";"indelivery";1002;"2019-12-14"
2413;"energy";"gas";9300;8848;"2019-09-15";"2020-01-01";"";"";"";"Munich";"indelivery";2001;"2020-07-27"
2414;"energy";"electricity";2300;2240;"2020-05-10";"2020-07-01";"2020-11-30";"2020-10-29";"fristgerecht durch Kunde";"Cologne";"cancelled";1001;"2020-06-03"
2415;"energy";"electricity";2900;3068;"2019-02-17";"2019-05-01";"2020-03-31";"2020-03-03";"Umzug";"Stuttgart";"terminated";1001;"2020-03-03"
2416;"energy";"electricity";2500;2577;"2019-04-06";"2019-07-01";"";"";"";"Cologne";"indelivery";1000;"2019-05-01"
2417;"energy";"electricity";2300;2308;"2019-10-02";"2020-07-01";"";"";"";"Dortmund";"indelivery";1001;"2020-05-05"
2418;"energy";"electricity";2700;2646;"2018-12-23";"2019-01-01";"";"";"";"Lübeck";"indelivery";1000;"2019-01-29"
2419;"energy";"electricity";2900;3145;"2020-08-26";"2020-10-01";"";"";"";"Hamburg";"indelivery";1001;"2020-09-11"
2420;"energy";"electricity";2800;2731;"2019-10-09";"2020-11-01";"";"";"";"Stuttgart";"active";1000;"2020-09-23"
2421;"energy";"electricity";3000;3064;"2019-09-10";"2019-11-01";"";"";"";"Bielefeld";"indelivery";1001;"2020-02-16"
2422;"energy";"gas";10600;10103;"2019-09-16";"2019-11-01";"";"";"";"Stuttgart";"indelivery";2000;"2019-12-22"
2423;"energy";"gas";10300;"";"2019-11-04";"2020-03-01";"";"";"";"Essen";"indelivery";2000;"2020-08-23"
2424;"energy";"electricity";2400;2335;"2020-07-03";"2020-08-01";"2020-09-30";"2020-09-02";"fristgerecht durch Kunde";"Berlin";"terminated";1002;"2020-08-04"
2425;"energy";"electricity";2300;"";"2019-12-12";"2020-01-01";"";"";"";"Berlin";"indelivery";1002;"2020-01-27"
2426;"energy";"electricity";2500;2399;"2018-05-17";"2018-11-01";"";"";"";"Berlin";"indelivery";1000;"2020-02-11"
2427;"energy";"electricity";2400;2342;"2018-12-22";"2019-11-01";"";"";"";"Wiesbaden";"indelivery";1002;"2020-07-26"
2428;"energy";"gas";8000;"";"2020-03-22";"2020-12-01";"";"";"";"Berlin";"active";2001;"2020-04-11"
2429;"energy";"electricity";2800;2876;"2019-12-21";"2020-02-01";"";"";"";"Augsburg";"indelivery";1001;"2020-03-21"
2430;"energy";"gas";9600;9279;"2018-04-10";"2019-02-01";"";"";"";"Duisburg";"indelivery";2001;"2020-09-06"
2431;"energy";"electricity";2300;"";"2020-06-08";"2021-06-01";"";"";"";"Altchemnitz";"active";1001;"2020-08-08"
2432;"energy";"electricity";2200;2185;"2020-05-10";"2020-07-01";"";"";"";"Wuppertal";"indelivery";1000;"2020-09-19"
2433;"energy";"electricity";2200;2112;"2018-12-03";"2019-02-01";"";"";"";"Mannheim";"indelivery";1000;"2019-07-31"
2434;"energy";"electricity";2100;2268;"2018-11-10";"2019-02-01";"";"";"";"Berlin";"indelivery";1001;"2019-08-11"
2435;"energy";"electricity";2500;"";"2020-02-21";"2020-04-01";"";"";"";"Dresden";"indelivery";1002;"2020-08-06"
2436;"energy";"electricity";2400;2260;"2018-01-23";"2018-04-01";"";"";"";"Hannover";"indelivery";1000;"2019-02-27"
2437;"energy";"electricity";2800;2880;"2018-06-06";"2018-07-01";"";"";"";"Augsburg";"indelivery";1000;"2020-03-30"
2438;"energy";"electricity";2300;"";"2018-08-27";"2019-02-01";"";"";"";"Ingolstadt";"indelivery";1002;"2018-09-06"
2439;"energy";"electricity";3000;3050;"2019-05-21";"2019-06-01";"2019-07-31";"2019-07-03";"fristgerecht durch Kunde";"Dresden";"terminated";1002;"2019-07-03"
2440;"energy";"electricity";2900;3016;"2019-04-22";"2019-07-01";"";"";"";"Berlin";"indelivery";1001;"2019-11-30"
2441;"energy";"electricity";2700;"";"2020-02-15";"2020-10-01";"";"";"";"Münster";"indelivery";1000;"2020-04-04"
2442;"energy";"electricity";1900;1971;"2018-10-22";"2018-12-01";"";"";"";"Hamburg";"indelivery";1002;"2020-04-03"
2443;"energy";"electricity";2500;2617;"2019-07-26";"2019-09-01";"";"";"";"Munich";"indelivery";1000;"2019-09-15"
2444;"energy";"gas";9800;"";"2020-09-11";"2020-12-01";"";"";"";"Berlin";"active";2000;"2020-09-27"
2445;"energy";"electricity";2800;2625;"2018-03-09";"2018-10-01";"";"";"";"Freiburg";"indelivery";1000;"2018-04-09"
2446;"energy";"electricity";2600;2724;"2019-11-20";"2020-06-01";"";"";"";"Mainz";"indelivery";1002;"2020-03-01"
2447;"energy";"gas";10600;10929;"2019-12-06";"2020-04-01";"";"";"";"Wuppertal";"indelivery";2000;"2019-12-28"
2448;"energy";"electricity";2200;2227;"2020-05-09";"2020-06-01";"";"";"";"Berlin";"indelivery";1000;"2020-07-16"
2449;"energy";"electricity";2700;2802;"2019-06-03";"2019-08-01";"";"";"";"Fürth";"indelivery";1000;"2019-11-01"
2450;"energy";"electricity";1900;"";"2018-09-18";"2018-11-01";"";"";"";"Hamburg";"indelivery";1000;"2020-07-01"
2451;"energy";"electricity";2800;2812;"2020-05-03";"2020-08-01";"";"";"";"Rostock";"indelivery";1001;"2020-06-02"
2452;"energy";"electricity";2400;"";"2020-08-05";"2021-07-01";"";"";"";"Frankfurt";"active";1002;"2020-08-06"
2453;"energy";"gas";11900;11478;"2018-03-25";"2018-05-01";"";"";"";"Potsdam";"indelivery";2001;"2019-06-18"
2454;"energy";"electricity";2700;"";"2018-12-18";"2019-03-01";"";"";"";"Berlin";"indelivery";1001;"2020-05-06"
2455;"energy";"electricity";2600;2454;"2020-02-02";"2020-06-01";"2020-07-31";"2020-07-03";"Umzug";"Marienberg";"terminated";1000;"2020-03-09"
2456;"energy";"electricity";2900;2942;"2020-05-12";"2020-06-01";"";"";"";"Kiel";"indelivery";1002;"2020-08-16"
2457;"energy";"electricity";3000;2965;"2018-08-26";"2019-01-01";"2020-12-31";"2020-12-03";"fristgerecht durch Kunde";"Magdeburg";"cancelled";1001;"2019-08-05"
2458;"energy";"electricity";2900;"";"2020-06-27";"2020-09-01";"";"";"";"Bremen";"indelivery";1002;"2020-09-16"
2459;"energy";"electricity";2200;2255;"2020-01-21";"2021-02-01";"";"";"";"Heidelberg";"active";1001;"2020-07-19"
2460;"energy";"gas";9000;9517;"2019-10-27";"2020-03-01";"";"";"";"Munich";"indelivery";2001;"2020-02-02"
2461;"energy";"electricity";2900;2789;"2018-07-22";"2018-08-01";"";"";"";"Erfurt";"indelivery";1002;"2019-11-27"
2462;"energy";"electricity";2500;2421;"2018-06-01";"2018-11-01";"2020-12-31";"2020-11-26";"fristgerecht durch Kunde";"Hamburg";"cancelled";1001;"2020-04-08"
2463;"energy";"electricity";2400;2372;"2019-05-24";"2019-06-01";"";"";"";"Stuttgart";"indelivery";1001;"2020-05-01"
2464;"energy";"gas";11000;11180;"2019-11-28";"2020-02-01";"";"";"";"Bielefeld";"indelivery";2000;"2020-02-02"
2465;"energy";"gas";9400;9515;"2020-04-12";"2021-04-01";"";"";"";"Karlsruhe";"active";2001;"2020-08-16"
2466;"energy";"gas";8900;8826;"2019-04-13";"2020-01-01";"";"";"";"Hamburg";"indelivery";2000;"2019-07-13"
2467;"energy";"electricity";2400;2513;"2019-02-22";"2019-03-01";"";"";"";"Dresden";"indelivery";1002;"2020-06-18"
2468;"energy";"electricity";2700;2856;"2018-02-24";"2018-04-01";"";"";"";"Münster";"indelivery";1001;"2018-04-11"
2469;"energy";"electricity";2300;2295;"2019-12-18";"2020-02-01";"";"";"";"Cologne";"indelivery";1000;"2020-03-26"
2470;"energy";"electricity";2500;2684;"2020-02-15";"2021-01-01";"";"";"";"Bremen";"active";1001;"2020-07-31"
2471;"energy";"electricity";2700;2668;"2020-02-22";"2020-03-01";"";"";"";"Emden";"indelivery";1001;"2020-09-28"
2472;"energy";"gas";11600;11228;"2019-11-21";"2020-01-01";"";"";"";"Cottbus";"indelivery";2001;"2020-02-08"
2473;"energy";"electricity";2600;2639;"2018-08-12";"2018-10-01";"";"";"";"Karlsruhe";"indelivery";1002;"2020-04-01"
2474;"energy";"electricity";2000;1936;"2020-07-22";"2020-09-01";"";"";"";"Hamburg";"indelivery";1001;"2020-08-20"
2475;"energy";"electricity";2900;3057;"2019-05-10";"2019-06-01";"";"";"";"Munich";"indelivery";1001;"2020-03-24"
2476;"energy";"electricity";2700;2925;"2019-06-08";"2020-04-01";"";"";"";"Regensburg";"indelivery";1000;"2019-12-25"
2477;"energy";"electricity";2400;"";"2020-03-08";"2020-05-01";"";"";"";"Berlin";"indelivery";1002;"2020-04-19"
2478;"energy";"electricity";2300;2184;"2018-03-14";"2018-08-01";"";"";"";"Hamburg";"indelivery";1001;"2019-11-01"
2479;"energy";"gas";10000;10587;"2019-05-10";"2019-06-01";"";"";"";"Berlin";"indelivery";2000;"2019-06-14"
2480;"energy";"electricity";1900;1892;"2020-06-04";"2020-08-01";"";"";"";"Berlin";"indelivery";1002;"2020-06-11"
2481;"energy";"electricity";2100;2112;"2018-12-10";"2019-06-01";"";"";"";"Berlin";"indelivery";1000;"2020-07-03"
2482;"energy";"electricity";2400;2379;"2020-01-08";"2020-02-01";"2020-02-01";"2020-11-27";"Wiederruf";"Potsdam";"terminated";1000;"2020-05-13"
2483;"energy";"electricity";2800;"";"2020-02-19";"2020-04-01";"2020-04-01";"2020-12-01";"Wiederruf";"Osnabrück";"terminated";1002;"2020-07-16"
2484;"energy";"electricity";2200;"";"2020-07-19";"2020-09-01";"";"";"";"Berlin";"indelivery";1002;"2020-08-07"
2485;"energy";"electricity";2200;"";"2020-02-22";"2020-07-01";"";"";"";"Berlin";"indelivery";1000;"2020-06-26"
2486;"energy";"electricity";2500;2447;"2018-02-02";"2018-05-01";"";"";"";"Berlin";"indelivery";1000;"2019-05-12"
2487;"energy";"electricity";2100;2235;"2019-10-16";"2019-11-01";"2020-07-31";"2020-07-02";"fristgerecht durch Kunde";"Hamburg";"terminated";1001;"2020-06-13"
2488;"energy";"electricity";2000;2076;"2019-04-18";"2019-05-01";"";"";"";"Berlin";"indelivery";1000;"2020-06-18"
2489;"energy";"electricity";2200;2195;"2019-10-12";"2019-11-01";"2020-04-30";"2020-04-02";"fristgerecht durch LichtBlick";"Wuppertal";"terminated";1000;"2020-04-02"
2490;"energy";"electricity";1900;1829;"2019-04-24";"2019-08-01";"";"";"";"Berlin";"indelivery";1000;"2020-02-17"
2491;"energy";"gas";10500;10201;"2018-04-27";"2018-06-01";"2018-06-01";"2019-09-27";"Wiederruf";"Freiburg";"terminated";2001;"2018-10-02"
2492;"energy";"electricity";2400;2455;"2019-07-08";"2019-08-01";"";"";"";"Oldenburg";"indelivery";1000;"2019-11-19"
2493;"energy";"electricity";2300;"";"2019-03-07";"2019-06-01";"";"";"";"Berlin";"indelivery";1002;"2019-12-01"
2494;"energy";"electricity";2300;2504;"2018-12-07";"2020-01-01";"";"";"";"Altchemnitz";"indelivery";1000;"2019-09-26"
2495;"energy";"electricity";2100;2156;"2018-04-29";"2018-06-01";"";"";"";"Würzburg";"indelivery";1001;"2019-09-05"
2496;"energy";"electricity";2100;2005;"2019-03-20";"2019-05-01";"2019-10-31";"2019-10-02";"fristgerecht durch Kunde";"Berlin";"terminated";1001;"2019-10-02"
2497;"energy";"electricity";2700;2953;"2020-01-27";"2020-11-01";"";"";"";"Hamburg";"active";1000;"2020-05-30"
2498;"energy";"electricity";2500;2493;"2020-07-11";"2021-03-01";"";"";"";"Bonn";"active";1001;"2020-09-26"
2499;"energy";"electricity";2700;2673;"2018-01-25";"2018-12-01";"";"";"";"Dortmund";"indelivery";1001;"2019-12-26"
2500;"energy";"electricity";2300;"";"2019-06-29";"2019-12-01";"";"";"";"Berlin";"indelivery";1002;"2020-09-17"
2501;"energy";"electricity";2100;2121;"2019-01-23";"2019-07-01";"2020-10-31";"2020-10-03";"Umzug";"Hamburg";"cancelled";1002;"2020-07-05"
2502;"energy";"electricity";3000;2978;"2018-09-16";"2018-11-01";"2018-11-01";"2018-12-30";"Wiederruf";"Bonn";"terminated";1002;"2018-12-30"
2503;"energy";"electricity";2800;"";"2019-06-21";"2019-09-01";"2020-04-30";"2020-03-29";"Umzug";"Leipzig";"terminated";1000;"2020-03-29"
2504;"energy";"electricity";2900;3160;"2019-11-28";"2020-01-01";"";"";"";"Dresden";"indelivery";1000;"2020-09-07"
2505;"energy";"electricity";2500;2417;"2019-08-23";"2020-01-01";"";"";"";"Cologne";"indelivery";1001;"2020-05-15"
2506;"energy";"gas";9800;"";"2020-04-20";"2020-06-01";"";"";"";"Munich";"indelivery";2001;"2020-09-15"
2507;"energy";"electricity";2400;2480;"2019-05-06";"2019-11-01";"";"";"";"Bremen";"indelivery";1000;"2019-08-01"
2508;"energy";"electricity";2300;2254;"2018-09-13";"2019-03-01";"";"";"";"Berlin";"indelivery";1001;"2019-06-15"
2509;"energy";"electricity";2700;2697;"2020-06-20";"2020-08-01";"";"";"";"Freiburg";"indelivery";1001;"2020-09-09"
2510;"energy";"electricity";2400;2583;"2018-08-11";"2018-12-01";"";"";"";"Munich";"indelivery";1001;"2018-12-12"
2511;"energy";"electricity";2300;2343;"2018-03-10";"2018-09-01";"";"";"";"Essen";"indelivery";1001;"2020-08-22"
2512;"energy";"gas";9100;8629;"2019-09-17";"2019-11-01";"";"";"";"Potsdam";"indelivery";2000;"2020-06-27"
2513;"energy";"electricity";2400;2266;"2020-07-06";"2021-04-01";"";"";"";"Cologne";"active";1002;"2020-07-22"
2514;"energy";"electricity";2500;2562;"2020-03-03";"2020-07-01";"";"";"";"Hamburg";"indelivery";1000;"2020-05-12"
2515;"energy";"electricity";2500;2615;"2018-04-19";"2018-05-01";"2018-11-30";"2018-10-29";"fristgerecht durch LichtBlick";"Berlin";"terminated";1000;"2018-05-14"
2516;"energy";"electricity";2300;2362;"2020-09-26";"2020-10-01";"";"";"";"Mannheim";"indelivery";1002;"2020-09-26"
2517;"energy";"electricity";2600;2617;"2018-11-11";"2019-03-01";"2020-10-31";"2020-10-03";"fristgerecht durch Kunde";"Saarbrücken";"cancelled";1002;"2020-05-30"
2518;"energy";"gas";8200;7831;"2018-05-23";"2018-07-01";"2018-07-01";"2019-08-03";"Wiederruf";"Berlin";"terminated";2000;"2019-08-03"
2519;"energy";"electricity";2800;3018;"2019-10-07";"2019-12-01";"";"";"";"Berlin";"indelivery";1001;"2020-07-12"
2520;"energy";"electricity";2200;"";"2019-12-05";"2020-12-01";"";"";"";"Erfurt";"active";1002;"2020-04-12"
2521;"energy";"electricity";2300;2344;"2020-05-31";"2020-06-01";"";"";"";"Hamburg";"indelivery";1001;"2020-08-29"
2522;"energy";"electricity";2200;2233;"2018-01-25";"2018-03-01";"";"";"";"Berlin";"indelivery";1000;"2020-01-28"
2523;"energy";"electricity";2100;2031;"2019-07-02";"2019-09-01";"";"";"";"Frankfurt";"indelivery";1000;"2020-06-24"
2524;"energy";"electricity";2500;2486;"2018-06-20";"2018-11-01";"";"";"";"Altchemnitz";"indelivery";1000;"2019-02-23"
2525;"energy";"electricity";2800;2820;"2018-10-07";"2019-01-01";"";"";"";"Freiburg";"indelivery";1000;"2020-06-10"
2526;"energy";"electricity";2800;3033;"2020-09-23";"2021-05-01";"";"";"";"Hannover";"active";1002;"2020-09-27"
2527;"energy";"gas";9500;"";"2020-02-02";"2020-08-01";"";"";"";"Potsdam";"indelivery";2000;"2020-07-03"
2528;"energy";"electricity";2400;2448;"2019-08-05";"2019-12-01";"";"";"";"Augsburg";"indelivery";1002;"2019-08-17"
2529;"energy";"electricity";2400;2299;"2019-04-24";"2019-08-01";"";"";"";"Munich";"indelivery";1001;"2020-01-06"
2530;"energy";"electricity";2400;2356;"2018-12-02";"2019-03-01";"";"";"";"Berlin";"indelivery";1002;"2020-06-27"
2531;"energy";"electricity";2300;2367;"2018-05-20";"2018-10-01";"2020-01-31";"2019-12-31";"Umzug";"Munich";"terminated";1002;"2019-07-15"
2532;"energy";"gas";8100;8160;"2018-11-25";"2019-07-01";"2020-03-31";"2020-03-01";"fristgerecht durch Kunde";"Kiel";"terminated";2000;"2020-03-01"
2533;"energy";"electricity";2600;2520;"2018-06-14";"2019-01-01";"2020-04-30";"2020-04-01";"fristgerecht durch LichtBlick";"Mannheim";"terminated";1001;"2019-07-07"
2534;"energy";"electricity";2400;2508;"2020-01-28";"2020-04-01";"";"";"";"Gera";"indelivery";1002;"2020-04-13"
2535;"energy";"gas";8700;9369;"2020-03-05";"2020-10-01";"";"";"";"Berlin";"indelivery";2000;"2020-05-05"
2536;"energy";"electricity";2300;2290;"2020-08-15";"2020-09-01";"";"";"";"Marienberg";"indelivery";1002;"2020-09-18"
2537;"energy";"electricity";2700;"";"2018-07-02";"2018-08-01";"";"";"";"Cologne";"indelivery";1000;"2019-05-23"
2538;"energy";"electricity";2300;2502;"2018-08-04";"2018-10-01";"";"";"";"Berlin";"indelivery";1000;"2019-10-18"
2539;"energy";"electricity";2800;2963;"2019-09-15";"2019-11-01";"";"";"";"Kaiserslautern";"indelivery";1000;"2020-08-04"
2540;"energy";"electricity";2300;2496;"2018-10-31";"2019-04-01";"";"";"";"Neu-Ulm";"indelivery";1002;"2020-03-21"
2541;"energy";"gas";10700;"";"2019-06-29";"2019-08-01";"2020-10-31";"2020-10-02";"fristgerecht durch Kunde";"Hamburg";"cancelled";2000;"2020-09-27"
2542;"energy";"electricity";2200;2172;"2018-02-22";"2018-07-01";"2020-02-29";"2020-01-31";"fristgerecht durch LichtBlick";"Berlin";"terminated";1001;"2018-08-18"
2543;"energy";"electricity";2200;2126;"2018-01-20";"2018-05-01";"";"";"";"Karlsruhe";"indelivery";1000;"2019-04-08"
2544;"energy";"gas";9800;10287;"2020-02-21";"2020-04-01";"";"";"";"Berlin";"indelivery";2001;"2020-03-16"
2545;"energy";"electricity";2500;"";"2018-01-05";"2018-11-01";"2019-02-28";"2019-01-30";"Umzug";"Hamburg";"terminated";1001;"2019-01-30"
2546;"energy";"electricity";3100;"";"2018-02-13";"2019-04-01";"";"";"";"Ansbach";"indelivery";1001;"2018-12-07"
2547;"energy";"electricity";2900;2931;"2019-08-18";"2019-10-01";"";"";"";"Lüdenscheid";"indelivery";1002;"2020-01-28"
2548;"energy";"electricity";2900;2914;"2018-06-13";"2018-10-01";"";"";"";"Wuppertal";"indelivery";1000;"2019-12-18"
2549;"energy";"electricity";2900;2823;"2018-11-19";"2019-01-01";"2020-09-30";"2020-08-30";"Umzug";"Altchemnitz";"terminated";1000;"2019-06-29"
2550;"energy";"electricity";2700;2802;"2019-04-06";"2019-09-01";"";"";"";"Halle";"indelivery";1001;"2020-09-22"
2551;"energy";"electricity";2100;2086;"2018-06-08";"2018-12-01";"";"";"";"Berlin";"indelivery";1000;"2020-03-11"
2552;"energy";"electricity";2200;2179;"2018-09-07";"2018-11-01";"2019-10-31";"2019-10-03";"Umzug";"Potsdam";"terminated";1002;"2019-10-03"
2553;"energy";"electricity";2000;2207;"2019-03-18";"2019-04-01";"2020-03-31";"2020-03-01";"fristgerecht durch LichtBlick";"Duisburg";"terminated";1001;"2020-02-28"
2554;"energy";"electricity";2800;3062;"2019-04-01";"2020-01-01";"";"";"";"Bonn";"indelivery";1000;"2019-10-12"
2555;"energy";"electricity";2700;2743;"2018-07-23";"2019-01-01";"";"";"";"Mainz";"indelivery";1001;"2020-09-19"
2556;"energy";"electricity";1900;1956;"2019-12-31";"2020-02-01";"";"";"";"Hamburg";"indelivery";1002;"2020-03-12"
2557;"energy";"electricity";2200;2095;"2019-09-16";"2019-12-01";"2020-11-30";"2020-11-01";"fristgerecht durch Kunde";"Rostock";"cancelled";1000;"2020-09-26"
2558;"energy";"electricity";2000;2163;"2018-04-03";"2018-07-01";"";"";"";"Munich";"indelivery";1002;"2019-03-01"
2559;"energy";"electricity";2500;2486;"2018-04-01";"2018-09-01";"2019-11-30";"2019-10-22";"Umzug";"Bremen";"terminated";1001;"2019-05-26"
2560;"energy";"electricity";2200;2089;"2018-08-29";"2018-11-01";"";"";"";"Wuppertal";"indelivery";1001;"2019-03-22"
2561;"energy";"gas";11300;11683;"2018-12-29";"2019-04-01";"";"";"";"Munich";"indelivery";2000;"2020-05-31"
2562;"energy";"electricity";2800;3009;"2019-06-26";"2019-08-01";"2020-08-31";"2020-07-31";"fristgerecht durch LichtBlick";"Berlin";"terminated";1001;"2019-10-17"
2563;"energy";"electricity";2500;2649;"2018-10-27";"2019-04-01";"2020-04-30";"2020-04-01";"fristgerecht durch Kunde";"Bremen";"terminated";1002;"2019-04-03"
2564;"energy";"electricity";2000;2105;"2020-08-19";"2020-10-01";"";"";"";"Berlin";"indelivery";1002;"2020-09-11"
2565;"energy";"electricity";2300;2240;"2019-12-24";"2020-02-01";"";"";"";"Chemnitz";"indelivery";1002;"2020-01-28"
2566;"energy";"gas";9200;8898;"2020-02-21";"2020-04-01";"";"";"";"Göttingen";"indelivery";2001;"2020-08-17"
2567;"energy";"electricity";2600;2562;"2020-01-27";"2020-02-01";"";"";"";"Berlin";"indelivery";1002;"2020-09-02"
2568;"energy";"electricity";2700;2676;"2020-07-11";"2020-09-01";"2020-09-01";"2020-09-30";"Wiederruf";"Mannheim";"terminated";1001;"2020-09-19"
2569;"energy";"electricity";2800;2783;"2019-12-16";"2020-02-01";"";"";"";"Cologne";"indelivery";1000;"2020-09-13"
2570;"energy";"gas";11200;12077;"2019-08-23";"2019-10-01";"";"";"";"Meppen";"indelivery";2001;"2019-10-03"
2571;"energy";"gas";11400;10928;"2019-04-07";"2019-08-01";"2020-12-31";"2020-12-02";"fristgerecht durch Kunde";"Essen";"cancelled";2001;"2019-06-16"
2572;"energy";"electricity";2100;2118;"2020-02-26";"2020-03-01";"";"";"";"Frankfurt";"indelivery";1002;"2020-08-18"
2573;"energy";"electricity";2300;2393;"2019-02-04";"2019-08-01";"";"";"";"Marienberg";"indelivery";1002;"2020-07-10"
2574;"energy";"electricity";2500;2423;"2019-05-06";"2019-10-01";"";"";"";"Berlin";"indelivery";1002;"2020-09-08"
2575;"energy";"electricity";2100;2217;"2019-08-09";"2019-11-01";"";"";"";"Frankfurt";"indelivery";1001;"2020-01-16"
2576;"energy";"electricity";2800;2784;"2019-03-04";"2019-04-01";"";"";"";"Rostock";"indelivery";1000;"2020-04-18"
2577;"energy";"gas";8800;9088;"2020-03-08";"2020-06-01";"";"";"";"Cologne";"indelivery";2000;"2020-08-28"
2578;"energy";"electricity";2300;2272;"2020-09-07";"2021-01-01";"";"";"";"Augsburg";"active";1002;"2020-09-11"
2579;"energy";"electricity";2500;2478;"2020-05-21";"2020-11-01";"";"";"";"Neuwied";"active";1000;"2020-09-03"
2580;"energy";"electricity";2900;2724;"2018-01-15";"2018-02-01";"";"";"";"Koblenz";"indelivery";1000;"2019-06-09"
2581;"energy";"electricity";2500;2592;"2018-11-19";"2019-01-01";"";"";"";"Schwerin";"indelivery";1002;"2019-03-28"
2582;"energy";"electricity";2100;2099;"2020-08-19";"2020-12-01";"";"";"";"Würzburg";"active";1001;"2020-09-26"
2583;"energy";"electricity";2800;2745;"2018-06-04";"2019-01-01";"";"";"";"Berlin";"indelivery";1000;"2019-02-22"
2584;"energy";"electricity";2800;2693;"2020-02-10";"2020-04-01";"";"";"";"Landsberg";"indelivery";1000;"2020-04-17"
2585;"energy";"electricity";2400;2470;"2019-07-11";"2019-10-01";"";"";"";"Cologne";"indelivery";1002;"2020-04-27"
2586;"energy";"electricity";2200;2275;"2020-05-23";"2020-11-01";"";"";"";"Marienberg";"active";1001;"2020-08-08"
2587;"energy";"electricity";2600;2603;"2020-01-08";"2020-05-01";"";"";"";"Düsseldorf";"indelivery";1000;"2020-05-23"
2588;"energy";"gas";10900;11393;"2020-03-10";"2020-05-01";"";"";"";"Karlsruhe";"indelivery";2000;"2020-03-19"
2589;"energy";"electricity";2300;2290;"2018-04-14";"2018-10-01";"";"";"";"Bayreuth";"indelivery";1000;"2020-09-09"
2590;"energy";"gas";10300;10159;"2019-08-10";"2019-12-01";"";"";"";"Hamburg";"indelivery";2001;"2019-08-30"
2591;"energy";"electricity";2900;2946;"2020-06-30";"2020-12-01";"";"";"";"Munich";"active";1000;"2020-07-25"
2592;"energy";"electricity";2800;2903;"2018-05-02";"2018-07-01";"";"";"";"Potsdam";"indelivery";1002;"2018-05-07"
2593;"energy";"electricity";2300;2341;"2020-09-17";"2020-12-01";"";"";"";"Hamburg";"active";1002;"2020-09-27"
2594;"energy";"gas";11500;11728;"2019-04-26";"2019-05-01";"2020-06-30";"2020-05-30";"fristgerecht durch LichtBlick";"Dortmund";"terminated";2001;"2020-01-03"
2595;"energy";"electricity";2200;2365;"2019-07-01";"2019-10-01";"";"";"";"Berlin";"indelivery";1000;"2020-05-19"
2596;"energy";"electricity";2200;2335;"2020-09-25";"2020-10-01";"";"";"";"Stuttgart";"indelivery";1000;"2020-09-26"
2597;"energy";"electricity";2200;2084;"2020-06-28";"2020-08-01";"";"";"";"Berlin";"indelivery";1002;"2020-08-27"
2598;"energy";"electricity";2400;2496;"2018-12-03";"2019-02-01";"";"";"";"Berlin";"indelivery";1000;"2019-04-23"
2599;"energy";"electricity";2400;2268;"2019-09-28";"2019-11-01";"";"";"";"Marienberg";"indelivery";1002;"2020-02-14"
2600;"energy";"electricity";2600;2498;"2019-06-12";"2019-11-01";"";"";"";"Dessau-Roßlau";"indelivery";1001;"2020-09-13"
2601;"energy";"electricity";2700;2752;"2020-02-02";"2020-06-01";"";"";"";"Frankfurt";"indelivery";1001;"2020-08-04"
2602;"energy";"electricity";2700;2657;"2018-11-25";"2019-01-01";"";"";"";"Frankfurt";"indelivery";1002;"2019-09-21"
2603;"energy";"electricity";2400;2560;"2019-02-07";"2019-04-01";"";"";"";"Cologne";"indelivery";1000;"2019-02-17"
2604;"energy";"gas";8300;8927;"2018-04-02";"2018-06-01";"";"";"";"Mannheim";"indelivery";2001;"2018-12-24"
2605;"energy";"electricity";2700;2699;"2020-08-21";"2020-09-01";"2020-10-31";"2020-10-01";"fristgerecht durch LichtBlick";"Hamburg";"cancelled";1000;"2020-08-25"
2606;"energy";"gas";11200;10655;"2018-11-05";"2019-01-01";"";"";"";"Villingen-Schwenningen";"indelivery";2000;"2020-05-06"
2607;"energy";"gas";8700;"";"2019-09-13";"2020-03-01";"";"";"";"Braunschweig";"indelivery";2001;"2019-12-26"
2608;"energy";"electricity";2500;2485;"2018-07-31";"2019-06-01";"";"";"";"Stuttgart";"indelivery";1001;"2018-12-23"
2609;"energy";"electricity";2300;2395;"2019-01-31";"2019-07-01";"";"";"";"Koblenz";"indelivery";1001;"2020-09-15"
2610;"energy";"electricity";2300;2154;"2019-07-23";"2020-02-01";"";"";"";"Munich";"indelivery";1002;"2020-06-25"
2611;"energy";"electricity";2600;2672;"2019-04-13";"2019-11-01";"";"";"";"Hamburg";"indelivery";1000;"2020-01-07"
2612;"energy";"electricity";3000;2836;"2019-06-16";"2019-08-01";"";"";"";"Bremen";"indelivery";1001;"2019-12-20"
2613;"energy";"electricity";2800;2936;"2019-12-15";"2020-08-01";"";"";"";"Osnabrück";"indelivery";1000;"2020-06-08"
2614;"energy";"electricity";2200;"";"2018-08-14";"2018-09-01";"";"";"";"Duisburg";"indelivery";1001;"2018-09-23"
2615;"energy";"electricity";2600;2508;"2020-01-08";"2020-03-01";"";"";"";"Cologne";"indelivery";1000;"2020-02-18"
2616;"energy";"electricity";2800;2688;"2018-07-07";"2018-09-01";"";"";"";"Berlin";"indelivery";1001;"2019-07-31"
2617;"energy";"electricity";2500;2444;"2018-02-22";"2018-07-01";"";"";"";"Frankfurt";"indelivery";1002;"2018-08-08"
2618;"energy";"electricity";2900;2740;"2019-03-04";"2019-07-01";"";"";"";"Bad Kreuznach";"indelivery";1000;"2019-11-27"
2619;"energy";"electricity";2600;2733;"2020-04-16";"2020-12-01";"";"";"";"Freiburg";"active";1000;"2020-05-12"
2620;"energy";"gas";11700;11512;"2020-05-09";"2020-09-01";"";"";"";"Dresden";"indelivery";2001;"2020-07-31"
2621;"energy";"gas";8900;9153;"2019-01-07";"2019-05-01";"";"";"";"Magdeburg";"indelivery";2000;"2019-03-26"
2622;"energy";"electricity";2800;2844;"2018-12-02";"2019-01-01";"2019-02-28";"2019-01-29";"fristgerecht durch LichtBlick";"Munich";"terminated";1000;"2019-01-10"
2623;"energy";"electricity";2700;"";"2020-01-17";"2020-05-01";"";"";"";"Berlin";"indelivery";1001;"2020-09-01"
2624;"energy";"electricity";2800;2811;"2019-02-19";"2019-09-01";"";"";"";"Hamburg";"indelivery";1002;"2019-10-22"
2625;"energy";"electricity";2500;2558;"2019-07-09";"2019-10-01";"2020-11-30";"2020-11-02";"Umzug";"Wuppertal";"cancelled";1000;"2020-01-15"
2626;"energy";"electricity";2600;2570;"2019-08-23";"2019-10-01";"";"";"";"Altchemnitz";"indelivery";1002;"2020-07-23"
2627;"energy";"electricity";2500;2657;"2018-01-06";"2018-04-01";"";"";"";"Cologne";"indelivery";1002;"2018-07-02"
2628;"energy";"electricity";2700;2907;"2020-06-21";"2021-02-01";"";"";"";"Bonn";"active";1001;"2020-07-01"
2629;"energy";"electricity";2900;"";"2020-03-22";"2020-07-01";"";"";"";"Wiesbaden";"indelivery";1002;"2020-06-28"
2630;"energy";"electricity";3000;3103;"2018-03-18";"2018-05-01";"";"";"";"Leipzig";"indelivery";1002;"2019-04-23"
2631;"energy";"electricity";2600;2660;"2019-07-06";"2019-09-01";"";"";"";"Münster";"indelivery";1001;"2019-07-20"
2632;"energy";"gas";9500;10167;"2019-07-10";"2019-11-01";"";"";"";"Northeim";"indelivery";2001;"2019-10-11"
2633;"energy";"electricity";2900;2865;"2018-02-03";"2018-05-01";"2019-12-31";"2019-12-02";"fristgerecht durch LichtBlick";"Dortmund";"terminated";1002;"2019-10-31"
2634;"energy";"electricity";2600;2504;"2019-02-09";"2019-08-01";"";"";"";"Bremerhaven";"indelivery";1001;"2019-04-28"
2635;"energy";"electricity";2100;2074;"2018-06-24";"2018-10-01";"2018-10-01";"2020-03-03";"Wiederruf";"Dortmund";"terminated";1001;"2018-10-23"
2636;"energy";"electricity";2400;2452;"2020-06-26";"2020-10-01";"";"";"";"Duisburg";"indelivery";1000;"2020-08-03"
2637;"energy";"electricity";2100;2054;"2018-04-23";"2018-07-01";"";"";"";"Munich";"indelivery";1002;"2020-05-09"
2638;"energy";"gas";8900;9241;"2020-05-11";"2020-08-01";"";"";"";"Berlin";"indelivery";2001;"2020-09-25"
2639;"energy";"electricity";2700;2655;"2019-06-23";"2019-08-01";"";"";"";"Berlin";"indelivery";1001;"2020-05-09"
2640;"energy";"electricity";2000;2172;"2019-01-12";"2019-05-01";"";"";"";"Berlin";"indelivery";1000;"2020-02-24"
2641;"energy";"electricity";2200;2310;"2019-08-31";"2019-10-01";"";"";"";"Stuttgart";"indelivery";1000;"2020-06-15"
2642;"energy";"gas";11400;10985;"2019-10-10";"2020-07-01";"";"";"";"Leipzig";"indelivery";2001;"2020-04-14"
2643;"energy";"gas";9500;9500;"2018-01-30";"2018-03-01";"";"";"";"Düsseldorf";"indelivery";2000;"2019-03-19"
2644;"energy";"electricity";2000;2145;"2019-05-05";"2020-01-01";"";"";"";"Marienberg";"indelivery";1001;"2019-11-19"
2645;"energy";"electricity";2800;2979;"2018-01-23";"2018-12-01";"2019-04-30";"2019-04-02";"Umzug";"Berlin";"terminated";1002;"2019-04-02"
2646;"energy";"gas";11400;11738;"2020-09-06";"2021-02-01";"";"";"";"Bamberg";"active";2000;"2020-09-20"
2647;"energy";"electricity";2600;2711;"2019-11-24";"2020-03-01";"";"";"";"Berlin";"indelivery";1000;"2020-01-24"
2648;"energy";"gas";9100;9006;"2020-01-01";"2020-11-01";"";"";"";"Leipzig";"active";2000;"2020-01-15"
2649;"energy";"electricity";1900;2005;"2018-04-11";"2018-08-01";"2019-11-30";"2019-11-02";"fristgerecht durch LichtBlick";"Cologne";"terminated";1001;"2019-11-02"
2650;"energy";"electricity";2600;2509;"2018-08-19";"2018-10-01";"";"";"";"Mannheim";"indelivery";1002;"2020-01-27"
2651;"energy";"electricity";2400;"";"2020-07-19";"2021-08-01";"";"";"";"Gera";"active";1002;"2020-09-24"
2652;"energy";"electricity";2400;2445;"2019-05-05";"2019-07-01";"";"";"";"Stuttgart";"indelivery";1000;"2020-04-16"
2653;"energy";"electricity";2200;2104;"2020-03-14";"2020-04-01";"";"";"";"Leipzig";"indelivery";1002;"2020-03-17"
2654;"energy";"electricity";2800;2732;"2020-07-05";"2020-10-01";"";"";"";"Dresden";"indelivery";1001;"2020-09-15"
2655;"energy";"electricity";2600;2508;"2018-06-15";"2018-10-01";"2019-01-31";"2019-01-01";"fristgerecht durch Kunde";"Stendal";"terminated";1002;"2018-12-15"
2656;"energy";"electricity";2900;2825;"2020-08-16";"2021-10-01";"";"";"";"Düsseldorf";"active";1000;"2020-09-12"
2657;"energy";"electricity";2300;2232;"2018-03-04";"2018-09-01";"";"";"";"Rostock";"indelivery";1002;"2020-04-08"
2658;"energy";"electricity";2500;2399;"2018-03-09";"2018-10-01";"";"";"";"Duisburg";"indelivery";1001;"2020-06-07"
2659;"energy";"electricity";2100;"";"2019-02-04";"2020-01-01";"2020-07-31";"2020-07-03";"fristgerecht durch Kunde";"Düsseldorf";"terminated";1001;"2020-05-08"
2660;"energy";"electricity";2900;2725;"2019-12-28";"2020-03-01";"";"";"";"Magdeburg";"indelivery";1002;"2020-01-12"
2661;"energy";"electricity";2100;2259;"2018-08-06";"2019-02-01";"";"";"";"Cologne";"indelivery";1001;"2020-02-19"
2662;"energy";"electricity";2000;1991;"2019-07-07";"2019-08-01";"";"";"";"Leipzig";"indelivery";1002;"2020-07-23"
2663;"energy";"electricity";2100;2102;"2019-05-08";"2019-11-01";"2019-11-01";"2020-07-01";"Wiederruf";"Bonn";"terminated";1000;"2020-04-29"
2664;"energy";"gas";10400;10080;"2019-09-27";"2020-02-01";"2020-06-30";"2020-06-02";"fristgerecht durch Kunde";"Essen";"terminated";2001;"2019-12-03"
2665;"energy";"electricity";2500;2637;"2018-02-22";"2018-05-01";"";"";"";"Würzburg";"indelivery";1000;"2020-04-14"
2666;"energy";"electricity";2900;"";"2019-03-21";"2019-11-01";"";"";"";"Wunsiedel";"indelivery";1000;"2020-03-12"
2667;"energy";"electricity";2000;1986;"2020-03-08";"2021-01-01";"";"";"";"Berlin";"active";1002;"2020-09-02"
2668;"energy";"electricity";2800;2651;"2018-05-13";"2018-08-01";"";"";"";"Bonn";"indelivery";1001;"2019-03-01"
2669;"energy";"electricity";2200;2304;"2019-06-02";"2019-08-01";"";"";"";"Saarbrücken";"indelivery";1001;"2019-08-09"
2670;"energy";"electricity";2300;2430;"2019-05-01";"2019-07-01";"";"";"";"Munich";"indelivery";1001;"2019-11-16"
2671;"energy";"gas";11400;10883;"2020-03-14";"2020-05-01";"";"";"";"Hamburg";"indelivery";2001;"2020-08-29"
2672;"energy";"electricity";1900;1991;"2018-09-23";"2018-11-01";"";"";"";"Hamburg";"indelivery";1002;"2019-02-09"
2673;"energy";"gas";11100;11098;"2020-06-06";"2020-07-01";"";"";"";"Düsseldorf";"indelivery";2001;"2020-06-18"
2674;"energy";"electricity";2200;2292;"2019-06-16";"2019-08-01";"";"";"";"Braunschweig";"indelivery";1002;"2019-12-07"
2675;"energy";"electricity";2100;1981;"2020-02-19";"2020-03-01";"";"";"";"Magdeburg";"indelivery";1002;"2020-07-14"
2676;"energy";"electricity";2500;2633;"2020-08-01";"2020-11-01";"";"";"";"Wuppertal";"active";1001;"2020-08-27"
2677;"energy";"electricity";2600;2667;"2020-04-19";"2020-08-01";"";"";"";"Fürth";"indelivery";1002;"2020-09-08"
2678;"energy";"electricity";2700;2846;"2018-03-26";"2018-08-01";"";"";"";"Berlin";"indelivery";1000;"2020-09-19"
2679;"energy";"gas";8500;8570;"2018-10-31";"2019-09-01";"2019-09-01";"2019-12-03";"Wiederruf";"Karlsruhe";"terminated";2001;"2019-12-03"
2680;"energy";"electricity";2200;2196;"2019-02-24";"2020-06-01";"";"";"";"Erfurt";"indelivery";1000;"2019-02-24"
2681;"energy";"gas";11800;"";"2020-04-17";"2020-05-01";"";"";"";"Lüdenscheid";"indelivery";2000;"2020-06-08"
2682;"energy";"electricity";2300;2194;"2020-01-07";"2020-11-01";"";"";"";"Leipzig";"active";1002;"2020-06-19"
2683;"energy";"electricity";2600;2736;"2019-06-04";"2020-01-01";"";"";"";"Munich";"indelivery";1000;"2019-12-29"
2684;"energy";"electricity";2200;2238;"2018-09-05";"2019-02-01";"2020-06-30";"2020-06-02";"Umzug";"Munich";"terminated";1002;"2018-09-21"
2685;"energy";"electricity";2700;"";"2018-04-21";"2018-06-01";"";"";"";"Berlin";"indelivery";1001;"2020-08-31"
2686;"energy";"electricity";2800;2886;"2020-02-06";"2020-10-01";"";"";"";"Wuppertal";"indelivery";1001;"2020-05-21"
2687;"energy";"electricity";2200;2289;"2019-06-04";"2019-07-01";"";"";"";"Münster";"indelivery";1001;"2019-07-15"
2688;"energy";"electricity";2100;2037;"2019-08-21";"2020-04-01";"";"";"";"Berlin";"indelivery";1000;"2020-02-11"
2689;"energy";"electricity";1900;1918;"2019-01-04";"2019-11-01";"";"";"";"Hamburg";"indelivery";1002;"2020-02-28"
2690;"energy";"electricity";2200;2119;"2019-10-02";"2019-12-01";"";"";"";"Bielefeld";"indelivery";1000;"2019-11-16"
2691;"energy";"gas";10900;11096;"2018-10-05";"2018-12-01";"";"";"";"Duisburg";"indelivery";2001;"2020-03-10"
2692;"energy";"electricity";2100;2033;"2018-05-28";"2019-05-01";"";"";"";"Hamburg";"indelivery";1001;"2019-03-24"
2693;"energy";"electricity";2300;2278;"2020-06-25";"2020-08-01";"2020-08-01";"2020-10-25";"Wiederruf";"Berlin";"terminated";1002;"2020-09-05"
2694;"energy";"electricity";2100;2040;"2018-08-29";"2018-10-01";"2018-12-31";"2018-11-30";"Umzug";"Dortmund";"terminated";1000;"2018-11-30"
2695;"energy";"electricity";2700;2734;"2019-02-11";"2019-08-01";"2019-08-01";"2020-02-25";"Wiederruf";"Detmold";"terminated";1000;"2019-05-13"
2696;"energy";"electricity";2500;2611;"2018-04-30";"2018-09-01";"";"";"";"Gera";"indelivery";1002;"2020-03-12"
2697;"energy";"electricity";2900;3094;"2018-04-07";"2018-06-01";"2020-08-31";"2020-08-03";"fristgerecht durch Kunde";"Duisburg";"terminated";1000;"2020-05-03"
2698;"energy";"gas";9200;8789;"2019-02-18";"2019-04-01";"2019-06-30";"2019-06-02";"fristgerecht durch LichtBlick";"Berlin";"terminated";2001;"2019-06-02"
2699;"energy";"electricity";2400;2392;"2019-10-17";"2019-12-01";"";"";"";"Duisburg";"indelivery";1001;"2020-02-16"
2700;"energy";"electricity";2000;2073;"2019-03-04";"2019-12-01";"";"";"";"Bremen";"indelivery";1002;"2019-05-23"
2701;"energy";"electricity";2600;2773;"2019-05-13";"2019-07-01";"";"";"";"Hamburg";"indelivery";1000;"2020-07-24"
2702;"energy";"electricity";2600;2853;"2019-12-16";"2020-02-01";"";"";"";"Berlin";"indelivery";1002;"2020-03-06"
2703;"energy";"electricity";2100;2085;"2018-11-09";"2018-12-01";"";"";"";"Mannheim";"indelivery";1001;"2018-11-17"
2704;"energy";"electricity";2300;2383;"2020-01-08";"2020-02-01";"";"";"";"Cologne";"indelivery";1002;"2020-04-28"
2705;"energy";"electricity";3100;3079;"2020-09-16";"2021-01-01";"";"";"";"Schwelm";"active";1002;"2020-09-29"
2706;"energy";"electricity";2800;2643;"2018-01-14";"2018-03-01";"";"";"";"Frankfurt";"indelivery";1000;"2018-11-28"
2707;"energy";"electricity";2900;3078;"2019-07-21";"2019-08-01";"";"";"";"Karlsruhe";"indelivery";1001;"2020-02-18"
2708;"energy";"gas";10400;"";"2019-05-14";"2019-07-01";"";"";"";"Leipzig";"indelivery";2001;"2019-05-25"
2709;"energy";"electricity";2900;3000;"2018-07-02";"2018-08-01";"2018-08-01";"2019-05-01";"Wiederruf";"Berlin";"terminated";1000;"2019-05-01"
2710;"energy";"gas";10200;10114;"2020-01-27";"2020-07-01";"";"";"";"Hamburg";"indelivery";2001;"2020-06-27"
2711;"energy";"electricity";2800;2664;"2019-09-03";"2019-11-01";"";"";"";"Wiesbaden";"indelivery";1001;"2020-01-06"
2712;"energy";"electricity";2500;2622;"2018-08-05";"2018-11-01";"";"";"";"Berlin";"indelivery";1001;"2020-02-23"
2713;"energy";"electricity";2800;2819;"2018-09-10";"2018-12-01";"2020-08-31";"2020-08-01";"Umzug";"Erfurt";"terminated";1001;"2020-05-03"
2714;"energy";"gas";11900;12201;"2019-08-29";"2021-01-01";"";"";"";"Naumburg";"active";2000;"2019-09-11"
2715;"energy";"electricity";2100;2232;"2019-11-02";"2020-01-01";"";"";"";"Bremen";"indelivery";1000;"2020-08-27"
2716;"energy";"electricity";2100;2091;"2018-06-10";"2018-11-01";"";"";"";"Bremen";"indelivery";1001;"2019-04-02"
2717;"energy";"gas";9700;9364;"2018-10-28";"2020-04-01";"";"";"";"Münster";"indelivery";2001;"2019-11-25"
2718;"energy";"electricity";2500;2693;"2020-08-08";"2020-12-01";"";"";"";"Ingolstadt";"active";1001;"2020-08-30"
2719;"energy";"electricity";2000;2080;"2019-05-08";"2019-07-01";"2019-07-01";"2019-09-02";"Wiederruf";"Hamburg";"terminated";1000;"2019-08-18"
2720;"energy";"electricity";3000;3038;"2020-04-21";"2020-07-01";"";"";"";"Dresden";"indelivery";1001;"2020-08-07"
2721;"energy";"electricity";2600;2669;"2018-03-20";"2018-07-01";"";"";"";"Jever";"indelivery";1002;"2019-01-27"
2722;"energy";"electricity";2100;2153;"2019-08-30";"2019-12-01";"";"";"";"Kiel";"indelivery";1001;"2020-04-17"
2723;"energy";"electricity";2700;"";"2018-12-19";"2019-07-01";"";"";"";"Stuttgart";"indelivery";1000;"2019-08-06"
2724;"energy";"electricity";2100;2187;"2018-03-13";"2018-06-01";"";"";"";"Berlin";"indelivery";1000;"2018-12-13"
2725;"energy";"electricity";2700;2730;"2019-07-01";"2019-11-01";"";"";"";"Coburg";"indelivery";1000;"2020-07-29"
2726;"energy";"electricity";2700;2775;"2018-03-28";"2018-04-01";"2019-11-30";"2019-11-02";"fristgerecht durch LichtBlick";"Leipzig";"terminated";1001;"2019-11-02"
2727;"energy";"gas";11900;11539;"2019-12-04";"2020-01-01";"";"";"";"Dortmund";"indelivery";2001;"2020-06-29"
2728;"energy";"electricity";2000;2188;"2018-08-31";"2018-10-01";"2019-01-31";"2019-01-02";"Umzug";"Cologne";"terminated";1000;"2019-01-02"
2729;"energy";"electricity";2700;2739;"2020-01-09";"2020-04-01";"";"";"";"Würzburg";"indelivery";1001;"2020-03-23"
2730;"energy";"gas";9700;9740;"2020-01-01";"2020-07-01";"";"";"";"Braunschweig";"indelivery";2000;"2020-07-25"
2731;"energy";"electricity";2100;2173;"2020-09-10";"2020-11-01";"";"";"";"Bonn";"active";1002;"2020-09-14"
2732;"energy";"electricity";2500;2649;"2018-08-05";"2018-09-01";"";"";"";"Berlin";"indelivery";1001;"2020-08-18"
2733;"energy";"electricity";2300;2217;"2019-10-13";"2020-01-01";"";"";"";"Hamburg";"indelivery";1002;"2019-12-27"
2734;"energy";"electricity";2000;2075;"2018-11-07";"2018-12-01";"";"";"";"Düsseldorf";"indelivery";1001;"2019-01-18"
2735;"energy";"gas";11100;11115;"2019-12-16";"2020-09-01";"";"";"";"Hannover";"indelivery";2001;"2020-08-29"
2736;"energy";"electricity";2200;2213;"2020-05-20";"2020-06-01";"";"";"";"Potsdam";"indelivery";1002;"2020-08-15"
2737;"energy";"electricity";2400;2386;"2019-05-19";"2019-07-01";"2020-04-30";"2020-04-01";"fristgerecht durch Kunde";"Berlin";"terminated";1002;"2019-06-23"
2738;"energy";"electricity";2100;2123;"2018-05-18";"2018-12-01";"2019-07-31";"2019-07-03";"fristgerecht durch Kunde";"Berlin";"terminated";1000;"2019-05-04"
2739;"energy";"electricity";2500;2386;"2020-03-09";"2020-04-01";"";"";"";"Frankfurt";"indelivery";1001;"2020-04-12"
2740;"energy";"electricity";2600;2635;"2020-06-14";"2020-08-01";"";"";"";"Augsburg";"indelivery";1000;"2020-09-11"
2741;"energy";"electricity";2400;2474;"2020-03-06";"2020-05-01";"";"";"";"Freiburg";"indelivery";1002;"2020-04-28"
2742;"energy";"electricity";2100;2171;"2019-09-05";"2019-11-01";"2020-05-31";"2020-05-02";"fristgerecht durch LichtBlick";"Cologne";"terminated";1002;"2020-05-02"
2743;"energy";"electricity";2000;2080;"2018-01-16";"2018-03-01";"2018-04-30";"2018-03-30";"Umzug";"Mannheim";"terminated";1000;"2018-03-30"
2744;"energy";"electricity";2600;2571;"2019-12-11";"2020-04-01";"";"";"";"Münster";"indelivery";1001;"2020-03-09"
2745;"energy";"electricity";2100;1969;"2018-04-05";"2018-07-01";"2020-05-31";"2020-05-03";"fristgerecht durch Kunde";"Berlin";"terminated";1002;"2018-06-30"
2746;"energy";"electricity";2700;2926;"2020-08-08";"2021-01-01";"";"";"";"Mainz";"active";1000;"2020-08-30"
2747;"energy";"gas";11400;11329;"2019-10-05";"2020-03-01";"";"";"";"Dortmund";"indelivery";2001;"2020-09-21"
2748;"energy";"electricity";2400;2298;"2019-08-12";"2020-03-01";"";"";"";"Hamburg";"indelivery";1000;"2020-08-04"
2749;"energy";"gas";11800;12508;"2018-02-21";"2018-09-01";"";"";"";"Munich";"indelivery";2000;"2020-06-11"
2750;"energy";"electricity";2500;2573;"2020-05-29";"2021-04-01";"";"";"";"Hamburg";"active";1001;"2020-07-19"
2751;"energy";"electricity";2000;2007;"2020-03-13";"2020-12-01";"";"";"";"Hamburg";"active";1002;"2020-06-20"
2752;"energy";"electricity";2800;"";"2018-04-02";"2018-08-01";"";"";"";"Freiburg";"indelivery";1001;"2020-07-04"
2753;"energy";"electricity";2000;2089;"2019-02-27";"2019-06-01";"2020-01-31";"2019-12-27";"fristgerecht durch Kunde";"Berlin";"terminated";1002;"2019-12-27"
2754;"energy";"electricity";2100;2150;"2018-02-02";"2018-08-01";"";"";"";"Hannover";"indelivery";1001;"2018-04-21"
2755;"energy";"gas";9600;9805;"2020-07-14";"2020-08-01";"";"";"";"Cologne";"indelivery";2001;"2020-07-21"
2756;"energy";"electricity";2400;2488;"2019-01-22";"2019-04-01";"2019-05-31";"2019-04-29";"Umzug";"Bremen";"terminated";1002;"2019-04-29"
2757;"energy";"electricity";2100;2199;"2020-06-19";"2021-01-01";"";"";"";"Munich";"active";1001;"2020-08-24"
2758;"energy";"electricity";2800;2835;"2019-02-03";"2019-06-01";"2019-09-30";"2019-09-01";"fristgerecht durch LichtBlick";"Hamburg";"terminated";1001;"2019-09-01"
2759;"energy";"electricity";2700;2630;"2020-01-08";"2020-08-01";"";"";"";"Hamburg";"indelivery";1000;"2020-02-23"
2760;"energy";"electricity";2600;2547;"2020-02-07";"2020-07-01";"";"";"";"Düsseldorf";"indelivery";1002;"2020-04-13"
2761;"energy";"electricity";2200;2374;"2019-08-02";"2020-06-01";"";"";"";"Münster";"indelivery";1000;"2019-10-03"
2762;"energy";"gas";10300;10212;"2019-12-29";"2020-03-01";"";"";"";"Hannover";"indelivery";2001;"2020-06-16"
2763;"energy";"electricity";2200;2231;"2019-03-28";"2019-06-01";"2020-07-31";"2020-07-03";"fristgerecht durch Kunde";"Mainz";"terminated";1001;"2019-05-07"
2764;"energy";"electricity";2100;2027;"2018-05-23";"2018-06-01";"2018-06-01";"2018-07-31";"Wiederruf";"Bremerhaven";"terminated";1002;"2018-07-31"
2765;"energy";"electricity";2000;1967;"2019-03-18";"2019-05-01";"";"";"";"Duisburg";"indelivery";1000;"2019-06-16"
2766;"energy";"gas";10400;10659;"2020-05-01";"2020-09-01";"";"";"";"Bielefeld";"indelivery";2000;"2020-05-25"
2767;"energy";"electricity";2000;2051;"2018-12-13";"2019-03-01";"";"";"";"Bremen";"indelivery";1000;"2019-12-16"
2768;"energy";"electricity";2300;2304;"2019-06-01";"2019-09-01";"";"";"";"Dortmund";"indelivery";1000;"2020-07-10"
2769;"energy";"electricity";2800;2709;"2020-07-08";"2020-09-01";"";"";"";"Hannover";"indelivery";1000;"2020-07-26"
2770;"energy";"electricity";2100;2168;"2019-09-30";"2019-11-01";"";"";"";"Potsdam";"indelivery";1001;"2020-06-19"
2771;"energy";"electricity";2400;"";"2020-04-09";"2020-07-01";"";"";"";"Münster";"indelivery";1002;"2020-08-24"
2772;"energy";"electricity";2400;2561;"2018-07-10";"2018-10-01";"";"";"";"Frankfurt";"indelivery";1002;"2019-09-18"
2773;"energy";"electricity";2000;2099;"2019-04-06";"2019-09-01";"";"";"";"Berlin";"indelivery";1000;"2019-11-29"
2774;"energy";"electricity";2400;"";"2019-10-11";"2020-04-01";"";"";"";"Dortmund";"indelivery";1000;"2020-09-28"
2775;"energy";"electricity";2600;2772;"2019-04-06";"2019-06-01";"";"";"";"Berlin";"indelivery";1000;"2020-05-02"
2776;"energy";"electricity";2100;"";"2020-06-20";"2020-10-01";"";"";"";"Altchemnitz";"indelivery";1000;"2020-08-30"
2777;"energy";"electricity";2900;3103;"2019-02-26";"2019-04-01";"";"";"";"Neuss";"indelivery";1000;"2019-04-16"
2778;"energy";"electricity";2900;2937;"2018-03-07";"2018-06-01";"";"";"";"Marienberg";"indelivery";1000;"2020-09-25"
2779;"energy";"gas";8400;8975;"2020-03-22";"2020-04-01";"";"";"";"Bonn";"indelivery";2000;"2020-09-28"
2780;"energy";"electricity";2300;"";"2019-05-17";"2019-06-01";"";"";"";"Berlin";"indelivery";1001;"2020-09-04"
2781;"energy";"electricity";2000;"";"2019-01-24";"2019-02-01";"";"";"";"Hamburg";"indelivery";1001;"2019-12-18"
2782;"energy";"electricity";2700;"";"2018-09-22";"2018-11-01";"";"";"";"Marienberg";"indelivery";1000;"2019-02-04"
2783;"energy";"electricity";2200;2145;"2019-10-03";"2019-12-01";"2020-05-31";"2020-05-03";"Umzug";"Berlin";"terminated";1001;"2020-02-24"
2784;"energy";"electricity";2300;2266;"2018-01-16";"2018-05-01";"";"";"";"Magdeburg";"indelivery";1001;"2019-01-23"
2785;"energy";"electricity";2300;2411;"2018-08-30";"2018-12-01";"2018-12-01";"2020-04-30";"Wiederruf";"Stuttgart";"terminated";1001;"2019-08-03"
2786;"energy";"electricity";3000;3093;"2019-10-14";"2019-11-01";"";"";"";"Erfurt";"indelivery";1001;"2020-08-27"
2787;"energy";"electricity";2900;"";"2018-03-04";"2018-12-01";"2019-11-30";"2019-10-30";"Umzug";"Ulm";"terminated";1002;"2018-05-19"
2788;"energy";"electricity";2700;2933;"2020-01-07";"2020-04-01";"";"";"";"Düsseldorf";"indelivery";1000;"2020-03-15"
2789;"energy";"electricity";2800;2894;"2018-11-05";"2019-05-01";"";"";"";"Bremen";"indelivery";1001;"2019-10-23"
2790;"energy";"electricity";2500;2643;"2020-08-07";"2020-09-01";"";"";"";"Bonn";"indelivery";1000;"2020-09-24"
2791;"energy";"gas";9000;9212;"2020-05-26";"2020-11-01";"";"";"";"Cologne";"active";2000;"2020-07-20"
2792;"energy";"electricity";2200;2218;"2019-09-01";"2019-10-01";"";"";"";"Dresden";"indelivery";1001;"2019-09-07"
2793;"energy";"electricity";2500;2639;"2019-12-03";"2020-04-01";"";"";"";"Munich";"indelivery";1002;"2020-05-22"
2794;"energy";"electricity";2800;2827;"2019-08-26";"2019-10-01";"";"";"";"Erfurt";"indelivery";1000;"2019-10-12"
2795;"energy";"gas";11800;12265;"2018-11-11";"2019-07-01";"";"";"";"Wuppertal";"indelivery";2000;"2020-08-28"
2796;"energy";"electricity";2100;2177;"2020-08-05";"2020-09-01";"";"";"";"Hamburg";"indelivery";1000;"2020-08-12"
2797;"energy";"electricity";2200;2108;"2018-01-06";"2018-03-01";"2018-04-30";"2018-04-02";"Umzug";"Neubrandenburg";"terminated";1000;"2018-04-02"
2798;"energy";"electricity";2900;2859;"2018-12-21";"2019-02-01";"";"";"";"Augsburg";"indelivery";1002;"2019-01-21"
2799;"energy";"electricity";2800;2999;"2019-11-10";"2020-02-01";"";"";"";"Cologne";"indelivery";1001;"2020-02-10"
2800;"energy";"electricity";2000;2014;"2019-08-15";"2019-11-01";"";"";"";"Munich";"indelivery";1000;"2020-08-24"
2801;"energy";"gas";8500;8559;"2018-02-08";"2018-06-01";"";"";"";"Dortmund";"indelivery";2000;"2020-05-18"
2802;"energy";"electricity";2200;2103;"2018-02-26";"2018-12-01";"";"";"";"Hannover";"indelivery";1000;"2020-08-09"
2803;"energy";"gas";8500;8348;"2020-06-10";"2020-11-01";"";"";"";"Berlin";"active";2001;"2020-07-15"
2804;"energy";"electricity";2800;2852;"2019-06-03";"2019-07-01";"";"";"";"Düsseldorf";"indelivery";1001;"2019-08-07"
2805;"energy";"electricity";2900;3093;"2019-10-23";"2019-11-01";"";"";"";"Düsseldorf";"indelivery";1001;"2020-02-10"
2806;"energy";"electricity";2100;2164;"2019-09-05";"2020-02-01";"2020-03-31";"2020-02-27";"fristgerecht durch Kunde";"Hannover";"terminated";1002;"2020-02-27"
2807;"energy";"gas";8200;8232;"2018-08-10";"2019-01-01";"";"";"";"Bremen";"indelivery";2001;"2020-02-12"
2808;"energy";"electricity";3000;2844;"2020-08-26";"2021-06-01";"";"";"";"Bielefeld";"active";1000;"2020-08-31"
2809;"energy";"electricity";2900;3033;"2020-01-15";"2020-03-01";"";"";"";"Altchemnitz";"indelivery";1002;"2020-01-23"
2810;"energy";"electricity";2700;2530;"2019-02-25";"2019-03-01";"";"";"";"Munich";"indelivery";1001;"2020-02-29"
2811;"energy";"gas";9500;9691;"2018-02-06";"2018-08-01";"";"";"";"Lübeck";"indelivery";2000;"2019-11-13"
2812;"energy";"electricity";1900;1833;"2018-08-11";"2019-03-01";"2020-10-31";"2020-10-01";"fristgerecht durch Kunde";"Munich";"cancelled";1002;"2018-10-08"
2813;"energy";"electricity";2700;2785;"2020-01-07";"2020-11-01";"";"";"";"Bielefeld";"active";1000;"2020-07-24"
2814;"energy";"electricity";3100;3356;"2020-08-02";"2021-01-01";"";"";"";"Aachen";"active";1000;"2020-08-12"
2815;"energy";"electricity";3000;2846;"2020-02-26";"2020-03-01";"";"";"";"Freiburg";"indelivery";1002;"2020-03-14"
2816;"energy";"electricity";2900;2992;"2018-09-20";"2019-03-01";"";"";"";"Freiburg";"indelivery";1001;"2020-04-02"
2817;"energy";"electricity";2900;2948;"2019-12-25";"2020-03-01";"";"";"";"Potsdam";"indelivery";1001;"2020-05-03"
2818;"energy";"gas";11100;10860;"2020-07-25";"2020-09-01";"";"";"";"Essen";"indelivery";2000;"2020-09-10"
2819;"energy";"electricity";2600;2840;"2019-07-15";"2019-10-01";"";"";"";"Hamburg";"indelivery";1000;"2020-09-16"
2820;"energy";"electricity";2300;2323;"2018-07-01";"2018-08-01";"";"";"";"Heppenheim";"indelivery";1002;"2020-01-13"
2821;"energy";"electricity";2400;2335;"2018-11-09";"2019-10-01";"";"";"";"Cologne";"indelivery";1000;"2019-05-20"
2822;"energy";"electricity";2200;2181;"2020-03-13";"2020-05-01";"";"";"";"Duisburg";"indelivery";1000;"2020-07-27"
2823;"energy";"gas";8900;"";"2019-05-15";"2019-07-01";"2020-01-31";"2020-01-02";"Umzug";"Bielefeld";"terminated";2001;"2020-01-02"
2824;"energy";"electricity";2200;2231;"2018-06-21";"2018-12-01";"";"";"";"Magdeburg";"indelivery";1002;"2020-08-31"
2825;"energy";"electricity";2700;2819;"2018-08-07";"2018-11-01";"";"";"";"Kiel";"indelivery";1001;"2019-12-31"
2826;"energy";"electricity";2600;2509;"2020-02-04";"2020-03-01";"";"";"";"Coburg";"indelivery";1002;"2020-04-26"
2827;"energy";"electricity";2900;3091;"2018-08-16";"2018-12-01";"2018-12-01";"2020-08-03";"Wiederruf";"Munich";"terminated";1001;"2020-06-06"
2828;"energy";"electricity";2400;2447;"2018-12-02";"2019-01-01";"";"";"";"Hamburg";"indelivery";1001;"2019-11-08"
2829;"energy";"gas";10500;10529;"2018-06-26";"2018-12-01";"2019-05-31";"2019-05-01";"fristgerecht durch Kunde";"Jena";"terminated";2001;"2019-05-01"
2830;"energy";"electricity";2600;2594;"2018-06-24";"2018-09-01";"";"";"";"Wetzlar";"indelivery";1001;"2018-09-04"
2831;"energy";"gas";10300;10438;"2019-03-27";"2019-08-01";"";"";"";"Bremen";"indelivery";2001;"2020-01-20"
2832;"energy";"electricity";2500;2576;"2018-07-24";"2019-03-01";"";"";"";"Berlin";"indelivery";1002;"2020-06-22"
2833;"energy";"electricity";2500;2674;"2020-01-13";"2020-05-01";"";"";"";"Berlin";"indelivery";1000;"2020-08-07"
2834;"energy";"electricity";2500;"";"2018-09-20";"2018-11-01";"2019-12-31";"2019-11-27";"fristgerecht durch LichtBlick";"Cologne";"terminated";1001;"2018-09-21"
2835;"energy";"electricity";2600;2536;"2018-09-26";"2019-02-01";"";"";"";"Würzburg";"indelivery";1002;"2019-01-08"
2836;"energy";"electricity";2400;2356;"2019-06-09";"2019-09-01";"";"";"";"Lübeck";"indelivery";1002;"2019-10-25"
2837;"energy";"electricity";2500;2588;"2018-03-10";"2018-09-01";"";"";"";"Böblingen";"indelivery";1001;"2019-06-07"
2838;"energy";"electricity";2400;2324;"2019-06-18";"2020-02-01";"";"";"";"Essen";"indelivery";1000;"2020-01-18"
2839;"energy";"electricity";2700;2853;"2019-06-21";"2020-01-01";"";"";"";"Balingen";"indelivery";1000;"2019-10-08"
2840;"energy";"electricity";2300;2206;"2019-01-03";"2019-04-01";"";"";"";"Marienberg";"indelivery";1001;"2020-06-09"
2841;"energy";"electricity";2200;2121;"2019-03-18";"2019-04-01";"";"";"";"Bremen";"indelivery";1000;"2020-03-05"
2842;"energy";"electricity";2000;1976;"2018-05-13";"2018-10-01";"";"";"";"Frankfurt";"indelivery";1001;"2020-01-01"
2843;"energy";"electricity";2200;2175;"2020-03-11";"2020-11-01";"";"";"";"Wuppertal";"active";1002;"2020-06-25"
2844;"energy";"electricity";2800;2982;"2018-12-12";"2019-02-01";"";"";"";"Berlin";"indelivery";1001;"2019-04-20"
2845;"energy";"electricity";2600;2516;"2020-01-10";"2021-04-01";"";"";"";"Kiel";"active";1001;"2020-07-06"
2846;"energy";"electricity";2800;2976;"2019-11-01";"2019-12-01";"";"";"";"Munich";"indelivery";1001;"2020-02-11"
2847;"energy";"electricity";2100;2015;"2018-01-27";"2018-09-01";"2018-09-01";"2019-12-31";"Wiederruf";"Bonn";"terminated";1000;"2019-02-14"
2848;"energy";"gas";11600;12066;"2019-07-25";"2019-12-01";"";"";"";"Marienberg";"indelivery";2001;"2019-08-24"
2849;"energy";"electricity";2400;2498;"2020-06-04";"2020-08-01";"";"";"";"Bremen";"indelivery";1002;"2020-06-19"
2850;"energy";"electricity";2900;2926;"2020-06-09";"2020-10-01";"";"";"";"Düsseldorf";"indelivery";1002;"2020-08-13"
2851;"energy";"electricity";2200;"";"2019-06-15";"2019-10-01";"";"";"";"Flensburg";"indelivery";1001;"2020-01-31"
2852;"energy";"electricity";2400;2494;"2020-05-05";"2020-11-01";"";"";"";"Bielefeld";"active";1002;"2020-07-16"
2853;"energy";"electricity";2200;2393;"2020-09-21";"2021-03-01";"";"";"";"Gießen";"active";1000;"2020-09-26"
2854;"energy";"electricity";2400;2498;"2019-01-28";"2019-05-01";"";"";"";"Duisburg";"indelivery";1001;"2019-08-27"
2855;"energy";"gas";11100;10713;"2020-04-16";"2020-07-01";"2020-12-31";"2020-12-02";"fristgerecht durch LichtBlick";"Cologne";"cancelled";2001;"2020-06-03"
2856;"energy";"electricity";2600;2448;"2018-08-05";"2018-10-01";"2019-01-31";"2019-01-02";"fristgerecht durch Kunde";"Berlin";"terminated";1002;"2019-01-02"
2857;"energy";"electricity";2600;2576;"2020-08-25";"2020-11-01";"";"";"";"Ingolstadt";"active";1002;"2020-08-30"
2858;"energy";"electricity";3000;2883;"2018-06-30";"2018-09-01";"2019-05-31";"2019-04-26";"fristgerecht durch LichtBlick";"Würzburg";"terminated";1001;"2019-04-26"
2859;"energy";"electricity";2200;2244;"2018-04-26";"2018-06-01";"";"";"";"Leipzig";"indelivery";1000;"2020-01-18"
2860;"energy";"electricity";2500;2646;"2020-09-06";"2021-02-01";"";"";"";"Cologne";"active";1001;"2020-09-10"
2861;"energy";"electricity";2000;2113;"2019-05-26";"2019-07-01";"";"";"";"Hamburg";"indelivery";1000;"2020-05-17"
2862;"energy";"electricity";2400;2304;"2020-02-26";"2021-06-01";"";"";"";"Mainz";"active";1000;"2020-06-07"
2863;"energy";"gas";11000;10579;"2018-09-11";"2018-11-01";"";"";"";"Hamburg";"indelivery";2001;"2020-05-13"
2864;"energy";"gas";11000;11228;"2020-08-19";"2021-03-01";"";"";"";"Berlin";"active";2000;"2020-09-19"
2865;"energy";"electricity";2300;"";"2019-01-13";"2019-03-01";"";"";"";"Wuppertal";"indelivery";1000;"2020-06-11"
2866;"energy";"gas";8900;9121;"2018-10-15";"2019-02-01";"";"";"";"Berlin";"indelivery";2001;"2020-03-06"
2867;"energy";"electricity";2600;2563;"2018-08-04";"2019-04-01";"2019-05-31";"2019-05-02";"Umzug";"Kiel";"terminated";1002;"2019-05-02"
2868;"energy";"electricity";2800;2700;"2020-07-25";"2020-08-01";"";"";"";"Bremerhaven";"indelivery";1001;"2020-08-23"
2869;"energy";"electricity";2900;2986;"2020-02-06";"2020-03-01";"";"";"";"Lübeck";"indelivery";1001;"2020-03-21"
2870;"energy";"electricity";2300;2397;"2018-08-23";"2018-10-01";"";"";"";"Munich";"indelivery";1000;"2020-05-09"
2871;"energy";"gas";9500;9159;"2019-07-21";"2020-01-01";"2020-02-29";"2020-02-01";"Umzug";"Frankfurt";"terminated";2001;"2020-02-01"
2872;"energy";"electricity";2200;2351;"2020-02-28";"2020-04-01";"";"";"";"Duisburg";"indelivery";1000;"2020-05-15"
2873;"energy";"electricity";2400;2337;"2018-09-19";"2019-01-01";"";"";"";"Potsdam";"indelivery";1000;"2018-11-20"
2874;"energy";"electricity";2700;2721;"2019-03-11";"2019-04-01";"2019-11-30";"2019-11-02";"Umzug";"Dortmund";"terminated";1001;"2019-11-02"
2875;"energy";"electricity";2900;2945;"2020-09-03";"2020-10-01";"";"";"";"Bremen";"indelivery";1001;"2020-09-28"
2876;"energy";"gas";10000;10627;"2019-10-08";"2019-12-01";"";"";"";"Duisburg";"indelivery";2001;"2019-11-15"
2877;"energy";"electricity";3000;"";"2019-09-02";"2019-11-01";"2019-11-01";"2019-12-31";"Wiederruf";"Brake";"terminated";1000;"2019-12-28"
2878;"energy";"electricity";2500;2406;"2020-03-09";"2020-05-01";"";"";"";"Nuremberg";"indelivery";1002;"2020-04-24"
2879;"energy";"electricity";2800;2805;"2019-08-29";"2020-01-01";"";"";"";"Mannheim";"indelivery";1000;"2019-09-13"
2880;"energy";"electricity";2700;2881;"2019-12-20";"2020-04-01";"";"";"";"Magdeburg";"indelivery";1001;"2020-05-17"
2881;"energy";"gas";11700;11688;"2019-05-21";"2020-03-01";"";"";"";"Mannheim";"indelivery";2000;"2019-08-05"
2882;"energy";"electricity";2900;2861;"2019-05-16";"2019-08-01";"2020-10-31";"2020-10-03";"Umzug";"Munich";"cancelled";1000;"2019-07-30"
2883;"energy";"electricity";2000;2006;"2020-05-07";"2020-08-01";"";"";"";"Berlin";"indelivery";1000;"2020-06-20"
2884;"energy";"electricity";2200;2202;"2018-01-29";"2018-05-01";"";"";"";"Leipzig";"indelivery";1001;"2018-06-16"
2885;"energy";"gas";9900;10689;"2020-08-22";"2021-04-01";"";"";"";"Frankfurt";"active";2000;"2020-09-21"
2886;"energy";"electricity";2900;2863;"2019-11-17";"2020-05-01";"";"";"";"Koblenz";"indelivery";1000;"2020-05-05"
2887;"energy";"electricity";2400;2427;"2018-01-05";"2018-07-01";"";"";"";"Leipzig";"indelivery";1002;"2018-04-17"
2888;"energy";"electricity";2200;2263;"2020-09-08";"2021-05-01";"";"";"";"Magdeburg";"active";1000;"2020-09-21"
2889;"energy";"electricity";2800;2913;"2018-06-28";"2018-09-01";"";"";"";"Lübeck";"indelivery";1000;"2020-03-17"
2890;"energy";"electricity";2800;2706;"2019-09-19";"2019-11-01";"";"";"";"Frankfurt";"indelivery";1002;"2019-11-30"
2891;"energy";"electricity";2100;"";"2018-09-11";"2018-11-01";"";"";"";"Karlsruhe";"indelivery";1001;"2019-08-24"
2892;"energy";"electricity";2700;2644;"2020-05-14";"2020-09-01";"";"";"";"Braunschweig";"indelivery";1002;"2020-07-24"
2893;"energy";"electricity";2200;2176;"2019-07-23";"2019-09-01";"";"";"";"Essen";"indelivery";1000;"2019-09-15"
2894;"energy";"gas";11200;11303;"2019-07-25";"2019-09-01";"";"";"";"Wuppertal";"indelivery";2000;"2020-03-23"
2895;"energy";"electricity";2100;2152;"2019-06-07";"2019-11-01";"";"";"";"Altchemnitz";"indelivery";1002;"2020-08-21"
2896;"energy";"electricity";2100;2256;"2020-06-22";"2020-08-01";"";"";"";"Bonn";"indelivery";1002;"2020-07-15"
2897;"energy";"electricity";2900;3140;"2019-06-04";"2019-07-01";"";"";"";"Osnabrück";"indelivery";1001;"2019-07-09"
2898;"energy";"electricity";2500;2335;"2018-08-31";"2019-09-01";"";"";"";"Hannover";"indelivery";1001;"2019-01-30"
2899;"energy";"electricity";2200;2179;"2019-06-04";"2019-12-01";"";"";"";"Dortmund";"indelivery";1001;"2020-03-01"
2900;"energy";"electricity";2200;2171;"2018-02-17";"2018-04-01";"";"";"";"Hofeck";"indelivery";1001;"2020-09-30"
2901;"energy";"electricity";2800;2666;"2020-02-15";"2020-04-01";"";"";"";"Berlin";"indelivery";1000;"2020-08-09"
2902;"energy";"electricity";2100;"";"2018-05-10";"2018-07-01";"";"";"";"Dortmund";"indelivery";1002;"2019-09-20"
2903;"energy";"electricity";2600;2592;"2019-09-28";"2020-04-01";"";"";"";"Düsseldorf";"indelivery";1002;"2020-04-20"
2904;"energy";"electricity";2700;2734;"2020-08-22";"2021-04-01";"";"";"";"Berlin";"active";1002;"2020-09-30"
2905;"energy";"gas";8700;8846;"2018-07-28";"2018-10-01";"";"";"";"Bremen";"indelivery";2001;"2019-12-24"
2906;"energy";"electricity";2200;2110;"2019-10-05";"2019-12-01";"";"";"";"Hamburg";"indelivery";1001;"2020-05-24"
2907;"energy";"electricity";2200;"";"2018-04-10";"2018-07-01";"";"";"";"Dresden";"indelivery";1002;"2019-11-09"
2908;"energy";"gas";10200;10233;"2019-04-28";"2019-12-01";"";"";"";"Dresden";"indelivery";2000;"2019-11-18"
2909;"energy";"electricity";2300;2455;"2020-06-12";"2021-01-01";"";"";"";"Hamburg";"active";1001;"2020-09-08"
2910;"energy";"electricity";2800;2952;"2018-08-10";"2019-02-01";"";"";"";"Hannover";"indelivery";1002;"2020-09-06"
2911;"energy";"electricity";2800;2688;"2020-05-18";"2020-06-01";"";"";"";"Berlin";"indelivery";1002;"2020-06-07"
2912;"energy";"electricity";2700;2691;"2018-03-20";"2018-08-01";"";"";"";"Dortmund";"indelivery";1000;"2020-06-05"
2913;"energy";"electricity";2400;2430;"2019-03-04";"2019-04-01";"2019-04-01";"2019-07-03";"Wiederruf";"Magdeburg";"terminated";1000;"2019-07-03"
2914;"energy";"electricity";3000;3199;"2018-11-18";"2019-04-01";"2019-07-31";"2019-07-03";"fristgerecht durch LichtBlick";"Marienberg";"terminated";1002;"2019-07-03"
2915;"energy";"electricity";2600;2569;"2020-04-09";"2020-09-01";"";"";"";"Berlin";"indelivery";1001;"2020-05-13"
2916;"energy";"electricity";2100;2249;"2020-08-22";"2021-02-01";"";"";"";"Gera";"active";1002;"2020-09-14"
2917;"energy";"electricity";2700;2564;"2019-09-23";"2019-12-01";"2020-06-30";"2020-05-26";"Umzug";"Essen";"terminated";1001;"2020-05-26"
2918;"energy";"electricity";2300;2364;"2019-08-02";"2019-12-01";"2020-10-31";"2020-09-22";"fristgerecht durch Kunde";"Bremen";"cancelled";1002;"2019-12-23"
2919;"energy";"electricity";2600;2772;"2018-07-30";"2019-01-01";"2020-01-31";"2020-01-03";"fristgerecht durch Kunde";"Ebersberg";"terminated";1001;"2018-08-11"
2920;"energy";"electricity";2000;"";"2019-01-27";"2019-12-01";"";"";"";"Hamburg";"indelivery";1001;"2020-06-16"
2921;"energy";"electricity";2500;2448;"2020-06-18";"2020-08-01";"";"";"";"Berlin";"indelivery";1000;"2020-09-08"
2922;"energy";"electricity";2200;2255;"2019-07-07";"2019-09-01";"";"";"";"Koblenz";"indelivery";1001;"2020-07-27"
2923;"energy";"electricity";2100;2049;"2018-08-01";"2018-08-01";"";"";"";"Munich";"indelivery";1001;"2019-11-28"
2924;"energy";"electricity";2200;2254;"2018-06-12";"2019-11-01";"";"";"";"Bonn";"indelivery";1002;"2019-04-06"
2925;"energy";"electricity";2700;2588;"2020-04-21";"2020-08-01";"";"";"";"Dessau-Roßlau";"indelivery";1002;"2020-05-17"
2926;"energy";"electricity";2300;2481;"2020-02-04";"2020-12-01";"";"";"";"Leipzig";"active";1000;"2020-06-03"
2927;"energy";"electricity";2900;2935;"2018-10-21";"2019-02-01";"";"";"";"Prenzlau";"indelivery";1000;"2020-07-11"
2928;"energy";"electricity";2700;2592;"2020-09-02";"2021-03-01";"";"";"";"Frankfurt";"active";1001;"2020-09-03"
2929;"energy";"electricity";2300;2353;"2020-06-26";"2020-08-01";"";"";"";"Dortmund";"indelivery";1001;"2020-09-07"
2930;"energy";"electricity";2400;2438;"2018-02-02";"2019-01-01";"2020-03-31";"2020-03-02";"Umzug";"Munich";"terminated";1002;"2018-09-09"
2931;"energy";"electricity";2400;2278;"2018-04-05";"2018-06-01";"";"";"";"Heidenheim";"indelivery";1002;"2020-06-24"
2932;"energy";"electricity";2400;2569;"2019-01-27";"2019-04-01";"";"";"";"Mainz";"indelivery";1000;"2019-04-23"
2933;"energy";"electricity";2500;2436;"2019-12-16";"2020-02-01";"";"";"";"Wuppertal";"indelivery";1000;"2020-03-05"
2934;"energy";"electricity";2700;2763;"2018-11-18";"2019-05-01";"";"";"";"Essen";"indelivery";1001;"2020-01-29"
2935;"energy";"gas";9800;9592;"2018-04-26";"2018-07-01";"";"";"";"Cologne";"indelivery";2001;"2018-12-17"
2936;"energy";"electricity";2400;2334;"2018-07-29";"2018-08-01";"2019-05-31";"2019-05-02";"fristgerecht durch Kunde";"Kulmbach";"terminated";1002;"2019-05-02"
2937;"energy";"electricity";2300;2519;"2020-02-01";"2020-08-01";"";"";"";"Munich";"indelivery";1001;"2020-07-28"
2938;"energy";"electricity";2600;2666;"2020-01-19";"2021-04-01";"";"";"";"Essen";"active";1001;"2020-05-18"
2939;"energy";"electricity";2800;2959;"2019-11-12";"2020-02-01";"";"";"";"Dortmund";"indelivery";1001;"2020-07-14"
2940;"energy";"electricity";2400;2424;"2020-08-23";"2020-10-01";"";"";"";"Wittenberg";"indelivery";1002;"2020-08-30"
2941;"energy";"electricity";2500;2469;"2020-03-10";"2020-04-01";"";"";"";"Erfurt";"indelivery";1001;"2020-05-04"
2942;"energy";"electricity";2700;2610;"2018-08-12";"2018-12-01";"";"";"";"Munich";"indelivery";1000;"2019-04-16"
2943;"energy";"electricity";2600;2539;"2020-09-15";"2021-03-01";"";"";"";"Hamburg";"active";1001;"2020-09-21"
2944;"energy";"electricity";2200;2100;"2018-09-20";"2019-03-01";"";"";"";"Fürth";"indelivery";1001;"2020-07-14"
2945;"energy";"gas";11600;11643;"2020-01-15";"2020-07-01";"";"";"";"Gießen";"indelivery";2001;"2020-09-16"
2946;"energy";"electricity";2500;2648;"2018-02-01";"2018-04-01";"";"";"";"Heidelberg";"indelivery";1000;"2018-04-02"
2947;"energy";"electricity";2200;2296;"2019-11-23";"2019-12-01";"";"";"";"Hamburg";"indelivery";1002;"2020-09-11"
2948;"energy";"electricity";1900;2062;"2020-06-11";"2021-04-01";"";"";"";"Munich";"active";1002;"2020-06-25"
2949;"energy";"electricity";2100;2168;"2018-05-22";"2018-07-01";"2019-03-31";"2019-02-26";"Umzug";"Leipzig";"terminated";1001;"2019-02-26"
2950;"energy";"electricity";2100;2035;"2020-05-08";"2020-06-01";"";"";"";"Hamburg";"indelivery";1002;"2020-06-27"
2951;"energy";"electricity";2600;2785;"2020-01-02";"2020-06-01";"";"";"";"Recklinghausen";"indelivery";1001;"2020-03-16"
2952;"energy";"electricity";2900;2776;"2019-08-21";"2020-05-01";"2020-05-01";"2020-06-01";"Wiederruf";"Bonn";"terminated";1002;"2020-02-18"
2953;"energy";"electricity";2600;2806;"2019-03-20";"2019-05-01";"";"";"";"Duisburg";"indelivery";1002;"2019-08-24"
2954;"energy";"electricity";2400;2344;"2018-08-14";"2019-01-01";"";"";"";"Leipzig";"indelivery";1002;"2018-12-03"
2955;"energy";"electricity";2400;"";"2018-08-21";"2018-09-01";"2020-03-31";"2020-03-02";"fristgerecht durch Kunde";"Bad Neuenahr-Ahrweiler";"terminated";1002;"2020-02-22"
2956;"energy";"electricity";2100;2035;"2019-10-07";"2019-12-01";"";"";"";"Bremen";"indelivery";1000;"2020-08-27"
2957;"energy";"electricity";2400;"";"2020-03-12";"2020-05-01";"";"";"";"Dortmund";"indelivery";1002;"2020-03-19"
2958;"energy";"gas";10900;10991;"2018-03-11";"2018-06-01";"2018-06-01";"2019-01-02";"Wiederruf";"Freyung";"terminated";2001;"2019-01-02"
2959;"energy";"electricity";2200;2222;"2019-02-25";"2019-07-01";"";"";"";"Wiesbaden";"indelivery";1001;"2019-11-19"
2960;"energy";"electricity";2600;2641;"2020-05-28";"2020-07-01";"";"";"";"Hamburg";"indelivery";1002;"2020-08-31"
2961;"energy";"electricity";2600;2736;"2019-07-13";"2019-11-01";"";"";"";"Stralsund";"indelivery";1001;"2019-09-01"
2962;"energy";"electricity";2100;2203;"2020-06-24";"2020-09-01";"";"";"";"Wiesbaden";"indelivery";1002;"2020-07-10"
2963;"energy";"electricity";2400;2437;"2019-12-25";"2020-02-01";"";"";"";"Berlin";"indelivery";1000;"2020-05-22"
2964;"energy";"electricity";2800;"";"2018-03-10";"2018-06-01";"";"";"";"Bremen";"indelivery";1001;"2018-05-20"
2965;"energy";"electricity";2900;"";"2019-01-21";"2019-11-01";"";"";"";"Mannheim";"indelivery";1002;"2019-12-28"
2966;"energy";"electricity";2200;2323;"2019-06-15";"2019-08-01";"2020-01-31";"2020-01-03";"fristgerecht durch Kunde";"Holzminden";"terminated";1002;"2020-01-03"
2967;"energy";"electricity";2600;"";"2019-12-08";"2020-04-01";"";"";"";"Duisburg";"indelivery";1002;"2020-08-15"
2968;"energy";"electricity";2900;3085;"2020-04-13";"2020-05-01";"";"";"";"Braunschweig";"indelivery";1001;"2020-08-13"
2969;"energy";"electricity";2700;2720;"2019-04-03";"2019-05-01";"";"";"";"Osnabrück";"indelivery";1002;"2019-06-26"
2970;"energy";"electricity";2300;2301;"2018-01-08";"2018-02-01";"2018-11-30";"2018-11-02";"Umzug";"Münster";"terminated";1002;"2018-02-22"
2971;"energy";"electricity";2000;2151;"2018-02-07";"2018-05-01";"";"";"";"Dresden";"indelivery";1002;"2019-11-20"
2972;"energy";"gas";8100;8686;"2018-12-13";"2019-01-01";"";"";"";"Berlin";"indelivery";2000;"2020-02-26"
2973;"energy";"electricity";2500;2503;"2019-07-22";"2019-08-01";"";"";"";"Stuttgart";"indelivery";1000;"2019-09-01"
2974;"energy";"electricity";2500;2385;"2019-09-27";"2020-02-01";"";"";"";"Neuwied";"indelivery";1002;"2020-03-22"
2975;"energy";"electricity";2200;2185;"2019-04-24";"2019-11-01";"2020-03-31";"2020-02-28";"Umzug";"Düsseldorf";"terminated";1002;"2019-05-15"
2976;"energy";"electricity";2400;2299;"2019-04-23";"2019-06-01";"";"";"";"Kiel";"indelivery";1000;"2019-12-17"
2977;"energy";"electricity";3000;2893;"2019-10-13";"2019-12-01";"2019-12-01";"2020-08-01";"Wiederruf";"Stralsund";"terminated";1001;"2020-02-24"
2978;"energy";"electricity";2100;2268;"2018-09-15";"2018-12-01";"2020-05-31";"2020-04-30";"fristgerecht durch LichtBlick";"Saarbrücken";"terminated";1000;"2018-10-09"
2979;"energy";"electricity";2100;2082;"2019-06-14";"2019-10-01";"";"";"";"Berlin";"indelivery";1002;"2020-01-31"
2980;"energy";"electricity";2700;2964;"2018-12-07";"2019-07-01";"2020-02-29";"2020-01-23";"Umzug";"Berlin";"terminated";1001;"2019-09-19"
2981;"energy";"electricity";2100;2237;"2019-02-11";"2019-11-01";"";"";"";"Mannheim";"indelivery";1000;"2020-04-25"
2982;"energy";"electricity";2500;2490;"2020-09-12";"2021-11-01";"";"";"";"Hannover";"active";1002;"2020-09-21"
2983;"energy";"electricity";2100;2084;"2019-10-03";"2020-01-01";"";"";"";"Hannover";"indelivery";1001;"2020-02-14"
2984;"energy";"electricity";2100;2082;"2018-05-25";"2018-07-01";"";"";"";"Hamburg";"indelivery";1001;"2019-10-06"
2985;"energy";"electricity";2600;2623;"2020-07-29";"2020-09-01";"";"";"";"Bremen";"indelivery";1000;"2020-09-24"
2986;"energy";"electricity";2700;2866;"2019-02-20";"2019-06-01";"";"";"";"Munich";"indelivery";1002;"2020-09-26"
2987;"energy";"gas";11600;11445;"2018-11-07";"2019-02-01";"";"";"";"Munich";"indelivery";2000;"2019-06-20"
2988;"energy";"electricity";2900;2863;"2020-03-04";"2020-07-01";"";"";"";"Oldenburg";"indelivery";1000;"2020-09-05"
2989;"energy";"gas";8500;8352;"2019-11-20";"2020-03-01";"";"";"";"Dresden";"indelivery";2000;"2020-08-21"
2990;"energy";"electricity";2900;3108;"2018-03-27";"2018-04-01";"2018-04-01";"2018-06-02";"Wiederruf";"Ingolstadt";"terminated";1001;"2018-06-02"
2991;"energy";"electricity";2800;2966;"2020-07-16";"2020-10-01";"";"";"";"Heidelberg";"indelivery";1000;"2020-09-21"
2992;"energy";"electricity";2300;2355;"2020-04-03";"2020-05-01";"";"";"";"Emden";"indelivery";1000;"2020-06-24"
2993;"energy";"electricity";2700;2578;"2020-01-15";"2020-03-01";"";"";"";"Berlin";"indelivery";1001;"2020-03-16"
2994;"energy";"electricity";2300;2309;"2018-03-25";"2018-04-01";"";"";"";"Dortmund";"indelivery";1000;"2019-11-25"
2995;"energy";"gas";9200;8906;"2020-06-24";"2020-10-01";"";"";"";"Flensburg";"indelivery";2000;"2020-08-13"
2996;"energy";"electricity";2600;2706;"2019-04-09";"2019-05-01";"";"";"";"Lübeck";"indelivery";1001;"2020-07-23"
2997;"energy";"electricity";2400;"";"2020-02-17";"2020-09-01";"";"";"";"Ulm";"indelivery";1002;"2020-08-06"
2998;"energy";"electricity";2100;2208;"2018-08-16";"2019-06-01";"2019-10-31";"2019-10-02";"fristgerecht durch Kunde";"Berlin";"terminated";1000;"2018-12-18"
2999;"energy";"electricity";2200;2103;"2019-09-15";"2019-11-01";"";"";"";"Berlin";"indelivery";1001;"2019-12-10"
3000;"energy";"electricity";2900;2891;"2020-02-19";"2020-04-01";"";"";"";"Heidelberg";"indelivery";1000;"2020-09-08"
3001;"energy";"gas";7900;7926;"2019-10-08";"2020-07-01";"";"";"";"Cologne";"indelivery";2000;"2019-11-21"
3002;"energy";"gas";8100;7967;"2018-01-01";"2018-05-01";"2018-09-30";"2018-08-31";"fristgerecht durch Kunde";"Heidelberg";"terminated";2001;"2018-07-25"
3003;"energy";"electricity";2900;2838;"2018-12-27";"2019-05-01";"2020-01-31";"2019-12-25";"fristgerecht durch Kunde";"Oldenburg";"terminated";1000;"2019-12-25"
3004;"energy";"electricity";2200;2150;"2018-06-03";"2018-07-01";"";"";"";"Berlin";"indelivery";1002;"2019-05-05"
3005;"energy";"electricity";2200;2124;"2019-09-29";"2020-05-01";"";"";"";"Frankfurt";"indelivery";1002;"2020-03-31"
3006;"energy";"electricity";1900;1917;"2019-03-06";"2019-08-01";"";"";"";"Berlin";"indelivery";1000;"2019-09-14"
3007;"energy";"electricity";3000;3015;"2020-05-04";"2020-07-01";"";"";"";"Bremen";"indelivery";1000;"2020-06-12"
3008;"energy";"electricity";2900;2831;"2019-02-09";"2019-08-01";"";"";"";"Leipzig";"indelivery";1001;"2019-09-26"
3009;"energy";"electricity";2700;2632;"2019-09-01";"2019-12-01";"";"";"";"Bremen";"indelivery";1000;"2020-09-24"
3010;"energy";"electricity";2800;2712;"2019-04-15";"2019-11-01";"";"";"";"Bonn";"indelivery";1001;"2019-05-28"
3011;"energy";"electricity";2600;2550;"2018-12-07";"2019-12-01";"";"";"";"Frankfurt";"indelivery";1002;"2020-01-28"
3012;"energy";"electricity";2700;2888;"2018-11-21";"2018-12-01";"";"";"";"Cologne";"indelivery";1000;"2019-02-18"
3013;"energy";"electricity";2000;2026;"2018-08-22";"2019-04-01";"";"";"";"Leipzig";"indelivery";1002;"2019-11-24"
3014;"energy";"electricity";2700;2595;"2019-07-24";"2019-09-01";"";"";"";"Stuttgart";"indelivery";1000;"2020-03-04"
3015;"energy";"gas";10000;10132;"2018-09-14";"2018-12-01";"2018-12-01";"2020-09-28";"Wiederruf";"Borken";"terminated";2000;"2020-03-04"
3016;"energy";"electricity";2800;2717;"2019-11-03";"2019-12-01";"2020-09-30";"2020-09-02";"Umzug";"Berlin";"terminated";1001;"2020-07-08"
3017;"energy";"electricity";2700;2656;"2020-01-01";"2020-03-01";"";"";"";"Pinneberg";"indelivery";1002;"2020-01-28"
3018;"energy";"electricity";2700;2617;"2018-08-11";"2019-08-01";"";"";"";"Berlin";"indelivery";1001;"2018-11-28"
3019;"energy";"electricity";2700;2632;"2020-07-19";"2020-11-01";"";"";"";"Bremen";"active";1001;"2020-07-22"
3020;"energy";"electricity";3000;2841;"2020-05-19";"2020-09-01";"";"";"";"Coburg";"indelivery";1000;"2020-05-22"
3021;"energy";"gas";8600;8507;"2019-09-14";"2020-04-01";"";"";"";"Berlin";"indelivery";2000;"2020-04-29"
3022;"energy";"electricity";2900;2761;"2020-08-07";"2021-01-01";"";"";"";"Berlin";"active";1001;"2020-09-28"
3023;"energy";"electricity";2800;2909;"2019-11-09";"2020-04-01";"";"";"";"Essen";"indelivery";1002;"2020-08-30"
3024;"energy";"gas";11200;10855;"2018-02-05";"2018-04-01";"";"";"";"Coburg";"indelivery";2001;"2020-04-10"
3025;"energy";"gas";8300;"";"2018-01-05";"2018-02-01";"2018-08-31";"2018-07-26";"fristgerecht durch Kunde";"Hamburg";"terminated";2001;"2018-07-26"
3026;"energy";"electricity";2300;2452;"2019-11-11";"2020-03-01";"";"";"";"Hannover";"indelivery";1002;"2020-05-22"
3027;"energy";"electricity";2200;2238;"2018-09-25";"2019-02-01";"";"";"";"Berlin";"indelivery";1002;"2020-02-27"
3028;"energy";"electricity";2200;2264;"2018-03-18";"2018-05-01";"2019-01-31";"2018-12-31";"fristgerecht durch Kunde";"Dresden";"terminated";1001;"2018-09-18"
3029;"energy";"electricity";1900;1946;"2019-09-19";"2020-06-01";"2020-09-30";"2020-09-02";"fristgerecht durch LichtBlick";"Berlin";"terminated";1001;"2019-11-28"
3030;"energy";"electricity";2500;2361;"2018-09-19";"2018-12-01";"";"";"";"Frankfurt";"indelivery";1002;"2020-04-21"
3031;"energy";"electricity";2500;2576;"2020-02-09";"2020-05-01";"";"";"";"Cologne";"indelivery";1002;"2020-04-04"
3032;"energy";"electricity";2700;2622;"2018-06-24";"2018-09-01";"";"";"";"Cologne";"indelivery";1002;"2020-01-27"
3033;"energy";"electricity";2000;2144;"2019-07-08";"2019-09-01";"";"";"";"Berlin";"indelivery";1001;"2020-01-17"
3034;"energy";"electricity";2800;"";"2019-09-24";"2020-01-01";"";"";"";"Stuttgart";"indelivery";1001;"2020-07-18"
3035;"energy";"electricity";2700;2674;"2020-05-29";"2020-07-01";"";"";"";"Hamburg";"indelivery";1001;"2020-08-02"
3036;"energy";"electricity";2800;2954;"2020-07-31";"2021-06-01";"";"";"";"Berlin";"active";1000;"2020-09-21"
3037;"energy";"gas";10100;10765;"2019-03-24";"2019-07-01";"";"";"";"Munich";"indelivery";2000;"2020-04-06"
3038;"energy";"electricity";2400;2488;"2019-12-12";"2020-01-01";"";"";"";"Pfarrkirchen";"indelivery";1000;"2020-02-15"
3039;"energy";"electricity";2100;2036;"2020-09-27";"2020-12-01";"";"";"";"Düsseldorf";"active";1000;"2020-09-28"
3040;"energy";"electricity";2500;2409;"2019-08-11";"2019-10-01";"2020-09-30";"2020-08-23";"Umzug";"Altchemnitz";"terminated";1002;"2020-04-08"
3041;"energy";"electricity";2500;2541;"2020-06-29";"2020-08-01";"";"";"";"Berlin";"indelivery";1002;"2020-07-12"
3042;"energy";"electricity";2100;1979;"2020-01-18";"2020-07-01";"";"";"";"Ulm";"indelivery";1000;"2020-09-17"
3043;"energy";"electricity";3000;2959;"2018-11-01";"2019-01-01";"";"";"";"Senftenberg";"indelivery";1000;"2019-12-08"
3044;"energy";"electricity";2800;2730;"2020-01-04";"2020-03-01";"";"";"";"Starnberg";"indelivery";1001;"2020-08-31"
3045;"energy";"electricity";2100;"";"2020-01-26";"2020-09-01";"";"";"";"Hamburg";"indelivery";1000;"2020-02-21"
3046;"energy";"electricity";2700;2759;"2018-07-14";"2019-01-01";"2019-08-31";"2019-08-02";"fristgerecht durch Kunde";"Berlin";"terminated";1002;"2019-08-02"
3047;"energy";"electricity";2300;2364;"2019-12-17";"2020-02-01";"";"";"";"Essen";"indelivery";1001;"2020-02-22"
3048;"energy";"electricity";2500;2434;"2020-05-19";"2020-06-01";"";"";"";"Hannover";"indelivery";1002;"2020-06-28"
3049;"energy";"gas";10300;10730;"2018-02-08";"2018-05-01";"2019-05-31";"2019-04-19";"fristgerecht durch Kunde";"Berlin";"terminated";2001;"2018-09-16"
3050;"energy";"electricity";2600;2657;"2019-06-22";"2020-01-01";"2020-10-31";"2020-09-26";"fristgerecht durch LichtBlick";"Dortmund";"cancelled";1002;"2020-07-01"
3051;"energy";"gas";9600;9986;"2020-05-17";"2020-08-01";"";"";"";"Meiningen";"indelivery";2000;"2020-07-17"
3052;"energy";"electricity";2500;2431;"2018-12-16";"2019-01-01";"";"";"";"Bremen";"indelivery";1000;"2019-02-01"
3053;"energy";"electricity";2900;3018;"2020-02-15";"2020-05-01";"";"";"";"Stuttgart";"indelivery";1000;"2020-09-26"
3054;"energy";"electricity";2200;2151;"2018-04-25";"2018-10-01";"";"";"";"Gera";"indelivery";1001;"2019-08-22"
3055;"energy";"electricity";2600;2520;"2018-07-07";"2018-10-01";"";"";"";"Dortmund";"indelivery";1002;"2020-02-06"
3056;"energy";"electricity";2000;2078;"2019-02-13";"2019-10-01";"";"";"";"Berlin";"indelivery";1001;"2020-04-22"
3057;"energy";"electricity";2900;2863;"2020-06-08";"2020-08-01";"";"";"";"Düsseldorf";"indelivery";1001;"2020-07-12"
3058;"energy";"gas";9200;"";"2019-12-23";"2020-02-01";"";"";"";"Cottbus";"indelivery";2001;"2020-01-02"
3059;"energy";"electricity";2800;2708;"2018-03-01";"2018-04-01";"2020-04-30";"2020-04-01";"Umzug";"Bremen";"terminated";1000;"2018-05-14"
3060;"energy";"electricity";2700;2689;"2019-06-19";"2019-08-01";"";"";"";"Düsseldorf";"indelivery";1000;"2020-02-04"
3061;"energy";"electricity";2600;2561;"2019-12-31";"2020-03-01";"";"";"";"Ingolstadt";"indelivery";1002;"2020-02-05"
3062;"energy";"electricity";3000;2821;"2019-08-26";"2019-11-01";"";"";"";"Marienberg";"indelivery";1001;"2019-08-26"
3063;"energy";"gas";10000;9950;"2019-08-16";"2019-11-01";"2019-11-01";"2020-08-31";"Wiederruf";"Mainz";"terminated";2000;"2020-03-02"
3064;"energy";"electricity";2900;3022;"2019-08-19";"2019-10-01";"";"";"";"Kassel";"indelivery";1000;"2020-04-21"
3065;"energy";"electricity";2400;2279;"2019-08-22";"2019-10-01";"";"";"";"Frankfurt";"indelivery";1001;"2020-03-16"
3066;"energy";"gas";11100;10950;"2020-03-30";"2020-07-01";"";"";"";"Berlin";"indelivery";2000;"2020-09-21"
3067;"energy";"electricity";2100;2178;"2020-05-18";"2020-09-01";"";"";"";"Osnabrück";"indelivery";1000;"2020-09-20"
3068;"energy";"electricity";3000;3066;"2018-03-28";"2018-06-01";"2018-08-31";"2018-08-03";"fristgerecht durch Kunde";"Bonn";"terminated";1002;"2018-08-03"
3069;"energy";"gas";9100;9702;"2019-11-21";"2020-08-01";"";"";"";"Osterholz-Scharmbeck";"indelivery";2001;"2020-09-21"
3070;"energy";"electricity";2600;2782;"2018-11-02";"2019-01-01";"";"";"";"Berlin";"indelivery";1002;"2019-03-25"
3071;"energy";"electricity";2500;"";"2018-06-08";"2018-08-01";"";"";"";"Frankfurt";"indelivery";1001;"2019-02-07"
3072;"energy";"electricity";2200;2231;"2019-08-28";"2019-11-01";"";"";"";"Leipzig";"indelivery";1000;"2020-01-17"
3073;"energy";"electricity";2600;2498;"2019-01-02";"2019-04-01";"";"";"";"Duisburg";"indelivery";1002;"2020-02-01"
3074;"energy";"electricity";2500;2389;"2019-11-23";"2020-03-01";"";"";"";"Kiel";"indelivery";1001;"2020-06-11"
3075;"energy";"electricity";2400;"";"2020-09-25";"2020-10-01";"";"";"";"Marienberg";"indelivery";1000;"2020-09-25"
3076;"energy";"electricity";2400;2574;"2020-01-22";"2020-05-01";"2020-12-31";"2020-12-02";"fristgerecht durch LichtBlick";"Karlsruhe";"cancelled";1002;"2020-05-16"
3077;"energy";"electricity";2000;2173;"2018-12-31";"2019-03-01";"";"";"";"Hannover";"indelivery";1002;"2020-03-18"
3078;"energy";"electricity";2800;2632;"2018-01-10";"2018-09-01";"";"";"";"Munich";"indelivery";1002;"2020-01-12"
3079;"energy";"electricity";2100;2064;"2018-11-25";"2019-03-01";"";"";"";"Berlin";"indelivery";1002;"2020-07-28"
3080;"energy";"gas";8800;9387;"2019-01-01";"2019-04-01";"";"";"";"Stuttgart";"indelivery";2001;"2020-01-02"
3081;"energy";"electricity";2500;"";"2019-05-31";"2019-06-01";"";"";"";"Stuttgart";"indelivery";1002;"2020-07-31"
3082;"energy";"electricity";2000;1950;"2019-05-28";"2020-02-01";"";"";"";"Heidelberg";"indelivery";1000;"2019-11-06"
3083;"energy";"electricity";2900;2761;"2018-07-02";"2018-08-01";"2018-08-01";"2019-05-03";"Wiederruf";"Freiburg";"terminated";1000;"2018-09-30"
3084;"energy";"electricity";2100;2131;"2018-01-13";"2019-02-01";"";"";"";"Leipzig";"indelivery";1002;"2019-09-13"
3085;"energy";"electricity";2600;2600;"2020-05-07";"2020-06-01";"";"";"";"Marienberg";"indelivery";1002;"2020-08-10"
3086;"energy";"electricity";2400;2427;"2020-01-04";"2020-02-01";"";"";"";"Wuppertal";"indelivery";1000;"2020-05-07"
3087;"energy";"gas";8600;8353;"2019-02-11";"2019-04-01";"";"";"";"Saarbrücken";"indelivery";2000;"2019-06-03"
3088;"energy";"electricity";2800;2995;"2018-05-02";"2018-12-01";"";"";"";"Berlin";"indelivery";1002;"2019-08-05"
3089;"energy";"electricity";2500;2640;"2018-01-19";"2018-03-01";"2019-04-30";"2019-03-25";"fristgerecht durch Kunde";"Dresden";"terminated";1000;"2019-03-25"
3090;"energy";"electricity";2200;2121;"2019-10-07";"2020-06-01";"";"";"";"Berlin";"indelivery";1001;"2020-08-24"
3091;"energy";"electricity";2500;2565;"2019-09-30";"2020-02-01";"";"";"";"Hannover";"indelivery";1002;"2020-02-22"
3092;"energy";"electricity";2400;2580;"2020-09-29";"2020-10-01";"";"";"";"Munich";"indelivery";1001;"2020-09-30"
3093;"energy";"electricity";2300;2348;"2018-02-14";"2018-07-01";"2019-02-28";"2019-01-29";"Umzug";"Wiesbaden";"terminated";1001;"2019-01-29"
3094;"energy";"electricity";2100;2177;"2019-06-27";"2019-08-01";"";"";"";"Munich";"indelivery";1002;"2019-11-20"
3095;"energy";"electricity";2700;2730;"2018-10-29";"2018-12-01";"2020-12-31";"2020-11-23";"fristgerecht durch LichtBlick";"Schwerin";"cancelled";1001;"2020-04-14"
3096;"energy";"electricity";2300;2326;"2018-08-01";"2018-12-01";"";"";"";"Munich";"indelivery";1002;"2020-04-21"
3097;"energy";"electricity";2500;2546;"2018-11-10";"2019-01-01";"2020-11-30";"2020-10-29";"Umzug";"Marienberg";"cancelled";1002;"2019-08-30"
3098;"energy";"electricity";1900;2044;"2019-04-12";"2019-10-01";"";"";"";"Berlin";"indelivery";1000;"2019-07-16"
3099;"energy";"electricity";3000;2944;"2019-04-07";"2019-07-01";"2019-09-30";"2019-09-01";"fristgerecht durch Kunde";"Wiesbaden";"terminated";1002;"2019-06-30"
3100;"energy";"electricity";2600;2687;"2020-04-19";"2020-07-01";"";"";"";"Dresden";"indelivery";1000;"2020-05-18"
3101;"energy";"electricity";2700;2749;"2018-04-30";"2018-06-01";"2019-01-31";"2019-01-02";"fristgerecht durch Kunde";"Hamburg";"terminated";1001;"2019-01-02"
3102;"energy";"electricity";2400;2367;"2018-06-08";"2019-01-01";"2019-07-31";"2019-06-29";"fristgerecht durch Kunde";"Sonneberg";"terminated";1001;"2018-07-19"
3103;"energy";"electricity";2900;"";"2018-11-22";"2019-06-01";"";"";"";"Frankfurt";"indelivery";1000;"2020-06-25"
3104;"energy";"electricity";2100;2031;"2020-08-18";"2021-03-01";"";"";"";"Würzburg";"active";1000;"2020-08-19"
3105;"energy";"electricity";2700;2615;"2018-05-14";"2018-06-01";"";"";"";"Berlin";"indelivery";1002;"2019-06-06"
3106;"energy";"electricity";2500;2446;"2018-12-14";"2019-06-01";"";"";"";"Göttingen";"indelivery";1001;"2020-01-16"
3107;"energy";"electricity";2100;2075;"2019-11-22";"2020-01-01";"2020-09-30";"2020-09-01";"fristgerecht durch Kunde";"Duisburg";"terminated";1001;"2020-08-09"
3108;"energy";"electricity";2600;2534;"2019-08-29";"2020-09-01";"";"";"";"Osnabrück";"indelivery";1002;"2019-11-26"
3109;"energy";"electricity";2500;2693;"2019-07-02";"2019-08-01";"";"";"";"Rosenheim";"indelivery";1000;"2020-06-11"
3110;"energy";"electricity";2700;2860;"2019-03-03";"2019-07-01";"2020-09-30";"2020-08-22";"fristgerecht durch LichtBlick";"Düsseldorf";"terminated";1001;"2020-03-31"
3111;"energy";"electricity";2600;"";"2018-04-10";"2018-09-01";"";"";"";"Hannover";"indelivery";1000;"2019-12-29"
3112;"energy";"electricity";2100;2058;"2018-10-12";"2018-12-01";"2020-04-30";"2020-04-02";"fristgerecht durch Kunde";"Düsseldorf";"terminated";1000;"2020-04-02"
3113;"energy";"electricity";2500;2613;"2020-01-04";"2020-04-01";"";"";"";"Berlin";"indelivery";1000;"2020-04-11"
3114;"energy";"electricity";2300;2209;"2020-05-05";"2020-07-01";"";"";"";"Bonn";"indelivery";1000;"2020-09-20"
3115;"energy";"electricity";2400;2384;"2020-08-21";"2020-10-01";"";"";"";"Weilheim";"indelivery";1002;"2020-09-11"
3116;"energy";"electricity";2300;2270;"2019-08-28";"2019-11-01";"";"";"";"Hamburg";"indelivery";1001;"2020-03-26"
3117;"energy";"electricity";2700;2656;"2018-10-27";"2019-01-01";"";"";"";"Bremen";"indelivery";1000;"2019-05-15"
3118;"energy";"electricity";2400;2283;"2018-12-15";"2019-07-01";"";"";"";"Bielefeld";"indelivery";1001;"2020-06-12"
3119;"energy";"electricity";2700;2811;"2018-11-22";"2019-03-01";"";"";"";"Bremen";"indelivery";1001;"2019-04-09"
3120;"energy";"gas";9900;9876;"2018-12-03";"2019-02-01";"";"";"";"Cologne";"indelivery";2001;"2019-05-11"
3121;"energy";"electricity";2200;"";"2018-02-20";"2018-10-01";"2018-10-01";"2020-09-01";"Wiederruf";"Wuppertal";"terminated";1000;"2019-10-29"
3122;"energy";"electricity";2400;2518;"2018-07-10";"2018-11-01";"";"";"";"Hamburg";"indelivery";1000;"2019-04-25"
3123;"energy";"electricity";3000;3043;"2018-09-01";"2019-04-01";"2020-01-31";"2020-01-01";"fristgerecht durch Kunde";"Schwerin";"terminated";1002;"2018-12-29"
3124;"energy";"electricity";2600;2686;"2019-09-22";"2020-01-01";"";"";"";"Kassel";"indelivery";1002;"2019-10-07"
3125;"energy";"gas";9000;"";"2020-07-01";"2020-12-01";"";"";"";"Rendsburg";"active";2001;"2020-09-07"
3126;"energy";"gas";9900;9491;"2018-06-20";"2018-10-01";"";"";"";"Mannheim";"indelivery";2000;"2020-07-23"
3127;"energy";"electricity";2800;2804;"2019-11-05";"2020-06-01";"";"";"";"Cloppenburg";"indelivery";1000;"2020-01-10"
3128;"energy";"electricity";2400;2418;"2020-07-12";"2021-03-01";"";"";"";"Rostock";"active";1002;"2020-09-14"
3129;"energy";"electricity";3000;2879;"2020-05-21";"2020-08-01";"";"";"";"Neunkirchen";"indelivery";1001;"2020-07-11"
3130;"energy";"electricity";2300;"";"2018-01-10";"2018-04-01";"";"";"";"Berlin";"indelivery";1001;"2018-05-11"
3131;"energy";"electricity";2700;2766;"2018-07-17";"2018-10-01";"";"";"";"Stuttgart";"indelivery";1001;"2018-12-18"
3132;"energy";"electricity";2900;2795;"2018-08-18";"2018-10-01";"";"";"";"Munich";"indelivery";1000;"2019-12-18"
3133;"energy";"electricity";2000;"";"2020-04-27";"2020-06-01";"";"";"";"Cologne";"indelivery";1000;"2020-08-07"
3134;"energy";"electricity";2800;2927;"2019-04-17";"2019-06-01";"";"";"";"Dresden";"indelivery";1001;"2019-11-05"
3135;"energy";"electricity";2700;2875;"2018-03-09";"2018-04-01";"";"";"";"Berlin";"indelivery";1000;"2020-04-20"
3136;"energy";"electricity";2300;2333;"2019-09-01";"2019-10-01";"";"";"";"Bremen";"indelivery";1001;"2020-06-15"
3137;"energy";"electricity";2500;2622;"2020-02-12";"2020-08-01";"";"";"";"Leipzig";"indelivery";1002;"2020-07-11"
3138;"energy";"electricity";2400;2523;"2018-08-09";"2019-03-01";"2019-06-30";"2019-05-29";"fristgerecht durch Kunde";"Karlsruhe";"terminated";1001;"2019-05-11"
3139;"energy";"electricity";2500;2662;"2018-09-16";"2018-10-01";"2018-10-01";"2020-04-02";"Wiederruf";"Marienberg";"terminated";1000;"2018-12-14"
3140;"energy";"electricity";2100;2204;"2018-11-02";"2019-05-01";"";"";"";"Bielefeld";"indelivery";1002;"2019-07-03"
3141;"energy";"electricity";2900;2747;"2020-05-04";"2020-08-01";"";"";"";"Düsseldorf";"indelivery";1002;"2020-06-01"
3142;"energy";"electricity";2100;2181;"2020-09-02";"2020-11-01";"";"";"";"Berlin";"active";1000;"2020-09-23"
3143;"energy";"electricity";2700;2611;"2018-03-30";"2018-05-01";"";"";"";"Erfurt";"indelivery";1002;"2019-09-18"
3144;"energy";"electricity";2900;2778;"2019-10-07";"2020-04-01";"";"";"";"Hamburg";"indelivery";1002;"2020-02-07"
3145;"energy";"electricity";3000;3086;"2018-11-23";"2018-12-01";"2020-09-30";"2020-08-27";"Umzug";"Neustadt";"terminated";1001;"2020-06-01"
3146;"energy";"electricity";2500;2451;"2020-02-11";"2020-08-01";"";"";"";"Oldenburg";"indelivery";1002;"2020-04-11"
3147;"energy";"electricity";2400;2427;"2020-07-02";"2020-08-01";"";"";"";"Bielefeld";"indelivery";1002;"2020-08-17"
3148;"energy";"gas";9900;10141;"2019-09-19";"2020-02-01";"";"";"";"Munich";"indelivery";2000;"2020-07-04"
3149;"energy";"electricity";2000;2013;"2020-03-25";"2020-08-01";"";"";"";"Berlin";"indelivery";1001;"2020-05-17"
3150;"energy";"electricity";2400;2298;"2018-06-04";"2018-07-01";"";"";"";"Heidelberg";"indelivery";1001;"2018-10-06"
3151;"energy";"electricity";2400;2628;"2020-01-11";"2020-02-01";"2020-02-01";"2020-10-30";"Wiederruf";"Berlin";"terminated";1000;"2020-07-16"
3152;"energy";"electricity";2300;2225;"2020-01-30";"2020-04-01";"";"";"";"Meißen";"indelivery";1000;"2020-03-05"
3153;"energy";"electricity";1900;1800;"2018-10-06";"2018-12-01";"2019-09-30";"2019-08-30";"fristgerecht durch LichtBlick";"Munich";"terminated";1002;"2019-03-25"
3154;"energy";"electricity";2800;2889;"2019-01-25";"2019-07-01";"";"";"";"Bonn";"indelivery";1001;"2020-06-27"
3155;"energy";"electricity";2100;1993;"2019-09-07";"2020-02-01";"";"";"";"Munich";"indelivery";1001;"2020-06-08"
3156;"energy";"electricity";2600;2698;"2020-07-23";"2020-08-01";"";"";"";"Munich";"indelivery";1001;"2020-09-17"
3157;"energy";"electricity";2800;2854;"2019-04-06";"2019-05-01";"2020-12-31";"2020-11-30";"Umzug";"Leipzig";"cancelled";1001;"2020-06-28"
3158;"energy";"electricity";2600;2693;"2019-07-03";"2019-10-01";"";"";"";"Berlin";"indelivery";1002;"2019-08-30"
3159;"energy";"electricity";2300;2252;"2020-09-09";"2020-12-01";"";"";"";"Berlin";"active";1000;"2020-09-29"
3160;"energy";"electricity";2700;2546;"2019-12-17";"2020-07-01";"";"";"";"Duisburg";"indelivery";1000;"2020-08-25"
3161;"energy";"gas";8000;8360;"2018-05-21";"2018-06-01";"2020-07-31";"2020-06-27";"Umzug";"Augsburg";"terminated";2000;"2020-06-27"
3162;"energy";"electricity";2800;2867;"2019-09-22";"2019-10-01";"2019-10-01";"2020-05-24";"Wiederruf";"Berlin";"terminated";1002;"2020-02-14"
3163;"energy";"electricity";2700;2828;"2018-02-02";"2018-08-01";"";"";"";"Stuttgart";"indelivery";1002;"2020-01-01"
3164;"energy";"electricity";2900;2886;"2019-01-09";"2019-02-01";"";"";"";"Augsburg";"indelivery";1000;"2020-09-10"
3165;"energy";"electricity";2900;2958;"2019-10-14";"2019-12-01";"2020-08-31";"2020-08-01";"fristgerecht durch Kunde";"Berlin";"terminated";1001;"2019-10-30"
3166;"energy";"electricity";2100;2287;"2018-01-31";"2018-06-01";"";"";"";"Berlin";"indelivery";1002;"2018-11-11"
3167;"energy";"electricity";2700;2784;"2019-02-02";"2019-05-01";"";"";"";"Hamburg";"indelivery";1000;"2019-11-22"
3168;"energy";"electricity";2700;2736;"2018-07-18";"2018-11-01";"";"";"";"Wuppertal";"indelivery";1001;"2018-11-28"
3169;"energy";"electricity";2800;2948;"2019-04-23";"2019-06-01";"";"";"";"Erfurt";"indelivery";1000;"2019-09-15"
3170;"energy";"electricity";2600;2773;"2019-12-13";"2020-02-01";"";"";"";"Stralsund";"indelivery";1002;"2020-04-21"
3171;"energy";"electricity";2100;2045;"2019-02-07";"2019-06-01";"";"";"";"Munich";"indelivery";1000;"2020-06-11"
3172;"energy";"electricity";2000;1944;"2018-07-22";"2018-08-01";"";"";"";"Berlin";"indelivery";1001;"2018-12-16"
3173;"energy";"electricity";2300;2430;"2019-10-04";"2020-03-01";"";"";"";"Hamburg";"indelivery";1000;"2020-08-03"
3174;"energy";"electricity";2300;2245;"2019-09-15";"2019-12-01";"";"";"";"Hamburg";"indelivery";1002;"2020-02-04"
3175;"energy";"electricity";2700;2634;"2018-10-03";"2018-12-01";"2019-12-31";"2019-12-02";"Umzug";"Wiesbaden";"terminated";1000;"2019-12-02"
3176;"energy";"electricity";2800;2832;"2019-04-14";"2019-06-01";"";"";"";"Dresden";"indelivery";1000;"2019-07-13"
3177;"energy";"gas";10900;11246;"2018-05-05";"2018-07-01";"2018-08-31";"2018-08-03";"fristgerecht durch Kunde";"Berlin";"terminated";2001;"2018-08-03"
3178;"energy";"electricity";2700;2864;"2019-02-11";"2019-11-01";"";"";"";"Munich";"indelivery";1000;"2019-02-14"
3179;"energy";"gas";10100;9990;"2018-01-07";"2018-03-01";"";"";"";"Dresden";"indelivery";2001;"2019-10-21"
3180;"energy";"electricity";2000;2121;"2018-02-28";"2018-04-01";"";"";"";"Cologne";"indelivery";1002;"2019-12-23"
3181;"energy";"electricity";2600;2681;"2019-04-18";"2019-06-01";"";"";"";"Düsseldorf";"indelivery";1000;"2019-09-25"
3182;"energy";"electricity";2600;2610;"2020-06-06";"2020-07-01";"";"";"";"Leipzig";"indelivery";1001;"2020-06-25"
3183;"energy";"electricity";2000;1948;"2019-11-21";"2020-01-01";"";"";"";"Berlin";"indelivery";1001;"2020-04-27"
3184;"energy";"gas";9100;9302;"2019-05-21";"2020-04-01";"";"";"";"Würzburg";"indelivery";2000;"2019-05-31"
3185;"energy";"electricity";2300;2320;"2018-12-17";"2019-02-01";"";"";"";"Augsburg";"indelivery";1002;"2020-03-16"
3186;"energy";"electricity";2400;2373;"2019-10-23";"2020-02-01";"";"";"";"Dortmund";"indelivery";1000;"2020-07-10"
3187;"energy";"electricity";2100;2063;"2020-01-02";"2020-02-01";"";"";"";"Hamburg";"indelivery";1002;"2020-08-14"
3188;"energy";"electricity";2700;2862;"2018-04-14";"2018-12-01";"";"";"";"Munich";"indelivery";1002;"2020-01-17"
3189;"energy";"electricity";2500;2658;"2019-08-19";"2019-10-01";"";"";"";"Duisburg";"indelivery";1002;"2020-09-08"
3190;"energy";"electricity";2100;2040;"2020-02-13";"2020-06-01";"";"";"";"Hamburg";"indelivery";1000;"2020-02-21"
3191;"energy";"electricity";2100;"";"2019-03-10";"2019-04-01";"";"";"";"Dortmund";"indelivery";1000;"2019-05-28"
3192;"energy";"electricity";2500;2523;"2018-03-09";"2018-05-01";"";"";"";"Altchemnitz";"indelivery";1000;"2019-03-29"
3193;"energy";"electricity";2500;2529;"2020-09-17";"2020-11-01";"";"";"";"Essen";"active";1000;"2020-09-30"
3194;"energy";"electricity";2200;2276;"2018-03-31";"2019-01-01";"2020-12-31";"2020-11-29";"Umzug";"Dortmund";"cancelled";1002;"2019-01-30"
3195;"energy";"electricity";2200;2189;"2019-02-26";"2019-03-01";"";"";"";"Hamburg";"indelivery";1002;"2020-02-08"
3196;"energy";"electricity";2600;2581;"2018-12-20";"2019-05-01";"2020-02-29";"2020-01-31";"fristgerecht durch LichtBlick";"Munich";"terminated";1001;"2019-09-03"
3197;"energy";"electricity";2500;2403;"2018-05-13";"2018-07-01";"";"";"";"Frankfurt";"indelivery";1001;"2018-08-04"
3198;"energy";"gas";8100;8281;"2018-05-23";"2018-07-01";"";"";"";"Berlin";"indelivery";2000;"2018-12-24"
3199;"energy";"electricity";3000;3043;"2020-05-28";"2020-07-01";"";"";"";"Sonthofen";"indelivery";1002;"2020-09-04"
3200;"energy";"electricity";2100;2120;"2020-01-28";"2020-02-01";"";"";"";"Hannover";"indelivery";1002;"2020-06-18"
3201;"energy";"gas";11700;12008;"2019-05-20";"2019-07-01";"2019-11-30";"2019-10-30";"fristgerecht durch Kunde";"Wuppertal";"terminated";2000;"2019-10-30"
3202;"energy";"gas";9500;9596;"2020-07-14";"2021-02-01";"";"";"";"Berlin";"active";2000;"2020-07-31"
3203;"energy";"electricity";2000;2088;"2019-08-31";"2020-01-01";"";"";"";"Berlin";"indelivery";1002;"2019-10-23"
3204;"energy";"electricity";2600;2733;"2020-08-26";"2020-10-01";"";"";"";"Düsseldorf";"indelivery";1000;"2020-09-04"
3205;"energy";"electricity";2600;2721;"2018-03-31";"2018-06-01";"";"";"";"Hamburg";"indelivery";1001;"2019-09-22"
3206;"energy";"electricity";2300;2387;"2020-01-14";"2020-03-01";"";"";"";"Frankfurt";"indelivery";1001;"2020-06-20"
3207;"energy";"gas";10400;10861;"2019-10-25";"2020-08-01";"";"";"";"Kassel";"indelivery";2001;"2019-12-11"
3208;"energy";"electricity";2100;2177;"2019-06-02";"2019-08-01";"";"";"";"Bad Kissingen";"indelivery";1001;"2020-02-29"
3209;"energy";"electricity";2700;2770;"2019-05-20";"2019-06-01";"";"";"";"Frankfurt";"indelivery";1001;"2019-07-22"
3210;"energy";"electricity";2700;2855;"2020-06-03";"2020-07-01";"";"";"";"Berlin";"indelivery";1000;"2020-09-27"
3211;"energy";"electricity";2200;2119;"2018-05-31";"2018-06-01";"";"";"";"Berlin";"indelivery";1002;"2019-01-06"
3212;"energy";"gas";8400;8584;"2020-08-06";"2020-11-01";"";"";"";"Herne";"active";2000;"2020-08-13"
3213;"energy";"gas";11500;12056;"2019-02-05";"2019-05-01";"2019-06-30";"2019-05-25";"Umzug";"Duisburg";"terminated";2000;"2019-05-25"
3214;"energy";"electricity";2200;2302;"2020-09-04";"2020-12-01";"";"";"";"Hamburg";"active";1000;"2020-09-20"
3215;"energy";"electricity";2400;2494;"2019-12-07";"2020-02-01";"";"";"";"Düsseldorf";"indelivery";1000;"2020-07-22"
3216;"energy";"electricity";2400;"";"2020-01-12";"2020-02-01";"";"";"";"Weilheim";"indelivery";1002;"2020-03-09"
3217;"energy";"electricity";2300;2401;"2019-01-15";"2019-02-01";"";"";"";"Düsseldorf";"indelivery";1001;"2020-06-03"
3218;"energy";"gas";8700;9177;"2020-09-09";"2021-06-01";"";"";"";"Hamburg";"active";2001;"2020-09-20"
3219;"energy";"electricity";2700;2895;"2020-09-08";"2020-11-01";"";"";"";"Meiningen";"active";1000;"2020-09-30"
3220;"energy";"electricity";1900;1932;"2019-03-14";"2019-04-01";"";"";"";"Berlin";"indelivery";1002;"2020-03-16"
3221;"energy";"electricity";2600;2460;"2018-09-07";"2018-10-01";"2019-05-31";"2019-04-29";"fristgerecht durch LichtBlick";"Münster";"terminated";1000;"2019-04-29"
3222;"energy";"electricity";2300;2177;"2018-12-14";"2019-03-01";"2019-07-31";"2019-06-28";"Umzug";"Saarbrücken";"terminated";1001;"2019-06-28"
3223;"energy";"gas";8000;7963;"2019-05-15";"2019-09-01";"";"";"";"Essen";"indelivery";2000;"2020-03-05"
3224;"energy";"electricity";2000;1931;"2018-11-01";"2018-12-01";"";"";"";"Bonn";"indelivery";1001;"2020-06-04"
3225;"energy";"electricity";2600;2659;"2018-10-12";"2018-12-01";"";"";"";"Munich";"indelivery";1000;"2019-05-01"
3226;"energy";"gas";11900;11840;"2018-12-02";"2019-05-01";"";"";"";"Höxter";"indelivery";2001;"2020-08-15"
3227;"energy";"gas";10700;11391;"2019-08-07";"2019-10-01";"";"";"";"Hamburg";"indelivery";2000;"2020-08-02"
3228;"energy";"electricity";2800;2734;"2020-07-19";"2020-12-01";"";"";"";"Bonn";"active";1002;"2020-08-10"
3229;"energy";"gas";8200;8486;"2018-09-28";"2019-03-01";"";"";"";"Munich";"indelivery";2001;"2019-12-02"
3230;"energy";"electricity";2100;2130;"2020-09-11";"2021-04-01";"";"";"";"Hof";"active";1002;"2020-09-18"
3231;"energy";"electricity";2100;2088;"2020-08-24";"2020-09-01";"";"";"";"Munich";"indelivery";1001;"2020-09-09"
3232;"energy";"electricity";2300;2286;"2018-01-06";"2018-02-01";"2019-02-28";"2019-01-24";"fristgerecht durch Kunde";"Bielefeld";"terminated";1001;"2019-01-24"
3233;"energy";"electricity";2600;2619;"2018-05-01";"2018-08-01";"";"";"";"Hamburg";"indelivery";1001;"2019-07-05"
3234;"energy";"electricity";2500;2596;"2018-11-13";"2019-01-01";"";"";"";"Essen";"indelivery";1000;"2020-08-15"
3235;"energy";"electricity";2400;2432;"2019-05-16";"2019-08-01";"";"";"";"Berlin";"indelivery";1001;"2019-11-28"
3236;"energy";"electricity";2500;2550;"2019-03-31";"2019-06-01";"";"";"";"Dresden";"indelivery";1000;"2020-01-13"
3237;"energy";"electricity";2400;2311;"2020-04-01";"2020-11-01";"";"";"";"Lübeck";"active";1002;"2020-07-16"
3238;"energy";"electricity";2200;2327;"2020-03-10";"2021-04-01";"";"";"";"Hamburg";"active";1001;"2020-09-29"
3239;"energy";"electricity";2900;3100;"2019-07-06";"2019-10-01";"";"";"";"Dortmund";"indelivery";1000;"2019-09-26"
3240;"energy";"electricity";3000;3046;"2018-03-28";"2018-04-01";"";"";"";"Husum";"indelivery";1002;"2019-04-21"
3241;"energy";"electricity";2500;2443;"2018-11-06";"2019-03-01";"";"";"";"Cottbus";"indelivery";1001;"2020-07-15"
3242;"energy";"electricity";3000;3187;"2018-02-19";"2018-04-01";"2019-10-31";"2019-09-30";"fristgerecht durch Kunde";"Düsseldorf";"terminated";1002;"2019-09-30"
3243;"energy";"electricity";2000;2133;"2018-01-07";"2018-07-01";"2020-09-30";"2020-08-29";"fristgerecht durch Kunde";"Osnabrück";"terminated";1000;"2019-10-02"
3244;"energy";"electricity";2100;2239;"2019-07-11";"2020-01-01";"";"";"";"Würzburg";"indelivery";1000;"2019-09-22"
3245;"energy";"electricity";2200;2274;"2018-10-02";"2018-12-01";"";"";"";"Munich";"indelivery";1001;"2019-12-18"
3246;"energy";"electricity";2800;2901;"2018-03-14";"2018-11-01";"2019-08-31";"2019-08-01";"fristgerecht durch Kunde";"Flensburg";"terminated";1000;"2018-05-08"
3247;"energy";"electricity";2600;2702;"2018-09-06";"2018-12-01";"";"";"";"Hannover";"indelivery";1000;"2019-09-10"
3248;"energy";"electricity";2800;3002;"2020-08-14";"2021-07-01";"";"";"";"Munich";"active";1000;"2020-09-04"
3249;"energy";"electricity";2700;2861;"2018-03-18";"2018-04-01";"";"";"";"Hamburg";"indelivery";1001;"2018-09-29"
3250;"energy";"electricity";2800;2714;"2019-11-16";"2020-01-01";"";"";"";"Berlin";"indelivery";1002;"2020-01-26"
3251;"energy";"electricity";2700;2667;"2020-06-03";"2020-08-01";"";"";"";"Heidelberg";"indelivery";1001;"2020-08-02"
3252;"energy";"electricity";2500;2557;"2019-09-17";"2019-10-01";"2019-11-30";"2019-10-30";"Umzug";"Flensburg";"terminated";1001;"2019-10-30"
3253;"energy";"electricity";2400;2482;"2018-07-11";"2019-07-01";"";"";"";"Frankfurt";"indelivery";1001;"2019-07-19"
3254;"energy";"electricity";2400;2474;"2020-05-10";"2021-10-01";"";"";"";"Merseburg";"active";1001;"2020-08-24"
3255;"energy";"electricity";2600;2804;"2018-02-18";"2018-05-01";"";"";"";"Hamburg";"indelivery";1002;"2019-05-06"
3256;"energy";"electricity";1900;1959;"2019-05-24";"2019-09-01";"";"";"";"Cologne";"indelivery";1002;"2019-05-25"
3257;"energy";"gas";8800;"";"2020-02-21";"2020-05-01";"";"";"";"Ulm";"indelivery";2001;"2020-07-21"
3258;"energy";"electricity";2100;2013;"2018-08-08";"2018-11-01";"2019-01-31";"2018-12-25";"Umzug";"Leipzig";"terminated";1000;"2018-12-25"
3259;"energy";"electricity";2900;"";"2019-09-13";"2020-04-01";"";"";"";"Hamburg";"indelivery";1000;"2020-06-06"
3260;"energy";"electricity";2900;3098;"2018-11-15";"2018-12-01";"";"";"";"Regensburg";"indelivery";1002;"2019-10-06"
3261;"energy";"electricity";2800;2728;"2019-09-01";"2019-12-01";"";"";"";"Chemnitz";"indelivery";1002;"2020-01-24"
3262;"energy";"electricity";2200;2150;"2018-05-21";"2019-01-01";"";"";"";"Frankfurt";"indelivery";1002;"2020-02-07"
3263;"energy";"electricity";2700;"";"2018-04-21";"2018-08-01";"";"";"";"Munich";"indelivery";1000;"2020-08-18"
3264;"energy";"electricity";2900;3154;"2019-06-14";"2019-10-01";"2019-12-31";"2019-12-01";"fristgerecht durch Kunde";"Düsseldorf";"terminated";1002;"2019-10-17"
3265;"energy";"electricity";2700;2655;"2019-06-15";"2019-09-01";"";"";"";"Hamburg";"indelivery";1002;"2020-03-04"
3266;"energy";"electricity";2800;2910;"2020-05-09";"2020-06-01";"";"";"";"Munich";"indelivery";1000;"2020-05-09"
3267;"energy";"electricity";2700;"";"2019-01-15";"2019-07-01";"";"";"";"Bremerhaven";"indelivery";1002;"2020-06-19"
3268;"energy";"electricity";2600;2621;"2019-06-09";"2019-09-01";"";"";"";"Berlin";"indelivery";1000;"2019-07-22"
3269;"energy";"electricity";2500;2670;"2019-01-15";"2019-03-01";"";"";"";"Braunschweig";"indelivery";1001;"2019-06-05"
3270;"energy";"electricity";2700;2613;"2019-04-23";"2019-06-01";"2019-11-30";"2019-11-02";"fristgerecht durch Kunde";"Augsburg";"terminated";1001;"2019-05-18"
3271;"energy";"electricity";2000;1984;"2020-06-28";"2020-12-01";"";"";"";"Bremen";"active";1002;"2020-07-25"
3272;"energy";"electricity";2800;2741;"2018-11-12";"2019-04-01";"";"";"";"Berlin";"indelivery";1002;"2019-08-26"
3273;"energy";"electricity";2400;2498;"2020-08-02";"2021-04-01";"";"";"";"Würzburg";"active";1001;"2020-08-28"
3274;"energy";"electricity";2400;2536;"2018-07-24";"2018-09-01";"2019-10-31";"2019-09-28";"Umzug";"Dortmund";"terminated";1002;"2018-12-29"
3275;"energy";"electricity";2800;3013;"2019-08-19";"2019-10-01";"";"";"";"Frankfurt";"indelivery";1002;"2020-05-20"
3276;"energy";"electricity";2900;3104;"2020-03-01";"2020-05-01";"";"";"";"Bielefeld";"indelivery";1001;"2020-05-31"
3277;"energy";"electricity";2300;2435;"2018-04-20";"2018-07-01";"2019-12-31";"2019-11-27";"Umzug";"Berlin";"terminated";1001;"2019-10-14"
3278;"energy";"electricity";2700;"";"2019-04-27";"2019-06-01";"";"";"";"Gera";"indelivery";1001;"2019-11-27"
3279;"energy";"electricity";2300;2183;"2020-02-07";"2020-11-01";"";"";"";"Kiel";"active";1000;"2020-03-23"
3280;"energy";"electricity";2200;2169;"2018-04-18";"2019-05-01";"";"";"";"Hannover";"indelivery";1002;"2020-07-25"
3281;"energy";"electricity";2900;2937;"2020-01-25";"2020-02-01";"";"";"";"Mainz";"indelivery";1001;"2020-04-22"
3282;"energy";"electricity";2800;2995;"2019-04-18";"2019-06-01";"";"";"";"Karlsruhe";"indelivery";1000;"2020-01-07"
3283;"energy";"electricity";2400;2310;"2018-08-15";"2018-11-01";"";"";"";"Münster";"indelivery";1002;"2019-05-11"
3284;"energy";"electricity";2600;2570;"2018-01-07";"2018-03-01";"2019-09-30";"2019-08-30";"Umzug";"Freiburg";"terminated";1001;"2018-05-13"
3285;"energy";"electricity";2200;2327;"2019-03-18";"2019-05-01";"";"";"";"Oldenburg";"indelivery";1002;"2019-10-08"
3286;"energy";"electricity";2600;2467;"2020-04-11";"2020-10-01";"";"";"";"Cottbus";"indelivery";1000;"2020-08-14"
3287;"energy";"electricity";2900;2844;"2019-09-15";"2019-12-01";"";"";"";"Berlin";"indelivery";1002;"2019-09-25"
3288;"energy";"electricity";2100;2018;"2018-08-04";"2019-01-01";"2019-03-31";"2019-03-02";"fristgerecht durch Kunde";"Göttingen";"terminated";1000;"2019-03-02"
3289;"energy";"electricity";2300;2329;"2018-07-21";"2019-03-01";"";"";"";"Hamburg";"indelivery";1000;"2018-09-25"
3290;"energy";"electricity";2300;2252;"2019-09-08";"2019-11-01";"";"";"";"Bremen";"indelivery";1002;"2020-02-29"
3291;"energy";"electricity";2600;2831;"2018-05-30";"2018-12-01";"";"";"";"Berlin";"indelivery";1000;"2019-06-26"
3292;"energy";"gas";8500;8510;"2018-01-17";"2018-02-01";"";"";"";"Stuttgart";"indelivery";2000;"2020-02-20"
3293;"energy";"electricity";2600;2477;"2019-11-10";"2020-02-01";"2020-03-31";"2020-02-27";"fristgerecht durch LichtBlick";"Münster";"terminated";1001;"2020-02-27"
3294;"energy";"electricity";2800;2639;"2020-06-19";"2020-09-01";"";"";"";"Berlin";"indelivery";1000;"2020-09-22"
3295;"energy";"gas";8000;8590;"2018-10-06";"2019-07-01";"";"";"";"Ulm";"indelivery";2001;"2020-03-24"
3296;"energy";"electricity";2200;"";"2020-03-28";"2020-06-01";"";"";"";"Würzburg";"indelivery";1001;"2020-09-24"
3297;"energy";"electricity";2700;2721;"2020-07-14";"2021-04-01";"";"";"";"Berlin";"active";1001;"2020-08-29"
3298;"energy";"electricity";2400;2365;"2019-05-01";"2019-10-01";"";"";"";"Berlin";"indelivery";1001;"2020-01-23"
3299;"energy";"gas";10300;9792;"2018-01-17";"2018-07-01";"";"";"";"Bonn";"indelivery";2000;"2019-04-25"
3300;"energy";"electricity";2900;"";"2018-05-07";"2018-06-01";"";"";"";"Amberg";"indelivery";1002;"2018-06-08"
3301;"energy";"electricity";2800;2909;"2019-01-03";"2019-02-01";"";"";"";"Potsdam";"indelivery";1000;"2019-06-26"
3302;"energy";"electricity";2400;"";"2018-08-27";"2018-12-01";"2019-05-31";"2019-04-27";"Umzug";"Marienberg";"terminated";1002;"2019-04-27"
3303;"energy";"electricity";2100;1968;"2020-03-17";"2020-07-01";"";"";"";"Hannover";"indelivery";1001;"2020-05-25"
3304;"energy";"electricity";2900;3047;"2019-10-18";"2020-04-01";"";"";"";"Wuppertal";"indelivery";1000;"2020-01-25"
3305;"energy";"electricity";2400;2459;"2019-02-25";"2019-10-01";"";"";"";"Berlin";"indelivery";1001;"2019-11-23"
3306;"energy";"electricity";2100;2261;"2019-04-18";"2019-05-01";"2019-05-01";"2020-10-26";"Wiederruf";"Esslingen";"terminated";1001;"2020-06-30"
3307;"energy";"electricity";2500;2381;"2019-04-26";"2020-02-01";"";"";"";"Frankfurt";"indelivery";1002;"2019-11-23"
3308;"energy";"electricity";2500;2645;"2019-05-16";"2019-07-01";"";"";"";"Bielefeld";"indelivery";1001;"2020-02-21"
3309;"energy";"electricity";2200;2182;"2020-01-06";"2020-04-01";"";"";"";"Berlin";"indelivery";1000;"2020-07-21"
3310;"energy";"electricity";2200;2269;"2018-05-01";"2019-05-01";"";"";"";"Berlin";"indelivery";1002;"2019-09-16"
3311;"energy";"electricity";2000;2113;"2018-07-19";"2019-02-01";"";"";"";"Augsburg";"indelivery";1002;"2018-09-24"
3312;"energy";"gas";9300;9019;"2020-09-10";"2021-07-01";"";"";"";"Bielefeld";"active";2001;"2020-09-14"
3313;"energy";"electricity";2900;3057;"2020-06-15";"2021-09-01";"";"";"";"Hannover";"active";1002;"2020-09-23"
3314;"energy";"electricity";2800;"";"2019-12-04";"2020-03-01";"";"";"";"Berlin";"indelivery";1002;"2020-05-09"
3315;"energy";"electricity";2700;2692;"2019-07-30";"2019-08-01";"";"";"";"Berlin";"indelivery";1000;"2020-03-20"
3316;"energy";"electricity";2800;3031;"2018-07-20";"2019-01-01";"";"";"";"Altchemnitz";"indelivery";1000;"2018-08-31"
3317;"energy";"electricity";2200;2071;"2019-09-05";"2019-11-01";"";"";"";"Mannheim";"indelivery";1000;"2020-09-02"
3318;"energy";"electricity";2200;2236;"2018-08-27";"2019-07-01";"2019-08-31";"2019-08-03";"fristgerecht durch Kunde";"Mannheim";"terminated";1000;"2019-08-03"
3319;"energy";"electricity";2600;"";"2019-11-14";"2020-10-01";"";"";"";"Dresden";"indelivery";1002;"2020-06-03"
3320;"energy";"electricity";3100;3034;"2019-05-05";"2019-10-01";"";"";"";"Marktoberdorf";"indelivery";1001;"2020-06-04"
3321;"energy";"electricity";2900;2947;"2019-08-06";"2019-12-01";"";"";"";"Leipzig";"indelivery";1001;"2019-09-02"
3322;"energy";"electricity";2200;2291;"2018-01-17";"2018-03-01";"";"";"";"Mainz";"indelivery";1001;"2020-03-18"
3323;"energy";"gas";10000;10797;"2019-09-17";"2020-02-01";"";"";"";"Schwandorf";"indelivery";2000;"2020-04-24"
3324;"energy";"electricity";2400;2283;"2020-05-03";"2020-06-01";"";"";"";"Cologne";"indelivery";1002;"2020-09-21"
3325;"energy";"electricity";2700;2867;"2018-08-07";"2018-11-01";"";"";"";"Wiesbaden";"indelivery";1002;"2018-11-25"
3326;"energy";"electricity";2900;3066;"2018-02-10";"2019-02-01";"";"";"";"Dortmund";"indelivery";1002;"2018-11-23"
3327;"energy";"electricity";2300;2159;"2020-03-22";"2020-07-01";"";"";"";"Osnabrück";"indelivery";1001;"2020-08-04"
3328;"energy";"electricity";2900;3012;"2020-05-23";"2020-07-01";"";"";"";"Berlin";"indelivery";1002;"2020-07-11"
3329;"energy";"electricity";2200;2128;"2018-10-21";"2018-12-01";"";"";"";"Saarbrücken";"indelivery";1001;"2018-12-06"
3330;"energy";"electricity";2600;2635;"2018-08-28";"2019-12-01";"";"";"";"Oldenburg";"indelivery";1002;"2019-06-20"
3331;"energy";"gas";10200;10803;"2020-05-09";"2020-07-01";"";"";"";"Karlsruhe";"indelivery";2001;"2020-08-27"
3332;"energy";"electricity";2300;"";"2018-12-02";"2019-03-01";"";"";"";"Magdeburg";"indelivery";1001;"2019-04-06"
3333;"energy";"electricity";2800;2764;"2018-07-23";"2018-10-01";"2019-10-31";"2019-10-01";"fristgerecht durch LichtBlick";"Ulm";"terminated";1000;"2018-09-05"
3334;"energy";"gas";8800;8429;"2018-12-06";"2019-11-01";"";"";"";"Braunschweig";"indelivery";2000;"2020-09-21"
3335;"energy";"electricity";2300;2344;"2020-07-08";"2021-06-01";"";"";"";"Mannheim";"active";1001;"2020-08-25"
3336;"energy";"electricity";2400;2520;"2019-02-18";"2019-03-01";"";"";"";"Altchemnitz";"indelivery";1001;"2019-06-11"
3337;"energy";"electricity";2100;2246;"2018-10-12";"2019-04-01";"";"";"";"Hannover";"indelivery";1000;"2019-07-11"
3338;"energy";"electricity";2300;2420;"2018-10-21";"2019-03-01";"";"";"";"Duisburg";"indelivery";1002;"2020-09-10"
3339;"energy";"electricity";2000;2156;"2019-05-07";"2019-08-01";"2020-02-29";"2020-01-30";"fristgerecht durch Kunde";"Oldenburg";"terminated";1002;"2019-06-07"
3340;"energy";"electricity";3000;2958;"2018-06-22";"2018-09-01";"";"";"";"Mannheim";"indelivery";1001;"2019-07-28"
3341;"energy";"electricity";2500;2521;"2020-01-07";"2020-12-01";"";"";"";"Berlin";"active";1001;"2020-07-15"
3342;"energy";"gas";9100;9586;"2020-05-30";"2021-01-01";"";"";"";"Cologne";"active";2000;"2020-08-05"
3343;"energy";"gas";8900;8876;"2018-05-27";"2018-07-01";"";"";"";"Gera";"indelivery";2000;"2018-12-11"
3344;"energy";"electricity";2000;2010;"2018-01-18";"2018-04-01";"";"";"";"Rosenheim";"indelivery";1001;"2019-06-27"
3345;"energy";"electricity";2700;"";"2019-02-03";"2019-04-01";"2019-08-31";"2019-08-01";"Umzug";"Dresden";"terminated";1002;"2019-08-01"
3346;"energy";"electricity";3100;3007;"2019-06-04";"2019-10-01";"";"";"";"Speyer";"indelivery";1001;"2020-05-06"
3347;"energy";"electricity";2200;2129;"2019-08-19";"2020-07-01";"";"";"";"Hamburg";"indelivery";1001;"2020-05-03"
3348;"energy";"electricity";2600;2666;"2018-01-29";"2018-03-01";"2018-09-30";"2018-08-26";"fristgerecht durch Kunde";"Potsdam";"terminated";1002;"2018-02-25"
3349;"energy";"electricity";2600;2743;"2019-10-01";"2020-01-01";"";"";"";"Nordhausen";"indelivery";1000;"2019-11-08"
3350;"energy";"electricity";2500;2436;"2020-03-27";"2020-05-01";"";"";"";"Greifswald";"indelivery";1002;"2020-09-23"
3351;"energy";"electricity";2700;"";"2019-11-05";"2020-01-01";"";"";"";"Marienberg";"indelivery";1001;"2020-08-06"
3352;"energy";"electricity";2200;2316;"2019-10-02";"2020-01-01";"2020-08-31";"2020-08-02";"fristgerecht durch Kunde";"Cottbus";"terminated";1002;"2019-10-29"
3353;"energy";"electricity";2600;"";"2018-01-08";"2018-04-01";"";"";"";"Münster";"indelivery";1000;"2019-04-19"
3354;"energy";"electricity";2000;2073;"2018-08-11";"2019-01-01";"2019-01-01";"2020-01-30";"Wiederruf";"Berlin";"terminated";1002;"2018-09-20"
3355;"energy";"electricity";2700;2699;"2020-05-01";"2020-10-01";"";"";"";"Augsburg";"indelivery";1000;"2020-08-24"
3356;"energy";"electricity";2200;2354;"2020-09-01";"2020-10-01";"";"";"";"Marienberg";"indelivery";1000;"2020-09-05"
3357;"energy";"electricity";2600;2554;"2019-01-29";"2019-02-01";"";"";"";"Hamburg";"indelivery";1001;"2019-06-20"
3358;"energy";"electricity";2600;2679;"2018-05-11";"2019-01-01";"";"";"";"Apolda";"indelivery";1001;"2020-07-20"
3359;"energy";"gas";9800;10391;"2019-06-21";"2019-10-01";"2020-10-31";"2020-09-30";"fristgerecht durch Kunde";"Hamburg";"cancelled";2001;"2019-10-24"
3360;"energy";"electricity";2900;3095;"2020-09-23";"2021-05-01";"";"";"";"Mannheim";"active";1000;"2020-09-29"
3361;"energy";"electricity";2000;2037;"2020-04-20";"2020-06-01";"";"";"";"Münster";"indelivery";1001;"2020-07-12"
3362;"energy";"electricity";2900;2744;"2019-08-26";"2019-10-01";"2020-05-31";"2020-05-01";"fristgerecht durch LichtBlick";"Braunschweig";"terminated";1000;"2020-05-01"
3363;"energy";"electricity";2300;2259;"2019-04-01";"2019-07-01";"2020-04-30";"2020-03-28";"fristgerecht durch Kunde";"Marienberg";"terminated";1000;"2019-10-26"
3364;"energy";"electricity";2500;"";"2018-12-05";"2019-04-01";"";"";"";"Oldenburg";"indelivery";1001;"2020-09-03"
3365;"energy";"electricity";2100;2218;"2019-06-20";"2019-08-01";"2020-01-31";"2020-01-03";"fristgerecht durch LichtBlick";"Gießen";"terminated";1002;"2020-01-03"
3366;"energy";"electricity";2600;2776;"2018-04-08";"2018-05-01";"2018-05-01";"2018-09-02";"Wiederruf";"Berlin";"terminated";1001;"2018-07-22"
3367;"energy";"electricity";2200;2369;"2018-09-11";"2018-11-01";"";"";"";"Potsdam";"indelivery";1000;"2019-07-22"
3368;"energy";"electricity";2200;2173;"2020-06-12";"2020-10-01";"";"";"";"Stuttgart";"indelivery";1000;"2020-07-09"
3369;"energy";"electricity";2400;2459;"2018-05-01";"2018-09-01";"";"";"";"Göttingen";"indelivery";1000;"2020-04-29"
3370;"energy";"electricity";2100;2061;"2018-08-25";"2018-11-01";"";"";"";"Cologne";"indelivery";1000;"2020-09-09"
3371;"energy";"electricity";2600;2647;"2019-08-27";"2019-11-01";"";"";"";"Marienberg";"indelivery";1000;"2020-05-17"
3372;"energy";"gas";7500;7650;"2020-09-24";"2021-01-01";"";"";"";"Hamburg";"active";2001;"2020-09-24"
3373;"energy";"electricity";2100;2023;"2019-01-28";"2019-02-01";"";"";"";"Stuttgart";"indelivery";1002;"2020-05-12"
3374;"energy";"gas";11500;11359;"2019-12-25";"2020-11-01";"";"";"";"Hamburg";"active";2001;"2020-05-07"
3375;"energy";"electricity";2800;2831;"2018-04-17";"2018-06-01";"";"";"";"Mainz";"indelivery";1001;"2020-03-27"
3376;"energy";"electricity";2900;3134;"2019-07-14";"2020-01-01";"";"";"";"Altchemnitz";"indelivery";1000;"2019-10-31"
3377;"energy";"electricity";3000;2945;"2019-01-07";"2019-03-01";"2020-03-31";"2020-02-27";"fristgerecht durch LichtBlick";"Duisburg";"terminated";1002;"2020-02-27"
3378;"energy";"electricity";2200;2127;"2018-12-05";"2019-04-01";"";"";"";"Marienberg";"indelivery";1001;"2020-08-26"
3379;"energy";"electricity";2500;2545;"2018-05-13";"2018-09-01";"2019-11-30";"2019-11-02";"fristgerecht durch Kunde";"Berlin";"terminated";1002;"2019-10-18"
3380;"energy";"electricity";2100;2089;"2019-01-22";"2019-03-01";"";"";"";"Würzburg";"indelivery";1002;"2019-03-07"
3381;"energy";"electricity";2600;2815;"2018-09-17";"2018-10-01";"";"";"";"Leipzig";"indelivery";1001;"2019-11-23"
3382;"energy";"electricity";2800;"";"2019-09-22";"2020-01-01";"";"";"";"Hamburg";"indelivery";1001;"2019-09-30"
3383;"energy";"electricity";2600;2713;"2020-07-20";"2020-08-01";"";"";"";"Dresden";"indelivery";1000;"2020-09-12"
3384;"energy";"electricity";2000;2017;"2019-02-03";"2019-06-01";"";"";"";"Potsdam";"indelivery";1002;"2019-12-14"
3385;"energy";"electricity";2100;2132;"2020-02-01";"2020-04-01";"";"";"";"Düsseldorf";"indelivery";1002;"2020-03-05"
3386;"energy";"electricity";2700;"";"2020-08-01";"2020-08-01";"";"";"";"Berlin";"indelivery";1000;"2020-08-07"
3387;"energy";"electricity";2400;2473;"2019-12-01";"2020-03-01";"";"";"";"Düsseldorf";"indelivery";1001;"2020-05-10"
3388;"energy";"electricity";2300;2465;"2019-07-07";"2019-11-01";"2020-02-29";"2020-01-31";"fristgerecht durch Kunde";"Erfurt";"terminated";1002;"2020-01-31"
3389;"energy";"electricity";2500;2615;"2018-08-12";"2019-07-01";"";"";"";"Wiesbaden";"indelivery";1002;"2019-03-31"
3390;"energy";"electricity";2700;2665;"2018-10-17";"2019-06-01";"";"";"";"Würzburg";"indelivery";1000;"2020-06-25"
3391;"energy";"electricity";2300;2184;"2020-08-05";"2021-03-01";"";"";"";"Hofeck";"active";1000;"2020-08-21"
3392;"energy";"electricity";2500;2436;"2019-09-05";"2019-12-01";"";"";"";"Berlin";"indelivery";1001;"2019-12-02"
3393;"energy";"electricity";2700;"";"2018-05-07";"2018-09-01";"2020-01-31";"2019-12-28";"Umzug";"Berlin";"terminated";1001;"2018-09-11"
3394;"energy";"electricity";2700;2920;"2019-01-07";"2019-06-01";"";"";"";"Steinfurt";"indelivery";1000;"2020-03-19"
3395;"energy";"electricity";2100;2277;"2018-05-11";"2018-08-01";"";"";"";"Hannover";"indelivery";1002;"2019-08-20"
3396;"energy";"electricity";2200;2310;"2019-01-31";"2020-05-01";"";"";"";"Essen";"indelivery";1002;"2020-03-22"
3397;"energy";"electricity";2300;2485;"2018-10-08";"2019-07-01";"";"";"";"Dortmund";"indelivery";1000;"2019-03-21"
3398;"energy";"electricity";2100;2237;"2018-03-16";"2018-09-01";"";"";"";"Essen";"indelivery";1002;"2020-08-09"
3399;"energy";"electricity";2000;2107;"2019-04-19";"2019-06-01";"";"";"";"Düsseldorf";"indelivery";1002;"2019-11-18"
3400;"energy";"electricity";2600;2503;"2020-06-07";"2020-11-01";"";"";"";"Düsseldorf";"active";1001;"2020-09-03"
3401;"energy";"gas";9400;9209;"2019-11-07";"2020-03-01";"";"";"";"Leipzig";"indelivery";2000;"2020-07-22"
3402;"energy";"electricity";2400;2593;"2019-05-24";"2019-09-01";"";"";"";"Kassel";"indelivery";1000;"2020-04-18"
3403;"energy";"gas";9800;10005;"2020-01-27";"2020-07-01";"";"";"";"Leipzig";"indelivery";2000;"2020-09-14"
3404;"energy";"gas";11600;11845;"2020-02-14";"2020-08-01";"";"";"";"Augsburg";"indelivery";2000;"2020-08-29"
3405;"energy";"electricity";3000;2966;"2020-06-28";"2020-12-01";"";"";"";"Schwerin";"active";1000;"2020-09-22"
3406;"energy";"electricity";2100;2218;"2018-05-05";"2018-07-01";"";"";"";"Hamburg";"indelivery";1002;"2018-10-06"
3407;"energy";"electricity";2200;2078;"2018-05-04";"2018-11-01";"2019-03-31";"2019-03-03";"fristgerecht durch Kunde";"Berlin";"terminated";1002;"2019-03-03"
3408;"energy";"electricity";2500;2517;"2020-04-30";"2021-02-01";"";"";"";"Stuttgart";"active";1000;"2020-09-06"
3409;"energy";"electricity";2100;2305;"2020-03-31";"2020-08-01";"2020-09-30";"2020-09-02";"Umzug";"Marienberg";"terminated";1000;"2020-06-25"
3410;"energy";"electricity";2600;2687;"2018-04-10";"2018-06-01";"2019-08-31";"2019-08-02";"fristgerecht durch Kunde";"Magdeburg";"terminated";1001;"2019-08-02"
3411;"energy";"electricity";2900;3109;"2019-04-16";"2020-03-01";"";"";"";"Hamburg";"indelivery";1001;"2019-08-11"
3412;"energy";"electricity";2900;2838;"2019-09-11";"2020-09-01";"";"";"";"Berlin";"indelivery";1001;"2019-11-18"
3413;"energy";"electricity";2400;2310;"2019-01-29";"2019-06-01";"";"";"";"Berlin";"indelivery";1001;"2019-08-04"
3414;"energy";"electricity";2400;2325;"2020-05-18";"2020-08-01";"";"";"";"Hamburg";"indelivery";1001;"2020-07-10"
3415;"energy";"electricity";2000;2056;"2019-03-20";"2019-07-01";"";"";"";"Düsseldorf";"indelivery";1000;"2019-11-06"
3416;"energy";"gas";7800;8103;"2020-04-18";"2020-09-01";"";"";"";"Berlin";"indelivery";2001;"2020-09-02"
3417;"energy";"gas";7700;7685;"2019-08-15";"2019-10-01";"2020-07-31";"2020-07-02";"fristgerecht durch Kunde";"Berlin";"terminated";2000;"2020-07-02"
3418;"energy";"gas";10400;10219;"2020-09-04";"2021-04-01";"";"";"";"Mainz";"active";2000;"2020-09-28"
3419;"energy";"electricity";2800;2859;"2019-04-15";"2019-11-01";"";"";"";"Kassel";"indelivery";1000;"2019-07-19"
3420;"energy";"gas";11600;11922;"2019-06-14";"2019-12-01";"";"";"";"Altchemnitz";"indelivery";2000;"2020-04-02"
3421;"energy";"electricity";2000;2161;"2019-11-18";"2020-02-01";"";"";"";"Munich";"indelivery";1001;"2020-04-22"
3422;"energy";"electricity";2800;2947;"2019-03-16";"2019-11-01";"";"";"";"Karlsruhe";"indelivery";1001;"2019-11-06"
3423;"energy";"electricity";2600;2781;"2018-09-29";"2018-10-01";"2020-07-31";"2020-07-02";"fristgerecht durch LichtBlick";"Berlin";"terminated";1000;"2019-02-07"
3424;"energy";"electricity";2900;2828;"2018-05-13";"2018-12-01";"";"";"";"Augsburg";"indelivery";1002;"2019-04-12"
3425;"energy";"electricity";2300;2280;"2020-03-05";"2020-04-01";"";"";"";"Berlin";"indelivery";1000;"2020-06-22"
3426;"energy";"gas";10100;9639;"2020-05-06";"2021-03-01";"";"";"";"Karlsruhe";"active";2000;"2020-05-14"
3427;"energy";"electricity";2100;2120;"2018-08-03";"2018-09-01";"";"";"";"Karlsruhe";"indelivery";1000;"2020-05-19"
3428;"energy";"electricity";2800;2767;"2018-08-16";"2018-10-01";"2020-08-31";"2020-08-03";"fristgerecht durch LichtBlick";"Cologne";"terminated";1002;"2018-10-24"
3429;"energy";"electricity";2600;2701;"2019-01-27";"2020-05-01";"";"";"";"Freiberg";"indelivery";1001;"2019-09-28"
3430;"energy";"electricity";2100;1979;"2018-06-14";"2019-03-01";"2020-02-29";"2020-02-01";"Umzug";"Wiesbaden";"terminated";1001;"2019-08-10"
3431;"energy";"electricity";2500;2566;"2018-07-12";"2019-01-01";"2019-01-01";"2020-08-31";"Wiederruf";"Oldenburg";"terminated";1002;"2020-06-11"
3432;"energy";"electricity";3000;3100;"2018-07-07";"2018-10-01";"";"";"";"Munich";"indelivery";1001;"2020-05-20"
3433;"energy";"electricity";2200;2108;"2019-07-27";"2020-11-01";"";"";"";"Rostock";"active";1000;"2020-03-21"
3434;"energy";"electricity";2100;2105;"2018-07-01";"2018-08-01";"";"";"";"Cologne";"indelivery";1001;"2019-01-05"
3435;"energy";"electricity";2400;2373;"2020-07-16";"2020-08-01";"";"";"";"Leipzig";"indelivery";1000;"2020-09-28"
3436;"energy";"electricity";2000;2131;"2018-10-27";"2018-12-01";"";"";"";"Berlin";"indelivery";1001;"2020-07-26"
3437;"energy";"electricity";2600;2660;"2018-03-16";"2018-04-01";"";"";"";"Hamburg";"indelivery";1001;"2020-06-29"
3438;"energy";"electricity";2700;2843;"2018-10-12";"2018-12-01";"";"";"";"Munich";"indelivery";1000;"2019-11-01"
3439;"energy";"electricity";2600;"";"2020-08-29";"2020-09-01";"";"";"";"Essen";"indelivery";1002;"2020-09-05"
3440;"energy";"electricity";2600;2574;"2020-04-17";"2020-05-01";"";"";"";"Ingolstadt";"indelivery";1001;"2020-09-30"
3441;"energy";"electricity";2900;2885;"2018-03-30";"2018-05-01";"";"";"";"Bremen";"indelivery";1002;"2019-02-21"
3442;"energy";"electricity";2800;2856;"2018-07-22";"2018-11-01";"";"";"";"Marienberg";"indelivery";1002;"2019-06-03"
3443;"energy";"electricity";2300;2494;"2018-08-17";"2019-03-01";"2020-07-31";"2020-07-03";"Umzug";"Freiburg";"terminated";1002;"2020-06-01"
3444;"energy";"electricity";2900;2868;"2019-09-09";"2020-03-01";"2020-11-30";"2020-11-02";"fristgerecht durch Kunde";"Duisburg";"cancelled";1000;"2019-11-11"
3445;"energy";"electricity";2700;2843;"2020-02-25";"2020-03-01";"";"";"";"Frankfurt";"indelivery";1001;"2020-05-23"
3446;"energy";"electricity";3000;"";"2018-06-25";"2018-07-01";"2019-02-28";"2019-01-29";"fristgerecht durch LichtBlick";"Dortmund";"terminated";1000;"2019-01-29"
3447;"energy";"electricity";2500;2393;"2018-11-12";"2019-01-01";"";"";"";"Hamburg";"indelivery";1002;"2018-11-19"
3448;"energy";"electricity";2100;2099;"2020-09-13";"2021-05-01";"";"";"";"Hannover";"active";1001;"2020-09-17"
3449;"energy";"gas";7800;8386;"2019-04-28";"2019-08-01";"";"";"";"Stuttgart";"indelivery";2000;"2020-09-18"
3450;"energy";"electricity";2200;2270;"2019-06-19";"2019-12-01";"2019-12-01";"2020-04-02";"Wiederruf";"Duisburg";"terminated";1000;"2020-04-02"
3451;"energy";"electricity";2500;"";"2018-07-09";"2019-08-01";"";"";"";"Duisburg";"indelivery";1000;"2019-01-15"
3452;"energy";"gas";10900;10464;"2020-04-20";"2020-10-01";"";"";"";"Heidelberg";"indelivery";2001;"2020-05-04"
3453;"energy";"electricity";2900;3059;"2018-01-24";"2018-04-01";"2020-02-29";"2020-02-01";"fristgerecht durch LichtBlick";"Dresden";"terminated";1002;"2018-01-25"
3454;"energy";"electricity";2400;2585;"2020-03-22";"2020-07-01";"";"";"";"Kiel";"indelivery";1002;"2020-04-18"
3455;"energy";"electricity";2700;2609;"2018-07-05";"2018-12-01";"2020-09-30";"2020-09-02";"Umzug";"Gera";"terminated";1000;"2019-01-14"
3456;"energy";"electricity";2100;2219;"2020-04-26";"2021-02-01";"";"";"";"Berlin";"active";1002;"2020-09-19"
3457;"energy";"electricity";2300;2410;"2020-04-27";"2020-10-01";"";"";"";"Mannheim";"indelivery";1002;"2020-09-11"
3458;"energy";"electricity";2600;2796;"2020-09-14";"2021-02-01";"";"";"";"Neuruppin";"active";1002;"2020-09-27"
3459;"energy";"electricity";2700;2631;"2018-02-06";"2018-07-01";"";"";"";"Kiel";"indelivery";1001;"2020-06-16"
3460;"energy";"electricity";2700;2725;"2019-09-01";"2020-01-01";"";"";"";"Berlin";"indelivery";1001;"2020-09-28"
3461;"energy";"gas";9500;9870;"2020-03-14";"2020-11-01";"";"";"";"Cologne";"active";2000;"2020-06-08"
3462;"energy";"electricity";2100;2118;"2020-01-09";"2020-02-01";"";"";"";"Dortmund";"indelivery";1002;"2020-02-08"
3463;"energy";"electricity";2000;1985;"2018-07-21";"2018-11-01";"";"";"";"Duisburg";"indelivery";1000;"2018-11-30"
3464;"energy";"electricity";2600;2554;"2019-10-08";"2019-12-01";"";"";"";"Dresden";"indelivery";1002;"2020-01-24"
3465;"energy";"electricity";2700;2703;"2020-02-28";"2020-06-01";"2020-09-30";"2020-09-02";"fristgerecht durch LichtBlick";"Limburg";"terminated";1000;"2020-08-29"
3466;"energy";"gas";11200;11801;"2020-05-08";"2020-06-01";"";"";"";"Hannover";"indelivery";2000;"2020-08-03"
3467;"energy";"electricity";2400;2465;"2019-08-10";"2019-10-01";"";"";"";"Stuttgart";"indelivery";1002;"2020-03-31"
3468;"energy";"electricity";2400;2335;"2018-07-15";"2018-10-01";"2018-10-01";"2020-10-31";"Wiederruf";"Cologne";"terminated";1000;"2019-08-21"
3469;"energy";"electricity";2700;2737;"2019-09-26";"2019-10-01";"";"";"";"Rostock";"indelivery";1002;"2019-10-29"
3470;"energy";"electricity";2100;2129;"2019-01-14";"2019-09-01";"";"";"";"Duisburg";"indelivery";1000;"2020-09-23"
3471;"energy";"electricity";2300;2383;"2020-07-09";"2020-08-01";"";"";"";"Munich";"indelivery";1000;"2020-07-16"
3472;"energy";"electricity";2600;2807;"2018-11-20";"2019-05-01";"2019-05-01";"2019-12-30";"Wiederruf";"Magdeburg";"terminated";1002;"2019-12-30"
3473;"energy";"electricity";2500;2694;"2018-05-04";"2018-12-01";"";"";"";"Ulm";"indelivery";1002;"2018-06-03"
3474;"energy";"electricity";2700;2705;"2018-07-28";"2018-10-01";"";"";"";"Mannheim";"indelivery";1000;"2020-07-27"
3475;"energy";"electricity";2600;2482;"2019-02-13";"2019-04-01";"";"";"";"Hamburg";"indelivery";1000;"2019-12-24"
3476;"energy";"gas";11800;11320;"2020-02-29";"2020-04-01";"";"";"";"Frankfurt";"indelivery";2001;"2020-04-04"
3477;"energy";"electricity";2300;2236;"2020-08-29";"2020-11-01";"";"";"";"Berlin";"active";1002;"2020-09-22"
3478;"energy";"electricity";3100;"";"2018-11-06";"2019-07-01";"2019-07-01";"2020-02-25";"Wiederruf";"Lichtenfels";"terminated";1001;"2019-02-22"
3479;"energy";"electricity";2600;2536;"2019-03-25";"2019-08-01";"";"";"";"Berlin";"indelivery";1000;"2019-07-27"
3480;"energy";"electricity";2700;2878;"2019-12-09";"2020-04-01";"";"";"";"Hamburg";"indelivery";1001;"2020-03-16"
3481;"energy";"electricity";2200;2192;"2019-06-16";"2019-08-01";"";"";"";"Berlin";"indelivery";1000;"2019-06-27"
3482;"energy";"electricity";3000;3161;"2018-07-05";"2018-08-01";"";"";"";"Dresden";"indelivery";1002;"2020-08-16"
3483;"energy";"electricity";2400;2466;"2019-01-14";"2019-06-01";"";"";"";"Berlin";"indelivery";1001;"2020-03-09"
3484;"energy";"electricity";2000;2071;"2020-06-02";"2020-08-01";"";"";"";"Munich";"indelivery";1002;"2020-08-20"
3485;"energy";"electricity";2000;2141;"2020-07-29";"2020-10-01";"";"";"";"Kiel";"indelivery";1002;"2020-09-19"
3486;"energy";"electricity";2100;"";"2020-01-19";"2020-04-01";"";"";"";"Munich";"indelivery";1000;"2020-07-27"
3487;"energy";"electricity";2500;"";"2018-04-24";"2018-06-01";"";"";"";"Marienberg";"indelivery";1002;"2020-03-31"
3488;"energy";"gas";9200;9292;"2018-07-17";"2018-09-01";"";"";"";"Berlin";"indelivery";2000;"2019-01-30"
3489;"energy";"electricity";2500;"";"2020-09-06";"2020-11-01";"";"";"";"Rostock";"active";1001;"2020-09-23"
3490;"energy";"electricity";2700;2679;"2019-10-16";"2020-02-01";"";"";"";"Bad Homburg";"indelivery";1001;"2019-12-26"
3491;"energy";"gas";11500;11242;"2019-09-19";"2019-11-01";"";"";"";"Freiburg";"indelivery";2001;"2020-03-16"
3492;"energy";"electricity";2700;2880;"2020-08-24";"2020-10-01";"";"";"";"Essen";"indelivery";1001;"2020-08-30"
3493;"energy";"electricity";2200;2250;"2018-03-01";"2018-04-01";"2018-04-01";"2018-11-30";"Wiederruf";"Hamburg";"terminated";1001;"2018-11-30"
3494;"energy";"electricity";2900;2847;"2018-05-16";"2018-08-01";"";"";"";"Schwerin";"indelivery";1002;"2018-05-28"
3495;"energy";"electricity";2100;"";"2018-02-15";"2018-08-01";"2018-10-31";"2018-10-02";"fristgerecht durch LichtBlick";"Mainz";"terminated";1001;"2018-10-02"
3496;"energy";"gas";8100;7897;"2018-07-05";"2019-06-01";"2019-07-31";"2019-07-02";"Umzug";"Mannheim";"terminated";2000;"2019-07-02"
3497;"energy";"electricity";2400;2516;"2018-08-01";"2019-09-01";"";"";"";"Lübeck";"indelivery";1002;"2019-11-19"
3498;"energy";"gas";11300;11272;"2019-09-26";"2019-12-01";"2020-08-31";"2020-08-01";"Umzug";"Düsseldorf";"terminated";2000;"2020-08-01"
3499;"energy";"electricity";2400;2495;"2020-06-08";"2020-08-01";"";"";"";"Munich";"indelivery";1000;"2020-09-04"
3500;"energy";"electricity";2100;2080;"2018-06-06";"2018-07-01";"2020-08-31";"2020-08-03";"fristgerecht durch Kunde";"Berlin";"terminated";1000;"2018-12-20"
3501;"energy";"electricity";2600;2589;"2019-04-07";"2019-07-01";"";"";"";"Düsseldorf";"indelivery";1000;"2019-08-29"
3502;"energy";"electricity";2000;2162;"2018-08-21";"2019-02-01";"";"";"";"Freiburg";"indelivery";1001;"2019-03-22"
3503;"energy";"electricity";2400;"";"2018-02-20";"2018-04-01";"";"";"";"Münster";"indelivery";1001;"2019-02-14"
3504;"energy";"electricity";2100;2145;"2018-06-12";"2018-10-01";"";"";"";"Bremen";"indelivery";1001;"2019-09-15"
3505;"energy";"electricity";2500;2644;"2019-12-14";"2020-02-01";"";"";"";"Bremerhaven";"indelivery";1002;"2020-06-02"
3506;"energy";"electricity";2600;2470;"2019-02-03";"2019-04-01";"2019-04-01";"2020-04-26";"Wiederruf";"Hamburg";"terminated";1002;"2020-02-13"
3507;"energy";"electricity";2400;2424;"2018-05-01";"2019-03-01";"";"";"";"Steinfurt";"indelivery";1002;"2019-10-17"
3508;"energy";"electricity";2300;2440;"2018-05-26";"2018-10-01";"";"";"";"Berlin";"indelivery";1001;"2020-02-22"
3509;"energy";"electricity";2100;2181;"2019-12-28";"2020-12-01";"";"";"";"Düsseldorf";"active";1001;"2020-01-01"
3510;"energy";"electricity";2300;2267;"2019-06-23";"2019-08-01";"";"";"";"Mainz";"indelivery";1001;"2019-09-29"
3511;"energy";"electricity";2500;2453;"2020-05-06";"2020-08-01";"";"";"";"Marienberg";"indelivery";1002;"2020-07-19"
3512;"energy";"electricity";2100;2046;"2020-07-20";"2021-01-01";"";"";"";"Stuttgart";"active";1000;"2020-09-23"
3513;"energy";"electricity";2500;2373;"2020-06-27";"2020-09-01";"";"";"";"Ingolstadt";"indelivery";1002;"2020-07-17"
3514;"energy";"electricity";2100;2096;"2018-10-28";"2018-11-01";"";"";"";"Berlin";"indelivery";1000;"2019-10-08"
3515;"energy";"electricity";2400;2348;"2019-07-14";"2019-12-01";"";"";"";"Marienberg";"indelivery";1001;"2019-11-28"
3516;"energy";"electricity";2300;2246;"2019-08-29";"2019-09-01";"";"";"";"Stuttgart";"indelivery";1002;"2020-01-20"
3517;"energy";"electricity";2400;2435;"2019-11-14";"2020-11-01";"";"";"";"Dortmund";"active";1001;"2020-02-13"
3518;"energy";"electricity";3000;"";"2019-09-15";"2019-12-01";"2019-12-01";"2020-10-02";"Wiederruf";"Regensburg";"terminated";1001;"2020-01-12"
3519;"energy";"electricity";2100;2228;"2019-02-27";"2019-04-01";"";"";"";"Essen";"indelivery";1001;"2020-03-24"
3520;"energy";"electricity";2100;2045;"2020-07-28";"2021-05-01";"";"";"";"Stuttgart";"active";1000;"2020-09-06"
3521;"energy";"electricity";2900;2812;"2018-09-18";"2019-08-01";"";"";"";"Duisburg";"indelivery";1000;"2018-10-11"
3522;"energy";"electricity";2700;2609;"2020-05-14";"2020-08-01";"2020-12-31";"2020-11-30";"Umzug";"Berlin";"cancelled";1002;"2020-09-11"
3523;"energy";"electricity";2800;2715;"2019-08-03";"2019-11-01";"";"";"";"Memmingen";"indelivery";1001;"2020-01-29"
3524;"energy";"gas";8400;7999;"2020-09-06";"2021-03-01";"";"";"";"Dresden";"active";2000;"2020-09-24"
3525;"energy";"gas";10500;11266;"2019-03-01";"2019-06-01";"";"";"";"Mosbach";"indelivery";2000;"2020-04-26"
3526;"energy";"electricity";2200;2239;"2019-03-05";"2019-09-01";"";"";"";"Marktoberdorf";"indelivery";1001;"2020-03-25"
3527;"energy";"electricity";2700;2852;"2020-04-13";"2020-06-01";"2020-07-31";"2020-07-03";"fristgerecht durch Kunde";"Hamburg";"terminated";1000;"2020-07-03"
3528;"energy";"electricity";2200;2256;"2019-05-06";"2019-10-01";"";"";"";"Düsseldorf";"indelivery";1002;"2020-07-04"
3529;"energy";"electricity";2400;2365;"2018-08-25";"2019-01-01";"";"";"";"Munich";"indelivery";1000;"2019-02-20"
3530;"energy";"electricity";2500;2480;"2020-03-06";"2020-05-01";"";"";"";"Schwerin";"indelivery";1001;"2020-08-07"
3531;"energy";"electricity";2100;2240;"2018-10-01";"2018-12-01";"";"";"";"Cologne";"indelivery";1002;"2020-07-06"
3532;"energy";"electricity";2000;2013;"2020-04-14";"2020-05-01";"";"";"";"Essen";"indelivery";1001;"2020-07-18"
3533;"energy";"electricity";2200;2292;"2020-05-12";"2020-10-01";"";"";"";"Marienberg";"indelivery";1000;"2020-09-24"
3534;"energy";"gas";11300;"";"2019-06-22";"2020-01-01";"";"";"";"Erfurt";"indelivery";2000;"2019-07-04"
3535;"energy";"electricity";2500;2594;"2019-02-01";"2019-05-01";"";"";"";"Düsseldorf";"indelivery";1001;"2019-10-13"
3536;"energy";"electricity";2300;2247;"2020-01-12";"2020-03-01";"";"";"";"Berlin";"indelivery";1000;"2020-09-06"
3537;"energy";"electricity";2600;2656;"2018-01-19";"2018-02-01";"";"";"";"Bielefeld";"indelivery";1001;"2019-01-31"
3538;"energy";"electricity";2200;2241;"2018-02-05";"2018-06-01";"";"";"";"Regen";"indelivery";1002;"2018-12-15"
3539;"energy";"electricity";2000;1912;"2019-09-09";"2019-10-01";"";"";"";"Oldenburg";"indelivery";1001;"2020-07-28"
3540;"energy";"gas";9900;10468;"2020-08-10";"2021-04-01";"";"";"";"Berlin";"active";2000;"2020-09-16"
3541;"energy";"electricity";2600;2475;"2018-04-22";"2018-09-01";"2019-06-30";"2019-06-02";"fristgerecht durch Kunde";"Magdeburg";"terminated";1000;"2019-06-02"
3542;"energy";"electricity";2300;2441;"2018-12-29";"2019-02-01";"";"";"";"Stuttgart";"indelivery";1001;"2020-07-17"
3543;"energy";"electricity";2300;2240;"2019-03-12";"2019-07-01";"";"";"";"Heidelberg";"indelivery";1000;"2019-07-04"
3544;"energy";"electricity";2800;2763;"2018-08-05";"2018-10-01";"";"";"";"Berlin";"indelivery";1001;"2018-11-27"
3545;"energy";"electricity";2400;2491;"2018-06-24";"2019-10-01";"";"";"";"Cologne";"indelivery";1001;"2020-05-27"
3546;"energy";"electricity";2500;2465;"2018-10-02";"2018-12-01";"";"";"";"Berlin";"indelivery";1001;"2020-06-02"
3547;"energy";"electricity";2400;2335;"2019-10-11";"2019-11-01";"";"";"";"Hannover";"indelivery";1000;"2020-06-20"
3548;"energy";"gas";12000;"";"2020-02-02";"2020-03-01";"";"";"";"Apolda";"indelivery";2001;"2020-08-27"
3549;"energy";"electricity";2600;2556;"2018-10-18";"2019-01-01";"";"";"";"Freiburg";"indelivery";1000;"2019-05-02"
3550;"energy";"electricity";2500;2375;"2018-11-16";"2019-03-01";"";"";"";"Munich";"indelivery";1002;"2020-03-17"
3551;"energy";"electricity";2900;3134;"2019-11-06";"2020-03-01";"";"";"";"Augsburg";"indelivery";1001;"2020-03-24"
3552;"energy";"gas";9300;9730;"2019-06-03";"2019-07-01";"";"";"";"Munich";"indelivery";2000;"2019-09-23"
3553;"energy";"electricity";2900;2857;"2018-09-25";"2018-12-01";"";"";"";"Berlin";"indelivery";1001;"2020-08-20"
3554;"energy";"electricity";2200;2305;"2020-08-23";"2020-09-01";"";"";"";"Wiesbaden";"indelivery";1000;"2020-09-17"
3555;"energy";"electricity";2200;2262;"2019-03-16";"2019-05-01";"";"";"";"Lübeck";"indelivery";1000;"2019-11-21"
3556;"energy";"electricity";2700;2589;"2018-11-21";"2019-07-01";"";"";"";"Stuttgart";"indelivery";1001;"2020-04-13"
3557;"energy";"electricity";2600;2489;"2019-12-23";"2020-05-01";"";"";"";"Sigmaringen";"indelivery";1002;"2020-02-15"
3558;"energy";"electricity";2700;2890;"2019-06-04";"2019-09-01";"2020-03-31";"2020-03-01";"Umzug";"Hamburg";"terminated";1002;"2019-09-26"
3559;"energy";"electricity";2100;2114;"2018-01-25";"2018-06-01";"";"";"";"Regensburg";"indelivery";1002;"2019-07-21"
3560;"energy";"gas";8700;9129;"2019-03-23";"2019-12-01";"";"";"";"Hamburg";"indelivery";2001;"2019-12-17"
3561;"energy";"electricity";2300;"";"2020-09-21";"2020-11-01";"";"";"";"Berlin";"active";1001;"2020-09-24"
3562;"energy";"electricity";2700;2627;"2020-03-04";"2020-06-01";"";"";"";"Borken";"indelivery";1001;"2020-09-30"
3563;"energy";"electricity";2000;1961;"2019-03-07";"2019-07-01";"";"";"";"Bonn";"indelivery";1001;"2019-11-28"
3564;"energy";"electricity";2400;2624;"2020-01-24";"2020-07-01";"";"";"";"Munich";"indelivery";1001;"2020-08-27"
3565;"energy";"electricity";2100;2141;"2018-01-24";"2018-04-01";"";"";"";"Hamburg";"indelivery";1000;"2019-08-31"
3566;"energy";"electricity";2800;2668;"2019-05-04";"2019-07-01";"2019-07-01";"2020-01-30";"Wiederruf";"Düsseldorf";"terminated";1002;"2020-01-30"
3567;"energy";"electricity";3000;2977;"2019-11-09";"2020-05-01";"";"";"";"Berlin";"indelivery";1001;"2020-08-24"
3568;"energy";"electricity";2900;3012;"2020-08-26";"2021-01-01";"";"";"";"Munich";"active";1002;"2020-09-18"
3569;"energy";"electricity";2900;2939;"2019-05-24";"2019-08-01";"";"";"";"Cologne";"indelivery";1002;"2019-06-29"
3570;"energy";"electricity";2600;2650;"2020-01-06";"2020-03-01";"";"";"";"Duisburg";"indelivery";1002;"2020-06-10"
3571;"energy";"electricity";2800;2994;"2018-07-20";"2018-09-01";"2018-09-01";"2019-11-02";"Wiederruf";"Essen";"terminated";1000;"2018-09-02"
3572;"energy";"electricity";2200;2208;"2020-06-21";"2020-08-01";"";"";"";"Frankfurt";"indelivery";1000;"2020-09-05"
3573;"energy";"electricity";2600;2808;"2018-07-07";"2019-12-01";"2019-12-01";"2020-10-31";"Wiederruf";"Leipzig";"terminated";1002;"2019-08-16"
3574;"energy";"electricity";2200;2306;"2019-01-21";"2019-02-01";"2020-09-30";"2020-09-02";"Umzug";"Wuppertal";"terminated";1000;"2019-09-29"
3575;"energy";"gas";7800;"";"2018-11-02";"2018-12-01";"2018-12-01";"2020-10-03";"Wiederruf";"Berlin";"terminated";2001;"2019-01-17"
3576;"energy";"electricity";2100;2120;"2019-12-05";"2020-05-01";"";"";"";"Berlin";"indelivery";1000;"2019-12-30"
3577;"energy";"electricity";2400;2337;"2020-02-01";"2020-05-01";"";"";"";"Marienberg";"indelivery";1001;"2020-09-23"
3578;"energy";"electricity";2800;2862;"2018-02-22";"2018-07-01";"";"";"";"Kassel";"indelivery";1001;"2018-10-28"
3579;"energy";"electricity";2400;2572;"2020-02-09";"2020-10-01";"";"";"";"Marienberg";"indelivery";1000;"2020-07-26"
3580;"energy";"gas";11100;10731;"2019-11-11";"2019-12-01";"";"";"";"Cologne";"indelivery";2000;"2020-02-25"
3581;"energy";"electricity";2100;2187;"2019-09-01";"2019-12-01";"";"";"";"Munich";"indelivery";1001;"2019-12-26"
3582;"energy";"gas";8700;8392;"2020-02-12";"2020-07-01";"";"";"";"Hamburg";"indelivery";2000;"2020-05-25"
3583;"energy";"electricity";2200;2247;"2018-04-11";"2018-09-01";"";"";"";"Heidelberg";"indelivery";1002;"2019-10-30"
3584;"energy";"electricity";2700;2638;"2018-08-27";"2019-01-01";"";"";"";"Regensburg";"indelivery";1000;"2020-09-05"
3585;"energy";"electricity";2200;2189;"2020-01-28";"2020-03-01";"2020-07-31";"2020-07-03";"fristgerecht durch Kunde";"Mainz";"terminated";1000;"2020-07-03"
3586;"energy";"electricity";2700;2596;"2020-06-23";"2020-09-01";"";"";"";"Marienberg";"indelivery";1001;"2020-07-12"
3587;"energy";"electricity";2500;"";"2018-07-17";"2018-12-01";"2018-12-01";"2019-12-24";"Wiederruf";"Hannover";"terminated";1002;"2019-12-24"
3588;"energy";"electricity";2800;3005;"2018-05-16";"2018-08-01";"2019-03-31";"2019-02-27";"fristgerecht durch Kunde";"Wiesbaden";"terminated";1001;"2019-02-27"
3589;"energy";"electricity";2500;2396;"2018-10-08";"2019-01-01";"2020-01-31";"2020-01-03";"fristgerecht durch Kunde";"Essen";"terminated";1000;"2019-09-27"
3590;"energy";"electricity";2800;2659;"2020-09-12";"2020-12-01";"";"";"";"Berlin";"active";1001;"2020-09-29"
3591;"energy";"gas";8200;8282;"2018-10-11";"2019-06-01";"";"";"";"Wiesbaden";"indelivery";2001;"2020-07-25"
3592;"energy";"electricity";2200;2360;"2018-04-14";"2018-07-01";"2019-07-31";"2019-07-01";"Umzug";"Münster";"terminated";1002;"2019-01-25"
3593;"energy";"electricity";2200;"";"2018-05-06";"2018-07-01";"";"";"";"Dortmund";"indelivery";1001;"2019-01-30"
3594;"energy";"electricity";2600;2505;"2019-06-29";"2019-09-01";"";"";"";"Bonn";"indelivery";1002;"2020-05-14"
3595;"energy";"electricity";2700;2690;"2020-07-28";"2020-10-01";"";"";"";"Düsseldorf";"indelivery";1000;"2020-09-07"
3596;"energy";"electricity";2800;2883;"2019-02-17";"2019-06-01";"";"";"";"Kiel";"indelivery";1001;"2019-03-13"
3597;"energy";"gas";10300;10373;"2019-06-27";"2019-12-01";"";"";"";"Oldenburg";"indelivery";2001;"2020-06-15"
3598;"energy";"electricity";2100;"";"2018-11-21";"2019-01-01";"";"";"";"Wuppertal";"indelivery";1001;"2020-05-09"
3599;"energy";"electricity";2100;2152;"2018-06-04";"2018-08-01";"";"";"";"Bonn";"indelivery";1001;"2018-11-25"
3600;"energy";"gas";8800;8972;"2020-03-23";"2020-07-01";"";"";"";"Hannover";"indelivery";2000;"2020-05-22"
3601;"energy";"electricity";2100;2043;"2018-10-08";"2019-02-01";"";"";"";"Munich";"indelivery";1000;"2020-09-25"
3602;"energy";"gas";10800;10308;"2019-03-16";"2019-10-01";"";"";"";"Munich";"indelivery";2001;"2020-04-14"
3603;"energy";"electricity";2000;1998;"2020-05-12";"2020-09-01";"";"";"";"Braunschweig";"indelivery";1000;"2020-09-14"
3604;"energy";"gas";10800;11484;"2018-03-24";"2018-07-01";"";"";"";"Wuppertal";"indelivery";2000;"2020-09-19"
3605;"energy";"electricity";2900;2989;"2019-12-02";"2020-03-01";"";"";"";"Berlin";"indelivery";1002;"2020-08-26"
3606;"energy";"electricity";2700;2692;"2018-03-23";"2018-12-01";"";"";"";"Dresden";"indelivery";1002;"2018-07-08"
3607;"energy";"electricity";2900;2908;"2020-01-01";"2020-01-01";"";"";"";"Freiburg";"indelivery";1000;"2020-09-08"
3608;"energy";"electricity";2000;2196;"2018-04-26";"2019-02-01";"";"";"";"Altchemnitz";"indelivery";1002;"2018-09-04"
3609;"energy";"gas";11900;11717;"2019-07-26";"2019-09-01";"";"";"";"Bielefeld";"indelivery";2000;"2020-04-08"
3610;"energy";"electricity";2200;2161;"2018-02-06";"2018-05-01";"";"";"";"Munich";"indelivery";1002;"2019-10-28"
3611;"energy";"gas";8000;8449;"2019-04-04";"2019-12-01";"";"";"";"Flensburg";"indelivery";2000;"2020-02-15"
3612;"energy";"electricity";2600;2718;"2018-08-18";"2019-01-01";"";"";"";"Hannover";"indelivery";1000;"2019-10-03"
3613;"energy";"electricity";2800;2751;"2018-05-24";"2018-09-01";"2018-09-01";"2019-12-31";"Wiederruf";"Mannheim";"terminated";1000;"2019-02-25"
3614;"energy";"electricity";2900;"";"2018-03-30";"2018-05-01";"2020-02-29";"2020-01-27";"fristgerecht durch Kunde";"Berlin";"terminated";1001;"2020-01-27"
3615;"energy";"electricity";2000;1913;"2019-04-26";"2019-09-01";"";"";"";"Hamburg";"indelivery";1001;"2020-06-18"
3616;"energy";"electricity";2700;2663;"2018-11-24";"2020-05-01";"";"";"";"Marienberg";"indelivery";1002;"2020-01-02"
3617;"energy";"electricity";2700;2749;"2019-12-25";"2020-01-01";"";"";"";"Würzburg";"indelivery";1002;"2020-03-12"
3618;"energy";"electricity";2000;1960;"2020-03-22";"2020-10-01";"";"";"";"Marienberg";"indelivery";1001;"2020-06-11"
3619;"energy";"electricity";2300;2452;"2018-04-11";"2018-11-01";"2019-07-31";"2019-07-03";"fristgerecht durch LichtBlick";"Freiburg";"terminated";1001;"2019-03-22"
3620;"energy";"electricity";2700;2900;"2018-07-09";"2018-10-01";"";"";"";"Munich";"indelivery";1000;"2020-09-20"
3621;"energy";"electricity";2500;2524;"2019-07-13";"2020-05-01";"";"";"";"Marienberg";"indelivery";1000;"2020-04-22"
3622;"energy";"gas";11200;10857;"2020-07-13";"2020-12-01";"";"";"";"Erfurt";"active";2001;"2020-08-21"
3623;"energy";"electricity";2600;"";"2019-02-19";"2019-03-01";"";"";"";"Braunschweig";"indelivery";1002;"2019-05-08"
3624;"energy";"electricity";2800;3020;"2018-07-22";"2018-10-01";"";"";"";"Schwerin";"indelivery";1002;"2020-08-19"
3625;"energy";"electricity";2300;2323;"2019-08-15";"2019-12-01";"";"";"";"Bonn";"indelivery";1000;"2020-07-29"
3626;"energy";"electricity";2300;2415;"2020-05-24";"2021-04-01";"";"";"";"Leipzig";"active";1001;"2020-07-19"
3627;"energy";"electricity";2200;2269;"2019-02-23";"2019-09-01";"";"";"";"Kiel";"indelivery";1000;"2020-03-24"
3628;"energy";"electricity";2100;2194;"2020-06-22";"2020-08-01";"";"";"";"Düsseldorf";"indelivery";1000;"2020-08-30"
3629;"energy";"electricity";2200;2229;"2020-05-27";"2020-11-01";"";"";"";"Munich";"active";1001;"2020-08-21"
3630;"energy";"gas";8900;8541;"2019-05-05";"2020-03-01";"";"";"";"Hamburg";"indelivery";2000;"2020-01-14"
3631;"energy";"electricity";2300;"";"2018-05-19";"2019-01-01";"";"";"";"Frankfurt";"indelivery";1000;"2020-05-09"
3632;"energy";"electricity";2900;2742;"2020-09-24";"2020-12-01";"";"";"";"Berlin";"active";1000;"2020-09-27"
3633;"energy";"electricity";2200;2280;"2018-06-06";"2018-10-01";"2020-03-31";"2020-02-29";"fristgerecht durch Kunde";"Cologne";"terminated";1001;"2019-11-12"
3634;"energy";"electricity";2700;2637;"2020-05-24";"2020-08-01";"";"";"";"Hamburg";"indelivery";1002;"2020-07-29"
3635;"energy";"electricity";2700;2555;"2019-11-12";"2020-04-01";"";"";"";"Braunschweig";"indelivery";1001;"2020-04-20"
3636;"energy";"electricity";2600;2501;"2019-01-17";"2019-03-01";"";"";"";"Fürth";"indelivery";1002;"2019-12-10"
3637;"energy";"electricity";2100;2268;"2019-11-12";"2020-08-01";"";"";"";"Dresden";"indelivery";1001;"2019-12-09"
3638;"energy";"electricity";2100;2181;"2018-01-29";"2018-03-01";"2018-09-30";"2018-08-31";"Umzug";"Lübeck";"terminated";1002;"2018-08-31"
3639;"energy";"electricity";2700;2683;"2018-05-27";"2018-07-01";"";"";"";"Munich";"indelivery";1002;"2018-07-01"
3640;"energy";"electricity";2100;"";"2020-06-16";"2020-07-01";"";"";"";"Berlin";"indelivery";1002;"2020-08-13"
3641;"energy";"electricity";2100;2171;"2019-07-30";"2019-11-01";"";"";"";"Berlin";"indelivery";1002;"2020-03-07"
3642;"energy";"electricity";2600;2490;"2020-05-16";"2020-12-01";"";"";"";"Hamburg";"active";1000;"2020-08-09"
3643;"energy";"electricity";2500;2469;"2020-07-10";"2020-10-01";"";"";"";"Altchemnitz";"indelivery";1002;"2020-09-02"
3644;"energy";"electricity";2300;2212;"2019-08-07";"2019-12-01";"";"";"";"Berlin";"indelivery";1001;"2019-10-18"
3645;"energy";"gas";8000;8368;"2018-06-05";"2018-12-01";"";"";"";"Munich";"indelivery";2000;"2018-11-01"
3646;"energy";"electricity";2800;2753;"2018-04-23";"2018-06-01";"";"";"";"Frankfurt";"indelivery";1001;"2019-08-29"
3647;"energy";"electricity";3000;3221;"2020-03-08";"2020-06-01";"";"";"";"Wuppertal";"indelivery";1000;"2020-07-05"
3648;"energy";"gas";8000;8368;"2019-09-11";"2020-04-01";"";"";"";"Hamburg";"indelivery";2001;"2020-09-05"
3649;"energy";"electricity";2900;2783;"2018-07-03";"2018-08-01";"";"";"";"Emden";"indelivery";1000;"2020-03-21"
3650;"energy";"electricity";2400;2285;"2018-09-22";"2019-01-01";"";"";"";"Hamburg";"indelivery";1000;"2019-06-19"
3651;"energy";"electricity";2100;2163;"2018-05-01";"2018-10-01";"";"";"";"Mannheim";"indelivery";1000;"2019-03-17"
3652;"energy";"electricity";2200;2345;"2019-01-16";"2019-09-01";"";"";"";"Karlsruhe";"indelivery";1002;"2019-07-07"
3653;"energy";"electricity";2600;"";"2019-04-15";"2019-07-01";"";"";"";"Stuttgart";"indelivery";1001;"2019-10-23"
3654;"energy";"electricity";2800;2736;"2018-02-19";"2018-11-01";"";"";"";"Wuppertal";"indelivery";1001;"2019-04-30"
3655;"energy";"electricity";2700;2829;"2018-11-24";"2019-01-01";"";"";"";"Wiesbaden";"indelivery";1001;"2019-10-09"
3656;"energy";"electricity";3000;"";"2019-07-17";"2019-10-01";"";"";"";"Berlin";"indelivery";1000;"2020-04-05"
3657;"energy";"electricity";2500;2506;"2020-06-30";"2020-11-01";"";"";"";"Dresden";"active";1001;"2020-08-08"
3658;"energy";"electricity";2700;2764;"2019-11-02";"2020-06-01";"";"";"";"Wuppertal";"indelivery";1000;"2020-07-23"
3659;"energy";"electricity";2000;"";"2018-01-13";"2018-05-01";"";"";"";"Altchemnitz";"indelivery";1000;"2019-01-12"
3660;"energy";"electricity";2200;"";"2020-07-20";"2020-08-01";"";"";"";"Stade";"indelivery";1000;"2020-08-29"
3661;"energy";"electricity";2700;2763;"2020-07-01";"2020-11-01";"";"";"";"Heidelberg";"active";1001;"2020-09-05"
3662;"energy";"electricity";2900;3014;"2019-08-04";"2020-01-01";"2020-09-30";"2020-09-02";"fristgerecht durch Kunde";"Berlin";"terminated";1001;"2020-07-08"
3663;"energy";"electricity";2900;"";"2018-01-27";"2018-07-01";"";"";"";"Mainz";"indelivery";1002;"2019-01-24"
3664;"energy";"electricity";2200;"";"2020-03-06";"2020-04-01";"";"";"";"Cologne";"indelivery";1002;"2020-05-18"
3665;"energy";"electricity";2100;2110;"2018-03-06";"2018-04-01";"2018-10-31";"2018-10-02";"fristgerecht durch LichtBlick";"Lüchow";"terminated";1001;"2018-10-02"
3666;"energy";"electricity";2200;2216;"2018-11-12";"2019-05-01";"";"";"";"Cologne";"indelivery";1001;"2019-01-18"
3667;"energy";"electricity";2000;2086;"2020-06-20";"2020-07-01";"";"";"";"Berlin";"indelivery";1001;"2020-08-03"
3668;"energy";"electricity";2600;2601;"2018-06-19";"2018-08-01";"2020-05-31";"2020-04-28";"fristgerecht durch Kunde";"Berlin";"terminated";1000;"2018-11-12"
3669;"energy";"electricity";2500;2484;"2019-02-12";"2019-11-01";"";"";"";"Hamburg";"indelivery";1000;"2019-07-06"
3670;"energy";"electricity";2700;2584;"2020-08-18";"2020-10-01";"";"";"";"Dortmund";"indelivery";1000;"2020-09-07"
3671;"energy";"electricity";2800;2947;"2019-02-01";"2019-03-01";"";"";"";"Munich";"indelivery";1002;"2020-05-18"
3672;"energy";"electricity";2500;2439;"2019-05-09";"2019-12-01";"";"";"";"Frankfurt";"indelivery";1002;"2019-11-13"
3673;"energy";"gas";9100;9480;"2018-01-04";"2018-05-01";"2018-12-31";"2018-11-22";"Umzug";"Düsseldorf";"terminated";2000;"2018-11-22"
3674;"energy";"electricity";2700;2566;"2019-11-22";"2020-04-01";"";"";"";"Hofeck";"indelivery";1000;"2020-02-27"
3675;"energy";"electricity";2700;2685;"2019-11-20";"2020-04-01";"";"";"";"Dresden";"indelivery";1000;"2020-07-18"
3676;"energy";"electricity";2900;3111;"2018-12-11";"2019-06-01";"";"";"";"Flensburg";"indelivery";1002;"2019-07-01"
3677;"energy";"electricity";2600;2540;"2020-03-01";"2020-03-01";"";"";"";"Cologne";"indelivery";1001;"2020-07-29"
3678;"energy";"electricity";2400;2552;"2018-08-10";"2018-10-01";"";"";"";"Duisburg";"indelivery";1001;"2019-10-14"
3679;"energy";"gas";11000;10863;"2019-07-19";"2019-09-01";"2020-01-31";"2019-12-31";"fristgerecht durch LichtBlick";"Hofeck";"terminated";2000;"2019-12-07"
3680;"energy";"electricity";2300;2169;"2020-06-04";"2020-09-01";"";"";"";"Duisburg";"indelivery";1002;"2020-09-12"
3681;"energy";"electricity";2900;3131;"2020-03-21";"2020-07-01";"";"";"";"Bonn";"indelivery";1001;"2020-05-23"
3682;"energy";"electricity";2200;"";"2019-08-05";"2020-02-01";"2020-05-31";"2020-05-03";"Umzug";"Mannheim";"terminated";1000;"2020-04-12"
3683;"energy";"electricity";3000;2949;"2019-10-12";"2019-12-01";"";"";"";"Mainz";"indelivery";1000;"2020-09-10"
3684;"energy";"electricity";2400;"";"2018-05-16";"2018-09-01";"";"";"";"Hamburg";"indelivery";1000;"2019-01-01"
3685;"energy";"electricity";2700;2720;"2020-07-16";"2020-09-01";"";"";"";"Verden";"indelivery";1000;"2020-08-31"
3686;"energy";"electricity";2100;2227;"2018-08-01";"2019-05-01";"";"";"";"Mainz";"indelivery";1001;"2019-07-06"
3687;"energy";"electricity";2300;2369;"2020-07-12";"2020-11-01";"";"";"";"Berlin";"active";1001;"2020-09-19"
3688;"energy";"gas";9300;9250;"2020-07-08";"2021-04-01";"";"";"";"Stuttgart";"active";2000;"2020-07-27"
3689;"energy";"electricity";2400;2550;"2020-04-27";"2020-06-01";"";"";"";"Würzburg";"indelivery";1001;"2020-08-23"
3690;"energy";"electricity";2000;"";"2018-02-23";"2018-03-01";"2018-03-01";"2020-05-23";"Wiederruf";"Munich";"terminated";1000;"2018-12-19"
3691;"energy";"electricity";2200;"";"2019-05-28";"2019-11-01";"";"";"";"Halberstadt";"indelivery";1002;"2019-11-05"
3692;"energy";"electricity";2200;2172;"2019-08-20";"2019-11-01";"2019-11-01";"2020-10-02";"Wiederruf";"Coburg";"terminated";1002;"2020-07-14"
3693;"energy";"electricity";2100;"";"2018-10-08";"2019-01-01";"";"";"";"Osnabrück";"indelivery";1002;"2019-10-23"
3694;"energy";"electricity";2200;2227;"2020-04-04";"2020-08-01";"";"";"";"Munich";"indelivery";1000;"2020-09-17"
3695;"energy";"electricity";2000;1955;"2018-04-29";"2018-12-01";"";"";"";"Bremen";"indelivery";1001;"2019-10-10"
3696;"energy";"electricity";2300;2182;"2019-04-29";"2019-07-01";"";"";"";"Frankfurt";"indelivery";1001;"2019-05-22"
3697;"energy";"electricity";2400;2310;"2019-05-01";"2019-05-01";"2019-05-01";"2019-05-29";"Wiederruf";"Hamburg";"terminated";1002;"2019-05-29"
3698;"energy";"electricity";2700;2778;"2019-09-13";"2019-10-01";"";"";"";"Berlin";"indelivery";1000;"2020-06-10"
3699;"energy";"electricity";3000;3002;"2018-09-22";"2019-01-01";"";"";"";"Höxter";"indelivery";1002;"2019-07-25"
3700;"energy";"electricity";2200;2256;"2019-03-15";"2019-06-01";"";"";"";"Frankfurt";"indelivery";1000;"2020-09-14"
3701;"energy";"electricity";2600;2689;"2018-09-01";"2018-11-01";"";"";"";"Augsburg";"indelivery";1002;"2019-05-13"
3702;"energy";"gas";9000;9506;"2019-12-31";"2020-05-01";"";"";"";"Salzgitter";"indelivery";2001;"2020-01-02"
3703;"energy";"electricity";2500;2506;"2019-02-05";"2019-06-01";"2019-08-31";"2019-08-01";"Umzug";"Wuppertal";"terminated";1002;"2019-08-01"
3704;"energy";"electricity";2100;2190;"2019-08-06";"2020-02-01";"";"";"";"Munich";"indelivery";1002;"2020-03-12"
3705;"energy";"electricity";2800;2838;"2019-06-17";"2019-07-01";"";"";"";"Bremerhaven";"indelivery";1001;"2020-09-23"
3706;"energy";"electricity";2400;"";"2020-01-05";"2020-11-01";"";"";"";"Munich";"active";1001;"2020-06-30"
3707;"energy";"electricity";2500;2667;"2018-02-09";"2018-04-01";"2019-05-31";"2019-05-01";"Umzug";"Augsburg";"terminated";1002;"2018-02-22"
3708;"energy";"electricity";2400;2435;"2018-09-24";"2019-07-01";"";"";"";"Duisburg";"indelivery";1001;"2019-01-24"
3709;"energy";"electricity";2200;2317;"2020-09-20";"2020-10-01";"";"";"";"Hamburg";"indelivery";1000;"2020-09-24"
3710;"energy";"gas";10300;10924;"2020-07-09";"2020-10-01";"";"";"";"Bremen";"indelivery";2001;"2020-07-14"
3711;"energy";"electricity";2800;2763;"2018-10-18";"2019-03-01";"";"";"";"Stadthagen";"indelivery";1001;"2019-01-29"
3712;"energy";"electricity";2900;2788;"2019-05-21";"2019-06-01";"";"";"";"Munich";"indelivery";1002;"2020-01-24"
3713;"energy";"electricity";2600;2636;"2018-12-10";"2019-01-01";"2019-01-01";"2020-08-03";"Wiederruf";"Berlin";"terminated";1000;"2019-07-29"
3714;"energy";"electricity";2700;2682;"2018-10-16";"2018-12-01";"";"";"";"Düsseldorf";"indelivery";1002;"2018-12-09"
3715;"energy";"electricity";2600;2519;"2019-11-19";"2020-08-01";"";"";"";"Marienberg";"indelivery";1002;"2020-06-11"
3716;"energy";"gas";10400;10238;"2018-08-14";"2018-12-01";"";"";"";"Kassel";"indelivery";2000;"2019-08-31"
3717;"energy";"electricity";2700;2889;"2020-07-22";"2020-12-01";"";"";"";"Hamburg";"active";1000;"2020-08-11"
3718;"energy";"gas";9900;10161;"2020-05-10";"2020-07-01";"";"";"";"Berlin";"indelivery";2001;"2020-09-03"
3719;"energy";"electricity";2900;2960;"2019-08-28";"2020-02-01";"2020-03-31";"2020-03-02";"fristgerecht durch Kunde";"Altchemnitz";"terminated";1001;"2020-03-02"
3720;"energy";"gas";10000;10498;"2019-01-10";"2019-04-01";"";"";"";"Korbach";"indelivery";2001;"2019-08-16"
3721;"energy";"electricity";2400;2534;"2019-08-29";"2019-10-01";"2019-10-01";"2020-09-26";"Wiederruf";"Koblenz";"terminated";1000;"2020-01-01"
3722;"energy";"gas";11500;11746;"2018-05-11";"2018-08-01";"";"";"";"Altchemnitz";"indelivery";2000;"2019-05-29"
3723;"energy";"electricity";2300;2439;"2020-01-05";"2020-06-01";"";"";"";"Hamburg";"indelivery";1002;"2020-07-22"
3724;"energy";"electricity";2400;2453;"2019-05-22";"2019-06-01";"";"";"";"Braunschweig";"indelivery";1002;"2020-02-19"
3725;"energy";"electricity";2300;2382;"2019-10-25";"2019-11-01";"";"";"";"Berlin";"indelivery";1001;"2020-09-09"
3726;"energy";"electricity";2700;2650;"2019-04-16";"2019-08-01";"";"";"";"Görlitz";"indelivery";1001;"2020-03-15"
3727;"energy";"electricity";2800;2687;"2018-10-14";"2019-01-01";"";"";"";"Münster";"indelivery";1000;"2020-01-11"
3728;"energy";"electricity";2200;2140;"2019-11-01";"2020-03-01";"";"";"";"Duisburg";"indelivery";1000;"2020-06-20"
3729;"energy";"electricity";2500;2484;"2018-12-07";"2019-06-01";"";"";"";"Frankfurt";"indelivery";1000;"2020-01-23"
3730;"energy";"electricity";2600;"";"2019-03-07";"2019-11-01";"";"";"";"Hamburg";"indelivery";1001;"2019-10-21"
3731;"energy";"electricity";2100;2177;"2018-02-21";"2018-07-01";"2019-01-31";"2018-12-31";"fristgerecht durch LichtBlick";"Stuttgart";"terminated";1001;"2018-12-31"
3732;"energy";"gas";9700;9484;"2020-05-16";"2020-07-01";"2020-12-31";"2020-12-01";"fristgerecht durch Kunde";"Hofeck";"cancelled";2001;"2020-09-03"
3733;"energy";"electricity";3100;3308;"2018-07-02";"2018-11-01";"";"";"";"Peine";"indelivery";1002;"2019-04-09"
3734;"energy";"electricity";2800;2928;"2018-10-31";"2019-03-01";"";"";"";"Hannover";"indelivery";1000;"2019-06-30"
3735;"energy";"electricity";2500;2374;"2019-02-15";"2019-04-01";"2020-11-30";"2020-10-31";"Umzug";"Oldenburg";"cancelled";1001;"2020-08-24"
3736;"energy";"electricity";2500;2476;"2020-01-21";"2020-04-01";"";"";"";"Minden";"indelivery";1002;"2020-06-28"
3737;"energy";"electricity";2500;2540;"2018-10-02";"2019-04-01";"2020-07-31";"2020-07-03";"fristgerecht durch LichtBlick";"Cologne";"terminated";1001;"2020-07-03"
3738;"energy";"electricity";3100;3077;"2018-04-27";"2018-08-01";"2019-11-30";"2019-11-01";"fristgerecht durch LichtBlick";"Ludwigsburg";"terminated";1001;"2018-08-28"
3739;"energy";"electricity";2600;"";"2018-12-02";"2019-01-01";"";"";"";"Cologne";"indelivery";1000;"2020-01-04"
3740;"energy";"electricity";2000;2151;"2019-07-11";"2019-09-01";"";"";"";"Mannheim";"indelivery";1000;"2020-07-04"
3741;"energy";"electricity";2400;2387;"2019-09-07";"2020-09-01";"";"";"";"Duisburg";"indelivery";1000;"2020-06-25"
3742;"energy";"electricity";2600;2567;"2018-03-09";"2019-05-01";"2020-06-30";"2020-06-01";"fristgerecht durch LichtBlick";"Berlin";"terminated";1001;"2019-06-03"
3743;"energy";"gas";9900;10252;"2020-06-17";"2021-03-01";"";"";"";"Marienberg";"active";2001;"2020-07-26"
3744;"energy";"electricity";2700;2785;"2018-10-28";"2019-01-01";"";"";"";"Cologne";"indelivery";1000;"2020-09-09"
3745;"energy";"electricity";2800;2893;"2020-06-15";"2020-07-01";"";"";"";"Berlin";"indelivery";1001;"2020-06-22"
3746;"energy";"electricity";2600;2537;"2020-07-16";"2021-02-01";"";"";"";"Kassel";"active";1001;"2020-08-04"
3747;"energy";"gas";9300;9567;"2019-05-25";"2019-11-01";"2020-02-29";"2020-01-31";"Umzug";"Leipzig";"terminated";2000;"2019-11-28"
3748;"energy";"electricity";2100;2284;"2019-02-01";"2019-06-01";"";"";"";"Leipzig";"indelivery";1000;"2020-08-28"
3749;"energy";"electricity";2200;2113;"2018-04-05";"2018-08-01";"2019-08-31";"2019-08-02";"fristgerecht durch LichtBlick";"Berlin";"terminated";1002;"2019-08-02"
3750;"energy";"electricity";2900;3000;"2019-08-04";"2019-12-01";"";"";"";"Hamburg";"indelivery";1001;"2019-11-15"
3751;"energy";"gas";11100;11586;"2018-09-25";"2018-11-01";"";"";"";"Munich";"indelivery";2000;"2019-10-01"
3752;"energy";"electricity";2800;2644;"2020-06-02";"2020-08-01";"";"";"";"Würzburg";"indelivery";1000;"2020-09-20"
3753;"energy";"electricity";2300;2241;"2019-07-17";"2019-11-01";"";"";"";"Mainz";"indelivery";1001;"2020-02-16"
3754;"energy";"electricity";2600;2749;"2019-07-24";"2019-12-01";"";"";"";"Braunschweig";"indelivery";1000;"2020-02-25"
3755;"energy";"electricity";2800;2952;"2019-09-12";"2020-02-01";"";"";"";"Hamburg";"indelivery";1001;"2019-12-20"
3756;"energy";"electricity";2100;"";"2018-01-30";"2018-04-01";"";"";"";"Wuppertal";"indelivery";1002;"2018-05-24"
3757;"energy";"electricity";2900;3005;"2020-08-18";"2020-12-01";"";"";"";"Cologne";"active";1002;"2020-09-29"
3758;"energy";"electricity";2300;2338;"2018-10-16";"2019-02-01";"";"";"";"Frankfurt";"indelivery";1000;"2019-07-12"
3759;"energy";"electricity";2600;2566;"2019-07-31";"2019-09-01";"";"";"";"Berlin";"indelivery";1001;"2020-05-13"
3760;"energy";"electricity";2300;2279;"2020-05-12";"2020-07-01";"";"";"";"Marienberg";"indelivery";1002;"2020-08-03"
3761;"energy";"electricity";2600;2538;"2019-05-13";"2020-01-01";"";"";"";"Marienberg";"indelivery";1002;"2019-11-18"
3762;"energy";"electricity";2400;2555;"2019-01-27";"2020-01-01";"";"";"";"Leipzig";"indelivery";1001;"2020-07-06"
3763;"energy";"electricity";2300;2164;"2020-05-01";"2020-06-01";"";"";"";"Berlin";"indelivery";1001;"2020-05-27"
3764;"energy";"electricity";2900;"";"2019-05-29";"2019-12-01";"2020-06-30";"2020-06-01";"Umzug";"Hofeck";"terminated";1001;"2020-06-01"
3765;"energy";"electricity";2500;2644;"2019-05-18";"2019-09-01";"";"";"";"Berlin";"indelivery";1000;"2019-11-15"
3766;"energy";"electricity";2900;2835;"2019-07-15";"2020-05-01";"";"";"";"Mainz";"indelivery";1000;"2020-02-26"
3767;"energy";"electricity";2100;2243;"2019-09-08";"2019-11-01";"";"";"";"Dresden";"indelivery";1002;"2020-06-16"
3768;"energy";"electricity";2500;2645;"2018-07-27";"2018-08-01";"";"";"";"Munich";"indelivery";1002;"2019-06-12"
3769;"energy";"electricity";2800;2762;"2018-01-10";"2018-05-01";"";"";"";"Karlsruhe";"indelivery";1000;"2018-09-22"
3770;"energy";"electricity";2500;2469;"2020-04-27";"2020-06-01";"";"";"";"Helmstedt";"indelivery";1001;"2020-09-21"
3771;"energy";"electricity";2300;2369;"2018-05-02";"2018-07-01";"";"";"";"Berlin";"indelivery";1000;"2019-10-06"
3772;"energy";"electricity";1900;1874;"2020-04-30";"2020-10-01";"";"";"";"Berlin";"indelivery";1001;"2020-07-18"
3773;"energy";"electricity";2900;2871;"2018-10-03";"2018-11-01";"";"";"";"Kaufbeuren";"indelivery";1002;"2020-04-03"
3774;"energy";"electricity";2600;2700;"2019-04-04";"2019-05-01";"";"";"";"Wuppertal";"indelivery";1002;"2020-05-19"
3775;"energy";"electricity";2900;3118;"2020-02-10";"2020-11-01";"";"";"";"Berlin";"active";1000;"2020-05-31"
3776;"energy";"electricity";2500;2445;"2019-05-27";"2019-06-01";"2019-11-30";"2019-11-02";"Umzug";"Fürth";"terminated";1002;"2019-11-02"
3777;"energy";"electricity";2500;2644;"2018-09-08";"2019-04-01";"2020-04-30";"2020-03-30";"Umzug";"Bremen";"terminated";1001;"2020-01-10"
3778;"energy";"electricity";2900;2964;"2019-03-17";"2019-04-01";"";"";"";"Cologne";"indelivery";1000;"2020-04-26"
3779;"energy";"electricity";2400;2491;"2019-01-25";"2019-05-01";"";"";"";"Gera";"indelivery";1000;"2020-06-26"
3780;"energy";"electricity";2000;2003;"2018-11-27";"2019-06-01";"";"";"";"Berlin";"indelivery";1002;"2020-05-09"
3781;"energy";"electricity";2900;3040;"2018-09-15";"2019-11-01";"";"";"";"Offenburg";"indelivery";1001;"2019-06-03"
3782;"energy";"electricity";2900;3126;"2018-05-09";"2018-08-01";"";"";"";"Dresden";"indelivery";1001;"2019-11-30"
3783;"energy";"electricity";2800;2796;"2020-06-30";"2020-10-01";"";"";"";"Freiburg";"indelivery";1002;"2020-08-27"
3784;"energy";"electricity";2200;2173;"2020-01-03";"2020-04-01";"2020-04-01";"2020-07-01";"Wiederruf";"Munich";"terminated";1001;"2020-02-24"
3785;"energy";"electricity";2800;2817;"2019-07-17";"2019-12-01";"";"";"";"Kiel";"indelivery";1001;"2020-07-08"
3786;"energy";"gas";11900;12814;"2019-05-08";"2019-09-01";"";"";"";"Dortmund";"indelivery";2000;"2019-08-23"
3787;"energy";"electricity";2600;2547;"2018-08-02";"2018-10-01";"2020-01-31";"2019-12-31";"fristgerecht durch Kunde";"Berlin";"terminated";1000;"2019-11-30"
3788;"energy";"electricity";2400;2269;"2019-03-27";"2019-06-01";"";"";"";"Hamburg";"indelivery";1000;"2020-07-15"
3789;"energy";"electricity";2200;2164;"2019-07-03";"2019-10-01";"";"";"";"Munich";"indelivery";1000;"2019-08-12"
3790;"energy";"electricity";2500;2447;"2019-07-31";"2019-09-01";"2020-09-30";"2020-08-26";"fristgerecht durch Kunde";"Frankfurt";"terminated";1002;"2020-06-26"
3791;"energy";"electricity";2300;2273;"2019-04-26";"2019-05-01";"";"";"";"Berlin";"indelivery";1002;"2020-08-29"
3792;"energy";"electricity";2600;2637;"2020-02-11";"2020-06-01";"";"";"";"Duisburg";"indelivery";1000;"2020-03-08"
3793;"energy";"electricity";2200;2352;"2019-12-09";"2020-01-01";"";"";"";"Hamburg";"indelivery";1000;"2020-02-01"
3794;"energy";"gas";8700;8705;"2020-02-21";"2020-04-01";"";"";"";"Flensburg";"indelivery";2001;"2020-08-06"
3795;"energy";"gas";8100;8691;"2019-12-22";"2020-04-01";"";"";"";"Hamburg";"indelivery";2000;"2020-02-12"
3796;"energy";"electricity";2700;2727;"2018-05-30";"2018-07-01";"";"";"";"Duisburg";"indelivery";1001;"2020-01-14"
3797;"energy";"electricity";2500;2665;"2019-02-20";"2019-05-01";"";"";"";"Essen";"indelivery";1000;"2019-04-03"
3798;"energy";"gas";8900;9061;"2018-07-31";"2019-06-01";"";"";"";"Flensburg";"indelivery";2000;"2020-01-15"
3799;"energy";"electricity";2100;"";"2018-08-12";"2018-09-01";"";"";"";"Münster";"indelivery";1001;"2018-10-28"
3800;"energy";"electricity";2600;2589;"2020-06-24";"2020-09-01";"";"";"";"Berlin";"indelivery";1001;"2020-08-01"
3801;"energy";"electricity";2200;2154;"2018-05-09";"2018-08-01";"";"";"";"Berlin";"indelivery";1001;"2020-06-30"
3802;"energy";"gas";9900;9850;"2020-07-26";"2020-10-01";"";"";"";"Braunschweig";"indelivery";2001;"2020-08-14"
3803;"energy";"electricity";2000;1960;"2019-09-04";"2019-11-01";"2020-09-30";"2020-08-29";"fristgerecht durch Kunde";"Freiburg";"terminated";1002;"2019-10-19"
3804;"energy";"electricity";2200;2096;"2018-03-18";"2018-08-01";"2019-11-30";"2019-11-01";"fristgerecht durch Kunde";"Hamburg";"terminated";1001;"2019-06-27"
3805;"energy";"gas";10000;10611;"2020-06-10";"2020-08-01";"";"";"";"Munich";"indelivery";2000;"2020-08-15"
3806;"energy";"electricity";2900;2990;"2020-05-15";"2020-09-01";"";"";"";"Düsseldorf";"indelivery";1002;"2020-07-27"
3807;"energy";"gas";11600;11567;"2019-04-06";"2019-07-01";"";"";"";"Essen";"indelivery";2000;"2020-09-03"
3808;"energy";"electricity";2100;2014;"2019-11-29";"2020-07-01";"2020-09-30";"2020-08-31";"fristgerecht durch Kunde";"Hamburg";"terminated";1000;"2020-04-11"
3809;"energy";"gas";8100;8407;"2019-08-28";"2020-01-01";"2020-11-30";"2020-11-01";"fristgerecht durch LichtBlick";"Munich";"cancelled";2001;"2020-09-13"
3810;"energy";"electricity";2600;2469;"2020-09-04";"2020-11-01";"";"";"";"Dortmund";"active";1001;"2020-09-22"
3811;"energy";"electricity";2900;3131;"2018-10-01";"2019-05-01";"";"";"";"Dortmund";"indelivery";1000;"2019-08-10"
3812;"energy";"electricity";2300;"";"2020-02-26";"2020-09-01";"";"";"";"Düsseldorf";"indelivery";1002;"2020-07-08"
3813;"energy";"electricity";2500;2614;"2020-03-28";"2020-08-01";"";"";"";"Hamburg";"indelivery";1001;"2020-08-11"
3814;"energy";"electricity";2200;2138;"2018-10-29";"2019-01-01";"";"";"";"Munich";"indelivery";1000;"2020-04-25"
3815;"energy";"electricity";2200;2348;"2020-07-08";"2020-09-01";"";"";"";"Munich";"indelivery";1002;"2020-08-13"
3816;"energy";"electricity";2500;2682;"2019-01-11";"2019-03-01";"";"";"";"Düsseldorf";"indelivery";1000;"2019-12-14"
3817;"energy";"electricity";2700;2647;"2018-07-06";"2018-09-01";"2019-07-31";"2019-06-20";"fristgerecht durch LichtBlick";"Berlin";"terminated";1002;"2019-06-20"
3818;"energy";"electricity";2700;2674;"2020-04-01";"2020-07-01";"";"";"";"Altchemnitz";"indelivery";1000;"2020-04-23"
3819;"energy";"electricity";2200;"";"2020-01-22";"2020-04-01";"";"";"";"Hannover";"indelivery";1002;"2020-08-09"
3820;"energy";"electricity";2600;2667;"2018-08-16";"2019-01-01";"";"";"";"Munich";"indelivery";1000;"2019-03-04"
3821;"energy";"electricity";2800;2925;"2020-06-25";"2020-09-01";"";"";"";"Frankfurt";"indelivery";1000;"2020-09-23"
3822;"energy";"electricity";2500;2500;"2020-05-27";"2020-07-01";"";"";"";"Essen";"indelivery";1001;"2020-06-03"
3823;"energy";"electricity";2500;"";"2018-02-13";"2018-05-01";"2019-11-30";"2019-11-02";"fristgerecht durch Kunde";"Mannheim";"terminated";1002;"2019-09-24"
3824;"energy";"electricity";2800;"";"2018-09-15";"2018-11-01";"2018-11-01";"2019-01-03";"Wiederruf";"Ulm";"terminated";1000;"2019-01-03"
3825;"energy";"electricity";2700;2642;"2020-04-25";"2020-08-01";"";"";"";"Düsseldorf";"indelivery";1001;"2020-09-28"
3826;"energy";"electricity";2600;2540;"2020-02-20";"2020-04-01";"";"";"";"Ingelheim";"indelivery";1002;"2020-06-11"
3827;"energy";"electricity";2200;2320;"2018-10-28";"2019-06-01";"";"";"";"Berlin";"indelivery";1002;"2019-01-22"
3828;"energy";"electricity";2800;2683;"2020-06-14";"2020-08-01";"";"";"";"Heilbad Heiligenstadt";"indelivery";1001;"2020-07-28"
3829;"energy";"electricity";2100;2266;"2020-09-09";"2020-12-01";"";"";"";"Berlin";"active";1000;"2020-09-11"
3830;"energy";"electricity";2500;2403;"2020-03-03";"2020-12-01";"";"";"";"Kassel";"active";1000;"2020-03-11"
3831;"energy";"electricity";2600;2745;"2018-07-20";"2018-12-01";"2019-05-31";"2019-04-30";"Umzug";"Mannheim";"terminated";1001;"2019-04-30"
3832;"energy";"electricity";2300;2434;"2019-09-28";"2019-11-01";"";"";"";"Hamburg";"indelivery";1000;"2019-10-05"
3833;"energy";"electricity";2800;2807;"2018-09-11";"2018-10-01";"";"";"";"Essen";"indelivery";1002;"2018-11-21"
3834;"energy";"electricity";2400;2287;"2018-11-26";"2019-03-01";"";"";"";"Kassel";"indelivery";1001;"2020-06-16"
3835;"energy";"electricity";3200;3192;"2020-05-25";"2021-03-01";"";"";"";"Mosbach";"active";1001;"2020-09-14"
3836;"energy";"electricity";2900;3023;"2018-07-22";"2019-01-01";"2019-01-01";"2019-04-29";"Wiederruf";"Berlin";"terminated";1000;"2019-04-29"
3837;"energy";"electricity";2800;2896;"2020-03-08";"2020-04-01";"";"";"";"Dortmund";"indelivery";1002;"2020-05-07"
3838;"energy";"electricity";2800;2657;"2019-07-01";"2019-07-01";"";"";"";"Hamburg";"indelivery";1001;"2019-08-19"
3839;"energy";"electricity";1900;2039;"2020-03-11";"2020-10-01";"";"";"";"Hamburg";"indelivery";1001;"2020-05-31"
3840;"energy";"electricity";2900;2836;"2018-01-26";"2018-06-01";"";"";"";"Berlin";"indelivery";1000;"2019-09-18"
3841;"energy";"electricity";2700;2648;"2019-02-17";"2019-03-01";"";"";"";"Cologne";"indelivery";1002;"2020-05-12"
3842;"energy";"electricity";2700;2597;"2018-07-08";"2018-08-01";"";"";"";"Berlin";"indelivery";1002;"2019-04-02"
3843;"energy";"electricity";2900;3102;"2020-06-30";"2020-08-01";"";"";"";"Osnabrück";"indelivery";1002;"2020-08-31"
3844;"energy";"electricity";2900;2909;"2020-04-09";"2020-07-01";"";"";"";"Mainz";"indelivery";1001;"2020-05-28"
3845;"energy";"electricity";2100;2304;"2018-12-15";"2019-04-01";"";"";"";"Plauen";"indelivery";1001;"2019-06-06"
3846;"energy";"electricity";2400;2486;"2018-03-31";"2018-05-01";"";"";"";"Oldenburg";"indelivery";1002;"2019-12-20"
3847;"energy";"gas";11700;"";"2018-06-12";"2018-08-01";"";"";"";"Ulm";"indelivery";2000;"2020-09-19"
3848;"energy";"electricity";2700;2704;"2019-07-21";"2019-09-01";"";"";"";"Cologne";"indelivery";1002;"2019-11-27"
3849;"energy";"electricity";2200;2215;"2019-10-10";"2019-12-01";"";"";"";"Regensburg";"indelivery";1002;"2020-02-21"
3850;"energy";"gas";11400;11889;"2020-08-26";"2020-10-01";"";"";"";"Karlsruhe";"indelivery";2001;"2020-09-03"
3851;"energy";"gas";8200;8781;"2018-01-24";"2018-04-01";"2020-01-31";"2019-12-30";"fristgerecht durch Kunde";"Würzburg";"terminated";2000;"2019-07-05"
3852;"energy";"electricity";2400;2550;"2018-01-18";"2018-07-01";"";"";"";"Regensburg";"indelivery";1002;"2018-01-24"
3853;"energy";"electricity";2100;2050;"2019-08-08";"2020-02-01";"";"";"";"Mannheim";"indelivery";1001;"2020-07-08"
3854;"energy";"electricity";2300;2250;"2019-07-29";"2020-02-01";"";"";"";"Munich";"indelivery";1001;"2020-02-17"
3855;"energy";"electricity";2700;2639;"2020-02-02";"2020-07-01";"";"";"";"Chemnitz";"indelivery";1000;"2020-05-31"
3856;"energy";"electricity";2700;2745;"2020-07-29";"2021-03-01";"";"";"";"Wuppertal";"active";1002;"2020-08-16"
3857;"energy";"electricity";2800;2814;"2018-02-03";"2018-04-01";"";"";"";"Berlin";"indelivery";1001;"2020-09-28"
3858;"energy";"electricity";2300;2356;"2018-12-12";"2019-02-01";"";"";"";"Freiburg";"indelivery";1000;"2019-05-09"
3859;"energy";"electricity";2400;"";"2019-12-23";"2020-03-01";"";"";"";"Duisburg";"indelivery";1001;"2020-09-30"
3860;"energy";"electricity";2900;2865;"2020-01-29";"2020-06-01";"";"";"";"Altenkirchen";"indelivery";1002;"2020-03-27"
3861;"energy";"gas";10300;10012;"2019-08-17";"2019-10-01";"";"";"";"Berlin";"indelivery";2000;"2019-12-07"
3862;"energy";"electricity";2500;2427;"2018-05-16";"2018-09-01";"";"";"";"Duisburg";"indelivery";1002;"2018-12-26"
3863;"energy";"gas";10600;"";"2020-01-25";"2020-10-01";"";"";"";"Cologne";"indelivery";2001;"2020-08-12"
3864;"energy";"electricity";2100;2219;"2019-12-18";"2020-04-01";"";"";"";"Essen";"indelivery";1000;"2020-07-26"
3865;"energy";"electricity";2300;2484;"2020-03-10";"2020-09-01";"";"";"";"Hannover";"indelivery";1002;"2020-06-17"
3866;"energy";"electricity";2400;2338;"2020-08-22";"2020-10-01";"";"";"";"Berlin";"indelivery";1000;"2020-09-09"
3867;"energy";"electricity";2900;3131;"2019-04-20";"2019-05-01";"2019-05-01";"2020-01-31";"Wiederruf";"Munich";"terminated";1001;"2019-11-23"
3868;"energy";"electricity";2600;2563;"2019-11-05";"2020-07-01";"";"";"";"Hamburg";"indelivery";1000;"2020-01-13"
3869;"energy";"electricity";2800;2831;"2019-08-17";"2020-01-01";"";"";"";"Hamburg";"indelivery";1002;"2020-05-01"
3870;"energy";"electricity";2100;2245;"2018-10-29";"2018-11-01";"2019-03-31";"2019-02-24";"Umzug";"Dortmund";"terminated";1002;"2019-02-24"
3871;"energy";"electricity";2200;2318;"2019-06-08";"2019-12-01";"";"";"";"Cologne";"indelivery";1002;"2019-08-06"
3872;"energy";"gas";9600;10228;"2020-01-12";"2020-05-01";"";"";"";"Koblenz";"indelivery";2000;"2020-06-08"
3873;"energy";"electricity";2400;2377;"2018-09-24";"2019-04-01";"";"";"";"Hamburg";"indelivery";1001;"2020-04-20"
3874;"energy";"electricity";2100;2114;"2020-04-15";"2020-05-01";"";"";"";"Berlin";"indelivery";1001;"2020-06-23"
3875;"energy";"gas";8200;7788;"2020-05-21";"2020-07-01";"";"";"";"Dortmund";"indelivery";2000;"2020-07-05"
3876;"energy";"electricity";2700;2742;"2020-07-31";"2021-02-01";"";"";"";"Münster";"active";1000;"2020-08-17"
3877;"energy";"electricity";2500;2422;"2020-06-11";"2020-07-01";"";"";"";"Berlin";"indelivery";1000;"2020-09-06"
3878;"energy";"electricity";2600;2828;"2019-08-18";"2020-04-01";"";"";"";"Hamburg";"indelivery";1000;"2020-01-25"
3879;"energy";"electricity";2900;3104;"2019-10-26";"2020-04-01";"2020-09-30";"2020-08-31";"fristgerecht durch Kunde";"Hamburg";"terminated";1002;"2020-05-04"
3880;"energy";"electricity";2700;2857;"2020-08-18";"2020-11-01";"";"";"";"Hannover";"active";1001;"2020-09-27"
3881;"energy";"electricity";2800;"";"2020-03-14";"2020-05-01";"";"";"";"Bonn";"indelivery";1002;"2020-06-10"
3882;"energy";"electricity";2500;2436;"2018-12-17";"2019-02-01";"";"";"";"Berlin";"indelivery";1001;"2020-09-08"
3883;"energy";"electricity";2100;2158;"2020-09-17";"2021-01-01";"";"";"";"Munich";"active";1002;"2020-09-30"
3884;"energy";"electricity";3000;3113;"2019-06-21";"2019-10-01";"";"";"";"Wiesbaden";"indelivery";1000;"2020-02-26"
3885;"energy";"electricity";2100;2031;"2019-09-03";"2019-11-01";"2020-01-31";"2020-01-01";"fristgerecht durch Kunde";"Duisburg";"terminated";1002;"2019-12-06"
3886;"energy";"electricity";2200;2396;"2018-07-25";"2018-10-01";"";"";"";"Cologne";"indelivery";1002;"2018-11-03"
3887;"energy";"electricity";2300;2162;"2019-04-28";"2019-08-01";"";"";"";"Marienberg";"indelivery";1000;"2019-05-25"
3888;"energy";"electricity";2200;2171;"2019-10-02";"2019-12-01";"";"";"";"Berlin";"indelivery";1002;"2020-07-25"
3889;"energy";"electricity";2400;2494;"2019-01-30";"2019-05-01";"";"";"";"Munich";"indelivery";1000;"2019-09-21"
3890;"energy";"electricity";2400;2642;"2019-06-17";"2019-07-01";"";"";"";"Mainz";"indelivery";1001;"2020-05-26"
3891;"energy";"electricity";2600;2702;"2018-08-25";"2018-09-01";"";"";"";"Freiburg";"indelivery";1001;"2020-08-13"
3892;"energy";"electricity";2700;2801;"2019-12-18";"2020-05-01";"";"";"";"Cologne";"indelivery";1001;"2020-04-02"
3893;"energy";"electricity";2200;2198;"2019-08-18";"2020-02-01";"";"";"";"Dortmund";"indelivery";1001;"2020-02-24"
3894;"energy";"electricity";2300;2384;"2020-07-14";"2020-11-01";"";"";"";"Hannover";"active";1002;"2020-07-18"
3895;"energy";"electricity";3000;2927;"2019-05-25";"2019-08-01";"";"";"";"Kiel";"indelivery";1001;"2019-08-20"
3896;"energy";"electricity";2300;"";"2018-04-30";"2019-05-01";"";"";"";"Flensburg";"indelivery";1002;"2018-10-30"
3897;"energy";"gas";10400;10671;"2020-07-08";"2020-09-01";"";"";"";"Wiesbaden";"indelivery";2001;"2020-07-12"
3898;"energy";"electricity";2500;2461;"2019-01-16";"2019-03-01";"";"";"";"Hamburg";"indelivery";1002;"2019-01-29"
3899;"energy";"electricity";2000;2000;"2018-02-28";"2018-08-01";"";"";"";"Hamburg";"indelivery";1002;"2019-10-11"
3900;"energy";"electricity";2900;2922;"2018-11-24";"2019-01-01";"";"";"";"Schleiz";"indelivery";1001;"2019-08-14"
3901;"energy";"electricity";2300;2473;"2020-09-09";"2020-12-01";"";"";"";"Bremen";"active";1002;"2020-09-21"
3902;"energy";"electricity";2500;2545;"2020-09-19";"2021-08-01";"";"";"";"Kassel";"active";1002;"2020-09-29"
3903;"energy";"electricity";2200;2198;"2019-12-29";"2020-07-01";"";"";"";"Leipzig";"indelivery";1001;"2020-09-27"
3904;"energy";"electricity";2300;2312;"2019-12-25";"2020-01-01";"";"";"";"Hannover";"indelivery";1002;"2020-06-14"
3905;"energy";"electricity";2400;2597;"2019-05-24";"2020-09-01";"";"";"";"Wuppertal";"indelivery";1001;"2020-08-31"
3906;"energy";"electricity";2700;2695;"2019-05-26";"2019-06-01";"";"";"";"Heidelberg";"indelivery";1001;"2019-09-29"
3907;"energy";"electricity";2400;2366;"2020-06-03";"2020-10-01";"";"";"";"Berlin";"indelivery";1001;"2020-07-15"
3908;"energy";"electricity";2800;2929;"2018-12-06";"2019-01-01";"";"";"";"Lübeck";"indelivery";1001;"2020-01-18"
3909;"energy";"electricity";2500;2380;"2020-08-25";"2021-02-01";"";"";"";"Potsdam";"active";1002;"2020-09-24"
3910;"energy";"electricity";2900;2851;"2018-08-17";"2018-10-01";"";"";"";"Münster";"indelivery";1000;"2019-04-11"
3911;"energy";"electricity";2900;2791;"2018-04-01";"2019-06-01";"";"";"";"Wiesbaden";"indelivery";1002;"2018-12-05"
3912;"energy";"electricity";2900;2774;"2020-02-01";"2020-06-01";"";"";"";"Augsburg";"indelivery";1001;"2020-05-17"
3913;"energy";"electricity";2200;2134;"2019-06-23";"2019-07-01";"2019-12-31";"2019-12-02";"fristgerecht durch LichtBlick";"Stuttgart";"terminated";1000;"2019-10-06"
3914;"energy";"electricity";1900;2079;"2018-05-25";"2018-07-01";"2020-01-31";"2019-12-30";"fristgerecht durch Kunde";"Frankfurt";"terminated";1000;"2018-05-29"
3915;"energy";"gas";8000;8485;"2019-09-13";"2019-10-01";"";"";"";"Karlsruhe";"indelivery";2001;"2020-09-10"
3916;"energy";"electricity";2600;2745;"2020-09-23";"2020-10-01";"";"";"";"Munich";"indelivery";1001;"2020-09-26"
3917;"energy";"electricity";2600;2833;"2019-12-27";"2020-03-01";"";"";"";"Munich";"indelivery";1000;"2020-07-27"
3918;"energy";"electricity";2800;2874;"2018-08-30";"2018-11-01";"";"";"";"Stuttgart";"indelivery";1001;"2020-02-20"
3919;"energy";"electricity";2100;1987;"2019-10-25";"2019-11-01";"";"";"";"Kiel";"indelivery";1000;"2020-08-15"
3920;"energy";"electricity";2200;2232;"2019-01-04";"2019-06-01";"";"";"";"Berlin";"indelivery";1002;"2019-04-27"
3921;"energy";"electricity";2200;2130;"2019-08-17";"2019-11-01";"";"";"";"Bremerhaven";"indelivery";1002;"2019-12-14"
3922;"energy";"electricity";2800;2905;"2019-06-22";"2019-08-01";"";"";"";"Dresden";"indelivery";1001;"2020-07-08"
3923;"energy";"gas";9700;9363;"2018-06-16";"2018-09-01";"";"";"";"Dortmund";"indelivery";2000;"2019-09-23"
3924;"energy";"electricity";2600;2603;"2019-08-09";"2019-10-01";"";"";"";"Stuttgart";"indelivery";1002;"2019-12-04"
3925;"energy";"gas";10800;11666;"2019-04-03";"2019-08-01";"";"";"";"Wuppertal";"indelivery";2000;"2019-12-20"
3926;"energy";"electricity";2400;2470;"2020-01-27";"2020-08-01";"";"";"";"Fürth";"indelivery";1000;"2020-03-02"
3927;"energy";"electricity";1900;1964;"2019-12-27";"2021-02-01";"";"";"";"Hamburg";"active";1001;"2020-07-26"
3928;"energy";"electricity";2100;2218;"2020-06-14";"2020-07-01";"";"";"";"Erfurt";"indelivery";1001;"2020-09-29"
3929;"energy";"electricity";2500;2425;"2019-04-01";"2020-06-01";"";"";"";"Bad Schwalbach";"indelivery";1002;"2020-07-16"
3930;"energy";"electricity";2200;2217;"2018-05-08";"2018-07-01";"2020-02-29";"2020-01-30";"fristgerecht durch LichtBlick";"Dortmund";"terminated";1002;"2020-01-17"
3931;"energy";"electricity";2300;2265;"2020-01-02";"2020-03-01";"";"";"";"Bielefeld";"indelivery";1001;"2020-06-23"
3932;"energy";"electricity";2900;2740;"2020-08-23";"2020-12-01";"";"";"";"Wiesbaden";"active";1000;"2020-09-18"
3933;"energy";"electricity";2100;2183;"2019-06-24";"2019-07-01";"";"";"";"Lübeck";"indelivery";1001;"2020-03-11"
3934;"energy";"electricity";2300;2403;"2019-07-06";"2019-08-01";"";"";"";"Kempten";"indelivery";1000;"2020-02-03"
3935;"energy";"gas";10000;"";"2020-09-09";"2020-12-01";"";"";"";"Fürth";"active";2000;"2020-09-26"
3936;"energy";"gas";9000;9073;"2018-10-26";"2019-05-01";"";"";"";"Regensburg";"indelivery";2001;"2019-03-14"
3937;"energy";"electricity";2100;2035;"2018-06-05";"2018-07-01";"2019-11-30";"2019-11-02";"fristgerecht durch Kunde";"Dresden";"terminated";1002;"2019-11-02"
3938;"energy";"electricity";2700;2728;"2020-07-31";"2021-07-01";"";"";"";"Leipzig";"active";1000;"2020-09-08"
3939;"energy";"electricity";2000;2044;"2019-03-23";"2019-06-01";"";"";"";"Bremen";"indelivery";1000;"2020-03-23"
3940;"energy";"electricity";2200;2181;"2020-08-03";"2020-09-01";"";"";"";"Cuxhaven";"indelivery";1001;"2020-09-02"
3941;"energy";"electricity";2800;3019;"2020-05-27";"2020-09-01";"";"";"";"Marienberg";"indelivery";1001;"2020-06-28"
3942;"energy";"electricity";2200;2310;"2020-02-12";"2020-11-01";"";"";"";"Stuttgart";"active";1002;"2020-05-28"
3943;"energy";"electricity";2000;2110;"2019-03-14";"2019-12-01";"";"";"";"Braunschweig";"indelivery";1002;"2019-08-04"
3944;"energy";"gas";10400;10734;"2020-03-08";"2020-04-01";"";"";"";"Düsseldorf";"indelivery";2001;"2020-09-29"
3945;"energy";"electricity";2300;2460;"2019-02-19";"2019-03-01";"";"";"";"Munich";"indelivery";1001;"2020-03-19"
3946;"energy";"electricity";2800;"";"2018-11-27";"2019-04-01";"";"";"";"Düsseldorf";"indelivery";1000;"2019-07-07"
3947;"energy";"electricity";2700;2819;"2018-01-11";"2018-09-01";"";"";"";"Munich";"indelivery";1002;"2018-12-10"
3948;"energy";"gas";10400;11091;"2020-01-07";"2020-05-01";"";"";"";"Berlin";"indelivery";2001;"2020-03-06"
3949;"energy";"electricity";2300;2324;"2019-11-03";"2019-12-01";"";"";"";"Augsburg";"indelivery";1001;"2019-12-28"
3950;"energy";"electricity";2600;2822;"2018-09-23";"2018-11-01";"";"";"";"Lübeck";"indelivery";1001;"2019-09-20"
3951;"energy";"electricity";2700;"";"2019-08-05";"2020-04-01";"";"";"";"Hannover";"indelivery";1000;"2020-06-24"
3952;"energy";"gas";8500;8550;"2018-06-02";"2018-08-01";"2018-09-30";"2018-09-02";"fristgerecht durch Kunde";"Bremen";"terminated";2001;"2018-06-14"
3953;"energy";"electricity";2700;2705;"2019-04-02";"2019-06-01";"2020-05-31";"2020-05-02";"Umzug";"Düsseldorf";"terminated";1001;"2020-05-02"
3954;"energy";"gas";8400;"";"2020-06-08";"2020-08-01";"";"";"";"Duisburg";"indelivery";2001;"2020-07-01"
3955;"energy";"electricity";2600;2651;"2020-05-19";"2020-12-01";"";"";"";"Altchemnitz";"active";1001;"2020-06-03"
3956;"energy";"gas";9800;9912;"2018-08-03";"2018-09-01";"";"";"";"Essen";"indelivery";2001;"2019-06-24"
3957;"energy";"electricity";2300;2282;"2020-09-24";"2021-02-01";"";"";"";"Saarbrücken";"active";1002;"2020-09-30"
3958;"energy";"electricity";2300;2244;"2019-02-15";"2019-04-01";"";"";"";"Berlin";"indelivery";1001;"2020-07-11"
3959;"energy";"electricity";2300;2416;"2019-11-18";"2019-12-01";"";"";"";"Stuttgart";"indelivery";1000;"2020-05-29"
3960;"energy";"electricity";2600;"";"2019-08-28";"2019-10-01";"";"";"";"Frankfurt";"indelivery";1002;"2020-07-14"
3961;"energy";"electricity";2100;2064;"2019-12-05";"2020-05-01";"";"";"";"Wiesbaden";"indelivery";1001;"2020-04-19"
3962;"energy";"electricity";2000;2187;"2019-06-13";"2019-09-01";"2019-09-01";"2019-10-01";"Wiederruf";"Schwerin";"terminated";1002;"2019-10-01"
3963;"energy";"electricity";2400;2340;"2019-10-14";"2020-05-01";"";"";"";"Dresden";"indelivery";1002;"2020-08-20"
3964;"energy";"electricity";2800;2808;"2018-05-05";"2018-06-01";"";"";"";"Marienberg";"indelivery";1000;"2018-07-30"
3965;"energy";"electricity";2800;2846;"2018-10-20";"2019-01-01";"2019-02-28";"2019-01-21";"fristgerecht durch Kunde";"Dortmund";"terminated";1000;"2019-01-21"
3966;"energy";"electricity";2000;1930;"2018-11-22";"2019-01-01";"";"";"";"Berlin";"indelivery";1002;"2020-02-04"
3967;"energy";"gas";10600;10279;"2019-12-03";"2020-04-01";"2020-11-30";"2020-10-30";"fristgerecht durch LichtBlick";"Berlin";"cancelled";2001;"2020-09-26"
3968;"energy";"electricity";2100;2183;"2019-05-25";"2019-07-01";"2020-04-30";"2020-04-01";"fristgerecht durch Kunde";"Frankfurt";"terminated";1002;"2020-04-01"
3969;"energy";"electricity";2100;2153;"2018-12-09";"2019-01-01";"";"";"";"Berlin";"indelivery";1001;"2020-06-02"
3970;"energy";"electricity";2500;2672;"2018-05-17";"2018-06-01";"2018-07-31";"2018-07-03";"fristgerecht durch Kunde";"Munich";"terminated";1002;"2018-07-03"
3971;"energy";"electricity";2700;2623;"2018-09-14";"2018-11-01";"";"";"";"Altchemnitz";"indelivery";1001;"2018-10-04"
3972;"energy";"gas";9900;10066;"2018-02-06";"2018-09-01";"";"";"";"Leipzig";"indelivery";2000;"2018-04-20"
3973;"energy";"electricity";2400;2301;"2019-04-05";"2019-05-01";"";"";"";"Augsburg";"indelivery";1000;"2020-05-07"
3974;"energy";"electricity";2400;2357;"2019-02-22";"2019-04-01";"2020-12-31";"2020-12-01";"Umzug";"Munich";"cancelled";1002;"2020-02-02"
3975;"energy";"electricity";2300;2472;"2018-05-25";"2018-08-01";"";"";"";"Berlin";"indelivery";1002;"2020-08-04"
3976;"energy";"gas";8200;8294;"2020-03-11";"2020-06-01";"";"";"";"Frankfurt";"indelivery";2001;"2020-03-13"
3977;"energy";"electricity";2400;2388;"2018-04-24";"2018-06-01";"";"";"";"Cologne";"indelivery";1000;"2018-08-16"
3978;"energy";"electricity";2800;2925;"2020-03-14";"2020-07-01";"";"";"";"Freiburg";"indelivery";1001;"2020-04-24"
3979;"energy";"electricity";2900;3085;"2018-11-15";"2018-12-01";"2020-10-31";"2020-09-30";"Umzug";"Mainz";"cancelled";1000;"2019-12-12"
3980;"energy";"electricity";2600;2699;"2018-07-24";"2019-01-01";"2020-06-30";"2020-05-29";"Umzug";"Bonn";"terminated";1001;"2018-09-20"
3981;"energy";"electricity";2000;1971;"2020-01-30";"2020-05-01";"";"";"";"Berlin";"indelivery";1000;"2020-06-19"
3982;"energy";"electricity";2500;2666;"2019-10-17";"2020-03-01";"";"";"";"Hamburg";"indelivery";1000;"2020-01-02"
3983;"energy";"electricity";2500;2438;"2018-03-18";"2018-06-01";"";"";"";"Wuppertal";"indelivery";1002;"2019-11-23"
3984;"energy";"electricity";2500;2654;"2019-04-27";"2019-07-01";"";"";"";"Hamburg";"indelivery";1000;"2020-02-13"
3985;"energy";"electricity";2900;2915;"2018-07-03";"2018-10-01";"";"";"";"Wiesbaden";"indelivery";1000;"2020-08-31"
3986;"energy";"gas";10800;11288;"2018-01-15";"2018-03-01";"2020-02-29";"2020-01-30";"fristgerecht durch Kunde";"Mannheim";"terminated";2001;"2019-04-28"
3987;"energy";"gas";9800;9749;"2020-05-28";"2020-09-01";"";"";"";"Cologne";"indelivery";2000;"2020-09-13"
3988;"energy";"electricity";2700;2719;"2019-06-11";"2019-08-01";"";"";"";"Berlin";"indelivery";1001;"2020-04-22"
3989;"energy";"electricity";2100;2102;"2019-04-12";"2020-03-01";"";"";"";"Stuttgart";"indelivery";1000;"2020-06-22"
3990;"energy";"electricity";2900;"";"2018-01-30";"2019-07-01";"";"";"";"Dortmund";"indelivery";1000;"2020-03-21"
3991;"energy";"electricity";2000;2116;"2020-04-24";"2020-05-01";"";"";"";"Lübeck";"indelivery";1001;"2020-05-29"
3992;"energy";"electricity";2400;2513;"2018-06-06";"2018-08-01";"2019-03-31";"2019-03-03";"fristgerecht durch Kunde";"Flensburg";"terminated";1000;"2019-03-03"
3993;"energy";"electricity";2400;2310;"2018-12-29";"2019-03-01";"";"";"";"Hamburg";"indelivery";1001;"2020-06-03"
3994;"energy";"electricity";2700;2882;"2020-09-30";"2021-03-01";"";"";"";"Kassel";"active";1002;"2020-09-30"
3995;"energy";"gas";9900;9404;"2019-07-29";"2019-09-01";"2020-11-30";"2020-10-28";"fristgerecht durch LichtBlick";"Hofeck";"cancelled";2001;"2020-06-09"
3996;"energy";"electricity";2200;2151;"2018-04-02";"2018-05-01";"";"";"";"Düsseldorf";"indelivery";1001;"2020-07-19"
3997;"energy";"gas";11000;10494;"2018-08-13";"2018-12-01";"";"";"";"Karlsruhe";"indelivery";2000;"2019-11-25"
3998;"energy";"gas";9400;"";"2018-01-02";"2018-08-01";"";"";"";"Berlin";"indelivery";2000;"2019-08-11"
3999;"energy";"electricity";2700;2676;"2019-08-23";"2019-10-01";"";"";"";"Hannover";"indelivery";1000;"2019-10-20"
4000;"energy";"electricity";1900;1946;"2018-11-25";"2019-01-01";"";"";"";"Berlin";"indelivery";1002;"2020-01-18"
4001;"energy";"gas";10800;11306;"2020-09-22";"2020-11-01";"";"";"";"Marienberg";"active";2001;"2020-09-30"
4002;"energy";"electricity";2200;2100;"2020-05-28";"2020-10-01";"";"";"";"Dresden";"indelivery";1001;"2020-08-12"
4003;"energy";"electricity";2700;2725;"2018-10-28";"2018-12-01";"";"";"";"Koblenz";"indelivery";1002;"2019-11-05"
4004;"energy";"electricity";2500;2436;"2020-02-18";"2020-04-01";"";"";"";"Hannover";"indelivery";1001;"2020-03-20"
4005;"energy";"electricity";2400;2363;"2019-05-02";"2019-11-01";"";"";"";"Berlin";"indelivery";1000;"2020-03-30"
4006;"energy";"gas";10700;11382;"2019-06-29";"2019-08-01";"";"";"";"Wiesbaden";"indelivery";2000;"2020-03-21"
4007;"energy";"electricity";3000;3051;"2019-08-22";"2019-11-01";"";"";"";"Coburg";"indelivery";1002;"2020-09-01"
4008;"energy";"gas";8200;8229;"2019-09-02";"2019-11-01";"";"";"";"Berlin";"indelivery";2001;"2020-03-16"
4009;"energy";"electricity";2600;2679;"2020-09-14";"2020-11-01";"";"";"";"Wiesbaden";"active";1001;"2020-09-18"
4010;"energy";"electricity";2700;2770;"2019-06-01";"2019-07-01";"";"";"";"Cologne";"indelivery";1002;"2019-10-09"
4011;"energy";"electricity";2900;2825;"2020-09-30";"2020-12-01";"";"";"";"Würzburg";"active";1002;"2020-09-30"
4012;"energy";"electricity";2100;2152;"2018-12-07";"2019-03-01";"";"";"";"Emden";"indelivery";1001;"2019-12-27"
4013;"energy";"electricity";2100;2265;"2019-12-30";"2020-05-01";"";"";"";"Osnabrück";"indelivery";1002;"2020-06-15"
4014;"energy";"electricity";2200;2121;"2020-06-14";"2020-08-01";"";"";"";"Düsseldorf";"indelivery";1001;"2020-08-21"
4015;"energy";"electricity";2700;2711;"2019-02-26";"2019-04-01";"";"";"";"Wuppertal";"indelivery";1000;"2019-10-07"
4016;"energy";"electricity";2000;1903;"2018-05-28";"2018-08-01";"";"";"";"Stuttgart";"indelivery";1000;"2019-02-01"
4017;"energy";"electricity";2100;"";"2020-07-01";"2020-08-01";"";"";"";"Cologne";"indelivery";1002;"2020-07-31"
4018;"energy";"electricity";2600;2769;"2020-01-29";"2020-03-01";"";"";"";"Leipzig";"indelivery";1001;"2020-09-11"
4019;"energy";"electricity";2700;2739;"2018-05-22";"2019-01-01";"2019-02-28";"2019-01-28";"Umzug";"Augsburg";"terminated";1002;"2019-01-19"
4020;"energy";"electricity";2200;2193;"2019-11-25";"2020-02-01";"2020-07-31";"2020-06-30";"Umzug";"Augsburg";"terminated";1001;"2020-01-23"
4021;"energy";"electricity";2400;2618;"2020-05-19";"2020-09-01";"";"";"";"Hamburg";"indelivery";1000;"2020-06-13"
4022;"energy";"electricity";2300;2415;"2019-03-31";"2019-07-01";"";"";"";"Rosenheim";"indelivery";1000;"2019-04-22"
4023;"energy";"electricity";2900;2975;"2018-09-21";"2019-02-01";"";"";"";"Leipzig";"indelivery";1002;"2020-05-01"
4024;"energy";"electricity";2400;2370;"2019-01-14";"2019-05-01";"";"";"";"Rostock";"indelivery";1000;"2019-03-05"
4025;"energy";"electricity";2300;2350;"2020-09-15";"2020-11-01";"";"";"";"Munich";"active";1000;"2020-09-17"
4026;"energy";"electricity";2200;2250;"2018-10-05";"2019-05-01";"";"";"";"Berlin";"indelivery";1002;"2020-02-17"
4027;"energy";"electricity";2200;2299;"2020-09-10";"2020-11-01";"";"";"";"Stuttgart";"active";1002;"2020-09-12"
4028;"energy";"electricity";2400;2375;"2020-07-28";"2020-09-01";"";"";"";"Güstrow";"indelivery";1002;"2020-09-13"
4029;"energy";"electricity";2600;2573;"2019-08-30";"2019-12-01";"";"";"";"Cologne";"indelivery";1000;"2020-07-07"
4030;"energy";"gas";9700;10110;"2018-03-18";"2018-06-01";"2018-07-31";"2018-06-30";"fristgerecht durch LichtBlick";"Stuttgart";"terminated";2000;"2018-06-30"
4031;"energy";"electricity";2100;2019;"2018-07-03";"2018-10-01";"2019-03-31";"2019-02-28";"Umzug";"Munich";"terminated";1001;"2019-02-28"
4032;"energy";"gas";7800;"";"2018-06-04";"2018-09-01";"";"";"";"Munich";"indelivery";2000;"2019-01-06"
4033;"energy";"electricity";2600;2819;"2020-08-14";"2020-11-01";"";"";"";"Rostock";"active";1000;"2020-09-28"
4034;"energy";"electricity";2500;2553;"2020-06-19";"2020-11-01";"";"";"";"Hannover";"active";1000;"2020-07-18"
4035;"energy";"gas";10800;11354;"2019-11-10";"2020-04-01";"";"";"";"Gießen";"indelivery";2000;"2019-12-11"
4036;"energy";"gas";10700;10965;"2018-10-12";"2018-12-01";"";"";"";"Würzburg";"indelivery";2000;"2019-09-22"
4037;"energy";"electricity";2100;2120;"2020-08-23";"2020-11-01";"";"";"";"Hamburg";"active";1000;"2020-09-11"
4038;"energy";"electricity";2000;2155;"2019-08-25";"2019-12-01";"";"";"";"Dresden";"indelivery";1000;"2020-03-13"
4039;"energy";"electricity";2600;2461;"2018-02-23";"2018-08-01";"";"";"";"Bonn";"indelivery";1000;"2018-08-20"
4040;"energy";"electricity";2600;2489;"2018-03-10";"2018-05-01";"2019-01-31";"2018-12-25";"Umzug";"Cologne";"terminated";1001;"2018-12-25"
4041;"energy";"electricity";2700;2896;"2018-01-22";"2018-05-01";"";"";"";"Hannover";"indelivery";1001;"2019-10-17"
4042;"energy";"electricity";2200;2170;"2019-03-29";"2019-05-01";"2019-09-30";"2019-09-02";"Umzug";"Altchemnitz";"terminated";1002;"2019-09-02"
4043;"energy";"electricity";2700;2676;"2020-02-28";"2020-09-01";"";"";"";"Munich";"indelivery";1002;"2020-06-03"
4044;"energy";"gas";10300;10286;"2018-08-02";"2018-10-01";"";"";"";"Essen";"indelivery";2001;"2019-07-01"
4045;"energy";"electricity";2600;2739;"2018-02-10";"2018-07-01";"";"";"";"Berlin";"indelivery";1001;"2019-07-20"
4046;"energy";"electricity";2500;2679;"2019-11-27";"2020-10-01";"";"";"";"Berlin";"indelivery";1000;"2020-09-16"
4047;"energy";"electricity";2800;2831;"2018-06-14";"2018-12-01";"2018-12-01";"2019-08-30";"Wiederruf";"Berlin";"terminated";1001;"2019-08-30"
4048;"energy";"electricity";2300;2275;"2020-08-13";"2021-04-01";"";"";"";"Bielefeld";"active";1002;"2020-08-26"
4049;"energy";"electricity";2400;"";"2019-03-17";"2019-06-01";"";"";"";"Marienberg";"indelivery";1000;"2019-11-24"
4050;"energy";"electricity";2600;2653;"2020-03-20";"2020-05-01";"";"";"";"Mannheim";"indelivery";1002;"2020-06-27"
4051;"energy";"electricity";2800;2787;"2020-01-16";"2020-05-01";"2020-05-01";"2020-09-29";"Wiederruf";"Lübeck";"terminated";1001;"2020-03-23"
4052;"energy";"electricity";2400;2421;"2020-06-06";"2021-02-01";"";"";"";"Berlin";"active";1002;"2020-07-02"
4053;"energy";"electricity";2900;"";"2019-08-04";"2020-11-01";"";"";"";"Saarbrücken";"active";1002;"2019-12-30"
4054;"energy";"electricity";2500;2564;"2019-08-15";"2019-10-01";"";"";"";"Jena";"indelivery";1002;"2020-05-28"
4055;"energy";"electricity";2500;2602;"2018-09-07";"2019-02-01";"2019-02-01";"2020-03-31";"Wiederruf";"Essen";"terminated";1002;"2020-03-31"
4056;"energy";"electricity";2100;2063;"2018-09-11";"2018-12-01";"";"";"";"Duisburg";"indelivery";1001;"2018-10-23"
4057;"energy";"electricity";2400;2411;"2018-05-14";"2019-02-01";"2019-02-01";"2020-01-03";"Wiederruf";"Cologne";"terminated";1002;"2019-03-20"
4058;"energy";"electricity";2600;2509;"2018-10-16";"2019-04-01";"2019-04-01";"2019-06-30";"Wiederruf";"Bielefeld";"terminated";1000;"2019-06-30"
4059;"energy";"electricity";2600;"";"2019-04-05";"2020-02-01";"";"";"";"Berlin";"indelivery";1002;"2019-10-20"
4060;"energy";"electricity";2800;2741;"2019-09-27";"2020-01-01";"";"";"";"Karlsruhe";"indelivery";1001;"2020-08-09"
4061;"energy";"gas";9500;9620;"2018-05-28";"2018-07-01";"";"";"";"Berlin";"indelivery";2000;"2019-03-18"
4062;"energy";"electricity";2600;2752;"2018-07-08";"2018-09-01";"2019-07-31";"2019-07-01";"fristgerecht durch Kunde";"Erfurt";"terminated";1001;"2019-07-01"
4063;"energy";"electricity";2400;2515;"2020-05-14";"2020-11-01";"";"";"";"Stuttgart";"active";1000;"2020-06-07"
4064;"energy";"electricity";2500;2486;"2020-03-18";"2020-11-01";"";"";"";"Hannover";"active";1000;"2020-04-22"
4065;"energy";"gas";8100;8164;"2018-06-01";"2018-08-01";"2020-04-30";"2020-03-26";"fristgerecht durch LichtBlick";"Kiel";"terminated";2001;"2018-08-15"
4066;"energy";"electricity";2600;2744;"2019-05-07";"2020-03-01";"";"";"";"Bonn";"indelivery";1001;"2019-09-14"
4067;"energy";"electricity";2600;2774;"2020-04-06";"2021-01-01";"";"";"";"Hamburg";"active";1001;"2020-09-08"
4068;"energy";"electricity";2900;3044;"2018-11-08";"2019-06-01";"";"";"";"Freiburg";"indelivery";1000;"2020-04-13"
4069;"energy";"electricity";2200;2285;"2018-06-04";"2019-03-01";"2019-07-31";"2019-07-02";"fristgerecht durch Kunde";"Berlin";"terminated";1000;"2019-01-30"
4070;"energy";"gas";10900;10635;"2019-04-26";"2019-06-01";"";"";"";"Ulm";"indelivery";2000;"2020-03-15"
4071;"energy";"electricity";2200;2372;"2019-03-09";"2019-04-01";"";"";"";"Karlsruhe";"indelivery";1000;"2019-10-17"
4072;"energy";"electricity";2700;2640;"2019-09-30";"2019-11-01";"";"";"";"Montabaur";"indelivery";1002;"2020-02-10"
4073;"energy";"electricity";2700;"";"2018-08-08";"2018-12-01";"";"";"";"Hamburg";"indelivery";1001;"2020-03-26"
4074;"energy";"electricity";2200;2352;"2018-02-21";"2018-06-01";"";"";"";"Düsseldorf";"indelivery";1002;"2018-12-23"
4075;"energy";"electricity";3200;3306;"2019-11-28";"2020-03-01";"";"";"";"Mönchengladbach";"indelivery";1000;"2020-04-18"
4076;"energy";"gas";11300;11514;"2019-03-15";"2019-05-01";"";"";"";"Düsseldorf";"indelivery";2001;"2019-10-15"
4077;"energy";"electricity";2600;2652;"2019-08-26";"2019-09-01";"";"";"";"Karlsruhe";"indelivery";1002;"2020-09-23"
4078;"energy";"electricity";2100;2188;"2019-05-18";"2019-09-01";"";"";"";"Marienberg";"indelivery";1002;"2019-07-29"
4079;"energy";"gas";8400;8508;"2018-12-18";"2019-06-01";"";"";"";"Essen";"indelivery";2001;"2020-02-17"
4080;"energy";"electricity";2400;2543;"2020-05-27";"2020-07-01";"";"";"";"Berlin";"indelivery";1000;"2020-06-07"
4081;"energy";"electricity";2200;2108;"2020-09-07";"2021-07-01";"";"";"";"Hamburg";"active";1000;"2020-09-09"
4082;"energy";"electricity";2200;2183;"2019-07-03";"2019-09-01";"";"";"";"Berlin";"indelivery";1001;"2019-07-31"
4083;"energy";"gas";9400;10024;"2018-03-16";"2018-06-01";"2020-02-29";"2020-01-31";"fristgerecht durch LichtBlick";"Gera";"terminated";2000;"2019-06-09"
4084;"energy";"electricity";2900;2811;"2018-10-12";"2019-04-01";"2019-04-01";"2019-07-02";"Wiederruf";"Freiburg";"terminated";1002;"2019-07-02"
4085;"energy";"electricity";2100;2206;"2020-08-09";"2021-01-01";"";"";"";"Berlin";"active";1000;"2020-09-29"
4086;"energy";"electricity";2800;2862;"2018-04-02";"2018-06-01";"";"";"";"Essen";"indelivery";1002;"2020-04-04"
4087;"energy";"electricity";2300;"";"2020-03-01";"2020-04-01";"";"";"";"Wuppertal";"indelivery";1000;"2020-03-11"
4088;"energy";"electricity";2500;2614;"2018-06-20";"2019-04-01";"";"";"";"Stuttgart";"indelivery";1001;"2018-08-03"
4089;"energy";"electricity";2400;2568;"2019-12-04";"2020-02-01";"";"";"";"Bremen";"indelivery";1001;"2020-05-09"
4090;"energy";"electricity";3000;3093;"2020-05-02";"2021-03-01";"";"";"";"Altchemnitz";"active";1001;"2020-09-01"
4091;"energy";"electricity";2600;2801;"2018-02-20";"2018-08-01";"";"";"";"Karlsruhe";"indelivery";1002;"2018-08-29"
4092;"energy";"electricity";3000;3001;"2018-07-09";"2018-09-01";"";"";"";"Regensburg";"indelivery";1001;"2018-07-16"
4093;"energy";"gas";9500;9995;"2020-03-10";"2020-06-01";"";"";"";"Düsseldorf";"indelivery";2001;"2020-07-19"
4094;"energy";"electricity";2300;2258;"2019-01-21";"2019-08-01";"";"";"";"Bremen";"indelivery";1000;"2020-04-18"
4095;"energy";"electricity";2600;"";"2018-11-04";"2019-03-01";"2019-12-31";"2019-12-02";"fristgerecht durch Kunde";"Leipzig";"terminated";1001;"2019-12-02"
4096;"energy";"electricity";2400;2489;"2019-08-21";"2019-10-01";"";"";"";"Regensburg";"indelivery";1002;"2019-11-30"
4097;"energy";"electricity";2600;2487;"2020-09-21";"2021-03-01";"";"";"";"Fürth";"active";1001;"2020-09-23"
4098;"energy";"electricity";2700;2554;"2019-03-31";"2019-08-01";"";"";"";"Essen";"indelivery";1001;"2020-09-05"
4099;"energy";"electricity";2600;2527;"2019-05-07";"2019-12-01";"";"";"";"Saarbrücken";"indelivery";1002;"2020-09-22"
4100;"energy";"electricity";2200;2099;"2018-04-28";"2018-11-01";"";"";"";"Freiburg";"indelivery";1002;"2020-07-04"
4101;"energy";"electricity";2000;2143;"2020-01-20";"2020-02-01";"";"";"";"Dortmund";"indelivery";1000;"2020-04-12"
4102;"energy";"electricity";2500;2398;"2020-06-27";"2020-08-01";"";"";"";"Hamburg";"indelivery";1002;"2020-09-16"
4103;"energy";"electricity";2400;2458;"2018-04-28";"2018-12-01";"";"";"";"Duisburg";"indelivery";1000;"2019-12-03"
4104;"energy";"electricity";2700;"";"2019-08-11";"2019-09-01";"";"";"";"Stuttgart";"indelivery";1002;"2020-02-01"
4105;"energy";"electricity";2400;"";"2019-04-04";"2019-07-01";"";"";"";"Kiel";"indelivery";1001;"2020-01-12"
4106;"energy";"electricity";2600;2670;"2019-08-17";"2020-02-01";"2020-07-31";"2020-06-25";"fristgerecht durch LichtBlick";"Bremen";"terminated";1000;"2019-10-21"
4107;"energy";"gas";10400;9926;"2018-02-25";"2018-05-01";"";"";"";"Altchemnitz";"indelivery";2001;"2020-05-11"
4108;"energy";"electricity";2100;2199;"2019-08-27";"2019-09-01";"";"";"";"Berlin";"indelivery";1002;"2020-06-04"
4109;"energy";"electricity";2000;2039;"2020-03-24";"2020-05-01";"";"";"";"Freiburg";"indelivery";1002;"2020-09-07"
4110;"energy";"electricity";2200;2302;"2020-09-02";"2021-01-01";"";"";"";"Altchemnitz";"active";1000;"2020-09-06"
4111;"energy";"electricity";3000;3077;"2020-05-16";"2021-08-01";"";"";"";"Dresden";"active";1000;"2020-05-24"
4112;"energy";"electricity";2700;2856;"2020-05-18";"2020-09-01";"";"";"";"Berlin";"indelivery";1001;"2020-09-16"
4113;"energy";"electricity";2600;2645;"2018-03-08";"2018-07-01";"2018-07-01";"2019-04-01";"Wiederruf";"Marienberg";"terminated";1001;"2019-04-01"
4114;"energy";"electricity";2600;2507;"2019-05-12";"2019-07-01";"";"";"";"Mannheim";"indelivery";1002;"2019-12-04"
4115;"energy";"electricity";2400;2536;"2020-04-17";"2020-07-01";"";"";"";"Hamburg";"indelivery";1000;"2020-06-24"
4116;"energy";"gas";9800;10118;"2019-05-24";"2019-07-01";"";"";"";"Lübeck";"indelivery";2000;"2020-08-13"
4117;"energy";"electricity";2600;2457;"2018-04-11";"2018-06-01";"2019-01-31";"2019-01-02";"fristgerecht durch LichtBlick";"Bremen";"terminated";1001;"2019-01-02"
4118;"energy";"electricity";3100;3289;"2020-04-09";"2020-06-01";"";"";"";"Coesfeld";"indelivery";1002;"2020-05-06"
4119;"energy";"electricity";2500;2691;"2020-07-17";"2020-09-01";"";"";"";"Duisburg";"indelivery";1002;"2020-08-14"
4120;"energy";"electricity";2700;2882;"2019-12-07";"2020-03-01";"";"";"";"Munich";"indelivery";1002;"2020-07-15"
4121;"energy";"electricity";2200;2248;"2019-05-28";"2019-08-01";"2020-04-30";"2020-04-02";"fristgerecht durch LichtBlick";"Munich";"terminated";1001;"2020-04-02"
4122;"energy";"gas";9700;9494;"2018-12-26";"2019-11-01";"";"";"";"Ulm";"indelivery";2001;"2018-12-27"
4123;"energy";"electricity";2400;2313;"2019-11-18";"2020-02-01";"";"";"";"Hamburg";"indelivery";1002;"2020-01-27"
4124;"energy";"electricity";2600;2605;"2020-01-31";"2020-04-01";"";"";"";"Würzburg";"indelivery";1002;"2020-02-05"
4125;"energy";"gas";10600;10830;"2019-01-05";"2019-02-01";"2019-12-31";"2019-12-02";"fristgerecht durch LichtBlick";"Mannheim";"terminated";2001;"2019-04-21"
4126;"energy";"electricity";2400;2513;"2020-05-05";"2020-08-01";"";"";"";"Dortmund";"indelivery";1002;"2020-09-20"
4127;"energy";"gas";11400;11667;"2018-12-23";"2019-02-01";"2020-12-31";"2020-12-02";"Umzug";"Berlin";"cancelled";2001;"2019-08-12"
4128;"energy";"gas";10200;9784;"2020-08-22";"2020-11-01";"";"";"";"Hamburg";"active";2001;"2020-09-18"
4129;"energy";"electricity";2600;2759;"2018-01-03";"2018-05-01";"2020-01-31";"2019-12-28";"fristgerecht durch Kunde";"Nuremberg";"terminated";1002;"2019-09-13"
4130;"energy";"electricity";2600;2684;"2019-06-07";"2019-08-01";"";"";"";"Munich";"indelivery";1001;"2020-07-04"
4131;"energy";"electricity";2800;2723;"2019-04-13";"2019-08-01";"";"";"";"Wuppertal";"indelivery";1002;"2020-08-11"
4132;"energy";"electricity";2200;2219;"2018-09-25";"2019-02-01";"";"";"";"Wiesbaden";"indelivery";1000;"2020-05-31"
4133;"energy";"electricity";2500;2439;"2020-06-26";"2020-10-01";"";"";"";"Altchemnitz";"indelivery";1001;"2020-09-28"
4134;"energy";"electricity";1900;1940;"2018-06-04";"2018-07-01";"";"";"";"Hamburg";"indelivery";1001;"2019-07-13"
4135;"energy";"electricity";2900;"";"2020-01-18";"2020-08-01";"";"";"";"Karlsruhe";"indelivery";1002;"2020-03-04"
4136;"energy";"electricity";2800;2972;"2019-02-26";"2019-03-01";"";"";"";"Duisburg";"indelivery";1002;"2020-07-27"
4137;"energy";"electricity";2400;2501;"2019-03-15";"2020-01-01";"";"";"";"Straubing";"indelivery";1000;"2019-07-30"
4138;"energy";"electricity";2400;2593;"2020-01-19";"2020-04-01";"";"";"";"Hamburg";"indelivery";1002;"2020-08-27"
4139;"energy";"electricity";3000;2822;"2018-06-25";"2018-11-01";"";"";"";"Wuppertal";"indelivery";1001;"2018-10-29"
4140;"energy";"electricity";2900;2758;"2019-07-14";"2019-08-01";"";"";"";"Berlin";"indelivery";1000;"2020-05-16"
4141;"energy";"electricity";2800;2841;"2019-06-02";"2019-09-01";"";"";"";"Heidelberg";"indelivery";1000;"2019-11-29"
4142;"energy";"electricity";2600;2732;"2019-01-11";"2019-03-01";"2019-10-31";"2019-10-03";"Umzug";"Berlin";"terminated";1001;"2019-07-21"
4143;"energy";"electricity";2500;2569;"2019-01-03";"2019-04-01";"";"";"";"Augsburg";"indelivery";1001;"2019-06-29"
4144;"energy";"electricity";2200;2267;"2019-05-20";"2019-08-01";"";"";"";"Marienberg";"indelivery";1001;"2020-07-26"
4145;"energy";"electricity";2100;2102;"2019-08-12";"2020-03-01";"";"";"";"Berlin";"indelivery";1002;"2020-02-14"
4146;"energy";"electricity";2400;"";"2019-10-16";"2020-04-01";"";"";"";"Bremen";"indelivery";1002;"2019-12-16"
4147;"energy";"electricity";2400;2536;"2019-01-02";"2019-03-01";"";"";"";"Wiesbaden";"indelivery";1002;"2019-06-10"
4148;"energy";"gas";10700;"";"2020-08-01";"2020-09-01";"";"";"";"Essen";"indelivery";2001;"2020-09-05"
4149;"energy";"electricity";2500;2577;"2019-03-13";"2019-04-01";"2019-08-31";"2019-08-03";"Umzug";"Magdeburg";"terminated";1000;"2019-08-03"
4150;"energy";"gas";10200;10383;"2018-04-05";"2018-05-01";"";"";"";"Berlin";"indelivery";2001;"2020-08-04"
4151;"energy";"electricity";2900;2905;"2019-07-16";"2019-08-01";"";"";"";"Freiburg";"indelivery";1002;"2020-01-25"
4152;"energy";"electricity";2300;2425;"2018-08-14";"2018-11-01";"";"";"";"Berlin";"indelivery";1002;"2019-09-16"
4153;"energy";"electricity";2000;1961;"2019-09-29";"2020-07-01";"";"";"";"Würzburg";"indelivery";1000;"2020-08-14"
4154;"energy";"electricity";2300;2351;"2018-03-01";"2018-04-01";"";"";"";"Munich";"indelivery";1000;"2018-08-18"
4155;"energy";"electricity";2300;2410;"2020-07-02";"2020-08-01";"";"";"";"Münster";"indelivery";1001;"2020-09-26"
4156;"energy";"electricity";2300;2324;"2018-06-23";"2018-09-01";"";"";"";"Essen";"indelivery";1000;"2020-03-07"
4157;"energy";"electricity";2600;2507;"2019-03-17";"2020-01-01";"";"";"";"Kiel";"indelivery";1000;"2020-06-01"
4158;"energy";"electricity";2400;2332;"2018-04-30";"2018-05-01";"";"";"";"Stuttgart";"indelivery";1000;"2019-07-21"
4159;"energy";"electricity";2800;2682;"2018-10-06";"2018-12-01";"2019-12-31";"2019-11-30";"fristgerecht durch Kunde";"Wuppertal";"terminated";1001;"2019-05-04"
4160;"energy";"electricity";2800;2887;"2018-11-18";"2019-02-01";"2019-02-01";"2020-01-02";"Wiederruf";"Mannheim";"terminated";1002;"2019-09-16"
4161;"energy";"electricity";2300;2482;"2020-02-17";"2020-04-01";"";"";"";"Bremerhaven";"indelivery";1001;"2020-06-01"
4162;"energy";"electricity";2700;2819;"2018-09-15";"2018-11-01";"";"";"";"Munich";"indelivery";1000;"2020-01-09"
4163;"energy";"electricity";2600;2440;"2019-12-24";"2020-02-01";"";"";"";"Gera";"indelivery";1000;"2020-08-19"
4164;"energy";"electricity";2100;2270;"2020-01-22";"2020-09-01";"";"";"";"Frankfurt";"indelivery";1000;"2020-09-05"
4165;"energy";"electricity";2400;2299;"2019-06-27";"2019-11-01";"";"";"";"Cottbus";"indelivery";1002;"2019-12-12"
4166;"energy";"electricity";2400;2426;"2020-03-20";"2020-06-01";"";"";"";"Stuttgart";"indelivery";1001;"2020-09-05"
4167;"energy";"electricity";2700;2706;"2019-01-25";"2019-03-01";"2020-12-31";"2020-12-01";"fristgerecht durch Kunde";"Rostock";"cancelled";1002;"2019-08-26"
4168;"energy";"electricity";2900;2738;"2018-12-20";"2019-06-01";"";"";"";"Mainz";"indelivery";1001;"2020-08-23"
4169;"energy";"gas";8900;8855;"2018-02-01";"2018-05-01";"2020-07-31";"2020-06-30";"fristgerecht durch Kunde";"Frankfurt";"terminated";2000;"2019-04-16"
4170;"energy";"electricity";2200;2354;"2020-02-29";"2020-04-01";"";"";"";"Lübeck";"indelivery";1000;"2020-07-23"
4171;"energy";"electricity";2700;2802;"2018-06-18";"2018-08-01";"";"";"";"Munich";"indelivery";1001;"2019-06-17"
4172;"energy";"electricity";2500;2659;"2018-06-27";"2018-11-01";"2019-07-31";"2019-07-02";"fristgerecht durch Kunde";"Hamburg";"terminated";1000;"2018-10-31"
4173;"energy";"electricity";2600;2677;"2018-03-22";"2018-08-01";"";"";"";"Bonn";"indelivery";1002;"2018-12-10"
4174;"energy";"electricity";2800;2772;"2019-05-16";"2019-12-01";"";"";"";"Cologne";"indelivery";1002;"2020-04-13"
4175;"energy";"electricity";2600;2466;"2018-09-05";"2018-10-01";"";"";"";"Bielefeld";"indelivery";1002;"2019-09-13"
4176;"energy";"electricity";2900;3110;"2019-01-21";"2019-05-01";"";"";"";"Essen";"indelivery";1002;"2019-09-12"
4177;"energy";"electricity";2400;2585;"2019-05-20";"2019-07-01";"";"";"";"Lübeck";"indelivery";1001;"2020-02-12"
4178;"energy";"electricity";2700;"";"2019-12-13";"2020-02-01";"2020-04-30";"2020-04-02";"fristgerecht durch Kunde";"Dresden";"terminated";1001;"2020-02-19"
4179;"energy";"electricity";2200;2321;"2018-05-21";"2018-08-01";"";"";"";"Hamburg";"indelivery";1001;"2019-05-15"
4180;"energy";"electricity";2400;2444;"2020-08-01";"2020-09-01";"";"";"";"Bremen";"indelivery";1001;"2020-09-08"
4181;"energy";"electricity";2100;2242;"2020-08-21";"2021-05-01";"";"";"";"Frankfurt";"active";1002;"2020-09-26"
4182;"energy";"electricity";2700;2649;"2020-08-31";"2020-09-01";"";"";"";"Osterode";"indelivery";1000;"2020-09-07"
4183;"energy";"electricity";2200;2211;"2019-12-14";"2020-01-01";"";"";"";"Cologne";"indelivery";1000;"2020-02-10"
4184;"energy";"electricity";2700;2623;"2020-06-08";"2020-07-01";"";"";"";"Oldenburg";"indelivery";1001;"2020-07-31"
4185;"energy";"electricity";2000;2121;"2019-06-03";"2020-08-01";"";"";"";"Düsseldorf";"indelivery";1000;"2020-09-05"
4186;"energy";"electricity";1900;2100;"2018-02-18";"2018-03-01";"2018-03-01";"2018-06-02";"Wiederruf";"Stuttgart";"terminated";1002;"2018-06-02"
4187;"energy";"electricity";2300;2272;"2019-07-16";"2019-08-01";"2019-08-01";"2019-10-02";"Wiederruf";"Magdeburg";"terminated";1000;"2019-10-02"
4188;"energy";"gas";10800;10684;"2020-08-08";"2020-10-01";"";"";"";"Hannover";"indelivery";2000;"2020-08-11"
4189;"energy";"gas";7500;7572;"2018-04-26";"2018-06-01";"";"";"";"Hamburg";"indelivery";2001;"2020-02-02"
4190;"energy";"electricity";2100;2139;"2020-04-26";"2020-07-01";"";"";"";"Oldenburg";"indelivery";1001;"2020-08-21"
4191;"energy";"gas";11300;10964;"2019-09-22";"2019-11-01";"2020-11-30";"2020-11-02";"fristgerecht durch Kunde";"Cologne";"cancelled";2000;"2019-10-21"
4192;"energy";"electricity";2000;2183;"2020-04-08";"2020-10-01";"";"";"";"Wiesbaden";"indelivery";1002;"2020-05-05"
4193;"energy";"electricity";2600;2619;"2018-01-15";"2018-04-01";"2020-12-31";"2020-12-01";"fristgerecht durch LichtBlick";"Hannover";"cancelled";1000;"2018-09-26"
4194;"energy";"electricity";2500;2416;"2019-04-26";"2019-10-01";"";"";"";"Kiel";"indelivery";1002;"2020-02-05"
4195;"energy";"electricity";2100;2153;"2020-08-24";"2021-02-01";"";"";"";"Braunschweig";"active";1002;"2020-09-06"
4196;"energy";"gas";8200;8684;"2020-09-23";"2020-11-01";"";"";"";"Emden";"active";2000;"2020-09-23"
4197;"energy";"electricity";2100;2284;"2019-01-22";"2019-10-01";"";"";"";"Hamburg";"indelivery";1002;"2019-09-15"
4198;"energy";"electricity";2700;2637;"2018-05-30";"2018-07-01";"";"";"";"Apolda";"indelivery";1001;"2020-06-12"
4199;"energy";"electricity";2400;2411;"2019-05-09";"2019-09-01";"2020-07-31";"2020-06-28";"Umzug";"Ingolstadt";"terminated";1000;"2019-08-19"
4200;"energy";"electricity";2700;"";"2019-09-28";"2019-11-01";"";"";"";"Berlin";"indelivery";1001;"2020-07-20"
4201;"energy";"electricity";2000;2098;"2019-09-14";"2020-03-01";"";"";"";"Dortmund";"indelivery";1001;"2020-07-14"
4202;"energy";"electricity";2600;2572;"2020-04-04";"2020-10-01";"";"";"";"Hannover";"indelivery";1000;"2020-04-07"
4203;"energy";"gas";9700;9614;"2019-03-10";"2019-05-01";"";"";"";"Regensburg";"indelivery";2001;"2019-11-16"
4204;"energy";"electricity";2400;2530;"2020-04-29";"2020-07-01";"";"";"";"Würzburg";"indelivery";1002;"2020-09-29"
4205;"energy";"electricity";2600;2754;"2020-03-13";"2020-08-01";"";"";"";"Frankfurt";"indelivery";1000;"2020-04-30"
4206;"energy";"electricity";2900;2921;"2020-02-13";"2020-08-01";"";"";"";"Hamburg";"indelivery";1000;"2020-07-03"
4207;"energy";"electricity";2000;2156;"2018-06-05";"2018-10-01";"";"";"";"Berlin";"indelivery";1002;"2019-08-13"
4208;"energy";"electricity";2300;2316;"2019-01-08";"2019-08-01";"";"";"";"Mainz";"indelivery";1001;"2019-03-07"
4209;"energy";"electricity";2500;2563;"2019-02-07";"2019-12-01";"";"";"";"Berlin";"indelivery";1000;"2020-08-05"
4210;"energy";"electricity";2300;2362;"2019-11-23";"2020-07-01";"";"";"";"Düsseldorf";"indelivery";1001;"2019-12-23"
4211;"energy";"electricity";2100;2207;"2019-01-15";"2019-06-01";"";"";"";"Duisburg";"indelivery";1002;"2020-06-01"
4212;"energy";"electricity";2600;2479;"2019-11-23";"2020-05-01";"2020-10-31";"2020-09-29";"fristgerecht durch Kunde";"Munich";"cancelled";1000;"2020-08-24"
4213;"energy";"electricity";2400;2463;"2020-04-11";"2020-05-01";"";"";"";"Bielefeld";"indelivery";1002;"2020-07-09"
4214;"energy";"electricity";2300;2233;"2018-03-08";"2018-08-01";"";"";"";"Berlin";"indelivery";1002;"2018-06-14"
4215;"energy";"electricity";2400;2393;"2018-08-03";"2018-10-01";"";"";"";"Montabaur";"indelivery";1002;"2020-07-31"
4216;"energy";"electricity";2100;2001;"2018-03-04";"2018-04-01";"2020-12-31";"2020-12-02";"Umzug";"Nordhorn";"cancelled";1001;"2018-05-10"
4217;"energy";"electricity";2800;2929;"2018-11-25";"2019-01-01";"";"";"";"Schwerin";"indelivery";1002;"2019-09-01"
4218;"energy";"electricity";3000;3097;"2018-07-19";"2018-09-01";"";"";"";"Dresden";"indelivery";1000;"2019-11-06"
4219;"energy";"electricity";2400;2573;"2018-02-23";"2018-06-01";"";"";"";"Essen";"indelivery";1000;"2018-06-04"
4220;"energy";"electricity";2900;2789;"2018-07-05";"2018-10-01";"2020-12-31";"2020-11-29";"fristgerecht durch Kunde";"Augsburg";"cancelled";1001;"2019-01-03"
4221;"energy";"electricity";2400;2315;"2019-07-17";"2019-12-01";"";"";"";"Berlin";"indelivery";1000;"2019-08-29"
4222;"energy";"electricity";1900;1911;"2019-08-01";"2019-10-01";"";"";"";"Berlin";"indelivery";1001;"2020-06-14"
4223;"energy";"electricity";2100;2244;"2018-05-11";"2018-09-01";"2019-07-31";"2019-06-29";"fristgerecht durch Kunde";"Hamburg";"terminated";1000;"2018-10-29"
4224;"energy";"electricity";2500;2621;"2018-07-20";"2018-10-01";"";"";"";"Munich";"indelivery";1001;"2018-10-19"
4225;"energy";"electricity";3000;2811;"2020-01-02";"2020-05-01";"";"";"";"Essen";"indelivery";1002;"2020-09-06"
4226;"energy";"electricity";2300;2421;"2019-11-20";"2020-01-01";"";"";"";"Erfurt";"indelivery";1000;"2020-01-29"
4227;"energy";"electricity";2900;2902;"2019-01-24";"2019-02-01";"";"";"";"Cologne";"indelivery";1001;"2019-07-18"
4228;"energy";"gas";9300;8915;"2020-09-13";"2021-10-01";"";"";"";"Osnabrück";"active";2001;"2020-09-20"
4229;"energy";"electricity";2900;2846;"2020-03-18";"2020-09-01";"";"";"";"Leipzig";"indelivery";1000;"2020-09-08"
4230;"energy";"electricity";2600;2482;"2020-06-17";"2020-12-01";"";"";"";"Munich";"active";1002;"2020-09-27"
4231;"energy";"electricity";2600;2722;"2019-01-08";"2019-06-01";"";"";"";"Essen";"indelivery";1000;"2019-06-06"
4232;"energy";"electricity";2800;2970;"2018-05-16";"2018-09-01";"2020-04-30";"2020-04-02";"fristgerecht durch Kunde";"Bremen";"terminated";1000;"2018-11-20"
4233;"energy";"gas";9300;9837;"2020-07-02";"2020-08-01";"2020-08-01";"2020-10-30";"Wiederruf";"Dresden";"terminated";2001;"2020-07-04"
4234;"energy";"electricity";2100;2064;"2018-06-25";"2018-09-01";"2018-09-01";"2020-08-24";"Wiederruf";"Essen";"terminated";1001;"2019-03-11"
4235;"energy";"electricity";2800;2893;"2019-11-10";"2020-04-01";"";"";"";"Marienberg";"indelivery";1000;"2020-01-29"
4236;"energy";"electricity";2400;2407;"2018-07-16";"2018-09-01";"2019-04-30";"2019-03-30";"Umzug";"Dresden";"terminated";1000;"2018-12-28"
4237;"energy";"electricity";2500;"";"2018-01-16";"2018-08-01";"";"";"";"Hamburg";"indelivery";1002;"2019-11-27"
4238;"energy";"gas";8600;8673;"2020-07-24";"2021-10-01";"";"";"";"Saarbrücken";"active";2000;"2020-08-26"
4239;"energy";"electricity";2000;2195;"2018-02-08";"2018-08-01";"2020-08-31";"2020-07-28";"fristgerecht durch Kunde";"Gießen";"terminated";1002;"2020-04-12"
4240;"energy";"electricity";2800;2796;"2019-11-08";"2020-06-01";"";"";"";"Berlin";"indelivery";1000;"2020-02-10"
4241;"energy";"electricity";2200;2381;"2018-03-31";"2018-04-01";"";"";"";"Essen";"indelivery";1002;"2019-01-28"
4242;"energy";"electricity";2800;2883;"2019-02-17";"2019-04-01";"";"";"";"Flensburg";"indelivery";1000;"2019-06-27"
4243;"energy";"electricity";2500;2575;"2020-05-01";"2020-06-01";"2020-10-31";"2020-09-30";"fristgerecht durch LichtBlick";"Ingolstadt";"cancelled";1001;"2020-06-27"
4244;"energy";"electricity";2000;1993;"2020-09-27";"2021-03-01";"";"";"";"Bonn";"active";1001;"2020-09-29"
4245;"energy";"electricity";3000;2908;"2019-10-20";"2019-11-01";"2020-10-31";"2020-10-01";"fristgerecht durch Kunde";"Altchemnitz";"cancelled";1002;"2020-03-30"
4246;"energy";"electricity";2300;2225;"2018-07-11";"2018-09-01";"";"";"";"Hamburg";"indelivery";1000;"2020-06-29"
4247;"energy";"electricity";2200;2336;"2020-07-22";"2020-10-01";"";"";"";"Ingolstadt";"indelivery";1001;"2020-09-15"
4248;"energy";"gas";8500;8202;"2018-06-28";"2018-08-01";"2020-04-30";"2020-04-02";"fristgerecht durch LichtBlick";"Dortmund";"terminated";2000;"2020-04-02"
4249;"energy";"electricity";2200;2151;"2019-05-18";"2019-10-01";"";"";"";"Bremen";"indelivery";1000;"2020-03-25"
4250;"energy";"gas";8600;8801;"2020-03-18";"2020-05-01";"";"";"";"Berlin";"indelivery";2000;"2020-04-23"
4251;"energy";"electricity";2500;2419;"2019-11-24";"2020-03-01";"";"";"";"Dortmund";"indelivery";1001;"2020-05-11"
4252;"energy";"electricity";2300;2444;"2018-09-22";"2019-02-01";"";"";"";"Dresden";"indelivery";1001;"2020-08-18"
4253;"energy";"electricity";3000;2899;"2018-09-18";"2018-11-01";"";"";"";"Brandenburg";"indelivery";1001;"2020-05-02"
4254;"energy";"electricity";2300;2288;"2018-04-11";"2018-05-01";"";"";"";"Berlin";"indelivery";1000;"2020-06-04"
4255;"energy";"electricity";2100;2212;"2018-01-13";"2018-04-01";"";"";"";"Bad Neuenahr-Ahrweiler";"indelivery";1002;"2019-02-11"
4256;"energy";"electricity";1900;1800;"2018-09-18";"2019-01-01";"";"";"";"Hamburg";"indelivery";1000;"2019-12-16"
4257;"energy";"electricity";3000;3165;"2020-07-18";"2020-08-01";"";"";"";"Bergisch Gladbach";"indelivery";1001;"2020-09-02"
4258;"energy";"electricity";2600;2508;"2018-08-25";"2019-06-01";"";"";"";"Berlin";"indelivery";1001;"2020-08-10"
4259;"energy";"electricity";2000;2152;"2020-07-20";"2020-09-01";"";"";"";"Berlin";"indelivery";1002;"2020-09-18"
4260;"energy";"electricity";2600;2477;"2018-10-19";"2019-06-01";"";"";"";"Dortmund";"indelivery";1000;"2018-12-16"
4261;"energy";"electricity";2100;2258;"2020-02-02";"2020-06-01";"";"";"";"Cologne";"indelivery";1000;"2020-04-19"
4262;"energy";"electricity";2300;2160;"2018-02-26";"2018-05-01";"";"";"";"Sömmerda";"indelivery";1002;"2018-11-08"
4263;"energy";"electricity";2700;2585;"2020-05-23";"2020-06-01";"";"";"";"Hamburg";"indelivery";1001;"2020-07-07"
4264;"energy";"electricity";2400;2340;"2019-12-07";"2020-04-01";"";"";"";"Straubing";"indelivery";1000;"2020-02-03"
4265;"energy";"electricity";2000;1986;"2018-02-10";"2018-04-01";"";"";"";"Hamburg";"indelivery";1001;"2020-01-30"
4266;"energy";"electricity";3000;2870;"2018-07-25";"2018-12-01";"";"";"";"Kiel";"indelivery";1002;"2020-01-25"
4267;"energy";"electricity";2700;2839;"2019-12-02";"2020-01-01";"";"";"";"Fürth";"indelivery";1002;"2020-03-17"
4268;"energy";"electricity";2500;2514;"2019-12-09";"2020-01-01";"";"";"";"Göttingen";"indelivery";1001;"2020-06-10"
4269;"energy";"electricity";2300;2310;"2018-06-06";"2018-07-01";"";"";"";"Münster";"indelivery";1002;"2019-07-17"
4270;"energy";"electricity";1900;1947;"2018-03-22";"2018-05-01";"";"";"";"Munich";"indelivery";1002;"2020-07-21"
4271;"energy";"electricity";2600;2582;"2018-05-03";"2018-07-01";"";"";"";"Oldenburg";"indelivery";1000;"2018-10-09"
4272;"energy";"electricity";2900;2917;"2020-02-26";"2020-03-01";"";"";"";"Düsseldorf";"indelivery";1001;"2020-02-29"
4273;"energy";"electricity";3000;"";"2018-10-01";"2019-05-01";"2019-05-01";"2020-03-31";"Wiederruf";"Bremen";"terminated";1002;"2019-06-08"
4274;"energy";"electricity";2500;2525;"2018-10-03";"2019-01-01";"";"";"";"Karlsruhe";"indelivery";1001;"2020-01-04"
4275;"energy";"electricity";2500;"";"2018-01-30";"2018-12-01";"";"";"";"Munich";"indelivery";1002;"2018-09-29"
4276;"energy";"electricity";2600;2551;"2019-12-09";"2020-02-01";"";"";"";"Mainz";"indelivery";1002;"2020-03-24"
4277;"energy";"electricity";2200;2316;"2019-08-08";"2019-11-01";"";"";"";"Hamburg";"indelivery";1002;"2020-06-01"
4278;"energy";"electricity";2000;2061;"2018-02-03";"2019-02-01";"";"";"";"Bremen";"indelivery";1000;"2020-04-20"
4279;"energy";"electricity";2100;2021;"2019-10-30";"2020-02-01";"";"";"";"Mainz";"indelivery";1002;"2020-01-03"
4280;"energy";"electricity";2200;"";"2019-05-18";"2019-11-01";"";"";"";"Hamburg";"indelivery";1002;"2019-07-24"
4281;"energy";"electricity";2700;2889;"2018-02-06";"2018-04-01";"";"";"";"Frankfurt";"indelivery";1000;"2019-04-03"
4282;"energy";"electricity";2700;2823;"2018-08-08";"2018-10-01";"";"";"";"Duisburg";"indelivery";1001;"2020-02-12"
4283;"energy";"electricity";2100;2055;"2020-02-23";"2020-04-01";"";"";"";"Dortmund";"indelivery";1002;"2020-07-19"
4284;"energy";"electricity";2000;2096;"2019-03-12";"2019-08-01";"";"";"";"Flensburg";"indelivery";1000;"2020-09-26"
4285;"energy";"electricity";2800;2741;"2019-03-12";"2019-05-01";"";"";"";"Berlin";"indelivery";1000;"2020-07-01"
4286;"energy";"electricity";2400;2349;"2019-11-28";"2020-01-01";"";"";"";"Berlin";"indelivery";1001;"2020-02-25"
4287;"energy";"electricity";2400;2289;"2018-10-12";"2019-02-01";"";"";"";"Stralsund";"indelivery";1002;"2019-06-26"
4288;"energy";"electricity";2100;2221;"2018-02-17";"2018-06-01";"";"";"";"Bremen";"indelivery";1002;"2020-05-28"
4289;"energy";"gas";8300;8274;"2020-06-23";"2020-11-01";"";"";"";"Ulm";"active";2000;"2020-08-09"
4290;"energy";"electricity";2300;2232;"2018-01-21";"2018-12-01";"";"";"";"Mannheim";"indelivery";1002;"2020-06-20"
4291;"energy";"electricity";2900;2958;"2020-08-20";"2020-11-01";"";"";"";"Altchemnitz";"active";1000;"2020-09-01"
4292;"energy";"gas";8700;9295;"2018-09-18";"2018-11-01";"";"";"";"Berlin";"indelivery";2001;"2019-10-15"
4293;"energy";"electricity";2900;3035;"2020-03-08";"2020-04-01";"";"";"";"Hamburg";"indelivery";1000;"2020-08-14"
4294;"energy";"electricity";2400;2600;"2018-04-07";"2018-08-01";"2020-06-30";"2020-05-28";"fristgerecht durch Kunde";"Merzig";"terminated";1000;"2019-04-15"
4295;"energy";"electricity";2400;2582;"2018-12-24";"2019-03-01";"";"";"";"Freiburg";"indelivery";1000;"2020-06-20"
4296;"energy";"electricity";2300;2383;"2018-06-11";"2018-09-01";"";"";"";"Bonn";"indelivery";1002;"2019-02-04"
4297;"energy";"electricity";2000;2161;"2019-08-20";"2020-03-01";"2020-11-30";"2020-11-02";"Umzug";"Kassel";"cancelled";1001;"2020-04-15"
4298;"energy";"electricity";2900;2926;"2019-04-05";"2019-06-01";"";"";"";"Karlsruhe";"indelivery";1001;"2019-08-27"
4299;"energy";"electricity";2300;2336;"2019-08-12";"2019-09-01";"2020-09-30";"2020-08-31";"Umzug";"Schwerin";"terminated";1001;"2019-08-30"
4300;"energy";"electricity";2100;2247;"2019-10-15";"2020-01-01";"";"";"";"Dresden";"indelivery";1002;"2020-04-25"
4301;"energy";"electricity";2400;"";"2019-11-14";"2019-12-01";"";"";"";"Saarbrücken";"indelivery";1000;"2020-04-25"
4302;"energy";"electricity";2300;2410;"2019-08-22";"2019-10-01";"2019-12-31";"2019-12-03";"fristgerecht durch Kunde";"Kiel";"terminated";1000;"2019-12-03"
4303;"energy";"electricity";2700;2677;"2020-03-07";"2020-09-01";"2020-11-30";"2020-10-30";"Umzug";"Düsseldorf";"cancelled";1002;"2020-08-12"
4304;"energy";"gas";9000;9445;"2020-06-01";"2020-08-01";"";"";"";"Berlin";"indelivery";2001;"2020-06-07"
4305;"energy";"electricity";2000;2013;"2020-07-24";"2020-11-01";"";"";"";"Berlin";"active";1002;"2020-08-01"
4306;"energy";"electricity";2000;2034;"2020-05-13";"2020-10-01";"";"";"";"Cologne";"indelivery";1002;"2020-08-21"
4307;"energy";"electricity";2500;2373;"2019-06-08";"2019-08-01";"";"";"";"Plauen";"indelivery";1002;"2020-09-15"
4308;"energy";"electricity";2600;2741;"2018-02-13";"2018-05-01";"";"";"";"Altchemnitz";"indelivery";1002;"2020-09-08"
4309;"energy";"electricity";2100;2291;"2018-05-24";"2018-08-01";"";"";"";"Wuppertal";"indelivery";1002;"2020-07-13"
4310;"energy";"electricity";2600;2586;"2019-04-11";"2019-05-01";"";"";"";"Berlin";"indelivery";1000;"2019-08-07"
4311;"energy";"electricity";2400;"";"2019-07-21";"2019-09-01";"";"";"";"Münster";"indelivery";1002;"2020-08-06"
4312;"energy";"electricity";2300;2384;"2018-06-15";"2018-09-01";"2019-10-31";"2019-09-29";"fristgerecht durch Kunde";"Bremerhaven";"terminated";1000;"2018-11-03"
4313;"energy";"gas";10800;10270;"2020-09-16";"2021-05-01";"";"";"";"Mannheim";"active";2000;"2020-09-29"
4314;"energy";"electricity";2400;2526;"2020-03-26";"2020-08-01";"";"";"";"Düsseldorf";"indelivery";1002;"2020-08-18"
4315;"energy";"electricity";2400;2544;"2019-12-10";"2020-04-01";"";"";"";"Berlin";"indelivery";1002;"2020-02-06"
4316;"energy";"electricity";2900;2766;"2020-04-16";"2020-09-01";"";"";"";"Berlin";"indelivery";1002;"2020-09-12"
4317;"energy";"electricity";2700;2723;"2019-03-23";"2019-05-01";"";"";"";"Berlin";"indelivery";1001;"2020-02-25"
4318;"energy";"electricity";2200;2396;"2019-03-27";"2020-02-01";"2020-09-30";"2020-09-02";"fristgerecht durch LichtBlick";"Duisburg";"terminated";1002;"2019-05-28"
4319;"energy";"electricity";2200;2348;"2019-10-02";"2020-06-01";"";"";"";"Karlsruhe";"indelivery";1002;"2019-10-18"
4320;"energy";"electricity";2400;2510;"2019-08-05";"2020-01-01";"";"";"";"Berlin";"indelivery";1001;"2020-07-06"
4321;"energy";"electricity";2200;"";"2020-09-25";"2021-05-01";"";"";"";"Altchemnitz";"active";1002;"2020-09-30"
4322;"energy";"electricity";2300;2275;"2020-04-13";"2020-05-01";"";"";"";"Lübeck";"indelivery";1000;"2020-09-13"
4323;"energy";"electricity";2300;2285;"2020-09-11";"2020-12-01";"";"";"";"Munich";"active";1001;"2020-09-17"
4324;"energy";"electricity";2700;2601;"2018-07-02";"2019-08-01";"";"";"";"Cologne";"indelivery";1001;"2020-04-04"
4325;"energy";"electricity";2400;2361;"2019-07-16";"2019-11-01";"";"";"";"Berlin";"indelivery";1001;"2020-02-29"
4326;"energy";"electricity";2100;2080;"2019-10-06";"2019-12-01";"";"";"";"Magdeburg";"indelivery";1001;"2020-05-01"
4327;"energy";"gas";8100;7902;"2018-09-10";"2018-12-01";"2019-11-30";"2019-10-29";"fristgerecht durch LichtBlick";"Berlin";"terminated";2001;"2019-10-29"
4328;"energy";"electricity";2300;2528;"2019-06-27";"2019-12-01";"";"";"";"Berlin";"indelivery";1001;"2020-08-12"
4329;"energy";"gas";8900;8758;"2018-05-13";"2018-08-01";"2019-05-31";"2019-05-03";"fristgerecht durch Kunde";"Dresden";"terminated";2000;"2018-11-15"
4330;"energy";"electricity";2600;2685;"2018-02-11";"2018-05-01";"";"";"";"Potsdam";"indelivery";1001;"2018-09-24"
4331;"energy";"electricity";2500;2612;"2019-04-25";"2019-06-01";"";"";"";"Munich";"indelivery";1002;"2019-11-15"
4332;"energy";"gas";8300;7901;"2020-03-20";"2020-04-01";"";"";"";"Essen";"indelivery";2001;"2020-03-27"
4333;"energy";"electricity";2400;2424;"2020-09-14";"2020-10-01";"";"";"";"Berlin";"indelivery";1001;"2020-09-28"
4334;"energy";"electricity";2400;2488;"2020-06-11";"2020-12-01";"";"";"";"Herford";"active";1000;"2020-07-26"
4335;"energy";"electricity";2700;2831;"2018-11-29";"2018-12-01";"";"";"";"Hamburg";"indelivery";1002;"2020-03-03"
4336;"energy";"electricity";2400;"";"2019-09-18";"2020-03-01";"";"";"";"Göttingen";"indelivery";1000;"2019-11-08"
4337;"energy";"electricity";2200;2237;"2020-01-14";"2020-05-01";"";"";"";"Bad Segeberg";"indelivery";1001;"2020-06-11"
4338;"energy";"electricity";2300;"";"2020-09-07";"2021-12-01";"";"";"";"Frankfurt";"active";1001;"2020-09-27"
4339;"energy";"electricity";2200;2395;"2018-06-08";"2018-08-01";"";"";"";"Dresden";"indelivery";1001;"2018-11-04"
4340;"energy";"electricity";2700;2903;"2018-05-08";"2018-11-01";"";"";"";"Koblenz";"indelivery";1000;"2019-06-20"
4341;"energy";"electricity";2100;2126;"2019-03-20";"2019-06-01";"2020-02-29";"2020-01-31";"fristgerecht durch LichtBlick";"Rostock";"terminated";1000;"2019-04-04"
4342;"energy";"electricity";2100;2054;"2020-07-21";"2020-11-01";"";"";"";"Berlin";"active";1001;"2020-08-27"
4343;"energy";"electricity";2800;2776;"2019-05-19";"2019-10-01";"";"";"";"Bielefeld";"indelivery";1001;"2019-10-26"
4344;"energy";"electricity";2100;2080;"2020-06-15";"2020-11-01";"";"";"";"Berlin";"active";1002;"2020-06-28"
4345;"energy";"gas";11200;10718;"2018-09-29";"2018-12-01";"";"";"";"Munich";"indelivery";2001;"2020-07-04"
4346;"energy";"electricity";2800;2852;"2019-05-19";"2019-08-01";"";"";"";"Hamburg";"indelivery";1001;"2019-08-12"
4347;"energy";"gas";12100;12225;"2019-04-05";"2019-09-01";"";"";"";"Mühldorf";"indelivery";2000;"2019-10-28"
4348;"energy";"electricity";2200;2262;"2018-11-26";"2018-12-01";"";"";"";"Kiel";"indelivery";1000;"2019-09-14"
4349;"energy";"gas";11700;11790;"2018-01-30";"2018-07-01";"2018-07-01";"2019-05-27";"Wiederruf";"Potsdam";"terminated";2000;"2019-05-27"
4350;"energy";"electricity";2200;"";"2018-06-19";"2018-08-01";"";"";"";"Cologne";"indelivery";1002;"2018-12-15"
4351;"energy";"gas";10500;11138;"2018-11-09";"2019-04-01";"";"";"";"Hofeck";"indelivery";2000;"2019-01-06"
4352;"energy";"electricity";2600;2503;"2018-09-23";"2019-02-01";"";"";"";"Kassel";"indelivery";1001;"2020-02-11"
4353;"energy";"electricity";2300;2249;"2020-01-07";"2020-03-01";"";"";"";"Marienberg";"indelivery";1000;"2020-07-04"
4354;"energy";"gas";11400;11894;"2020-09-22";"2020-11-01";"";"";"";"Karlsruhe";"active";2001;"2020-09-26"
4355;"energy";"electricity";2800;2995;"2019-10-29";"2019-12-01";"";"";"";"Hamburg";"indelivery";1000;"2019-12-24"
4356;"energy";"electricity";2900;2910;"2020-05-05";"2020-06-01";"";"";"";"Karlsruhe";"indelivery";1000;"2020-09-16"
4357;"energy";"electricity";2400;2554;"2020-03-17";"2020-08-01";"";"";"";"Hamburg";"indelivery";1000;"2020-07-30"
4358;"energy";"electricity";2100;2161;"2019-11-29";"2020-09-01";"";"";"";"Berlin";"indelivery";1001;"2020-09-13"
4359;"energy";"electricity";2300;2238;"2018-03-20";"2018-04-01";"";"";"";"Hannover";"indelivery";1002;"2018-12-01"
4360;"energy";"electricity";2300;2473;"2018-06-02";"2018-08-01";"";"";"";"Münster";"indelivery";1001;"2019-03-15"
4361;"energy";"electricity";2800;2969;"2018-06-24";"2018-09-01";"";"";"";"Rostock";"indelivery";1002;"2018-10-30"
4362;"energy";"electricity";2300;2209;"2020-02-10";"2020-04-01";"";"";"";"Berlin";"indelivery";1000;"2020-06-09"
4363;"energy";"electricity";2800;2902;"2019-05-05";"2019-09-01";"";"";"";"Karlsruhe";"indelivery";1002;"2019-07-18"
4364;"energy";"gas";12000;12740;"2019-02-11";"2019-04-01";"";"";"";"Recklinghausen";"indelivery";2000;"2020-08-14"
4365;"energy";"electricity";2500;2581;"2019-10-09";"2020-01-01";"";"";"";"Munich";"indelivery";1002;"2020-01-19"
4366;"energy";"electricity";2600;2670;"2019-12-30";"2020-05-01";"";"";"";"Stuttgart";"indelivery";1000;"2020-08-24"
4367;"energy";"electricity";2100;2092;"2020-04-14";"2020-10-01";"";"";"";"Dresden";"indelivery";1001;"2020-06-01"
4368;"energy";"electricity";2500;2577;"2020-07-15";"2020-10-01";"";"";"";"Potsdam";"indelivery";1000;"2020-07-30"
4369;"energy";"gas";8900;9607;"2020-05-29";"2020-08-01";"";"";"";"Berlin";"indelivery";2000;"2020-09-09"
4370;"energy";"electricity";2600;2680;"2019-03-13";"2019-05-01";"2020-01-31";"2019-12-31";"Umzug";"Essen";"terminated";1000;"2019-05-12"
4371;"energy";"electricity";2300;2428;"2018-02-13";"2018-09-01";"";"";"";"Berlin";"indelivery";1000;"2018-11-06"
4372;"energy";"gas";10200;10212;"2018-05-16";"2018-06-01";"";"";"";"Hamburg";"indelivery";2001;"2020-01-02"
4373;"energy";"gas";9000;9629;"2018-05-09";"2019-06-01";"";"";"";"Mainz";"indelivery";2000;"2019-06-22"
4374;"energy";"gas";9200;9370;"2019-04-06";"2019-09-01";"";"";"";"Berlin";"indelivery";2001;"2019-10-31"
4375;"energy";"electricity";3200;"";"2018-08-11";"2019-02-01";"2019-02-01";"2019-03-01";"Wiederruf";"Altötting";"terminated";1000;"2019-03-01"
4376;"energy";"electricity";2200;2134;"2020-06-23";"2020-09-01";"";"";"";"Koblenz";"indelivery";1000;"2020-07-08"
4377;"energy";"electricity";2800;2972;"2020-05-28";"2020-07-01";"";"";"";"Kiel";"indelivery";1002;"2020-07-22"
4378;"energy";"electricity";2700;2746;"2019-09-12";"2019-11-01";"";"";"";"Mannheim";"indelivery";1001;"2019-09-28"
4379;"energy";"gas";10900;"";"2019-12-22";"2020-04-01";"";"";"";"Cologne";"indelivery";2000;"2020-05-01"
4380;"energy";"electricity";2500;"";"2018-07-11";"2018-11-01";"";"";"";"Kiel";"indelivery";1000;"2019-03-19"
4381;"energy";"electricity";2900;2771;"2020-08-15";"2020-10-01";"";"";"";"Neustadt";"indelivery";1000;"2020-09-10"
4382;"energy";"electricity";2400;2496;"2020-02-11";"2020-03-01";"";"";"";"Paderborn";"indelivery";1001;"2020-07-12"
4383;"energy";"electricity";2800;2860;"2018-05-25";"2019-02-01";"";"";"";"Wiesbaden";"indelivery";1000;"2019-12-20"
4384;"energy";"electricity";3000;2852;"2018-06-17";"2018-07-01";"";"";"";"Pfarrkirchen";"indelivery";1000;"2019-12-29"
4385;"energy";"electricity";3000;3188;"2020-03-10";"2020-10-01";"";"";"";"Augsburg";"indelivery";1000;"2020-04-03"
4386;"energy";"electricity";2800;2785;"2018-01-11";"2018-02-01";"";"";"";"Kassel";"indelivery";1001;"2020-07-15"
4387;"energy";"electricity";2400;2571;"2020-08-29";"2020-11-01";"";"";"";"Dortmund";"active";1002;"2020-09-23"
4388;"energy";"electricity";2700;2785;"2019-09-22";"2019-11-01";"2020-09-30";"2020-08-29";"fristgerecht durch Kunde";"Berlin";"terminated";1001;"2020-02-03"
4389;"energy";"electricity";2200;2328;"2019-02-27";"2019-03-01";"";"";"";"Frankfurt";"indelivery";1001;"2019-09-23"
4390;"energy";"electricity";2100;2025;"2019-08-01";"2019-09-01";"2020-01-31";"2020-01-02";"fristgerecht durch Kunde";"Essen";"terminated";1002;"2020-01-02"
4391;"energy";"electricity";2300;2476;"2019-10-23";"2020-02-01";"";"";"";"Mainz";"indelivery";1000;"2020-06-28"
4392;"energy";"electricity";2400;2365;"2020-06-30";"2020-07-01";"2020-12-31";"2020-12-03";"fristgerecht durch Kunde";"Munich";"cancelled";1000;"2020-09-24"
4393;"energy";"gas";7900;7931;"2019-05-01";"2019-11-01";"2020-12-31";"2020-12-01";"fristgerecht durch LichtBlick";"Hamburg";"cancelled";2001;"2020-08-19"
4394;"energy";"gas";9200;9759;"2020-04-15";"2020-08-01";"";"";"";"Münster";"indelivery";2000;"2020-04-28"
4395;"energy";"electricity";3000;3125;"2018-10-04";"2019-04-01";"";"";"";"Ravensburg";"indelivery";1000;"2020-09-19"
4396;"energy";"electricity";2700;2860;"2018-09-21";"2018-11-01";"";"";"";"Stuttgart";"indelivery";1000;"2020-03-07"
4397;"energy";"electricity";2800;2833;"2018-03-04";"2018-04-01";"2020-12-31";"2020-11-30";"fristgerecht durch Kunde";"Wuppertal";"cancelled";1001;"2018-10-20"
4398;"energy";"electricity";2500;2612;"2019-01-14";"2019-03-01";"";"";"";"Hannover";"indelivery";1000;"2020-02-02"
4399;"energy";"electricity";2800;2689;"2018-07-07";"2018-09-01";"";"";"";"Cologne";"indelivery";1000;"2018-12-30"
4400;"energy";"electricity";2700;2613;"2019-12-06";"2020-04-01";"";"";"";"Bonn";"indelivery";1001;"2020-04-15"
4401;"energy";"gas";8200;8119;"2019-09-08";"2019-11-01";"";"";"";"Berlin";"indelivery";2000;"2019-10-09"
4402;"energy";"electricity";2700;2671;"2018-03-15";"2018-05-01";"2019-04-30";"2019-04-02";"fristgerecht durch LichtBlick";"Hamburg";"terminated";1001;"2019-03-25"
4403;"energy";"gas";8500;8967;"2019-04-08";"2019-06-01";"2020-06-30";"2020-05-27";"fristgerecht durch LichtBlick";"Leipzig";"terminated";2000;"2019-12-17"
4404;"energy";"electricity";2300;2479;"2018-04-02";"2018-06-01";"";"";"";"Hamburg";"indelivery";1000;"2020-06-23"
4405;"energy";"gas";9500;9154;"2018-12-03";"2019-04-01";"2020-11-30";"2020-10-30";"fristgerecht durch Kunde";"Münster";"cancelled";2001;"2020-08-08"
4406;"energy";"electricity";2400;2403;"2018-05-09";"2018-07-01";"2019-12-31";"2019-11-30";"Umzug";"Munich";"terminated";1001;"2019-11-30"
4407;"energy";"electricity";2500;2599;"2020-07-06";"2020-09-01";"";"";"";"Lübeck";"indelivery";1000;"2020-09-13"
4408;"energy";"electricity";2900;3101;"2019-08-10";"2020-01-01";"";"";"";"Hamburg";"indelivery";1002;"2020-02-01"
4409;"energy";"electricity";2500;2528;"2018-12-05";"2019-03-01";"2019-12-31";"2019-11-30";"Umzug";"Wiesbaden";"terminated";1002;"2019-11-30"
4410;"energy";"gas";9500;10162;"2020-04-08";"2020-10-01";"";"";"";"Hamburg";"indelivery";2001;"2020-09-19"
4411;"energy";"electricity";1900;1832;"2020-01-08";"2020-09-01";"";"";"";"Berlin";"indelivery";1000;"2020-03-10"
4412;"energy";"electricity";2100;2265;"2019-05-13";"2019-06-01";"2020-10-31";"2020-10-03";"fristgerecht durch LichtBlick";"Rosenheim";"cancelled";1001;"2019-09-29"
4413;"energy";"electricity";2800;2824;"2018-01-18";"2018-09-01";"2019-06-30";"2019-05-31";"Umzug";"Leipzig";"terminated";1000;"2018-01-19"
4414;"energy";"electricity";2000;2097;"2019-09-28";"2019-12-01";"";"";"";"Stuttgart";"indelivery";1000;"2020-08-18"
4415;"energy";"electricity";2200;"";"2018-04-19";"2018-07-01";"2019-08-31";"2019-08-02";"fristgerecht durch LichtBlick";"Hannover";"terminated";1000;"2019-06-19"
4416;"energy";"electricity";2900;2863;"2019-05-14";"2019-07-01";"2020-01-31";"2019-12-28";"Umzug";"Wuppertal";"terminated";1002;"2019-11-06"
4417;"energy";"gas";11200;12112;"2019-03-03";"2019-05-01";"";"";"";"Kiel";"indelivery";2001;"2019-11-14"
4418;"energy";"electricity";2700;2885;"2019-03-07";"2019-10-01";"";"";"";"Bremen";"indelivery";1000;"2020-05-15"
4419;"energy";"electricity";2400;2349;"2020-09-30";"2021-03-01";"";"";"";"Leverkusen";"active";1002;"2020-09-30"
4420;"energy";"gas";8300;8981;"2020-01-14";"2020-04-01";"";"";"";"Wiesbaden";"indelivery";2000;"2020-09-19"
4421;"energy";"electricity";2300;2505;"2020-07-30";"2020-12-01";"";"";"";"Düsseldorf";"active";1000;"2020-09-26"
4422;"energy";"electricity";2000;2025;"2018-04-18";"2018-08-01";"";"";"";"Cologne";"indelivery";1001;"2019-07-15"
4423;"energy";"electricity";2800;2776;"2019-08-02";"2019-10-01";"";"";"";"Karlsruhe";"indelivery";1002;"2020-07-10"
4424;"energy";"electricity";2100;2002;"2019-12-20";"2020-02-01";"";"";"";"Munich";"indelivery";1002;"2020-07-03"
4425;"energy";"electricity";2500;2473;"2019-08-21";"2019-11-01";"";"";"";"Stuttgart";"indelivery";1001;"2019-12-18"
4426;"energy";"gas";7700;"";"2019-08-24";"2019-10-01";"";"";"";"Berlin";"indelivery";2001;"2020-07-01"
4427;"energy";"gas";11300;11908;"2019-07-29";"2019-11-01";"";"";"";"Dresden";"indelivery";2001;"2019-10-07"
4428;"energy";"electricity";2300;2330;"2018-01-27";"2018-03-01";"";"";"";"Gießen";"indelivery";1002;"2020-07-06"
4429;"energy";"electricity";3000;3023;"2019-04-09";"2019-08-01";"";"";"";"Hannover";"indelivery";1000;"2019-07-01"
4430;"energy";"electricity";2800;2740;"2019-03-05";"2019-05-01";"2019-10-31";"2019-09-27";"fristgerecht durch LichtBlick";"Lübeck";"terminated";1000;"2019-09-27"
4431;"energy";"electricity";3000;"";"2018-12-15";"2019-02-01";"";"";"";"Duisburg";"indelivery";1000;"2019-01-14"
4432;"energy";"electricity";2200;2274;"2019-03-06";"2019-05-01";"";"";"";"Hamburg";"indelivery";1002;"2019-11-24"
4433;"energy";"electricity";2500;2411;"2020-07-11";"2020-09-01";"";"";"";"Saarbrücken";"indelivery";1002;"2020-07-22"
4434;"energy";"electricity";2300;2191;"2019-01-13";"2019-07-01";"";"";"";"Münster";"indelivery";1000;"2019-10-24"
4435;"energy";"electricity";2700;2828;"2019-05-19";"2020-04-01";"";"";"";"Frankfurt";"indelivery";1002;"2020-05-16"
4436;"energy";"electricity";2700;2771;"2019-05-04";"2019-06-01";"2019-11-30";"2019-10-26";"Umzug";"Munich";"terminated";1002;"2019-10-26"
4437;"energy";"electricity";2400;"";"2018-10-31";"2018-11-01";"";"";"";"Berlin";"indelivery";1002;"2020-03-29"
4438;"energy";"electricity";2800;2815;"2020-08-14";"2020-10-01";"";"";"";"Mannheim";"indelivery";1000;"2020-09-24"
4439;"energy";"electricity";2400;2370;"2019-07-03";"2020-01-01";"";"";"";"Berlin";"indelivery";1001;"2019-10-21"
4440;"energy";"electricity";2100;2172;"2019-06-22";"2020-06-01";"";"";"";"Frankfurt";"indelivery";1001;"2019-12-14"
4441;"energy";"electricity";2600;2518;"2018-07-13";"2018-10-01";"";"";"";"Marienberg";"indelivery";1001;"2020-01-31"
4442;"energy";"electricity";2200;"";"2020-05-07";"2020-07-01";"";"";"";"Koblenz";"indelivery";1000;"2020-07-21"
4443;"energy";"gas";8900;9415;"2018-12-29";"2019-02-01";"";"";"";"Bremen";"indelivery";2000;"2020-02-09"
4444;"energy";"electricity";2700;"";"2020-03-07";"2020-08-01";"";"";"";"Munich";"indelivery";1000;"2020-05-14"
4445;"energy";"gas";10800;11332;"2020-03-27";"2020-05-01";"";"";"";"Ingolstadt";"indelivery";2000;"2020-06-17"
4446;"energy";"electricity";2500;2365;"2020-07-31";"2020-11-01";"";"";"";"Stuttgart";"active";1001;"2020-09-01"
4447;"energy";"electricity";2400;2489;"2020-04-26";"2020-10-01";"";"";"";"Bremerhaven";"indelivery";1001;"2020-06-05"
4448;"energy";"electricity";2300;2285;"2019-08-08";"2020-06-01";"";"";"";"Berlin";"indelivery";1001;"2020-09-24"
4449;"energy";"gas";10100;"";"2019-10-08";"2019-12-01";"2020-12-31";"2020-12-02";"fristgerecht durch LichtBlick";"Schwerin";"cancelled";2000;"2020-01-13"
4450;"energy";"electricity";2400;2382;"2020-08-31";"2020-11-01";"";"";"";"Düsseldorf";"active";1001;"2020-09-03"
4451;"energy";"electricity";2000;1970;"2019-01-24";"2019-07-01";"";"";"";"Munich";"indelivery";1001;"2020-01-17"
4452;"energy";"electricity";2200;2082;"2020-03-03";"2020-04-01";"";"";"";"Berlin";"indelivery";1002;"2020-03-20"
4453;"energy";"electricity";2300;2395;"2018-11-03";"2019-03-01";"";"";"";"Kiel";"indelivery";1001;"2019-07-28"
4454;"energy";"electricity";2300;2312;"2020-09-21";"2020-10-01";"";"";"";"Oldenburg";"indelivery";1002;"2020-09-28"
4455;"energy";"electricity";2500;2646;"2020-03-24";"2020-08-01";"";"";"";"Heidelberg";"indelivery";1000;"2020-06-09"
4456;"energy";"electricity";2300;2448;"2018-11-25";"2019-01-01";"";"";"";"Lübeck";"indelivery";1000;"2019-03-16"
4457;"energy";"electricity";2200;2240;"2019-05-07";"2019-07-01";"2020-05-31";"2020-05-01";"fristgerecht durch Kunde";"Berlin";"terminated";1002;"2019-09-07"
4458;"energy";"electricity";2300;2220;"2019-10-24";"2019-12-01";"";"";"";"Kiel";"indelivery";1002;"2020-04-08"
4459;"energy";"electricity";2300;2478;"2019-05-08";"2019-07-01";"";"";"";"Cologne";"indelivery";1000;"2020-09-14"
4460;"energy";"electricity";2400;2462;"2020-02-07";"2020-07-01";"";"";"";"Cologne";"indelivery";1001;"2020-04-06"
4461;"energy";"electricity";2400;2339;"2019-04-11";"2019-09-01";"2020-02-29";"2020-02-01";"fristgerecht durch Kunde";"Berlin";"terminated";1001;"2019-04-26"
4462;"energy";"electricity";2300;2502;"2020-02-14";"2021-01-01";"";"";"";"Berlin";"active";1000;"2020-04-23"
4463;"energy";"electricity";2800;2886;"2020-07-09";"2021-01-01";"";"";"";"Essen";"active";1001;"2020-09-08"
4464;"energy";"electricity";2800;2986;"2018-03-25";"2018-09-01";"2018-09-01";"2020-09-02";"Wiederruf";"Berlin";"terminated";1001;"2018-04-15"
4465;"energy";"electricity";2500;2625;"2020-06-01";"2020-07-01";"";"";"";"Magdeburg";"indelivery";1001;"2020-09-21"
4466;"energy";"electricity";2400;2558;"2018-11-28";"2019-07-01";"";"";"";"Münster";"indelivery";1002;"2019-06-19"
4467;"energy";"electricity";2900;2862;"2020-01-17";"2020-05-01";"";"";"";"Dortmund";"indelivery";1001;"2020-06-26"
4468;"energy";"electricity";2000;2113;"2019-01-19";"2019-07-01";"";"";"";"Cologne";"indelivery";1001;"2020-03-26"
4469;"energy";"gas";9900;9731;"2020-07-25";"2020-09-01";"";"";"";"Dresden";"indelivery";2000;"2020-07-29"
4470;"energy";"gas";8100;8249;"2020-07-17";"2020-09-01";"";"";"";"Mannheim";"indelivery";2001;"2020-09-02"
4471;"energy";"electricity";2800;2882;"2019-05-07";"2019-09-01";"";"";"";"Stuttgart";"indelivery";1002;"2019-11-16"
4472;"energy";"electricity";2400;2468;"2018-12-02";"2019-01-01";"2019-07-31";"2019-07-03";"fristgerecht durch LichtBlick";"Bremen";"terminated";1001;"2019-07-03"
4473;"energy";"electricity";2700;2576;"2018-12-11";"2019-03-01";"";"";"";"Bremen";"indelivery";1001;"2020-06-25"
4474;"energy";"electricity";2400;2513;"2020-05-16";"2021-01-01";"";"";"";"Munich";"active";1002;"2020-06-09"
4475;"energy";"electricity";2500;2646;"2018-10-09";"2018-12-01";"";"";"";"Dresden";"indelivery";1001;"2019-03-13"
4476;"energy";"electricity";2100;2183;"2020-05-10";"2020-06-01";"";"";"";"Berlin";"indelivery";1002;"2020-09-11"
4477;"energy";"electricity";2300;"";"2019-06-29";"2019-08-01";"";"";"";"Rostock";"indelivery";1001;"2020-08-21"
4478;"energy";"electricity";2600;2678;"2019-01-31";"2019-08-01";"";"";"";"Steinfurt";"indelivery";1002;"2019-10-26"
4479;"energy";"electricity";3000;2939;"2019-04-11";"2019-06-01";"";"";"";"Kaiserslautern";"indelivery";1002;"2019-12-30"
4480;"energy";"electricity";2400;2366;"2019-10-28";"2020-01-01";"";"";"";"Marienberg";"indelivery";1000;"2019-11-15"
4481;"energy";"electricity";2700;2879;"2018-11-04";"2019-10-01";"";"";"";"Koblenz";"indelivery";1000;"2020-06-09"
4482;"energy";"electricity";2700;2580;"2019-05-31";"2020-06-01";"2020-12-31";"2020-12-01";"fristgerecht durch LichtBlick";"Leipzig";"cancelled";1000;"2019-10-01"
4483;"energy";"electricity";2700;2666;"2018-01-30";"2018-07-01";"";"";"";"Bremerhaven";"indelivery";1000;"2020-08-03"
4484;"energy";"electricity";2800;3009;"2018-09-25";"2018-10-01";"";"";"";"Dortmund";"indelivery";1002;"2018-11-23"
4485;"energy";"electricity";2300;2253;"2018-05-07";"2018-08-01";"";"";"";"Berlin";"indelivery";1000;"2018-06-03"
4486;"energy";"electricity";2700;2636;"2019-12-05";"2020-06-01";"";"";"";"Duisburg";"indelivery";1002;"2020-09-24"
4487;"energy";"gas";9500;9099;"2020-03-01";"2020-05-01";"";"";"";"Potsdam";"indelivery";2001;"2020-07-02"
4488;"energy";"electricity";2600;2705;"2019-01-14";"2019-05-01";"";"";"";"Magdeburg";"indelivery";1001;"2020-04-10"
4489;"energy";"electricity";2600;"";"2018-06-16";"2018-08-01";"";"";"";"Freiburg";"indelivery";1000;"2019-12-04"
4490;"energy";"electricity";2600;2616;"2020-01-15";"2020-04-01";"";"";"";"Osnabrück";"indelivery";1000;"2020-08-04"
4491;"energy";"gas";7800;"";"2018-09-21";"2018-10-01";"";"";"";"Berlin";"indelivery";2000;"2020-05-15"
4492;"energy";"electricity";2400;2281;"2019-02-16";"2019-05-01";"";"";"";"Kiel";"indelivery";1002;"2019-08-22"
4493;"energy";"electricity";2900;2932;"2020-01-15";"2020-03-01";"";"";"";"Bad Homburg";"indelivery";1001;"2020-05-09"
4494;"energy";"electricity";2100;2120;"2019-06-22";"2020-06-01";"";"";"";"Berlin";"indelivery";1001;"2019-07-30"
4495;"energy";"electricity";2600;2671;"2020-07-09";"2020-10-01";"";"";"";"Heidelberg";"indelivery";1001;"2020-08-07"
4496;"energy";"electricity";2500;2423;"2019-07-12";"2019-12-01";"";"";"";"Munich";"indelivery";1000;"2019-08-23"
4497;"energy";"electricity";2400;2403;"2020-09-27";"2020-11-01";"";"";"";"Hamburg";"active";1000;"2020-09-30"
4498;"energy";"electricity";2000;2124;"2020-06-29";"2021-01-01";"";"";"";"Magdeburg";"active";1000;"2020-09-01"
4499;"energy";"gas";11700;12455;"2019-09-04";"2020-07-01";"";"";"";"Leipzig";"indelivery";2000;"2019-10-18"
4500;"energy";"electricity";2500;2348;"2018-05-13";"2018-07-01";"2020-04-30";"2020-04-02";"Umzug";"Bonn";"terminated";1001;"2018-09-19"
4501;"energy";"electricity";1800;1916;"2018-01-19";"2018-02-01";"2018-02-01";"2018-08-01";"Wiederruf";"Hamburg";"terminated";1001;"2018-08-01"
4502;"energy";"electricity";2400;2429;"2020-09-24";"2021-09-01";"";"";"";"Cologne";"active";1000;"2020-09-25"
4503;"energy";"gas";8400;8711;"2019-12-04";"2020-03-01";"2020-05-31";"2020-05-02";"fristgerecht durch LichtBlick";"Leipzig";"terminated";2001;"2020-05-02"
4504;"energy";"gas";10300;10249;"2019-12-29";"2020-03-01";"";"";"";"Berlin";"indelivery";2000;"2020-03-18"
4505;"energy";"gas";11000;11883;"2018-12-14";"2019-03-01";"2020-04-30";"2020-04-02";"Umzug";"Berlin";"terminated";2001;"2020-03-08"
4506;"energy";"electricity";2500;2423;"2019-10-23";"2020-05-01";"";"";"";"Duisburg";"indelivery";1001;"2020-06-11"
4507;"energy";"electricity";2500;2510;"2020-08-28";"2020-10-01";"";"";"";"Hannover";"indelivery";1001;"2020-09-04"
4508;"energy";"electricity";2100;2178;"2019-11-30";"2019-12-01";"2020-07-31";"2020-06-30";"fristgerecht durch Kunde";"Bonn";"terminated";1001;"2020-06-20"
4509;"energy";"electricity";2900;3015;"2019-05-08";"2019-11-01";"";"";"";"Fürth";"indelivery";1001;"2019-06-26"
4510;"energy";"electricity";2500;2461;"2019-07-06";"2019-12-01";"";"";"";"Kiel";"indelivery";1001;"2020-05-16"
4511;"energy";"electricity";2300;2502;"2018-10-24";"2019-01-01";"";"";"";"Münster";"indelivery";1000;"2020-07-18"
4512;"energy";"electricity";2200;2115;"2020-07-30";"2020-09-01";"";"";"";"Düsseldorf";"indelivery";1002;"2020-09-09"
4513;"energy";"electricity";2600;2811;"2019-09-15";"2020-02-01";"";"";"";"Stuttgart";"indelivery";1001;"2020-09-13"
4514;"energy";"electricity";2000;1980;"2019-07-23";"2020-12-01";"";"";"";"Berlin";"active";1002;"2020-01-22"
4515;"energy";"electricity";2500;2364;"2018-05-16";"2018-10-01";"";"";"";"Berlin";"indelivery";1001;"2019-08-20"
4516;"energy";"electricity";2500;2635;"2020-07-07";"2020-10-01";"";"";"";"Bonn";"indelivery";1000;"2020-09-15"
4517;"energy";"electricity";2500;2647;"2018-01-10";"2018-04-01";"";"";"";"Berlin";"indelivery";1002;"2019-10-28"
4518;"energy";"electricity";2300;2432;"2019-06-25";"2019-09-01";"";"";"";"Berlin";"indelivery";1002;"2019-09-09"
4519;"energy";"electricity";2900;2825;"2018-12-25";"2019-03-01";"2020-04-30";"2020-04-01";"Umzug";"Stuttgart";"terminated";1001;"2019-03-12"
4520;"energy";"electricity";2400;2448;"2018-06-24";"2018-09-01";"";"";"";"Dortmund";"indelivery";1002;"2019-08-11"
4521;"energy";"electricity";2200;2316;"2018-04-08";"2018-07-01";"";"";"";"Berlin";"indelivery";1000;"2018-11-17"
4522;"energy";"electricity";3000;3233;"2019-04-04";"2020-09-01";"";"";"";"Kempten";"indelivery";1000;"2020-04-25"
4523;"energy";"electricity";2000;"";"2019-08-11";"2020-03-01";"";"";"";"Hamburg";"indelivery";1001;"2020-02-15"
4524;"energy";"electricity";2100;2237;"2019-03-20";"2019-07-01";"";"";"";"Lübeck";"indelivery";1000;"2020-05-14"
4525;"energy";"electricity";2100;2066;"2018-04-24";"2018-07-01";"2018-08-31";"2018-08-03";"fristgerecht durch Kunde";"Frankfurt";"terminated";1000;"2018-08-03"
4526;"energy";"electricity";2000;1946;"2020-04-07";"2020-07-01";"";"";"";"Hamburg";"indelivery";1001;"2020-05-18"
4527;"energy";"gas";9400;9421;"2019-05-22";"2019-09-01";"";"";"";"Cologne";"indelivery";2001;"2020-06-17"
4528;"energy";"electricity";2300;2302;"2018-10-08";"2019-02-01";"";"";"";"Sömmerda";"indelivery";1002;"2019-10-15"
4529;"energy";"electricity";2300;2163;"2019-08-19";"2019-10-01";"";"";"";"Munich";"indelivery";1001;"2020-04-06"
4530;"energy";"electricity";3000;2908;"2018-09-29";"2019-09-01";"";"";"";"Bremen";"indelivery";1001;"2018-11-11"
4531;"energy";"electricity";2900;2785;"2018-03-04";"2018-05-01";"";"";"";"Stuttgart";"indelivery";1002;"2018-09-01"
4532;"energy";"electricity";2200;2097;"2018-05-28";"2018-10-01";"";"";"";"Hamburg";"indelivery";1002;"2018-11-18"
4533;"energy";"electricity";2100;2025;"2019-12-14";"2020-01-01";"";"";"";"Munich";"indelivery";1000;"2020-06-04"
4534;"energy";"electricity";2700;2653;"2020-09-03";"2020-11-01";"";"";"";"Halberstadt";"active";1000;"2020-09-23"
4535;"energy";"electricity";2000;"";"2018-01-20";"2018-05-01";"2018-05-01";"2019-11-29";"Wiederruf";"Wiesbaden";"terminated";1000;"2019-04-04"
4536;"energy";"electricity";2500;2619;"2019-07-26";"2019-09-01";"";"";"";"Munich";"indelivery";1002;"2020-06-22"
4537;"energy";"electricity";2700;2670;"2018-03-15";"2018-07-01";"2018-07-01";"2020-08-31";"Wiederruf";"Hamburg";"terminated";1000;"2019-01-09"
4538;"energy";"electricity";2800;2778;"2019-05-08";"2020-07-01";"";"";"";"Dresden";"indelivery";1002;"2020-07-20"
4539;"energy";"electricity";2100;2257;"2018-05-08";"2018-11-01";"";"";"";"Hannover";"indelivery";1001;"2018-07-08"
4540;"energy";"electricity";2500;2539;"2018-01-22";"2018-03-01";"2020-09-30";"2020-08-29";"fristgerecht durch LichtBlick";"Hofeck";"terminated";1000;"2020-06-25"
4541;"energy";"gas";9600;9412;"2019-10-04";"2020-04-01";"";"";"";"Bonn";"indelivery";2000;"2019-10-19"
4542;"energy";"gas";10700;10555;"2020-03-26";"2020-05-01";"";"";"";"Munich";"indelivery";2001;"2020-06-21"
4543;"energy";"electricity";2700;2631;"2019-03-09";"2019-05-01";"";"";"";"Hamburg";"indelivery";1002;"2019-12-11"
4544;"energy";"gas";8400;8509;"2020-07-18";"2020-11-01";"";"";"";"Essen";"active";2000;"2020-09-26"
4545;"energy";"gas";8400;8031;"2018-11-12";"2018-12-01";"";"";"";"Leipzig";"indelivery";2001;"2020-07-16"
4546;"energy";"electricity";2400;2408;"2020-06-14";"2020-10-01";"";"";"";"Dortmund";"indelivery";1001;"2020-09-20"
4547;"energy";"electricity";2600;2499;"2019-06-11";"2019-07-01";"2019-10-31";"2019-09-30";"fristgerecht durch Kunde";"Bremen";"terminated";1001;"2019-09-30"
4548;"energy";"electricity";2800;2833;"2019-05-23";"2020-01-01";"";"";"";"Bonn";"indelivery";1002;"2019-07-15"
4549;"energy";"electricity";2000;2111;"2019-08-23";"2019-09-01";"";"";"";"Bremen";"indelivery";1002;"2020-01-23"
4550;"energy";"electricity";2300;"";"2019-11-08";"2020-03-01";"";"";"";"Oldenburg";"indelivery";1001;"2020-06-06"
4551;"energy";"electricity";2800;2818;"2018-06-12";"2018-11-01";"";"";"";"Berlin";"indelivery";1001;"2018-09-20"
4552;"energy";"electricity";2400;2453;"2019-01-25";"2019-04-01";"";"";"";"Berlin";"indelivery";1002;"2020-01-27"
4553;"energy";"electricity";2300;2244;"2020-03-28";"2020-07-01";"";"";"";"Hamburg";"indelivery";1000;"2020-04-15"
4554;"energy";"electricity";2600;2697;"2020-07-31";"2020-09-01";"";"";"";"Altchemnitz";"indelivery";1000;"2020-08-10"
4555;"energy";"electricity";2600;2680;"2020-06-07";"2020-09-01";"";"";"";"Berlin";"indelivery";1001;"2020-06-16"
4556;"energy";"electricity";2100;2130;"2019-05-16";"2019-08-01";"";"";"";"Pfaffenhofen";"indelivery";1001;"2020-06-20"
4557;"energy";"electricity";2100;2157;"2018-12-04";"2019-02-01";"";"";"";"Mannheim";"indelivery";1002;"2020-03-19"
4558;"energy";"electricity";3000;3184;"2019-11-02";"2020-01-01";"";"";"";"Regensburg";"indelivery";1001;"2020-07-07"
4559;"energy";"electricity";2600;2606;"2018-10-05";"2018-12-01";"";"";"";"Munich";"indelivery";1000;"2018-10-29"
4560;"energy";"electricity";2700;2925;"2019-10-21";"2019-12-01";"";"";"";"Hamburg";"indelivery";1000;"2020-08-23"
4561;"energy";"electricity";2200;2343;"2019-04-19";"2019-06-01";"";"";"";"Heidelberg";"indelivery";1002;"2019-05-06"
4562;"energy";"electricity";2800;2933;"2018-06-30";"2018-09-01";"";"";"";"Duisburg";"indelivery";1002;"2019-03-08"
4563;"energy";"electricity";2500;"";"2019-07-15";"2019-12-01";"";"";"";"Berlin";"indelivery";1002;"2020-09-01"
4564;"energy";"gas";9000;9610;"2019-11-19";"2020-03-01";"";"";"";"Duisburg";"indelivery";2000;"2020-01-23"
4565;"energy";"electricity";2100;2021;"2018-08-05";"2019-02-01";"";"";"";"Berlin";"indelivery";1001;"2019-08-23"
4566;"energy";"electricity";2300;2221;"2020-07-31";"2020-12-01";"";"";"";"Berlin";"active";1002;"2020-08-26"
4567;"energy";"electricity";2100;2161;"2018-12-22";"2019-02-01";"";"";"";"Berlin";"indelivery";1000;"2020-08-22"
4568;"energy";"electricity";2400;"";"2020-02-01";"2020-05-01";"2020-05-01";"2020-10-31";"Wiederruf";"Hamburg";"terminated";1000;"2020-02-10"
4569;"energy";"electricity";2600;2595;"2018-06-05";"2018-07-01";"";"";"";"Hofeck";"indelivery";1000;"2019-11-28"
4570;"energy";"electricity";2300;2479;"2019-06-21";"2019-07-01";"2019-09-30";"2019-09-02";"fristgerecht durch Kunde";"Frankfurt";"terminated";1000;"2019-09-02"
4571;"energy";"electricity";2300;2449;"2020-08-21";"2020-09-01";"";"";"";"Munich";"indelivery";1000;"2020-08-23"
4572;"energy";"electricity";2400;2400;"2018-05-03";"2018-12-01";"";"";"";"Bitburg";"indelivery";1001;"2018-09-19"
4573;"energy";"electricity";2100;2144;"2018-02-21";"2018-04-01";"";"";"";"Heidelberg";"indelivery";1002;"2018-12-16"
4574;"energy";"electricity";2800;2781;"2020-09-09";"2020-10-01";"";"";"";"Wuppertal";"indelivery";1002;"2020-09-12"
4575;"energy";"electricity";2600;2801;"2018-05-23";"2018-07-01";"";"";"";"Fürth";"indelivery";1001;"2020-09-03"
4576;"energy";"electricity";2000;2096;"2018-04-23";"2018-11-01";"";"";"";"Düsseldorf";"indelivery";1000;"2020-06-19"
4577;"energy";"gas";10300;10231;"2019-03-21";"2019-05-01";"";"";"";"Mainz";"indelivery";2000;"2019-08-19"
4578;"energy";"electricity";2400;2435;"2020-06-17";"2020-09-01";"2020-12-31";"2020-12-03";"fristgerecht durch Kunde";"Wiesbaden";"cancelled";1000;"2020-09-13"
4579;"energy";"electricity";2200;2284;"2018-06-24";"2018-07-01";"";"";"";"Munich";"indelivery";1000;"2018-11-11"
4580;"energy";"electricity";2800;2979;"2019-04-14";"2019-06-01";"";"";"";"Cologne";"indelivery";1002;"2019-10-24"
4581;"energy";"electricity";2600;2639;"2019-07-20";"2019-11-01";"";"";"";"Mannheim";"indelivery";1002;"2020-02-17"
4582;"energy";"electricity";3000;2849;"2020-08-12";"2021-04-01";"";"";"";"Dresden";"active";1000;"2020-09-04"
4583;"energy";"electricity";3000;2941;"2018-06-13";"2018-07-01";"2018-10-31";"2018-10-02";"fristgerecht durch LichtBlick";"Freiburg";"terminated";1001;"2018-10-02"
4584;"energy";"electricity";2500;2596;"2020-02-19";"2020-08-01";"";"";"";"Frankfurt";"indelivery";1001;"2020-09-28"
4585;"energy";"electricity";2800;2946;"2019-03-22";"2019-05-01";"2019-12-31";"2019-11-29";"fristgerecht durch LichtBlick";"Essen";"terminated";1002;"2019-03-31"
4586;"energy";"electricity";2800;2774;"2018-05-02";"2019-02-01";"";"";"";"Hamburg";"indelivery";1002;"2020-07-26"
4587;"energy";"electricity";2200;2362;"2020-08-14";"2020-10-01";"";"";"";"Düsseldorf";"indelivery";1002;"2020-09-21"
4588;"energy";"electricity";1900;2052;"2019-08-09";"2020-12-01";"";"";"";"Berlin";"active";1000;"2020-01-05"
4589;"energy";"electricity";2100;2131;"2020-06-08";"2020-11-01";"";"";"";"Berlin";"active";1002;"2020-07-31"
4590;"energy";"electricity";2500;2499;"2018-09-06";"2018-11-01";"";"";"";"Berlin";"indelivery";1001;"2019-01-13"
4591;"energy";"gas";9100;9809;"2019-07-27";"2019-10-01";"";"";"";"Delmenhorst";"indelivery";2000;"2020-06-15"
4592;"energy";"gas";10000;9629;"2019-07-08";"2020-06-01";"";"";"";"Dortmund";"indelivery";2000;"2020-05-22"
4593;"energy";"electricity";2900;3052;"2019-11-25";"2020-09-01";"";"";"";"Mannheim";"indelivery";1000;"2020-05-06"
4594;"energy";"gas";7900;7919;"2020-07-09";"2020-09-01";"";"";"";"Stuttgart";"indelivery";2001;"2020-08-24"
4595;"energy";"electricity";2100;2088;"2020-05-17";"2021-04-01";"";"";"";"Berlin";"active";1002;"2020-08-12"
4596;"energy";"electricity";2700;2893;"2018-11-24";"2019-05-01";"";"";"";"Düsseldorf";"indelivery";1002;"2019-10-02"
4597;"energy";"electricity";2300;2327;"2018-03-01";"2018-04-01";"";"";"";"Hamburg";"indelivery";1002;"2019-05-14"
4598;"energy";"electricity";2400;2344;"2019-07-24";"2019-12-01";"";"";"";"Berlin";"indelivery";1000;"2019-09-25"
4599;"energy";"gas";8500;"";"2018-01-05";"2018-08-01";"2018-08-01";"2020-08-02";"Wiederruf";"Berlin";"terminated";2001;"2020-01-25"
4600;"energy";"electricity";2600;2583;"2020-09-23";"2020-11-01";"";"";"";"Berlin";"active";1000;"2020-09-25"
4601;"energy";"electricity";2400;2502;"2020-03-09";"2020-05-01";"";"";"";"Unna";"indelivery";1001;"2020-05-18"
4602;"energy";"electricity";2700;2721;"2019-09-07";"2019-10-01";"";"";"";"Heilbronn";"indelivery";1002;"2020-05-17"
4603;"energy";"electricity";2700;2612;"2018-04-01";"2018-08-01";"";"";"";"Hannover";"indelivery";1001;"2018-05-08"
4604;"energy";"electricity";2600;2809;"2019-10-21";"2019-12-01";"";"";"";"Berlin";"indelivery";1002;"2020-09-25"
4605;"energy";"gas";8400;8921;"2019-10-29";"2020-03-01";"";"";"";"Hamburg";"indelivery";2001;"2020-09-21"
4606;"energy";"electricity";2600;2748;"2018-12-15";"2019-02-01";"";"";"";"Düsseldorf";"indelivery";1001;"2019-08-27"
4607;"energy";"electricity";2400;"";"2019-06-15";"2019-09-01";"";"";"";"Munich";"indelivery";1000;"2019-12-25"
4608;"energy";"electricity";2600;2571;"2020-04-14";"2020-06-01";"";"";"";"Bad Salzungen";"indelivery";1002;"2020-08-03"
4609;"energy";"electricity";2800;"";"2018-11-29";"2019-06-01";"";"";"";"Marienberg";"indelivery";1002;"2019-07-31"
4610;"energy";"electricity";2300;2207;"2019-11-20";"2020-09-01";"";"";"";"Regensburg";"indelivery";1002;"2020-04-30"
4611;"energy";"electricity";2400;2351;"2018-10-10";"2018-12-01";"";"";"";"Essen";"indelivery";1000;"2019-02-03"
4612;"energy";"electricity";2800;2863;"2019-04-04";"2019-10-01";"";"";"";"Heilbronn";"indelivery";1002;"2020-08-11"
4613;"energy";"electricity";2700;2902;"2019-03-06";"2019-05-01";"";"";"";"Braunschweig";"indelivery";1002;"2019-05-29"
4614;"energy";"gas";11500;11197;"2020-02-18";"2020-03-01";"2020-10-31";"2020-09-29";"fristgerecht durch LichtBlick";"Hamburg";"cancelled";2001;"2020-02-26"
4615;"energy";"electricity";2800;2937;"2018-10-01";"2019-06-01";"";"";"";"Berlin";"indelivery";1000;"2019-11-21"
4616;"energy";"electricity";2900;3019;"2018-06-29";"2018-08-01";"";"";"";"Bremen";"indelivery";1000;"2019-11-25"
4617;"energy";"electricity";2900;2980;"2020-05-31";"2020-07-01";"";"";"";"Essen";"indelivery";1002;"2020-06-22"
4618;"energy";"electricity";2600;2808;"2019-05-12";"2019-07-01";"2020-11-30";"2020-10-31";"fristgerecht durch Kunde";"Düsseldorf";"cancelled";1001;"2020-03-03"
4619;"energy";"electricity";2000;1893;"2019-07-17";"2019-09-01";"";"";"";"Berlin";"indelivery";1002;"2019-11-02"
4620;"energy";"electricity";2200;2172;"2018-11-09";"2018-12-01";"2019-05-31";"2019-04-27";"fristgerecht durch Kunde";"Frankfurt";"terminated";1001;"2019-02-27"
4621;"energy";"gas";8900;8853;"2018-05-20";"2018-06-01";"";"";"";"Hamburg";"indelivery";2000;"2019-09-19"
4622;"energy";"electricity";2900;2940;"2018-05-26";"2018-07-01";"2019-08-31";"2019-08-01";"Umzug";"Ingolstadt";"terminated";1002;"2018-08-06"
4623;"energy";"electricity";2400;2308;"2019-12-27";"2020-01-01";"";"";"";"Dortmund";"indelivery";1002;"2020-02-28"
4624;"energy";"electricity";2900;2926;"2018-02-21";"2018-09-01";"2018-09-01";"2019-04-02";"Wiederruf";"Bielefeld";"terminated";1000;"2019-03-12"
4625;"energy";"electricity";2300;2189;"2019-08-10";"2019-11-01";"2020-01-31";"2020-01-02";"fristgerecht durch Kunde";"Ingolstadt";"terminated";1000;"2019-08-12"
4626;"energy";"electricity";2500;2356;"2020-09-02";"2020-11-01";"";"";"";"Hamburg";"active";1000;"2020-09-02"
4627;"energy";"gas";10100;10253;"2019-10-25";"2019-12-01";"2020-02-29";"2020-01-30";"fristgerecht durch LichtBlick";"Soest";"terminated";2000;"2020-01-30"
4628;"energy";"electricity";2800;2900;"2020-06-21";"2020-08-01";"";"";"";"Düsseldorf";"indelivery";1002;"2020-07-25"
4629;"energy";"electricity";2500;2502;"2019-04-11";"2019-06-01";"";"";"";"Berlin";"indelivery";1000;"2019-06-05"
4630;"energy";"electricity";2400;2369;"2020-01-13";"2020-05-01";"";"";"";"Berlin";"indelivery";1002;"2020-06-20"
4631;"energy";"electricity";2800;2873;"2018-02-11";"2018-03-01";"2020-03-31";"2020-03-02";"fristgerecht durch Kunde";"Bonn";"terminated";1002;"2019-06-07"
4632;"energy";"electricity";2000;2193;"2019-05-04";"2019-07-01";"2019-07-01";"2020-02-27";"Wiederruf";"Essen";"terminated";1000;"2020-02-27"
4633;"energy";"gas";9300;8937;"2020-04-18";"2020-08-01";"";"";"";"Ulm";"indelivery";2001;"2020-08-02"
4634;"energy";"gas";11900;"";"2020-02-05";"2020-03-01";"2020-03-01";"2020-10-03";"Wiederruf";"Duisburg";"terminated";2001;"2020-08-16"
4635;"energy";"gas";10900;11593;"2019-01-16";"2019-07-01";"";"";"";"Koblenz";"indelivery";2000;"2019-01-16"
4636;"energy";"electricity";2700;2658;"2020-01-15";"2020-05-01";"";"";"";"Saarbrücken";"indelivery";1000;"2020-03-30"
4637;"energy";"electricity";3000;2915;"2019-09-01";"2020-02-01";"";"";"";"Altchemnitz";"indelivery";1000;"2020-06-05"
4638;"energy";"electricity";2800;2860;"2020-06-16";"2020-08-01";"";"";"";"Berlin";"indelivery";1000;"2020-09-15"
4639;"energy";"gas";8000;7827;"2018-01-04";"2018-02-01";"2018-06-30";"2018-05-29";"fristgerecht durch LichtBlick";"Munich";"terminated";2000;"2018-05-29"
4640;"energy";"electricity";2800;"";"2018-05-02";"2018-11-01";"";"";"";"Leipzig";"indelivery";1000;"2018-08-27"
4641;"energy";"electricity";2400;2314;"2020-05-11";"2020-09-01";"";"";"";"Berlin";"indelivery";1002;"2020-09-10"
4642;"energy";"electricity";2800;2835;"2019-12-19";"2020-04-01";"";"";"";"Lübeck";"indelivery";1002;"2020-02-04"
4643;"energy";"electricity";2900;3068;"2019-11-23";"2020-02-01";"";"";"";"Cologne";"indelivery";1001;"2020-02-03"
4644;"energy";"electricity";2000;1955;"2018-11-18";"2019-01-01";"";"";"";"Berlin";"indelivery";1001;"2019-07-29"
4645;"energy";"gas";8500;9115;"2018-02-27";"2018-08-01";"";"";"";"Bremerhaven";"indelivery";2001;"2020-06-28"
4646;"energy";"electricity";2600;2735;"2019-10-15";"2019-11-01";"";"";"";"Munich";"indelivery";1001;"2020-07-13"
4647;"energy";"gas";10500;11102;"2019-08-07";"2019-09-01";"";"";"";"Hamburg";"indelivery";2000;"2020-04-26"
4648;"energy";"electricity";2500;"";"2018-06-28";"2019-02-01";"";"";"";"Wiesbaden";"indelivery";1002;"2019-04-21"
4649;"energy";"electricity";2500;"";"2018-04-12";"2018-05-01";"";"";"";"Oldenburg";"indelivery";1002;"2020-06-05"
4650;"energy";"electricity";2600;2607;"2018-07-06";"2018-09-01";"2020-10-31";"2020-09-30";"fristgerecht durch Kunde";"Wiesbaden";"cancelled";1001;"2019-06-27"
4651;"energy";"electricity";2200;2213;"2018-04-12";"2018-07-01";"2018-07-01";"2019-10-28";"Wiederruf";"Berlin";"terminated";1002;"2019-10-28"
4652;"energy";"electricity";2400;2561;"2019-11-15";"2020-02-01";"";"";"";"Munich";"indelivery";1000;"2020-09-02"
4653;"energy";"electricity";2100;2017;"2018-04-02";"2018-07-01";"";"";"";"Osnabrück";"indelivery";1001;"2020-05-23"
4654;"energy";"electricity";2700;2676;"2019-07-28";"2019-11-01";"";"";"";"Wuppertal";"indelivery";1001;"2020-01-22"
4655;"energy";"electricity";2300;2289;"2018-10-06";"2019-01-01";"2019-01-01";"2019-08-01";"Wiederruf";"Dortmund";"terminated";1000;"2019-08-01"
4656;"energy";"electricity";2700;2828;"2019-12-20";"2020-03-01";"";"";"";"Oldenburg";"indelivery";1000;"2020-03-20"
4657;"energy";"electricity";2600;2529;"2019-09-14";"2019-10-01";"2020-03-31";"2020-03-03";"fristgerecht durch Kunde";"Forchheim";"terminated";1001;"2020-03-03"
4658;"energy";"electricity";2600;2481;"2018-11-02";"2019-04-01";"";"";"";"Berlin";"indelivery";1002;"2019-05-13"
4659;"energy";"gas";8500;8184;"2019-06-03";"2019-07-01";"";"";"";"Karlsruhe";"indelivery";2001;"2020-04-08"
4660;"energy";"electricity";2200;2252;"2018-10-04";"2019-06-01";"";"";"";"Dortmund";"indelivery";1002;"2018-11-16"
4661;"energy";"electricity";2000;2032;"2019-08-09";"2019-11-01";"";"";"";"Munich";"indelivery";1002;"2020-05-30"
4662;"energy";"electricity";2200;2143;"2018-06-24";"2018-11-01";"";"";"";"Berlin";"indelivery";1002;"2019-03-25"
4663;"energy";"electricity";2200;2126;"2018-10-20";"2019-07-01";"";"";"";"Lübeck";"indelivery";1001;"2019-05-11"
4664;"energy";"electricity";2700;2843;"2019-02-21";"2019-04-01";"";"";"";"Marienberg";"indelivery";1000;"2020-05-25"
4665;"energy";"electricity";2100;2254;"2018-11-23";"2019-01-01";"2020-01-31";"2020-01-02";"Umzug";"Fürth";"terminated";1002;"2020-01-02"
4666;"energy";"electricity";2200;2380;"2018-03-20";"2018-05-01";"";"";"";"Cologne";"indelivery";1002;"2019-09-10"
4667;"energy";"electricity";2500;2514;"2020-04-19";"2020-07-01";"";"";"";"Munich";"indelivery";1001;"2020-06-30"
4668;"energy";"electricity";2500;2629;"2020-05-22";"2020-06-01";"";"";"";"Hamburg";"indelivery";1001;"2020-07-10"
4669;"energy";"electricity";2300;2433;"2019-04-10";"2019-05-01";"";"";"";"Berlin";"indelivery";1000;"2020-06-18"
4670;"energy";"electricity";1900;1995;"2019-08-06";"2019-12-01";"";"";"";"Berlin";"indelivery";1000;"2019-10-30"
4671;"energy";"electricity";2400;2554;"2019-04-14";"2019-06-01";"";"";"";"Düsseldorf";"indelivery";1002;"2019-11-09"
4672;"energy";"electricity";2700;2688;"2020-07-14";"2020-09-01";"";"";"";"Berlin";"indelivery";1000;"2020-09-10"
4673;"energy";"electricity";2100;2216;"2018-03-31";"2018-05-01";"2018-05-01";"2020-03-30";"Wiederruf";"Berlin";"terminated";1002;"2020-03-30"
4674;"energy";"electricity";2700;"";"2018-05-13";"2018-10-01";"";"";"";"Berlin";"indelivery";1000;"2019-08-31"
4675;"energy";"electricity";2200;2120;"2019-12-08";"2020-04-01";"";"";"";"Freiburg";"indelivery";1001;"2020-01-18"
4676;"energy";"electricity";2900;2904;"2019-05-28";"2019-07-01";"2019-07-01";"2020-07-30";"Wiederruf";"Berlin";"terminated";1002;"2020-06-04"
4677;"energy";"electricity";2300;2480;"2020-07-24";"2020-11-01";"";"";"";"Altchemnitz";"active";1000;"2020-08-21"
4678;"energy";"electricity";2100;2055;"2018-12-11";"2019-02-01";"";"";"";"Wunsiedel";"indelivery";1000;"2019-05-30"
4679;"energy";"gas";9400;8905;"2019-11-13";"2019-12-01";"";"";"";"Kiel";"indelivery";2000;"2020-07-14"
4680;"energy";"electricity";2300;2296;"2020-01-28";"2020-02-01";"";"";"";"Gera";"indelivery";1002;"2020-08-15"
4681;"energy";"electricity";2700;2647;"2018-02-17";"2018-08-01";"2018-08-01";"2018-11-02";"Wiederruf";"Hamburg";"terminated";1002;"2018-11-02"
4682;"energy";"gas";10100;10457;"2019-06-03";"2019-08-01";"";"";"";"Dresden";"indelivery";2001;"2020-07-01"
4683;"energy";"electricity";2200;2138;"2019-04-09";"2019-05-01";"";"";"";"Erfurt";"indelivery";1001;"2019-05-11"
4684;"energy";"electricity";2400;2342;"2020-07-27";"2020-11-01";"";"";"";"Kiel";"active";1002;"2020-09-19"
4685;"energy";"electricity";2300;2228;"2018-01-27";"2018-03-01";"";"";"";"Berlin";"indelivery";1002;"2018-10-08"
4686;"energy";"electricity";2200;2272;"2019-12-29";"2020-02-01";"";"";"";"Münster";"indelivery";1002;"2020-08-25"
4687;"energy";"electricity";2600;2746;"2020-09-09";"2021-05-01";"";"";"";"Leipzig";"active";1001;"2020-09-19"
4688;"energy";"electricity";2800;2701;"2019-03-04";"2019-07-01";"";"";"";"Hamburg";"indelivery";1002;"2019-08-25"
4689;"energy";"electricity";2000;2038;"2020-01-22";"2020-06-01";"";"";"";"Cottbus";"indelivery";1001;"2020-07-09"
4690;"energy";"electricity";2200;2305;"2018-08-23";"2018-12-01";"";"";"";"Gera";"indelivery";1002;"2018-12-14"
4691;"energy";"electricity";2500;2427;"2019-02-02";"2019-05-01";"";"";"";"Bremerhaven";"indelivery";1000;"2020-08-03"
4692;"energy";"electricity";2900;2769;"2019-12-27";"2020-06-01";"";"";"";"Karlsruhe";"indelivery";1001;"2020-03-28"
4693;"energy";"electricity";2200;2159;"2018-01-18";"2018-04-01";"";"";"";"Berlin";"indelivery";1001;"2018-09-01"
4694;"energy";"electricity";2600;2653;"2019-09-14";"2020-03-01";"2020-09-30";"2020-09-02";"fristgerecht durch LichtBlick";"Braunschweig";"terminated";1002;"2020-08-07"
4695;"energy";"gas";9300;9200;"2020-04-03";"2020-05-01";"";"";"";"Cologne";"indelivery";2001;"2020-07-30"
4696;"energy";"electricity";2900;3133;"2020-06-30";"2020-08-01";"";"";"";"Marienberg";"indelivery";1000;"2020-08-28"
4697;"energy";"electricity";2400;2287;"2018-02-17";"2018-11-01";"";"";"";"Leipzig";"indelivery";1000;"2018-05-06"
4698;"energy";"gas";8400;8015;"2020-01-23";"2020-03-01";"";"";"";"Hamburg";"indelivery";2001;"2020-02-24"
4699;"energy";"electricity";2500;"";"2020-03-20";"2020-04-01";"2020-08-31";"2020-07-31";"Umzug";"Dortmund";"terminated";1000;"2020-03-23"
4700;"energy";"gas";8900;9465;"2020-01-21";"2020-03-01";"";"";"";"Essen";"indelivery";2000;"2020-03-11"
4701;"energy";"electricity";2000;1966;"2019-08-24";"2020-07-01";"";"";"";"Hofeck";"indelivery";1001;"2020-07-30"
4702;"energy";"electricity";2100;2108;"2019-06-27";"2019-12-01";"";"";"";"Munich";"indelivery";1002;"2019-07-13"
4703;"energy";"electricity";2900;2900;"2019-11-08";"2020-04-01";"";"";"";"Augsburg";"indelivery";1001;"2020-02-18"
4704;"energy";"electricity";2300;"";"2018-10-31";"2018-12-01";"";"";"";"Kiel";"indelivery";1000;"2020-05-09"
4705;"energy";"electricity";1900;1955;"2018-03-27";"2018-04-01";"2018-06-30";"2018-05-31";"Umzug";"Berlin";"terminated";1001;"2018-05-31"
4706;"energy";"electricity";2200;2175;"2018-01-27";"2018-04-01";"";"";"";"Hamburg";"indelivery";1001;"2019-02-17"
4707;"energy";"electricity";2600;2599;"2019-10-01";"2020-07-01";"";"";"";"Gera";"indelivery";1000;"2020-01-18"
4708;"energy";"electricity";2600;2821;"2020-03-12";"2020-05-01";"";"";"";"Stuttgart";"indelivery";1001;"2020-03-27"
4709;"energy";"gas";8800;8556;"2019-08-26";"2020-01-01";"";"";"";"Marienberg";"indelivery";2001;"2019-09-16"
4710;"energy";"electricity";2900;3118;"2020-03-10";"2020-08-01";"";"";"";"Hamburg";"indelivery";1002;"2020-07-26"
4711;"energy";"gas";8700;"";"2018-11-13";"2020-03-01";"";"";"";"Regensburg";"indelivery";2001;"2019-10-29"
4712;"energy";"electricity";3000;2887;"2019-12-27";"2020-05-01";"";"";"";"Cologne";"indelivery";1000;"2020-03-29"
4713;"energy";"gas";11900;11511;"2018-08-06";"2018-11-01";"2019-03-31";"2019-03-02";"fristgerecht durch Kunde";"Münster";"terminated";2001;"2019-03-02"
4714;"energy";"electricity";2400;"";"2020-03-17";"2020-06-01";"";"";"";"Osnabrück";"indelivery";1001;"2020-03-24"
4715;"energy";"electricity";2300;2314;"2020-03-14";"2020-05-01";"";"";"";"Schwerin";"indelivery";1002;"2020-07-05"
4716;"energy";"electricity";2200;2171;"2018-08-21";"2018-10-01";"";"";"";"Bremen";"indelivery";1001;"2020-05-26"
4717;"energy";"electricity";2800;2808;"2019-08-07";"2019-10-01";"";"";"";"Essen";"indelivery";1002;"2019-10-08"
4718;"energy";"electricity";2900;2885;"2018-08-28";"2019-03-01";"";"";"";"Munich";"indelivery";1001;"2020-05-02"
4719;"energy";"electricity";2700;2679;"2020-08-15";"2020-10-01";"";"";"";"Leipzig";"indelivery";1002;"2020-08-15"
4720;"energy";"electricity";2500;2676;"2020-01-15";"2020-03-01";"";"";"";"Kassel";"indelivery";1000;"2020-04-13"
4721;"energy";"electricity";2700;2661;"2020-06-10";"2020-10-01";"";"";"";"Emden";"indelivery";1001;"2020-09-13"
4722;"energy";"electricity";2900;"";"2020-02-08";"2020-05-01";"";"";"";"Dortmund";"indelivery";1001;"2020-09-16"
4723;"energy";"electricity";2200;"";"2019-04-29";"2019-06-01";"";"";"";"Hamburg";"indelivery";1001;"2020-03-24"
4724;"energy";"electricity";2700;2927;"2018-08-10";"2018-09-01";"2019-07-31";"2019-07-03";"fristgerecht durch LichtBlick";"Munich";"terminated";1001;"2018-10-08"
4725;"energy";"electricity";2800;"";"2020-02-08";"2020-08-01";"";"";"";"Rosenheim";"indelivery";1001;"2020-03-15"
4726;"energy";"electricity";2700;2617;"2018-02-24";"2018-10-01";"2020-01-31";"2020-01-01";"Umzug";"Osnabrück";"terminated";1001;"2020-01-01"
4727;"energy";"electricity";2900;2805;"2020-02-15";"2020-04-01";"";"";"";"Dortmund";"indelivery";1000;"2020-07-19"
4728;"energy";"electricity";2100;2177;"2019-05-10";"2019-07-01";"";"";"";"Hamburg";"indelivery";1000;"2020-07-30"
4729;"energy";"electricity";2900;2794;"2019-11-08";"2020-01-01";"";"";"";"Erfurt";"indelivery";1000;"2020-06-30"
4730;"energy";"electricity";2500;2675;"2019-11-06";"2020-02-01";"";"";"";"Kassel";"indelivery";1000;"2020-04-01"
4731;"energy";"electricity";2200;2156;"2018-04-15";"2018-07-01";"";"";"";"Berlin";"indelivery";1000;"2020-08-29"
4732;"energy";"electricity";2100;2177;"2018-12-04";"2019-06-01";"";"";"";"Leipzig";"indelivery";1000;"2019-01-14"
4733;"energy";"electricity";2800;2908;"2018-06-17";"2019-05-01";"";"";"";"Rostock";"indelivery";1000;"2018-10-12"
4734;"energy";"electricity";2300;2204;"2019-09-21";"2019-11-01";"";"";"";"Potsdam";"indelivery";1001;"2019-12-17"
4735;"energy";"electricity";2300;2243;"2018-10-16";"2018-12-01";"2018-12-01";"2020-09-29";"Wiederruf";"Koblenz";"terminated";1002;"2019-12-12"
4736;"energy";"electricity";2400;2310;"2019-09-12";"2020-01-01";"";"";"";"Osnabrück";"indelivery";1002;"2020-07-18"
4737;"energy";"electricity";2600;2570;"2018-12-29";"2019-08-01";"";"";"";"Frankfurt";"indelivery";1000;"2019-10-10"
4738;"energy";"electricity";2500;2596;"2020-07-31";"2020-09-01";"";"";"";"Marienberg";"indelivery";1002;"2020-09-27"
4739;"energy";"electricity";2700;2789;"2020-07-31";"2021-01-01";"";"";"";"Hamburg";"active";1002;"2020-09-11"
4740;"energy";"electricity";2000;2154;"2018-10-21";"2019-03-01";"";"";"";"Berlin";"indelivery";1001;"2019-07-13"
4741;"energy";"gas";9300;9031;"2018-10-30";"2018-11-01";"";"";"";"Oldenburg";"indelivery";2000;"2019-08-09"
4742;"energy";"electricity";3000;3081;"2018-06-30";"2019-02-01";"2019-06-30";"2019-06-01";"Umzug";"Duisburg";"terminated";1000;"2019-06-01"
4743;"energy";"gas";8300;8097;"2018-07-01";"2018-11-01";"2019-07-31";"2019-07-02";"fristgerecht durch LichtBlick";"Hamburg";"terminated";2000;"2019-04-25"
4744;"energy";"electricity";2100;2088;"2020-01-23";"2020-04-01";"";"";"";"Karlsruhe";"indelivery";1002;"2020-06-26"
4745;"energy";"electricity";2300;2347;"2018-07-09";"2018-09-01";"";"";"";"Ingolstadt";"indelivery";1002;"2020-06-10"
4746;"energy";"electricity";2200;2083;"2020-09-01";"2021-04-01";"";"";"";"Wuppertal";"active";1002;"2020-09-19"
4747;"energy";"electricity";2200;2280;"2019-03-22";"2019-06-01";"2019-07-31";"2019-07-03";"Umzug";"Bremen";"terminated";1000;"2019-07-03"
4748;"energy";"electricity";2100;2220;"2018-07-19";"2019-03-01";"2020-06-30";"2020-06-02";"fristgerecht durch LichtBlick";"Marienberg";"terminated";1000;"2019-03-11"
4749;"energy";"electricity";2500;2486;"2018-04-28";"2018-10-01";"";"";"";"Marienberg";"indelivery";1000;"2020-01-11"
4750;"energy";"electricity";2700;"";"2019-04-05";"2019-06-01";"";"";"";"Hamburg";"indelivery";1001;"2019-12-11"
4751;"energy";"electricity";2400;2550;"2019-04-06";"2019-06-01";"";"";"";"Braunschweig";"indelivery";1001;"2019-11-03"
4752;"energy";"electricity";2300;2334;"2019-02-27";"2019-04-01";"";"";"";"Fürth";"indelivery";1000;"2019-07-02"
4753;"energy";"gas";8800;8777;"2018-04-29";"2018-11-01";"2018-11-01";"2019-07-03";"Wiederruf";"Augsburg";"terminated";2000;"2019-07-03"
4754;"energy";"electricity";2600;2542;"2019-03-26";"2019-04-01";"";"";"";"Duisburg";"indelivery";1001;"2019-12-20"
4755;"energy";"electricity";2300;2221;"2018-05-07";"2018-08-01";"";"";"";"Wuppertal";"indelivery";1002;"2020-03-07"
4756;"energy";"electricity";2600;2731;"2020-03-06";"2020-04-01";"2020-12-31";"2020-12-01";"Umzug";"Lübeck";"cancelled";1000;"2020-04-14"
4757;"energy";"gas";9500;9298;"2019-02-26";"2019-04-01";"";"";"";"Cologne";"indelivery";2000;"2020-08-03"
4758;"energy";"electricity";2300;2257;"2019-07-02";"2019-08-01";"";"";"";"Bonn";"indelivery";1000;"2020-07-02"
4759;"energy";"electricity";2700;2779;"2019-10-29";"2019-12-01";"";"";"";"Duisburg";"indelivery";1002;"2020-01-15"
4760;"energy";"electricity";2100;1986;"2020-02-26";"2020-07-01";"";"";"";"Augsburg";"indelivery";1001;"2020-04-17"
4761;"energy";"electricity";2100;2236;"2018-09-05";"2018-10-01";"2020-03-31";"2020-02-27";"Umzug";"Berlin";"terminated";1002;"2020-02-27"
4762;"energy";"electricity";2600;2570;"2020-02-27";"2020-03-01";"";"";"";"Dortmund";"indelivery";1001;"2020-03-21"
4763;"energy";"electricity";2900;"";"2019-08-18";"2019-09-01";"";"";"";"Munich";"indelivery";1000;"2020-09-21"
4764;"energy";"electricity";2200;2376;"2018-09-05";"2018-10-01";"";"";"";"Berlin";"indelivery";1001;"2020-08-30"
4765;"energy";"gas";8500;8757;"2018-04-23";"2019-03-01";"";"";"";"Rostock";"indelivery";2001;"2018-10-06"
4766;"energy";"electricity";3200;3180;"2019-12-23";"2020-02-01";"";"";"";"Hof";"indelivery";1000;"2020-08-27"
4767;"energy";"electricity";2600;2602;"2019-02-04";"2019-08-01";"2019-09-30";"2019-09-01";"fristgerecht durch Kunde";"Bremen";"terminated";1001;"2019-08-02"
4768;"energy";"electricity";2600;2622;"2020-09-22";"2020-11-01";"";"";"";"Dortmund";"active";1002;"2020-09-22"
4769;"energy";"electricity";2300;2487;"2018-02-20";"2018-06-01";"";"";"";"Munich";"indelivery";1000;"2020-09-29"
4770;"energy";"gas";8300;"";"2020-05-19";"2020-11-01";"";"";"";"Duisburg";"active";2000;"2020-08-27"
4771;"energy";"electricity";2200;2348;"2018-02-18";"2018-03-01";"";"";"";"Heidelberg";"indelivery";1002;"2019-05-04"
4772;"energy";"electricity";3000;3029;"2018-08-13";"2018-10-01";"";"";"";"Mainz";"indelivery";1002;"2019-08-03"
4773;"energy";"electricity";2400;2471;"2018-02-14";"2018-06-01";"";"";"";"Augsburg";"indelivery";1001;"2018-10-20"
4774;"energy";"electricity";2600;2569;"2018-01-23";"2018-03-01";"";"";"";"Schwerin";"indelivery";1002;"2020-07-15"
4775;"energy";"electricity";2200;2084;"2019-06-13";"2019-08-01";"";"";"";"Essen";"indelivery";1000;"2019-06-28"
4776;"energy";"electricity";3000;2970;"2018-03-29";"2018-09-01";"";"";"";"Würzburg";"indelivery";1001;"2018-10-23"
4777;"energy";"gas";9000;9455;"2020-03-16";"2020-04-01";"";"";"";"Munich";"indelivery";2001;"2020-06-03"
4778;"energy";"gas";10600;"";"2018-05-16";"2019-03-01";"";"";"";"Dortmund";"indelivery";2001;"2019-10-04"
4779;"energy";"electricity";1900;"";"2020-09-03";"2020-11-01";"";"";"";"Cologne";"active";1001;"2020-09-25"
4780;"energy";"electricity";2800;3013;"2018-07-18";"2019-01-01";"";"";"";"Tuttlingen";"indelivery";1000;"2018-11-23"
4781;"energy";"electricity";2000;2164;"2019-04-07";"2019-07-01";"";"";"";"Hamburg";"indelivery";1002;"2020-08-27"
4782;"energy";"electricity";1900;1981;"2020-01-23";"2020-06-01";"";"";"";"Hamburg";"indelivery";1000;"2020-04-04"
4783;"energy";"electricity";2300;2410;"2018-06-16";"2018-10-01";"2019-04-30";"2019-03-27";"fristgerecht durch Kunde";"Bielefeld";"terminated";1002;"2019-03-27"
4784;"energy";"electricity";2200;2137;"2019-01-07";"2019-03-01";"";"";"";"Stuttgart";"indelivery";1001;"2019-11-26"
4785;"energy";"electricity";2700;2873;"2018-11-10";"2019-07-01";"";"";"";"Hamburg";"indelivery";1002;"2019-05-04"
4786;"energy";"electricity";2500;2432;"2018-09-23";"2018-12-01";"";"";"";"Potsdam";"indelivery";1001;"2019-03-28"
4787;"energy";"electricity";2500;2569;"2020-06-17";"2020-11-01";"";"";"";"Würzburg";"active";1002;"2020-07-15"
4788;"energy";"electricity";2600;2654;"2019-11-01";"2019-12-01";"";"";"";"Hamburg";"indelivery";1001;"2019-12-12"
4789;"energy";"electricity";2200;2246;"2019-12-30";"2020-09-01";"";"";"";"Rosenheim";"indelivery";1000;"2020-03-06"
4790;"energy";"electricity";2600;2562;"2018-06-18";"2019-01-01";"2020-12-31";"2020-12-03";"fristgerecht durch Kunde";"Berlin";"cancelled";1000;"2020-05-09"
4791;"energy";"gas";10500;10557;"2020-05-25";"2020-09-01";"";"";"";"Flensburg";"indelivery";2001;"2020-08-29"
4792;"energy";"gas";7600;7292;"2018-06-06";"2018-07-01";"";"";"";"Cologne";"indelivery";2001;"2020-01-07"
4793;"energy";"electricity";2700;2615;"2019-08-18";"2019-09-01";"";"";"";"Bielefeld";"indelivery";1001;"2020-02-27"
4794;"energy";"electricity";2700;2783;"2018-08-01";"2019-06-01";"";"";"";"Cologne";"indelivery";1000;"2020-04-03"
4795;"energy";"electricity";2300;2245;"2018-09-29";"2019-03-01";"";"";"";"Hamburg";"indelivery";1002;"2020-09-30"
4796;"energy";"gas";10700;11199;"2019-05-14";"2020-01-01";"";"";"";"Ulm";"indelivery";2001;"2019-10-27"
4797;"energy";"electricity";2500;2574;"2018-12-01";"2019-04-01";"";"";"";"Hannover";"indelivery";1000;"2019-09-30"
4798;"energy";"electricity";2200;2246;"2018-06-17";"2018-11-01";"";"";"";"Magdeburg";"indelivery";1000;"2019-08-10"
4799;"energy";"electricity";2300;2168;"2018-02-17";"2018-06-01";"";"";"";"Mannheim";"indelivery";1000;"2018-06-17"
4800;"energy";"electricity";2700;2808;"2018-01-20";"2018-03-01";"2019-04-30";"2019-04-01";"Umzug";"Fürth";"terminated";1001;"2019-04-01"
4801;"energy";"electricity";2800;2740;"2019-06-02";"2019-08-01";"";"";"";"Cologne";"indelivery";1001;"2020-06-05"
4802;"energy";"electricity";2300;"";"2018-06-15";"2018-07-01";"2019-06-30";"2019-06-01";"Umzug";"Mainz";"terminated";1002;"2019-04-12"
4803;"energy";"electricity";2400;2266;"2019-06-11";"2019-08-01";"";"";"";"Mainz";"indelivery";1002;"2019-09-28"
4804;"energy";"electricity";2200;2256;"2019-08-11";"2019-09-01";"2020-06-30";"2020-06-02";"fristgerecht durch Kunde";"Berlin";"terminated";1000;"2019-09-29"
4805;"energy";"electricity";2200;2301;"2019-12-24";"2020-03-01";"";"";"";"Munich";"indelivery";1002;"2020-02-19"
4806;"energy";"gas";8200;7992;"2018-06-30";"2018-11-01";"";"";"";"Munich";"indelivery";2000;"2018-11-14"
4807;"energy";"gas";10100;10217;"2018-02-25";"2018-03-01";"";"";"";"Wuppertal";"indelivery";2001;"2019-02-09"
4808;"energy";"gas";9600;10063;"2018-07-16";"2018-11-01";"2019-07-31";"2019-06-28";"Umzug";"Karlsruhe";"terminated";2000;"2019-06-28"
4809;"energy";"gas";8300;8681;"2019-10-17";"2019-11-01";"";"";"";"Essen";"indelivery";2000;"2019-11-13"
4810;"energy";"electricity";2400;2328;"2018-11-09";"2019-02-01";"";"";"";"Ulm";"indelivery";1002;"2020-04-22"
4811;"energy";"electricity";2900;2812;"2019-06-17";"2019-09-01";"";"";"";"Düsseldorf";"indelivery";1001;"2020-08-20"
4812;"energy";"gas";9200;9695;"2018-07-23";"2019-05-01";"";"";"";"Würzburg";"indelivery";2001;"2019-02-13"
4813;"energy";"electricity";2000;1990;"2018-10-28";"2019-01-01";"2019-01-01";"2020-05-03";"Wiederruf";"Cologne";"terminated";1000;"2019-07-05"
4814;"energy";"electricity";2800;3026;"2018-05-27";"2018-07-01";"2018-07-01";"2020-10-02";"Wiederruf";"Hamburg";"terminated";1000;"2018-12-03"
4815;"energy";"gas";10700;10873;"2018-01-30";"2018-03-01";"";"";"";"Dresden";"indelivery";2000;"2018-12-23"
4816;"energy";"electricity";2100;2167;"2019-01-22";"2019-03-01";"";"";"";"Munich";"indelivery";1002;"2020-07-29"
4817;"energy";"gas";9600;9611;"2018-10-02";"2018-11-01";"";"";"";"Münster";"indelivery";2000;"2019-04-18"
4818;"energy";"electricity";2300;"";"2018-12-24";"2019-01-01";"2019-01-01";"2019-09-02";"Wiederruf";"Munich";"terminated";1000;"2019-09-02"
4819;"energy";"electricity";2700;2927;"2019-02-25";"2019-03-01";"2019-07-31";"2019-07-03";"Umzug";"Berlin";"terminated";1001;"2019-03-21"
4820;"energy";"electricity";2800;3027;"2020-09-10";"2020-10-01";"";"";"";"Munich";"indelivery";1002;"2020-09-20"
4821;"energy";"gas";9800;10264;"2018-10-09";"2019-02-01";"";"";"";"Berlin";"indelivery";2000;"2020-01-03"
4822;"energy";"electricity";2400;2381;"2020-03-13";"2020-05-01";"";"";"";"Duisburg";"indelivery";1002;"2020-06-04"
4823;"energy";"gas";8000;8617;"2019-12-04";"2020-07-01";"";"";"";"Düsseldorf";"indelivery";2001;"2020-04-10"
4824;"energy";"electricity";2000;2128;"2019-06-05";"2019-08-01";"";"";"";"Ingolstadt";"indelivery";1000;"2020-06-09"
4825;"energy";"electricity";2600;2558;"2019-10-28";"2020-04-01";"";"";"";"Rosenheim";"indelivery";1000;"2020-09-11"
4826;"energy";"electricity";2400;2461;"2019-03-03";"2019-04-01";"";"";"";"Mannheim";"indelivery";1001;"2019-10-31"
4827;"energy";"electricity";2500;2690;"2018-11-03";"2018-12-01";"";"";"";"Dresden";"indelivery";1001;"2019-07-24"
4828;"energy";"electricity";2500;2463;"2019-04-14";"2019-05-01";"";"";"";"Erfurt";"indelivery";1000;"2020-03-08"
4829;"energy";"electricity";2200;2382;"2019-03-17";"2019-04-01";"2019-12-31";"2019-11-26";"fristgerecht durch Kunde";"Mannheim";"terminated";1000;"2019-10-10"
4830;"energy";"electricity";2500;2431;"2019-09-29";"2020-01-01";"";"";"";"Berlin";"indelivery";1000;"2020-08-24"
4831;"energy";"electricity";2200;2389;"2020-05-02";"2020-07-01";"";"";"";"Altchemnitz";"indelivery";1001;"2020-09-30"
4832;"energy";"electricity";2700;2876;"2019-11-25";"2020-02-01";"";"";"";"Marienberg";"indelivery";1001;"2020-05-28"
4833;"energy";"electricity";1900;"";"2019-07-06";"2020-01-01";"";"";"";"Berlin";"indelivery";1001;"2020-01-07"
4834;"energy";"electricity";2300;2218;"2019-03-08";"2019-08-01";"";"";"";"Göttingen";"indelivery";1002;"2020-03-17"
4835;"energy";"electricity";2200;2214;"2018-11-13";"2019-03-01";"";"";"";"Karlsruhe";"indelivery";1002;"2020-05-20"
4836;"energy";"gas";10900;10320;"2018-02-21";"2018-12-01";"";"";"";"Munich";"indelivery";2000;"2020-02-05"
4837;"energy";"electricity";2100;2183;"2019-04-26";"2020-03-01";"";"";"";"Gießen";"indelivery";1000;"2020-06-01"
4838;"energy";"electricity";2600;2751;"2019-07-18";"2019-12-01";"2019-12-01";"2020-08-03";"Wiederruf";"Bremen";"terminated";1000;"2020-04-09"
4839;"energy";"electricity";1900;1994;"2020-04-21";"2020-07-01";"";"";"";"Berlin";"indelivery";1001;"2020-04-28"
4840;"energy";"electricity";2700;2806;"2020-08-18";"2021-07-01";"";"";"";"Cologne";"active";1001;"2020-08-18"
4841;"energy";"gas";8100;8544;"2019-05-28";"2019-09-01";"";"";"";"Berlin";"indelivery";2000;"2019-09-14"
4842;"energy";"electricity";2000;2115;"2020-09-06";"2021-03-01";"";"";"";"Berlin";"active";1001;"2020-09-09"
4843;"energy";"electricity";3000;3031;"2020-05-29";"2020-06-01";"2020-09-30";"2020-09-02";"fristgerecht durch Kunde";"Heidelberg";"terminated";1002;"2020-08-16"
4844;"energy";"electricity";2200;2275;"2019-02-12";"2019-10-01";"";"";"";"Duisburg";"indelivery";1001;"2019-10-08"
4845;"energy";"gas";8700;9061;"2019-11-22";"2020-07-01";"";"";"";"Stuttgart";"indelivery";2000;"2020-01-27"
4846;"energy";"electricity";2500;2479;"2019-03-23";"2019-04-01";"";"";"";"Dresden";"indelivery";1000;"2019-07-08"
4847;"energy";"gas";10700;10479;"2018-03-02";"2018-06-01";"2020-09-30";"2020-08-27";"fristgerecht durch Kunde";"Bonn";"terminated";2001;"2019-01-13"
4848;"energy";"electricity";2600;2673;"2019-03-10";"2019-05-01";"";"";"";"Kiel";"indelivery";1000;"2020-06-17"
4849;"energy";"electricity";2300;"";"2019-12-15";"2020-03-01";"";"";"";"Kiel";"indelivery";1000;"2020-09-06"
4850;"energy";"electricity";2100;2138;"2018-11-24";"2019-01-01";"";"";"";"Saarbrücken";"indelivery";1002;"2019-04-19"
4851;"energy";"gas";10700;11457;"2018-10-16";"2018-12-01";"";"";"";"Kiel";"indelivery";2000;"2020-03-09"
4852;"energy";"electricity";2300;2364;"2020-07-25";"2020-11-01";"";"";"";"Hannover";"active";1002;"2020-08-01"
4853;"energy";"electricity";2600;2554;"2019-03-16";"2019-06-01";"";"";"";"Berlin";"indelivery";1002;"2020-08-14"
4854;"energy";"electricity";2700;2712;"2019-03-01";"2019-07-01";"";"";"";"Munich";"indelivery";1002;"2019-09-02"
4855;"energy";"electricity";2500;2447;"2019-08-13";"2019-12-01";"";"";"";"Kassel";"indelivery";1000;"2020-01-09"
4856;"energy";"electricity";2800;2917;"2020-02-22";"2020-10-01";"";"";"";"Hamburg";"indelivery";1000;"2020-03-23"
4857;"energy";"gas";11200;"";"2019-12-12";"2020-05-01";"";"";"";"Essen";"indelivery";2001;"2020-03-17"
4858;"energy";"electricity";2700;2807;"2018-06-16";"2019-05-01";"2020-04-30";"2020-03-30";"fristgerecht durch Kunde";"Bielefeld";"terminated";1000;"2019-02-26"
4859;"energy";"electricity";2500;2717;"2018-10-03";"2018-12-01";"2020-08-31";"2020-08-01";"Umzug";"Essen";"terminated";1001;"2020-08-01"
4860;"energy";"electricity";2700;2765;"2019-04-24";"2019-06-01";"";"";"";"Hamburg";"indelivery";1001;"2019-05-20"
4861;"energy";"gas";8900;8446;"2018-06-30";"2019-04-01";"";"";"";"Hannover";"indelivery";2001;"2018-11-18"
4862;"energy";"electricity";2500;2429;"2020-03-24";"2020-06-01";"";"";"";"Berlin";"indelivery";1000;"2020-08-23"
4863;"energy";"electricity";2300;2443;"2019-03-10";"2019-10-01";"";"";"";"Altchemnitz";"indelivery";1002;"2019-10-27"
4864;"energy";"electricity";2200;2255;"2019-01-27";"2019-07-01";"";"";"";"Hofeck";"indelivery";1000;"2019-11-03"
4865;"energy";"electricity";2600;2807;"2018-10-15";"2018-12-01";"2019-02-28";"2019-01-27";"fristgerecht durch Kunde";"Wuppertal";"terminated";1001;"2019-01-27"
4866;"energy";"electricity";2700;2780;"2019-02-14";"2019-09-01";"";"";"";"Munich";"indelivery";1001;"2020-09-17"
4867;"energy";"electricity";2400;2379;"2018-06-12";"2018-08-01";"2018-08-01";"2018-09-01";"Wiederruf";"Oldenburg";"terminated";1001;"2018-09-01"
4868;"energy";"gas";11700;11193;"2018-04-17";"2018-06-01";"";"";"";"Hannover";"indelivery";2000;"2019-08-20"
4869;"energy";"electricity";2300;2395;"2019-10-05";"2020-12-01";"";"";"";"Cologne";"active";1001;"2020-07-06"
4870;"energy";"gas";10800;10907;"2019-10-11";"2021-04-01";"";"";"";"Hamburg";"active";2001;"2020-07-22"
4871;"energy";"electricity";3000;2970;"2020-02-27";"2020-04-01";"";"";"";"Marienberg";"indelivery";1001;"2020-05-14"
4872;"energy";"electricity";2400;2563;"2018-03-27";"2018-04-01";"2018-04-01";"2018-12-02";"Wiederruf";"Potsdam";"terminated";1000;"2018-12-02"
4873;"energy";"electricity";2800;2808;"2019-02-08";"2019-04-01";"";"";"";"Marienberg";"indelivery";1000;"2020-01-24"
4874;"energy";"gas";9600;9930;"2018-08-11";"2018-10-01";"2020-06-30";"2020-06-01";"fristgerecht durch LichtBlick";"Bremerhaven";"terminated";2000;"2019-09-25"
4875;"energy";"electricity";2400;2521;"2020-05-27";"2020-09-01";"";"";"";"Bielefeld";"indelivery";1002;"2020-07-12"
4876;"energy";"electricity";2300;2380;"2019-09-23";"2019-10-01";"";"";"";"Sonthofen";"indelivery";1000;"2020-02-29"
4877;"energy";"electricity";2400;2528;"2019-01-11";"2019-06-01";"";"";"";"Cologne";"indelivery";1001;"2019-02-02"
4878;"energy";"electricity";3100;3074;"2019-05-17";"2019-08-01";"";"";"";"Meißen";"indelivery";1001;"2019-09-20"
4879;"energy";"electricity";2500;2456;"2019-10-02";"2019-12-01";"";"";"";"Frankfurt";"indelivery";1000;"2020-07-01"
4880;"energy";"electricity";2800;2878;"2018-06-22";"2018-09-01";"";"";"";"Stuttgart";"indelivery";1001;"2019-05-08"
4881;"energy";"electricity";2200;2172;"2018-10-27";"2019-05-01";"";"";"";"Mannheim";"indelivery";1000;"2020-07-27"
4882;"energy";"electricity";2700;2754;"2018-06-03";"2019-06-01";"";"";"";"Frankfurt";"indelivery";1001;"2019-11-21"
4883;"energy";"gas";11200;10666;"2018-01-26";"2018-07-01";"";"";"";"Hamburg";"indelivery";2000;"2019-05-15"
4884;"energy";"gas";10400;10341;"2018-01-05";"2018-06-01";"";"";"";"Hamburg";"indelivery";2000;"2019-08-20"
4885;"energy";"electricity";3000;3045;"2018-09-18";"2019-07-01";"";"";"";"Dresden";"indelivery";1001;"2019-04-27"
4886;"energy";"electricity";2400;2286;"2018-05-11";"2018-08-01";"";"";"";"Berlin";"indelivery";1001;"2018-06-20"
4887;"energy";"gas";10500;11287;"2020-01-20";"2020-06-01";"2020-06-01";"2020-07-01";"Wiederruf";"Frankfurt";"terminated";2001;"2020-07-01"
4888;"energy";"gas";10800;11638;"2020-03-27";"2020-05-01";"";"";"";"Braunschweig";"indelivery";2001;"2020-04-05"
4889;"energy";"electricity";2700;2830;"2019-04-26";"2019-06-01";"";"";"";"Berlin";"indelivery";1001;"2019-05-13"
4890;"energy";"electricity";2600;2609;"2020-08-30";"2020-09-01";"";"";"";"Osnabrück";"indelivery";1001;"2020-09-29"
4891;"energy";"electricity";2900;"";"2019-11-28";"2020-03-01";"";"";"";"Düsseldorf";"indelivery";1001;"2020-01-05"
4892;"energy";"electricity";2100;2232;"2019-05-24";"2019-11-01";"";"";"";"Düsseldorf";"indelivery";1000;"2020-07-02"
4893;"energy";"electricity";2300;2346;"2020-06-12";"2021-05-01";"";"";"";"Munich";"active";1001;"2020-09-11"
4894;"energy";"electricity";2700;"";"2019-10-31";"2019-11-01";"";"";"";"Karlsruhe";"indelivery";1001;"2020-06-14"
4895;"energy";"electricity";2500;2502;"2018-10-04";"2018-12-01";"";"";"";"Berlin";"indelivery";1001;"2018-12-28"
4896;"energy";"electricity";2700;2650;"2019-12-12";"2020-05-01";"";"";"";"Essen";"indelivery";1000;"2020-02-28"
4897;"energy";"electricity";2400;2618;"2018-04-22";"2018-08-01";"2019-04-30";"2019-03-29";"Umzug";"Coburg";"terminated";1001;"2019-03-29"
4898;"energy";"electricity";2800;2827;"2019-05-05";"2019-06-01";"";"";"";"Cologne";"indelivery";1002;"2020-02-24"
4899;"energy";"gas";9600;9529;"2019-01-19";"2019-02-01";"";"";"";"Leipzig";"indelivery";2001;"2020-02-04"
4900;"energy";"electricity";1900;2008;"2019-12-29";"2020-04-01";"";"";"";"Berlin";"indelivery";1000;"2020-04-19"
4901;"energy";"electricity";2600;2650;"2018-10-10";"2019-01-01";"";"";"";"Marienberg";"indelivery";1000;"2019-01-06"
4902;"energy";"electricity";3000;3158;"2019-04-22";"2019-08-01";"";"";"";"Essen";"indelivery";1002;"2020-09-25"
4903;"energy";"gas";9600;9548;"2018-08-31";"2018-10-01";"2018-12-31";"2018-12-02";"fristgerecht durch LichtBlick";"Berlin";"terminated";2001;"2018-12-02"
4904;"energy";"electricity";2200;2276;"2019-08-24";"2020-02-01";"";"";"";"Essen";"indelivery";1001;"2020-08-05"
4905;"energy";"electricity";2600;2553;"2019-04-02";"2019-09-01";"2020-02-29";"2020-02-01";"fristgerecht durch Kunde";"Dresden";"terminated";1000;"2020-02-01"
4906;"energy";"electricity";2300;2185;"2018-03-26";"2018-09-01";"";"";"";"Bremen";"indelivery";1001;"2019-12-21"
4907;"energy";"electricity";2300;2456;"2020-01-23";"2020-10-01";"";"";"";"Gera";"indelivery";1002;"2020-07-18"
4908;"energy";"electricity";2000;2010;"2018-10-19";"2018-11-01";"";"";"";"Oldenburg";"indelivery";1001;"2019-05-12"
4909;"energy";"electricity";2400;2567;"2018-10-13";"2018-11-01";"";"";"";"Essen";"indelivery";1001;"2019-08-28"
4910;"energy";"gas";8100;7705;"2019-02-26";"2019-09-01";"";"";"";"Karlsruhe";"indelivery";2001;"2020-06-07"
4911;"energy";"electricity";2500;"";"2018-06-14";"2019-09-01";"2019-10-31";"2019-10-03";"fristgerecht durch Kunde";"Cologne";"terminated";1002;"2019-10-03"
4912;"energy";"electricity";2400;2383;"2018-05-10";"2018-06-01";"";"";"";"Ingolstadt";"indelivery";1001;"2018-06-15"
4913;"energy";"gas";11300;11083;"2019-01-19";"2019-03-01";"";"";"";"Dortmund";"indelivery";2000;"2019-03-06"
4914;"energy";"electricity";2200;2290;"2019-05-06";"2020-01-01";"";"";"";"Kiel";"indelivery";1000;"2020-01-04"
4915;"energy";"electricity";2000;2141;"2019-11-03";"2020-07-01";"";"";"";"Munich";"indelivery";1000;"2019-11-10"
4916;"energy";"electricity";2600;2611;"2019-01-10";"2019-07-01";"2019-11-30";"2019-10-29";"fristgerecht durch Kunde";"Lübeck";"terminated";1000;"2019-03-02"
4917;"energy";"electricity";2800;2809;"2020-06-25";"2020-08-01";"";"";"";"Hamburg";"indelivery";1001;"2020-07-27"
4918;"energy";"electricity";2700;2704;"2018-09-13";"2018-12-01";"";"";"";"Cologne";"indelivery";1001;"2018-11-04"
4919;"energy";"electricity";2100;2209;"2020-02-10";"2020-07-01";"";"";"";"Freiburg";"indelivery";1001;"2020-09-12"
4920;"energy";"electricity";2000;2072;"2019-09-03";"2020-01-01";"";"";"";"Hannover";"indelivery";1001;"2020-05-11"
4921;"energy";"electricity";2300;"";"2020-04-14";"2020-05-01";"2020-09-30";"2020-09-01";"Umzug";"Hamburg";"terminated";1002;"2020-08-16"
4922;"energy";"electricity";2400;2268;"2019-01-17";"2019-02-01";"2019-07-31";"2019-06-30";"fristgerecht durch LichtBlick";"Hofeck";"terminated";1000;"2019-06-30"
4923;"energy";"electricity";2400;2344;"2018-07-27";"2018-12-01";"";"";"";"Marienberg";"indelivery";1000;"2018-07-28"
4924;"energy";"electricity";2400;2481;"2019-01-16";"2019-04-01";"2019-10-31";"2019-10-02";"Umzug";"Berlin";"terminated";1000;"2019-10-02"
4925;"energy";"electricity";2300;2231;"2018-02-09";"2018-03-01";"";"";"";"Cologne";"indelivery";1002;"2020-02-21"
4926;"energy";"gas";10100;10746;"2020-08-23";"2020-11-01";"";"";"";"Hamburg";"active";2001;"2020-09-09"
4927;"energy";"electricity";2300;2378;"2018-12-24";"2019-02-01";"";"";"";"Berlin";"indelivery";1000;"2020-09-01"
4928;"energy";"electricity";2600;2636;"2018-05-13";"2018-07-01";"";"";"";"Berlin";"indelivery";1002;"2020-01-24"
4929;"energy";"electricity";2000;2038;"2018-03-13";"2018-04-01";"";"";"";"Hamburg";"indelivery";1001;"2020-07-09"
4930;"energy";"electricity";2500;2662;"2018-09-28";"2018-11-01";"2019-06-30";"2019-05-30";"fristgerecht durch Kunde";"Arnstadt";"terminated";1001;"2019-05-30"
4931;"energy";"gas";11300;12171;"2020-06-15";"2020-07-01";"";"";"";"Kassel";"indelivery";2000;"2020-07-03"
4932;"energy";"electricity";2300;2440;"2019-08-02";"2019-12-01";"";"";"";"Suhl";"indelivery";1000;"2020-03-01"
4933;"energy";"electricity";2700;2864;"2019-12-30";"2020-03-01";"";"";"";"Altchemnitz";"indelivery";1002;"2020-04-01"
4934;"energy";"gas";11900;12030;"2018-10-05";"2019-07-01";"";"";"";"Zweibrücken";"indelivery";2000;"2020-04-21"
4935;"energy";"electricity";2900;3054;"2018-05-29";"2018-12-01";"";"";"";"Munich";"indelivery";1001;"2020-06-08"
4936;"energy";"electricity";2500;2569;"2018-05-04";"2018-10-01";"2020-01-31";"2020-01-02";"Umzug";"Leipzig";"terminated";1000;"2018-09-27"
4937;"energy";"electricity";2500;2351;"2020-09-27";"2020-11-01";"";"";"";"Mannheim";"active";1002;"2020-09-29"
4938;"energy";"electricity";2400;2240;"2019-11-06";"2020-05-01";"";"";"";"Berlin";"indelivery";1000;"2020-06-09"
4939;"energy";"electricity";2400;2403;"2020-06-11";"2020-11-01";"";"";"";"Berlin";"active";1001;"2020-08-19"
4940;"energy";"electricity";2200;2246;"2019-06-13";"2019-08-01";"";"";"";"Berlin";"indelivery";1002;"2020-03-23"
4941;"energy";"electricity";2100;2132;"2020-01-12";"2020-08-01";"";"";"";"Augsburg";"indelivery";1001;"2020-03-09"
4942;"energy";"electricity";2500;2418;"2018-05-19";"2018-08-01";"";"";"";"Hamburg";"indelivery";1002;"2018-09-14"
4943;"energy";"electricity";2000;2151;"2020-08-07";"2020-12-01";"";"";"";"Düsseldorf";"active";1001;"2020-08-25"
4944;"energy";"electricity";2800;2783;"2018-03-08";"2018-04-01";"";"";"";"Stuttgart";"indelivery";1002;"2019-04-10"
4945;"energy";"electricity";2400;2516;"2018-11-12";"2019-04-01";"2019-04-01";"2020-01-02";"Wiederruf";"Dresden";"terminated";1001;"2019-11-02"
4946;"energy";"electricity";3000;3067;"2019-02-06";"2020-01-01";"";"";"";"Duisburg";"indelivery";1000;"2019-05-24"
4947;"energy";"electricity";2900;2906;"2019-01-11";"2019-04-01";"2019-04-01";"2020-08-30";"Wiederruf";"Erfurt";"terminated";1001;"2020-01-16"
4948;"energy";"electricity";2400;2321;"2019-12-23";"2020-01-01";"";"";"";"Karlsruhe";"indelivery";1000;"2020-01-05"
4949;"energy";"electricity";2000;"";"2018-09-11";"2018-11-01";"";"";"";"Berlin";"indelivery";1002;"2020-01-31"
4950;"energy";"electricity";2100;2195;"2019-09-03";"2020-03-01";"";"";"";"Münster";"indelivery";1000;"2019-10-19"
4951;"energy";"electricity";2700;2583;"2020-02-10";"2020-03-01";"";"";"";"Düsseldorf";"indelivery";1001;"2020-05-25"
4952;"energy";"electricity";2800;2775;"2019-10-28";"2019-12-01";"";"";"";"Berlin";"indelivery";1002;"2020-05-25"
4953;"energy";"electricity";2400;2266;"2019-12-12";"2020-03-01";"";"";"";"Essen";"indelivery";1002;"2020-06-22"
4954;"energy";"electricity";2600;"";"2018-09-07";"2019-01-01";"";"";"";"Berlin";"indelivery";1000;"2019-09-02"
4955;"energy";"electricity";2400;2496;"2020-05-09";"2020-07-01";"2020-08-31";"2020-07-23";"fristgerecht durch LichtBlick";"Kassel";"terminated";1000;"2020-05-26"
4956;"energy";"electricity";2600;2579;"2019-06-20";"2019-12-01";"";"";"";"Düsseldorf";"indelivery";1000;"2019-09-15"
4957;"energy";"electricity";2300;2516;"2018-05-09";"2018-06-01";"2018-06-01";"2019-04-01";"Wiederruf";"Düsseldorf";"terminated";1001;"2019-04-01"
4958;"energy";"electricity";2700;2903;"2019-04-27";"2019-11-01";"";"";"";"Bonn";"indelivery";1001;"2020-06-11"
4959;"energy";"electricity";2200;2339;"2020-01-23";"2020-02-01";"";"";"";"Berlin";"indelivery";1001;"2020-05-31"
4960;"energy";"electricity";2700;2585;"2018-08-31";"2018-09-01";"2020-07-31";"2020-07-03";"Umzug";"Essen";"terminated";1000;"2020-02-07"
4961;"energy";"electricity";2600;2811;"2018-06-30";"2018-09-01";"";"";"";"Emden";"indelivery";1002;"2019-09-01"
4962;"energy";"electricity";2100;2106;"2018-03-05";"2018-05-01";"";"";"";"Freiburg";"indelivery";1002;"2018-07-10"
4963;"energy";"electricity";2500;2498;"2018-02-03";"2018-05-01";"2018-05-01";"2019-01-26";"Wiederruf";"Wuppertal";"terminated";1000;"2018-07-10"
4964;"energy";"electricity";2800;2706;"2018-07-17";"2018-09-01";"2019-05-31";"2019-04-26";"fristgerecht durch Kunde";"Hannover";"terminated";1001;"2019-01-06"
4965;"energy";"electricity";2600;2524;"2018-06-09";"2018-07-01";"2020-07-31";"2020-07-03";"fristgerecht durch Kunde";"Berlin";"terminated";1001;"2019-10-03"
4966;"energy";"electricity";2400;2369;"2019-08-11";"2020-03-01";"";"";"";"Burg";"indelivery";1001;"2020-04-23"
4967;"energy";"electricity";2300;"";"2020-06-03";"2020-08-01";"";"";"";"Munich";"indelivery";1001;"2020-06-11"
4968;"energy";"electricity";2600;2496;"2018-10-06";"2018-12-01";"";"";"";"Osterholz-Scharmbeck";"indelivery";1000;"2018-12-05"
4969;"energy";"electricity";2900;3119;"2018-01-20";"2018-07-01";"2019-07-31";"2019-06-27";"fristgerecht durch LichtBlick";"Dortmund";"terminated";1000;"2019-03-19"
4970;"energy";"electricity";2900;2852;"2019-08-10";"2020-04-01";"";"";"";"Wuppertal";"indelivery";1001;"2020-06-01"
4971;"energy";"electricity";2300;2182;"2020-06-12";"2020-08-01";"";"";"";"Hamburg";"indelivery";1000;"2020-08-29"
4972;"energy";"electricity";2900;3045;"2018-04-29";"2018-07-01";"";"";"";"Stralsund";"indelivery";1002;"2019-12-23"
4973;"energy";"electricity";2700;2832;"2019-11-07";"2020-06-01";"";"";"";"Berlin";"indelivery";1001;"2020-03-19"
4974;"energy";"electricity";2600;2745;"2019-07-02";"2019-12-01";"";"";"";"Würzburg";"indelivery";1001;"2020-06-03"
4975;"energy";"electricity";1900;2041;"2018-02-24";"2018-05-01";"";"";"";"Munich";"indelivery";1000;"2019-08-10"
4976;"energy";"electricity";2800;2720;"2018-10-30";"2019-04-01";"";"";"";"Rostock";"indelivery";1002;"2019-07-26"
4977;"energy";"electricity";2100;2126;"2019-09-11";"2019-11-01";"";"";"";"Karlsruhe";"indelivery";1001;"2020-07-30"
4978;"energy";"electricity";2000;1960;"2018-01-06";"2018-02-01";"";"";"";"Duisburg";"indelivery";1001;"2018-07-09"
4979;"energy";"gas";9500;9839;"2018-08-16";"2018-09-01";"";"";"";"Cologne";"indelivery";2000;"2019-05-02"
4980;"energy";"electricity";2300;2379;"2018-11-03";"2019-04-01";"";"";"";"Munich";"indelivery";1001;"2019-06-10"
4981;"energy";"electricity";2900;2969;"2018-09-03";"2018-12-01";"2020-07-31";"2020-06-23";"fristgerecht durch LichtBlick";"Bremen";"terminated";1001;"2020-06-23"
4982;"energy";"electricity";2100;2213;"2018-08-29";"2018-10-01";"";"";"";"Berlin";"indelivery";1002;"2018-12-12"
4983;"energy";"gas";11300;10909;"2019-10-11";"2020-02-01";"";"";"";"Hamburg";"indelivery";2000;"2020-06-27"
4984;"energy";"gas";9300;9833;"2018-08-16";"2018-12-01";"";"";"";"Flensburg";"indelivery";2001;"2020-01-08"
4985;"energy";"electricity";2200;2365;"2019-07-02";"2020-03-01";"";"";"";"Munich";"indelivery";1000;"2019-11-17"
4986;"energy";"electricity";2800;2928;"2020-07-11";"2020-09-01";"";"";"";"Hannover";"indelivery";1001;"2020-08-11"
4987;"energy";"electricity";1900;1865;"2019-08-04";"2019-10-01";"";"";"";"Cologne";"indelivery";1002;"2019-12-03"
4988;"energy";"electricity";2200;2241;"2020-07-20";"2020-09-01";"";"";"";"Schwandorf";"indelivery";1002;"2020-08-23"
4989;"energy";"gas";10200;9819;"2018-12-07";"2019-02-01";"2020-09-30";"2020-09-01";"fristgerecht durch Kunde";"Altchemnitz";"terminated";2000;"2020-02-05"
4990;"energy";"electricity";2400;2354;"2020-08-18";"2020-10-01";"";"";"";"Hannover";"indelivery";1001;"2020-08-28"
4991;"energy";"gas";8100;8461;"2018-07-03";"2018-12-01";"";"";"";"Duisburg";"indelivery";2000;"2019-02-17"
4992;"energy";"electricity";2700;2875;"2019-02-28";"2019-04-01";"";"";"";"Marienberg";"indelivery";1001;"2019-08-09"
4993;"energy";"gas";10300;10016;"2018-02-10";"2018-05-01";"2020-10-31";"2020-09-22";"fristgerecht durch Kunde";"Mannheim";"cancelled";2000;"2018-02-12"
4994;"energy";"electricity";2500;2658;"2020-04-12";"2020-06-01";"";"";"";"Bonn";"indelivery";1000;"2020-08-23"
4995;"energy";"electricity";2100;1968;"2020-02-20";"2020-04-01";"2020-06-30";"2020-05-29";"Umzug";"Munich";"terminated";1002;"2020-05-29"
4996;"energy";"electricity";2900;"";"2020-01-15";"2020-05-01";"";"";"";"Bremen";"indelivery";1001;"2020-04-17"
4997;"energy";"electricity";2400;2318;"2020-07-12";"2020-09-01";"";"";"";"Berlin";"indelivery";1001;"2020-08-13"
4998;"energy";"electricity";2200;2369;"2019-07-06";"2019-10-01";"2019-11-30";"2019-10-31";"fristgerecht durch LichtBlick";"Mainz";"terminated";1001;"2019-10-31"
4999;"energy";"gas";9800;10179;"2018-07-16";"2018-08-01";"";"";"";"Freiburg";"indelivery";2001;"2019-06-13"
5000;"energy";"electricity";2600;2500;"2019-04-24";"2019-10-01";"";"";"";"Jena";"indelivery";1000;"2019-10-05"
5001;"energy";"electricity";2600;2511;"2018-02-13";"2018-10-01";"";"";"";"Wuppertal";"indelivery";1001;"2018-02-22"
5002;"energy";"electricity";2500;"";"2018-10-26";"2019-05-01";"";"";"";"Berlin";"indelivery";1001;"2020-05-30"
5003;"energy";"electricity";2600;2736;"2020-02-27";"2020-12-01";"";"";"";"Munich";"active";1000;"2020-04-07"
5004;"energy";"electricity";2300;2337;"2018-05-03";"2019-01-01";"";"";"";"Braunschweig";"indelivery";1001;"2020-04-01"
5005;"energy";"electricity";2700;2782;"2018-03-26";"2018-07-01";"";"";"";"Saarbrücken";"indelivery";1001;"2018-10-16"
5006;"energy";"electricity";2200;2086;"2019-10-18";"2019-11-01";"";"";"";"Düsseldorf";"indelivery";1000;"2020-04-10"
5007;"energy";"electricity";2500;2626;"2018-05-21";"2018-09-01";"";"";"";"Dresden";"indelivery";1001;"2018-11-09"
5008;"energy";"electricity";2600;2728;"2018-11-07";"2019-02-01";"";"";"";"Munich";"indelivery";1000;"2019-12-18"
5009;"energy";"electricity";2500;"";"2018-04-01";"2018-07-01";"2018-07-01";"2019-05-30";"Wiederruf";"Marienberg";"terminated";1002;"2019-05-30"
5010;"energy";"electricity";2500;2693;"2019-08-01";"2019-09-01";"2020-06-30";"2020-06-02";"fristgerecht durch LichtBlick";"Cologne";"terminated";1001;"2020-06-02"
5011;"energy";"electricity";2600;2589;"2018-09-30";"2019-03-01";"2020-11-30";"2020-10-30";"fristgerecht durch LichtBlick";"Münster";"cancelled";1000;"2020-01-03"
5012;"energy";"electricity";2600;2701;"2020-06-13";"2020-07-01";"";"";"";"Hannover";"indelivery";1002;"2020-07-08"
5013;"energy";"electricity";2600;"";"2019-11-28";"2020-08-01";"";"";"";"Berlin";"indelivery";1001;"2020-01-05"
5014;"energy";"electricity";2900;2832;"2020-07-10";"2020-08-01";"2020-09-30";"2020-08-30";"fristgerecht durch LichtBlick";"Braunschweig";"terminated";1000;"2020-08-30"
5015;"energy";"electricity";1900;1902;"2018-05-06";"2018-06-01";"";"";"";"Cologne";"indelivery";1001;"2018-10-16"
5016;"energy";"gas";9300;9030;"2020-08-10";"2020-10-01";"";"";"";"Frankfurt";"indelivery";2000;"2020-08-31"
5017;"energy";"electricity";2600;2643;"2019-11-07";"2020-01-01";"2020-08-31";"2020-08-02";"fristgerecht durch LichtBlick";"Hamburg";"terminated";1002;"2020-08-02"
5018;"energy";"electricity";2300;2343;"2018-02-06";"2018-09-01";"";"";"";"Bremerhaven";"indelivery";1000;"2018-11-10"
5019;"energy";"electricity";2100;2119;"2018-12-02";"2019-06-01";"";"";"";"Frankfurt";"indelivery";1000;"2020-05-07"
5020;"energy";"electricity";2200;2280;"2019-12-08";"2020-08-01";"";"";"";"Oldenburg";"indelivery";1002;"2020-09-09"
5021;"energy";"electricity";2500;2345;"2020-09-25";"2021-06-01";"";"";"";"Duisburg";"active";1002;"2020-09-28"
5022;"energy";"electricity";2700;2899;"2018-11-19";"2019-03-01";"";"";"";"Flensburg";"indelivery";1002;"2020-04-10"
5023;"energy";"electricity";2300;2291;"2018-07-04";"2018-08-01";"2020-01-31";"2020-01-03";"Umzug";"Stuttgart";"terminated";1000;"2020-01-03"
5024;"energy";"electricity";2400;2463;"2018-07-17";"2018-09-01";"";"";"";"Braunschweig";"indelivery";1001;"2019-06-20"
5025;"energy";"electricity";2800;"";"2020-02-27";"2020-04-01";"";"";"";"Berlin";"indelivery";1002;"2020-08-21"
5026;"energy";"electricity";3000;2816;"2018-08-05";"2019-02-01";"";"";"";"Essen";"indelivery";1000;"2019-08-15"
5027;"energy";"electricity";2700;2790;"2020-07-20";"2020-09-01";"";"";"";"Berlin";"indelivery";1002;"2020-09-04"
5028;"energy";"electricity";2100;2163;"2019-04-29";"2019-06-01";"";"";"";"Hannover";"indelivery";1002;"2019-11-01"
5029;"energy";"electricity";2700;2685;"2020-01-14";"2020-03-01";"";"";"";"Dresden";"indelivery";1002;"2020-05-28"
5030;"energy";"electricity";2500;2550;"2018-03-26";"2018-04-01";"2019-12-31";"2019-11-29";"fristgerecht durch LichtBlick";"Hamburg";"terminated";1001;"2018-09-28"
5031;"energy";"electricity";2200;2308;"2018-11-25";"2018-12-01";"2019-07-31";"2019-06-29";"Umzug";"Karlsruhe";"terminated";1000;"2019-05-18"
5032;"energy";"electricity";2700;2815;"2018-06-28";"2018-11-01";"";"";"";"Berlin";"indelivery";1000;"2019-02-17"
5033;"energy";"electricity";2600;2435;"2020-08-24";"2020-10-01";"";"";"";"Munich";"indelivery";1001;"2020-08-26"
5034;"energy";"electricity";2200;2278;"2018-07-25";"2018-09-01";"";"";"";"Düsseldorf";"indelivery";1001;"2019-12-19"
5035;"energy";"gas";11400;10928;"2018-06-14";"2018-08-01";"";"";"";"Düsseldorf";"indelivery";2001;"2020-04-19"
5036;"energy";"electricity";2500;2461;"2018-11-16";"2018-12-01";"2018-12-01";"2020-06-02";"Wiederruf";"Göttingen";"terminated";1002;"2020-05-22"
5037;"energy";"electricity";2700;2715;"2019-05-21";"2019-08-01";"";"";"";"Berlin";"indelivery";1000;"2020-03-16"
5038;"energy";"electricity";2700;2688;"2018-02-05";"2018-08-01";"";"";"";"Berlin";"indelivery";1000;"2019-06-22"
5039;"energy";"electricity";2000;2014;"2019-03-26";"2019-06-01";"2020-09-30";"2020-08-28";"fristgerecht durch Kunde";"Hamburg";"terminated";1001;"2020-08-28"
5040;"energy";"gas";8400;8974;"2018-01-01";"2018-04-01";"";"";"";"Munich";"indelivery";2000;"2020-01-13"
5041;"energy";"electricity";2100;1994;"2018-07-14";"2018-08-01";"";"";"";"Mainz";"indelivery";1001;"2020-02-24"
5042;"energy";"electricity";2600;2623;"2018-08-05";"2018-10-01";"2019-01-31";"2019-01-01";"fristgerecht durch Kunde";"Hamburg";"terminated";1001;"2019-01-01"
5043;"energy";"electricity";2800;2899;"2019-11-30";"2020-05-01";"2020-07-31";"2020-06-29";"fristgerecht durch Kunde";"Essen";"terminated";1000;"2020-05-12"
5044;"energy";"gas";8800;8466;"2020-07-03";"2020-09-01";"";"";"";"Rostock";"indelivery";2001;"2020-09-27"
5045;"energy";"electricity";2000;1891;"2019-05-27";"2019-08-01";"";"";"";"Munich";"indelivery";1000;"2019-11-28"
5046;"energy";"electricity";2600;2501;"2019-04-27";"2020-05-01";"";"";"";"Berlin";"indelivery";1002;"2020-09-04"
5047;"energy";"electricity";2500;2469;"2018-05-18";"2018-10-01";"";"";"";"Mannheim";"indelivery";1002;"2019-11-03"
5048;"energy";"electricity";2700;2567;"2020-02-20";"2020-05-01";"";"";"";"Heidelberg";"indelivery";1000;"2020-07-30"
5049;"energy";"electricity";2600;2587;"2019-07-28";"2020-04-01";"";"";"";"Dortmund";"indelivery";1000;"2020-08-03"
5050;"energy";"electricity";2000;"";"2019-04-06";"2019-05-01";"";"";"";"Berlin";"indelivery";1002;"2020-03-24"
5051;"energy";"gas";9500;9242;"2018-05-21";"2018-07-01";"";"";"";"Hamburg";"indelivery";2001;"2019-02-27"
5052;"energy";"electricity";2200;2228;"2018-07-27";"2018-10-01";"";"";"";"Hamburg";"indelivery";1002;"2018-07-30"
5053;"energy";"electricity";2600;2705;"2019-10-25";"2019-11-01";"";"";"";"Montabaur";"indelivery";1001;"2020-07-31"
5054;"energy";"electricity";2900;2864;"2018-05-26";"2018-07-01";"";"";"";"Parchim";"indelivery";1001;"2019-12-04"
5055;"energy";"electricity";2600;2789;"2019-10-13";"2019-11-01";"";"";"";"Cologne";"indelivery";1000;"2019-10-15"
5056;"energy";"electricity";2300;2259;"2018-04-06";"2019-03-01";"";"";"";"Mannheim";"indelivery";1000;"2020-08-01"
5057;"energy";"electricity";2700;2878;"2020-07-05";"2021-03-01";"";"";"";"Düsseldorf";"active";1001;"2020-07-25"
5058;"energy";"electricity";2500;2637;"2018-11-21";"2019-03-01";"";"";"";"Schwerin";"indelivery";1001;"2019-10-16"
5059;"energy";"electricity";2800;2937;"2018-12-15";"2019-03-01";"";"";"";"Cologne";"indelivery";1000;"2020-02-23"
5060;"energy";"electricity";2300;2156;"2018-11-18";"2019-02-01";"2019-09-30";"2019-08-29";"fristgerecht durch Kunde";"Dortmund";"terminated";1001;"2019-02-06"
5061;"energy";"electricity";2400;2305;"2019-11-22";"2020-05-01";"";"";"";"Erfurt";"indelivery";1002;"2019-12-18"
5062;"energy";"electricity";2600;2572;"2020-08-10";"2022-01-01";"";"";"";"Hannover";"active";1002;"2020-09-01"
5063;"energy";"gas";7800;7938;"2018-03-07";"2018-09-01";"";"";"";"Berlin";"indelivery";2000;"2019-05-31"
5064;"energy";"electricity";2000;1988;"2019-08-23";"2019-12-01";"";"";"";"Berlin";"indelivery";1000;"2020-02-21"
5065;"energy";"electricity";2000;"";"2018-03-02";"2018-05-01";"";"";"";"Osnabrück";"indelivery";1000;"2018-11-30"
5066;"energy";"electricity";2600;2538;"2018-01-24";"2018-08-01";"";"";"";"Cologne";"indelivery";1002;"2020-03-12"
5067;"energy";"electricity";2100;2261;"2020-01-27";"2020-06-01";"";"";"";"Amberg";"indelivery";1001;"2020-08-12"
5068;"energy";"electricity";2600;2517;"2020-08-17";"2020-11-01";"";"";"";"Hamburg";"active";1002;"2020-09-07"
5069;"energy";"electricity";2400;2371;"2020-09-30";"2021-02-01";"";"";"";"Leipzig";"active";1002;"2020-09-30"
5070;"energy";"electricity";2100;2175;"2018-10-14";"2018-12-01";"";"";"";"Frankfurt";"indelivery";1000;"2019-04-14"
5071;"energy";"electricity";2800;2688;"2018-01-19";"2018-03-01";"";"";"";"Berlin";"indelivery";1001;"2018-07-11"
5072;"energy";"electricity";2400;2291;"2018-05-14";"2018-11-01";"";"";"";"Munich";"indelivery";1002;"2018-10-14"
5073;"energy";"electricity";2500;2608;"2019-03-17";"2019-04-01";"2019-04-01";"2020-01-31";"Wiederruf";"Oldenburg";"terminated";1002;"2019-04-09"
5074;"energy";"electricity";2300;2277;"2018-03-13";"2018-04-01";"2020-12-31";"2020-11-30";"Umzug";"Bremerhaven";"cancelled";1002;"2019-01-04"
5075;"energy";"electricity";1900;1907;"2019-10-14";"2019-11-01";"2020-02-29";"2020-02-01";"Umzug";"Frankfurt";"terminated";1000;"2020-02-01"
5076;"energy";"electricity";2300;2305;"2018-11-03";"2019-07-01";"2020-02-29";"2020-01-31";"Umzug";"Dortmund";"terminated";1000;"2020-01-31"
5077;"energy";"electricity";2500;"";"2019-04-06";"2019-06-01";"2019-10-31";"2019-10-01";"fristgerecht durch LichtBlick";"Bonn";"terminated";1001;"2019-10-01"
5078;"energy";"gas";10600;10437;"2019-09-04";"2020-02-01";"";"";"";"Northeim";"indelivery";2001;"2019-12-14"
5079;"energy";"electricity";2900;3016;"2020-04-14";"2020-10-01";"";"";"";"Braunschweig";"indelivery";1000;"2020-08-31"
5080;"energy";"electricity";2400;2315;"2020-07-18";"2020-09-01";"";"";"";"Berlin";"indelivery";1002;"2020-09-30"
5081;"energy";"gas";9700;"";"2019-09-06";"2020-04-01";"";"";"";"Marienberg";"indelivery";2000;"2019-10-30"
5082;"energy";"electricity";2700;2616;"2018-06-10";"2018-08-01";"";"";"";"Stuttgart";"indelivery";1000;"2019-04-02"
5083;"energy";"gas";10500;10065;"2018-07-17";"2018-09-01";"2018-09-01";"2020-01-29";"Wiederruf";"Hamburg";"terminated";2001;"2019-08-29"
5084;"energy";"electricity";2300;2477;"2019-07-08";"2019-09-01";"";"";"";"Berlin";"indelivery";1002;"2020-01-03"
5085;"energy";"gas";9700;10399;"2018-09-23";"2019-04-01";"";"";"";"Schwerin";"indelivery";2000;"2019-05-06"
5086;"energy";"electricity";3000;3007;"2020-06-25";"2020-08-01";"";"";"";"Flensburg";"indelivery";1001;"2020-09-04"
5087;"energy";"gas";9500;9511;"2020-02-08";"2020-05-01";"";"";"";"Bielefeld";"indelivery";2001;"2020-04-17"
5088;"energy";"electricity";2100;2129;"2019-07-31";"2019-10-01";"";"";"";"Schwandorf";"indelivery";1002;"2020-06-05"
5089;"energy";"electricity";2300;2233;"2018-06-14";"2018-09-01";"";"";"";"Hofeck";"indelivery";1000;"2020-01-13"
5090;"energy";"electricity";2000;1989;"2018-11-18";"2019-04-01";"";"";"";"Heidelberg";"indelivery";1002;"2020-08-29"
5091;"energy";"electricity";2300;2306;"2019-11-13";"2020-03-01";"";"";"";"Stuttgart";"indelivery";1001;"2020-08-15"
5092;"energy";"electricity";2500;2576;"2018-05-10";"2018-11-01";"";"";"";"Korbach";"indelivery";1000;"2018-06-26"
5093;"energy";"electricity";2500;2378;"2020-02-15";"2020-08-01";"";"";"";"Berlin";"indelivery";1001;"2020-07-26"
5094;"energy";"electricity";2300;"";"2019-06-18";"2019-08-01";"";"";"";"Regensburg";"indelivery";1002;"2019-07-22"
5095;"energy";"electricity";2800;2745;"2020-09-14";"2020-12-01";"";"";"";"Bonn";"active";1000;"2020-09-25"
5096;"energy";"electricity";2600;2671;"2019-10-01";"2019-11-01";"";"";"";"Mainz";"indelivery";1000;"2020-09-05"
5097;"energy";"electricity";2100;2188;"2019-12-28";"2020-03-01";"";"";"";"Augsburg";"indelivery";1002;"2020-09-20"
5098;"energy";"electricity";3000;2946;"2018-08-31";"2018-10-01";"2019-08-31";"2019-08-02";"fristgerecht durch LichtBlick";"Mainz";"terminated";1002;"2019-08-02"
5099;"energy";"electricity";2600;2542;"2020-08-01";"2020-11-01";"";"";"";"Mannheim";"active";1002;"2020-08-24"
5100;"energy";"electricity";2000;2099;"2020-02-26";"2020-09-01";"2020-09-01";"2020-12-02";"Wiederruf";"Stuttgart";"terminated";1002;"2020-07-14"
5101;"energy";"electricity";2000;2025;"2020-07-17";"2020-08-01";"";"";"";"Mainz";"indelivery";1001;"2020-07-28"
5102;"energy";"electricity";2900;2832;"2018-03-13";"2018-05-01";"2020-11-30";"2020-10-31";"Umzug";"Düsseldorf";"cancelled";1002;"2020-03-05"
5103;"energy";"electricity";2800;2950;"2020-07-10";"2020-10-01";"";"";"";"Braunschweig";"indelivery";1001;"2020-09-02"
5104;"energy";"electricity";2500;2432;"2019-07-16";"2019-11-01";"";"";"";"Leipzig";"indelivery";1000;"2020-09-18"
5105;"energy";"electricity";3000;3117;"2020-01-06";"2020-07-01";"";"";"";"Hannover";"indelivery";1001;"2020-07-29"
5106;"energy";"electricity";2700;2682;"2019-05-18";"2019-11-01";"";"";"";"Wuppertal";"indelivery";1001;"2020-05-10"
5107;"energy";"electricity";2300;2413;"2018-08-25";"2018-10-01";"";"";"";"Cologne";"indelivery";1001;"2019-12-08"
5108;"energy";"electricity";2900;2744;"2018-05-20";"2018-09-01";"";"";"";"Rostock";"indelivery";1002;"2019-01-13"
5109;"energy";"electricity";2100;2152;"2020-06-23";"2020-10-01";"";"";"";"Hannover";"indelivery";1000;"2020-08-05"
5110;"energy";"electricity";3000;3118;"2018-07-25";"2018-09-01";"";"";"";"Oranienburg";"indelivery";1001;"2020-06-03"
5111;"energy";"electricity";2100;2138;"2019-01-28";"2019-09-01";"2020-07-31";"2020-06-19";"fristgerecht durch Kunde";"Berlin";"terminated";1002;"2019-06-29"
5112;"energy";"electricity";2200;"";"2019-08-16";"2020-01-01";"";"";"";"Oldenburg";"indelivery";1001;"2020-05-26"
5113;"energy";"electricity";2800;2943;"2018-08-12";"2018-10-01";"2020-01-31";"2020-01-01";"Umzug";"Munich";"terminated";1001;"2018-12-21"
5114;"energy";"electricity";2200;2287;"2019-03-24";"2019-06-01";"";"";"";"Neu-Ulm";"indelivery";1000;"2019-06-09"
5115;"energy";"electricity";2300;2384;"2018-01-27";"2018-03-01";"2018-10-31";"2018-10-01";"fristgerecht durch Kunde";"Marienberg";"terminated";1002;"2018-02-15"
5116;"energy";"electricity";2700;2895;"2020-05-12";"2020-08-01";"";"";"";"Stuttgart";"indelivery";1001;"2020-09-11"
5117;"energy";"electricity";2200;2324;"2020-03-15";"2020-05-01";"";"";"";"Cologne";"indelivery";1000;"2020-09-19"
5118;"energy";"electricity";2400;2330;"2019-04-11";"2019-05-01";"";"";"";"Aalen";"indelivery";1001;"2019-06-23"
5119;"energy";"electricity";2300;2403;"2020-04-14";"2020-07-01";"";"";"";"Schwerin";"indelivery";1000;"2020-06-21"
5120;"energy";"electricity";2700;"";"2018-09-10";"2019-02-01";"2020-11-30";"2020-11-02";"fristgerecht durch Kunde";"Kiel";"cancelled";1001;"2019-01-12"
5121;"energy";"electricity";2200;2236;"2018-11-02";"2019-04-01";"";"";"";"Hamburg";"indelivery";1001;"2018-11-16"
5122;"energy";"electricity";2000;2105;"2020-05-04";"2020-06-01";"";"";"";"Hamburg";"indelivery";1001;"2020-07-28"
5123;"energy";"electricity";2800;2704;"2018-07-22";"2019-03-01";"";"";"";"Potsdam";"indelivery";1000;"2019-08-18"
5124;"energy";"electricity";2900;3012;"2020-07-11";"2020-09-01";"";"";"";"Bremen";"indelivery";1002;"2020-08-31"
5125;"energy";"electricity";2200;2072;"2020-05-16";"2020-12-01";"";"";"";"Marienberg";"active";1002;"2020-09-17"
5126;"energy";"electricity";2100;2146;"2018-06-08";"2018-08-01";"";"";"";"Recklinghausen";"indelivery";1000;"2018-08-19"
5127;"energy";"electricity";2700;2666;"2020-04-03";"2020-06-01";"";"";"";"Schwerin";"indelivery";1001;"2020-05-15"
5128;"energy";"electricity";2400;2465;"2019-09-06";"2019-12-01";"2019-12-01";"2020-01-02";"Wiederruf";"Marienberg";"terminated";1001;"2020-01-02"
5129;"energy";"electricity";2300;2269;"2018-03-08";"2018-04-01";"";"";"";"Berlin";"indelivery";1000;"2019-09-06"
5130;"energy";"electricity";2100;2054;"2018-10-25";"2018-11-01";"";"";"";"Bremerhaven";"indelivery";1000;"2020-02-12"
5131;"energy";"gas";10700;10435;"2020-04-29";"2020-10-01";"";"";"";"Stuttgart";"indelivery";2000;"2020-06-05"
5132;"energy";"electricity";2600;2689;"2018-06-03";"2018-07-01";"";"";"";"Marienberg";"indelivery";1000;"2019-12-03"
5133;"energy";"electricity";2100;2226;"2018-11-09";"2019-04-01";"";"";"";"Dresden";"indelivery";1002;"2020-09-20"
5134;"energy";"electricity";2900;3045;"2018-01-06";"2018-08-01";"";"";"";"Bonn";"indelivery";1000;"2020-04-04"
5135;"energy";"electricity";2600;2583;"2020-06-12";"2020-08-01";"";"";"";"Stralsund";"indelivery";1002;"2020-07-13"
5136;"energy";"electricity";2200;2111;"2019-01-28";"2019-04-01";"";"";"";"Gera";"indelivery";1001;"2019-06-17"
5137;"energy";"electricity";2700;2630;"2018-04-27";"2018-08-01";"";"";"";"Göttingen";"indelivery";1000;"2020-09-08"
5138;"energy";"electricity";2100;2069;"2018-08-21";"2019-01-01";"";"";"";"Essen";"indelivery";1002;"2019-05-16"
5139;"energy";"gas";11000;11122;"2020-04-22";"2020-09-01";"";"";"";"Magdeburg";"indelivery";2000;"2020-09-14"
5140;"energy";"electricity";2200;2095;"2020-02-19";"2020-05-01";"";"";"";"Essen";"indelivery";1001;"2020-02-28"
5141;"energy";"gas";8600;8529;"2019-11-27";"2020-08-01";"";"";"";"Hannover";"indelivery";2001;"2020-08-15"
5142;"energy";"gas";10100;9673;"2018-01-26";"2018-05-01";"";"";"";"Berlin";"indelivery";2000;"2018-09-18"
5143;"energy";"gas";10300;10781;"2018-10-16";"2019-03-01";"";"";"";"Hamburg";"indelivery";2000;"2020-03-10"
5144;"energy";"electricity";2400;2428;"2018-11-20";"2019-01-01";"";"";"";"Berlin";"indelivery";1002;"2020-02-25"
5145;"energy";"electricity";2200;2372;"2018-06-13";"2018-11-01";"2018-12-31";"2018-12-03";"fristgerecht durch Kunde";"Berlin";"terminated";1000;"2018-12-03"
5146;"energy";"electricity";2500;2517;"2020-04-28";"2020-08-01";"";"";"";"Sondershausen";"indelivery";1002;"2020-08-11"
5147;"energy";"electricity";2500;2422;"2018-02-03";"2018-07-01";"2018-07-01";"2020-04-29";"Wiederruf";"Potsdam";"terminated";1001;"2019-07-31"
5148;"energy";"electricity";2100;1959;"2018-02-17";"2019-03-01";"";"";"";"Dortmund";"indelivery";1001;"2019-03-14"
5149;"energy";"electricity";2100;"";"2019-10-06";"2020-08-01";"2020-08-01";"2020-09-02";"Wiederruf";"Wiesbaden";"terminated";1002;"2020-03-27"
5150;"energy";"electricity";2500;2638;"2018-03-11";"2018-07-01";"";"";"";"Duisburg";"indelivery";1001;"2018-03-12"
5151;"energy";"electricity";2600;2595;"2019-08-30";"2020-01-01";"";"";"";"Altchemnitz";"indelivery";1002;"2020-04-15"
5152;"energy";"electricity";2700;2843;"2018-09-25";"2019-03-01";"";"";"";"Braunschweig";"indelivery";1002;"2019-08-26"
5153;"energy";"electricity";2100;2062;"2019-03-18";"2019-09-01";"";"";"";"Berlin";"indelivery";1002;"2020-07-04"
5154;"energy";"electricity";2100;2258;"2019-10-13";"2020-01-01";"";"";"";"Munich";"indelivery";1001;"2019-10-19"
5155;"energy";"electricity";2100;2053;"2018-05-04";"2018-12-01";"";"";"";"Kassel";"indelivery";1001;"2020-07-07"
5156;"energy";"electricity";2100;2178;"2018-06-12";"2018-08-01";"";"";"";"Duisburg";"indelivery";1002;"2018-11-24"
5157;"energy";"electricity";2600;2652;"2020-05-25";"2021-04-01";"";"";"";"Leipzig";"active";1000;"2020-08-16"
5158;"energy";"electricity";2800;2697;"2020-02-02";"2020-04-01";"";"";"";"Cologne";"indelivery";1002;"2020-06-10"
5159;"energy";"electricity";2200;2197;"2020-06-14";"2020-11-01";"";"";"";"Stuttgart";"active";1000;"2020-07-12"
5160;"energy";"electricity";2400;2407;"2018-03-24";"2018-09-01";"";"";"";"Augsburg";"indelivery";1002;"2019-05-14"
5161;"energy";"electricity";2300;"";"2019-05-30";"2019-07-01";"";"";"";"Mannheim";"indelivery";1001;"2020-08-29"
5162;"energy";"electricity";2600;2438;"2019-09-17";"2019-12-01";"";"";"";"Magdeburg";"indelivery";1001;"2019-11-25"
5163;"energy";"electricity";2200;2275;"2020-07-31";"2020-08-01";"";"";"";"Marienberg";"indelivery";1002;"2020-09-08"
5164;"energy";"electricity";2900;2996;"2018-04-29";"2018-06-01";"2018-06-01";"2020-07-31";"Wiederruf";"Bremen";"terminated";1002;"2020-07-31"
5165;"energy";"electricity";2700;2910;"2020-07-24";"2020-10-01";"";"";"";"Dresden";"indelivery";1000;"2020-09-11"
5166;"energy";"electricity";2100;2093;"2019-09-25";"2019-11-01";"";"";"";"Berlin";"indelivery";1002;"2020-04-16"
5167;"energy";"electricity";2800;2731;"2019-04-17";"2019-06-01";"";"";"";"Hamburg";"indelivery";1001;"2019-07-06"
5168;"energy";"electricity";2700;"";"2019-10-27";"2020-02-01";"";"";"";"Essen";"indelivery";1002;"2020-02-24"
5169;"energy";"gas";8400;8475;"2018-12-13";"2019-05-01";"";"";"";"Altchemnitz";"indelivery";2001;"2020-05-27"
5170;"energy";"electricity";1900;"";"2019-09-29";"2019-11-01";"2020-09-30";"2020-08-31";"fristgerecht durch Kunde";"Hamburg";"terminated";1000;"2019-11-21"
5171;"energy";"gas";11600;12160;"2019-07-29";"2020-01-01";"2020-12-31";"2020-12-03";"fristgerecht durch LichtBlick";"Magdeburg";"cancelled";2000;"2020-01-14"
5172;"energy";"electricity";2100;2181;"2019-12-09";"2020-01-01";"2020-01-01";"2020-05-01";"Wiederruf";"Hamburg";"terminated";1002;"2020-05-01"
5173;"energy";"electricity";2200;2292;"2018-10-30";"2019-04-01";"2020-03-31";"2020-03-03";"fristgerecht durch Kunde";"Bremen";"terminated";1000;"2020-01-05"
5174;"energy";"electricity";2700;2808;"2018-09-24";"2018-11-01";"2020-04-30";"2020-03-30";"fristgerecht durch Kunde";"Berlin";"terminated";1000;"2019-07-28"
5175;"energy";"electricity";2500;2434;"2018-06-01";"2018-09-01";"";"";"";"Rostock";"indelivery";1001;"2019-04-10"
5176;"energy";"electricity";2900;3042;"2018-09-18";"2018-11-01";"2019-09-30";"2019-08-30";"fristgerecht durch LichtBlick";"Freiburg";"terminated";1001;"2019-06-02"
5177;"energy";"electricity";2500;2646;"2018-02-19";"2018-03-01";"";"";"";"Altchemnitz";"indelivery";1000;"2020-01-08"
5178;"energy";"electricity";2500;2724;"2018-01-30";"2018-03-01";"";"";"";"Dresden";"indelivery";1001;"2019-11-07"
5179;"energy";"gas";8800;8813;"2018-01-06";"2018-07-01";"";"";"";"Würzburg";"indelivery";2000;"2020-03-01"
5180;"energy";"electricity";2300;2486;"2019-01-22";"2019-03-01";"";"";"";"Berlin";"indelivery";1001;"2019-12-18"
5181;"energy";"electricity";2000;1960;"2019-11-06";"2020-05-01";"";"";"";"Berlin";"indelivery";1001;"2020-03-06"
5182;"energy";"electricity";2500;2683;"2018-11-01";"2018-12-01";"2018-12-01";"2020-03-03";"Wiederruf";"Munich";"terminated";1002;"2019-08-18"
5183;"energy";"electricity";2100;2065;"2020-03-23";"2020-04-01";"";"";"";"Hamburg";"indelivery";1001;"2020-09-12"
5184;"energy";"electricity";2900;3008;"2019-10-18";"2020-01-01";"";"";"";"Stuttgart";"indelivery";1000;"2020-09-12"
5185;"energy";"electricity";2600;2533;"2018-09-15";"2018-12-01";"";"";"";"Stuttgart";"indelivery";1002;"2020-07-31"
5186;"energy";"gas";11800;12242;"2020-03-31";"2020-06-01";"";"";"";"Hamburg";"indelivery";2001;"2020-09-24"
5187;"energy";"electricity";2100;2011;"2018-05-03";"2018-08-01";"";"";"";"Leipzig";"indelivery";1000;"2018-08-01"
5188;"energy";"electricity";2600;2715;"2018-04-24";"2018-06-01";"";"";"";"Frankfurt";"indelivery";1002;"2020-05-12"
5189;"energy";"gas";10100;10567;"2020-04-26";"2020-07-01";"";"";"";"Dortmund";"indelivery";2001;"2020-07-26"
5190;"energy";"electricity";2900;2916;"2020-07-18";"2020-09-01";"";"";"";"Hannover";"indelivery";1000;"2020-07-20"
5191;"energy";"electricity";2700;2633;"2018-08-03";"2018-10-01";"";"";"";"Essen";"indelivery";1000;"2018-09-16"
5192;"energy";"electricity";2600;2738;"2020-05-05";"2020-07-01";"";"";"";"Hamburg";"indelivery";1002;"2020-05-27"
5193;"energy";"electricity";2800;2801;"2018-07-18";"2018-10-01";"";"";"";"Mannheim";"indelivery";1000;"2019-05-22"
5194;"energy";"electricity";2800;2910;"2018-08-07";"2019-01-01";"";"";"";"Wuppertal";"indelivery";1002;"2019-06-06"
5195;"energy";"electricity";2900;2851;"2020-05-29";"2021-01-01";"";"";"";"Osnabrück";"active";1001;"2020-09-28"
5196;"energy";"electricity";2500;2640;"2018-07-13";"2018-10-01";"";"";"";"Stuttgart";"indelivery";1001;"2018-08-12"
5197;"energy";"electricity";2400;2339;"2018-12-17";"2019-02-01";"";"";"";"Wuppertal";"indelivery";1001;"2019-03-05"
5198;"energy";"gas";8800;8806;"2019-10-19";"2020-03-01";"";"";"";"Berlin";"indelivery";2000;"2020-06-30"
5199;"energy";"electricity";2600;2471;"2018-02-02";"2018-04-01";"";"";"";"Duisburg";"indelivery";1000;"2018-11-26"
5200;"energy";"electricity";2600;2672;"2018-08-28";"2018-11-01";"";"";"";"Gießen";"indelivery";1000;"2019-02-12"
5201;"energy";"electricity";2900;2871;"2019-03-03";"2019-05-01";"";"";"";"Frankfurt";"indelivery";1002;"2019-04-11"
5202;"energy";"gas";10500;10176;"2018-03-20";"2018-06-01";"";"";"";"Dresden";"indelivery";2001;"2020-04-12"
5203;"energy";"electricity";3000;2919;"2018-02-23";"2018-11-01";"";"";"";"Gummersbach";"indelivery";1002;"2018-09-18"
5204;"energy";"electricity";2200;2173;"2018-02-17";"2018-09-01";"";"";"";"Regensburg";"indelivery";1001;"2018-12-22"
5205;"energy";"electricity";2200;2285;"2018-05-09";"2018-08-01";"";"";"";"Munich";"indelivery";1000;"2019-12-30"
5206;"energy";"gas";9600;"";"2018-06-27";"2018-07-01";"";"";"";"Emden";"indelivery";2000;"2019-05-24"
5207;"energy";"electricity";2500;"";"2019-06-03";"2019-09-01";"";"";"";"Wiesbaden";"indelivery";1001;"2019-10-25"
5208;"energy";"electricity";2500;2525;"2018-01-21";"2018-10-01";"";"";"";"Hamburg";"indelivery";1002;"2018-05-23"
5209;"energy";"electricity";2500;2561;"2018-03-17";"2018-04-01";"";"";"";"Düsseldorf";"indelivery";1000;"2018-07-07"
5210;"energy";"electricity";2800;2702;"2019-12-31";"2020-11-01";"";"";"";"Marienberg";"active";1001;"2020-07-22"
5211;"energy";"electricity";2400;2394;"2019-08-08";"2020-01-01";"2020-03-31";"2020-02-28";"fristgerecht durch Kunde";"Berlin";"terminated";1001;"2019-11-24"
5212;"energy";"electricity";2700;2590;"2019-01-17";"2019-06-01";"";"";"";"Cologne";"indelivery";1001;"2020-02-05"
5213;"energy";"electricity";2300;2252;"2018-06-28";"2018-07-01";"2020-02-29";"2020-02-01";"fristgerecht durch LichtBlick";"Stuttgart";"terminated";1002;"2019-11-25"
5214;"energy";"electricity";2200;"";"2018-09-14";"2019-04-01";"";"";"";"Wuppertal";"indelivery";1001;"2018-11-23"
5215;"energy";"electricity";2600;2735;"2020-09-20";"2021-05-01";"";"";"";"Leipzig";"active";1002;"2020-09-25"
5216;"energy";"electricity";2700;2799;"2019-11-24";"2020-05-01";"";"";"";"Berlin";"indelivery";1001;"2020-01-24"
5217;"energy";"electricity";2200;2241;"2018-06-02";"2018-11-01";"2019-04-30";"2019-04-02";"fristgerecht durch Kunde";"Oldenburg";"terminated";1000;"2018-06-12"
5218;"energy";"electricity";2400;2476;"2020-04-29";"2020-11-01";"";"";"";"Berlin";"active";1000;"2020-07-15"
5219;"energy";"electricity";2000;2167;"2020-08-17";"2020-11-01";"";"";"";"Munich";"active";1002;"2020-09-19"
5220;"energy";"electricity";2900;2970;"2019-04-08";"2019-07-01";"";"";"";"Altchemnitz";"indelivery";1002;"2019-06-04"
5221;"energy";"gas";9700;10335;"2020-06-20";"2020-08-01";"2020-12-31";"2020-11-30";"fristgerecht durch LichtBlick";"Duisburg";"cancelled";2000;"2020-08-21"
5222;"energy";"electricity";2600;"";"2020-01-23";"2020-05-01";"";"";"";"Cologne";"indelivery";1002;"2020-04-29"
5223;"energy";"electricity";2200;2282;"2020-09-06";"2020-12-01";"";"";"";"Kelheim";"active";1002;"2020-09-25"
5224;"energy";"electricity";2300;2389;"2019-02-09";"2019-07-01";"";"";"";"Berlin";"indelivery";1001;"2019-11-24"
5225;"energy";"electricity";2500;2605;"2018-08-07";"2019-03-01";"";"";"";"Marienberg";"indelivery";1000;"2020-03-28"
5226;"energy";"electricity";2000;2169;"2019-06-16";"2019-07-01";"2020-09-30";"2020-08-30";"fristgerecht durch Kunde";"Weimar";"terminated";1000;"2020-05-16"
5227;"energy";"gas";10200;10336;"2020-05-12";"2020-10-01";"";"";"";"Frankfurt";"indelivery";2000;"2020-08-04"
5228;"energy";"electricity";2800;2974;"2018-12-03";"2019-04-01";"2019-08-31";"2019-08-03";"Umzug";"Marienberg";"terminated";1002;"2019-05-17"
5229;"energy";"electricity";2700;2881;"2020-08-30";"2020-12-01";"";"";"";"Cologne";"active";1001;"2020-09-19"
5230;"energy";"electricity";2700;2757;"2018-12-30";"2019-02-01";"2019-02-01";"2019-05-30";"Wiederruf";"Berlin";"terminated";1002;"2019-05-30"
5231;"energy";"electricity";2700;2799;"2018-08-09";"2019-06-01";"";"";"";"Göttingen";"indelivery";1001;"2019-03-02"
5232;"energy";"electricity";2800;2722;"2019-04-20";"2019-05-01";"2020-05-31";"2020-04-29";"fristgerecht durch LichtBlick";"Stuttgart";"terminated";1002;"2020-03-05"
5233;"energy";"electricity";2700;2757;"2018-06-29";"2019-12-01";"";"";"";"Essen";"indelivery";1001;"2020-04-14"
5234;"energy";"electricity";2900;3089;"2019-12-05";"2020-07-01";"";"";"";"Düsseldorf";"indelivery";1001;"2020-08-06"
5235;"energy";"electricity";2700;2797;"2018-11-29";"2019-01-01";"";"";"";"Wiesbaden";"indelivery";1001;"2019-04-26"
5236;"energy";"electricity";2100;2067;"2019-06-27";"2019-08-01";"2020-07-31";"2020-06-29";"fristgerecht durch LichtBlick";"Berlin";"terminated";1001;"2019-08-21"
5237;"energy";"electricity";2900;2839;"2020-02-09";"2020-07-01";"";"";"";"Stuttgart";"indelivery";1000;"2020-07-25"
5238;"energy";"electricity";2900;2774;"2020-02-27";"2020-04-01";"2020-05-31";"2020-05-03";"Umzug";"Dresden";"terminated";1001;"2020-05-03"
5239;"energy";"electricity";2900;2869;"2019-10-20";"2020-02-01";"";"";"";"Stuttgart";"indelivery";1002;"2020-05-17"
5240;"energy";"electricity";2700;2659;"2019-08-07";"2019-10-01";"";"";"";"Hamburg";"indelivery";1002;"2019-09-10"
5241;"energy";"electricity";2300;2167;"2020-09-28";"2020-12-01";"";"";"";"Cologne";"active";1000;"2020-09-30"
5242;"energy";"gas";11000;11378;"2018-03-20";"2018-08-01";"";"";"";"Cologne";"indelivery";2000;"2020-05-31"
5243;"energy";"electricity";2200;2301;"2019-05-16";"2019-07-01";"";"";"";"Heidelberg";"indelivery";1001;"2020-04-30"
5244;"energy";"gas";10600;10737;"2018-08-21";"2019-02-01";"";"";"";"Dortmund";"indelivery";2001;"2020-03-31"
5245;"energy";"electricity";2600;2742;"2020-06-09";"2020-08-01";"";"";"";"Berlin";"indelivery";1001;"2020-09-19"
5246;"energy";"electricity";2900;2943;"2018-11-01";"2019-06-01";"2019-08-31";"2019-08-02";"Umzug";"Berlin";"terminated";1000;"2019-04-12"
5247;"energy";"gas";9900;9834;"2020-06-29";"2020-10-01";"";"";"";"Cologne";"indelivery";2001;"2020-08-16"
5248;"energy";"electricity";2100;2232;"2019-01-25";"2019-08-01";"2019-08-01";"2019-08-30";"Wiederruf";"Dresden";"terminated";1000;"2019-08-30"
5249;"energy";"gas";11600;11286;"2019-04-13";"2019-06-01";"";"";"";"Duisburg";"indelivery";2001;"2019-08-03"
5250;"energy";"electricity";2000;2047;"2018-07-26";"2019-02-01";"";"";"";"Koblenz";"indelivery";1001;"2020-09-28"
5251;"energy";"electricity";2000;1935;"2020-02-14";"2020-04-01";"";"";"";"Essen";"indelivery";1001;"2020-05-17"
5252;"energy";"electricity";2400;2450;"2019-08-03";"2019-10-01";"2019-10-01";"2020-08-28";"Wiederruf";"Stendal";"terminated";1000;"2020-03-17"
5253;"energy";"electricity";2700;2681;"2020-08-08";"2021-09-01";"";"";"";"Berlin";"active";1002;"2020-08-29"
5254;"energy";"electricity";2700;2559;"2020-06-26";"2020-07-01";"";"";"";"Essen";"indelivery";1002;"2020-07-31"
5255;"energy";"electricity";2400;2518;"2018-01-08";"2018-05-01";"2020-09-30";"2020-08-30";"fristgerecht durch LichtBlick";"Hamburg";"terminated";1002;"2019-10-31"
5256;"energy";"electricity";2200;2278;"2019-07-14";"2019-10-01";"";"";"";"Hamburg";"indelivery";1001;"2019-07-20"
5257;"energy";"electricity";3000;2895;"2018-07-07";"2019-01-01";"";"";"";"Weißenburg";"indelivery";1002;"2019-10-16"
5258;"energy";"electricity";2300;"";"2019-05-09";"2019-09-01";"";"";"";"Berlin";"indelivery";1000;"2019-09-19"
5259;"energy";"electricity";2900;3128;"2018-07-27";"2018-12-01";"";"";"";"Saarbrücken";"indelivery";1002;"2020-07-02"
5260;"energy";"electricity";2400;2439;"2020-09-29";"2021-02-01";"";"";"";"Hamburg";"active";1002;"2020-09-29"
5261;"energy";"electricity";2800;2886;"2018-07-20";"2018-08-01";"";"";"";"Düsseldorf";"indelivery";1001;"2020-03-20"
5262;"energy";"electricity";2800;2833;"2020-09-14";"2020-10-01";"";"";"";"Augsburg";"indelivery";1002;"2020-09-15"
5263;"energy";"electricity";2200;"";"2020-05-24";"2020-11-01";"";"";"";"Cologne";"active";1001;"2020-09-17"
5264;"energy";"electricity";2800;2707;"2019-03-09";"2019-08-01";"";"";"";"Augsburg";"indelivery";1000;"2019-09-13"
5265;"energy";"electricity";2100;2186;"2019-11-22";"2020-01-01";"2020-01-01";"2020-02-27";"Wiederruf";"Bremen";"terminated";1002;"2020-02-15"
5266;"energy";"electricity";2500;2589;"2019-09-16";"2019-11-01";"";"";"";"Duisburg";"indelivery";1002;"2019-12-20"
5267;"energy";"electricity";2900;2796;"2020-01-16";"2020-03-01";"";"";"";"Munich";"indelivery";1002;"2020-02-12"
5268;"energy";"electricity";2600;2476;"2019-03-29";"2019-06-01";"";"";"";"Leipzig";"indelivery";1002;"2020-06-10"
5269;"energy";"electricity";2100;2149;"2018-05-24";"2018-06-01";"";"";"";"Hamburg";"indelivery";1002;"2018-12-08"
5270;"energy";"electricity";1900;1891;"2019-12-22";"2020-01-01";"";"";"";"Berlin";"indelivery";1002;"2020-03-26"
5271;"energy";"electricity";2400;2372;"2018-08-26";"2019-01-01";"2019-06-30";"2019-06-01";"Umzug";"Marienberg";"terminated";1000;"2019-01-23"
5272;"energy";"gas";10600;"";"2018-12-30";"2019-04-01";"";"";"";"Berlin";"indelivery";2000;"2020-08-07"
5273;"energy";"electricity";2200;2248;"2019-07-05";"2019-08-01";"";"";"";"Frankfurt";"indelivery";1001;"2020-05-01"
5274;"energy";"electricity";2900;2887;"2020-09-03";"2020-11-01";"";"";"";"Hamburg";"active";1001;"2020-09-11"
5275;"energy";"electricity";2400;2250;"2020-04-08";"2020-11-01";"";"";"";"Berlin";"active";1000;"2020-06-23"
5276;"energy";"electricity";2500;2572;"2020-05-23";"2020-07-01";"";"";"";"Berlin";"indelivery";1000;"2020-08-13"
5277;"energy";"electricity";2500;2535;"2018-03-06";"2018-05-01";"2018-05-01";"2019-01-31";"Wiederruf";"Mainz";"terminated";1000;"2018-03-16"
5278;"energy";"electricity";2600;2575;"2020-08-29";"2020-10-01";"";"";"";"Hamburg";"indelivery";1002;"2020-08-29"
5279;"energy";"electricity";2400;2495;"2019-05-06";"2019-12-01";"";"";"";"Ulm";"indelivery";1002;"2020-07-22"
5280;"energy";"electricity";2600;2662;"2018-11-30";"2019-02-01";"";"";"";"Essen";"indelivery";1001;"2019-05-31"
5281;"energy";"electricity";2800;2957;"2018-03-09";"2018-05-01";"2018-05-01";"2020-02-01";"Wiederruf";"Hannover";"terminated";1001;"2018-10-13"
5282;"energy";"electricity";2900;"";"2018-04-23";"2018-06-01";"";"";"";"Hamburg";"indelivery";1000;"2019-12-21"
5283;"energy";"electricity";2200;2239;"2019-03-24";"2019-04-01";"2019-08-31";"2019-08-01";"fristgerecht durch LichtBlick";"Cologne";"terminated";1001;"2019-08-01"
5284;"energy";"electricity";2200;2267;"2018-03-28";"2018-11-01";"2020-04-30";"2020-04-01";"fristgerecht durch LichtBlick";"Munich";"terminated";1000;"2020-04-01"
5285;"energy";"electricity";2700;2939;"2018-10-18";"2019-01-01";"2020-09-30";"2020-08-28";"fristgerecht durch Kunde";"Düsseldorf";"terminated";1001;"2019-12-10"
5286;"energy";"electricity";1900;1985;"2019-01-03";"2019-03-01";"2020-03-31";"2020-02-29";"fristgerecht durch LichtBlick";"Cologne";"terminated";1000;"2020-02-29"
5287;"energy";"electricity";2300;2259;"2020-05-29";"2020-07-01";"";"";"";"Bonn";"indelivery";1002;"2020-08-11"
5288;"energy";"electricity";2400;2532;"2018-06-22";"2019-07-01";"";"";"";"Berlin";"indelivery";1002;"2018-09-30"
5289;"energy";"electricity";2300;2380;"2019-03-26";"2019-07-01";"";"";"";"Hannover";"indelivery";1000;"2020-03-20"
5290;"energy";"electricity";2600;2579;"2020-07-03";"2020-10-01";"";"";"";"Germersheim";"indelivery";1002;"2020-07-12"
5291;"energy";"electricity";2800;2779;"2020-07-25";"2020-10-01";"2020-11-30";"2020-11-01";"fristgerecht durch Kunde";"Pfaffenhofen";"cancelled";1000;"2020-09-10"
5292;"energy";"electricity";2300;2410;"2018-03-21";"2018-06-01";"";"";"";"Düsseldorf";"indelivery";1001;"2020-04-10"
5293;"energy";"gas";10400;10069;"2020-05-21";"2021-01-01";"";"";"";"Berlin";"active";2000;"2020-05-23"
5294;"energy";"electricity";2600;2613;"2020-01-06";"2020-04-01";"";"";"";"Wuppertal";"indelivery";1000;"2020-07-19"
5295;"energy";"electricity";2000;1942;"2019-06-03";"2019-09-01";"";"";"";"Frankfurt";"indelivery";1001;"2019-07-28"
5296;"energy";"electricity";2400;2351;"2020-02-23";"2020-09-01";"";"";"";"Bonn";"indelivery";1000;"2020-03-09"
5297;"energy";"electricity";2700;2819;"2018-08-01";"2018-10-01";"2019-10-31";"2019-10-03";"fristgerecht durch Kunde";"Augsburg";"terminated";1000;"2019-10-03"
5298;"energy";"electricity";2100;2110;"2018-07-09";"2018-11-01";"";"";"";"Berlin";"indelivery";1002;"2020-05-04"
5299;"energy";"electricity";3000;2921;"2018-07-09";"2018-12-01";"";"";"";"Oldenburg";"indelivery";1002;"2018-10-22"
5300;"energy";"electricity";2500;2687;"2018-09-25";"2018-11-01";"";"";"";"Munich";"indelivery";1000;"2018-12-22"
5301;"energy";"electricity";2100;2162;"2018-08-31";"2018-10-01";"";"";"";"Bremen";"indelivery";1001;"2018-09-02"
5302;"energy";"electricity";2000;2148;"2018-11-29";"2019-02-01";"2020-09-30";"2020-09-02";"fristgerecht durch Kunde";"Hamburg";"terminated";1001;"2020-03-09"
5303;"energy";"electricity";2600;2664;"2018-05-08";"2018-11-01";"";"";"";"Kaiserslautern";"indelivery";1002;"2018-12-24"
5304;"energy";"gas";8300;8685;"2019-07-11";"2019-09-01";"2019-09-01";"2020-08-26";"Wiederruf";"Berlin";"terminated";2001;"2020-04-19"
5305;"energy";"electricity";2400;"";"2020-05-02";"2020-07-01";"";"";"";"Dortmund";"indelivery";1001;"2020-07-04"
5306;"energy";"electricity";2200;2331;"2019-07-05";"2019-11-01";"";"";"";"Karlsruhe";"indelivery";1001;"2020-01-09"
5307;"energy";"electricity";2100;2017;"2018-12-05";"2019-01-01";"2019-04-30";"2019-04-02";"fristgerecht durch Kunde";"Wiesbaden";"terminated";1001;"2019-03-08"
5308;"energy";"electricity";2700;2938;"2019-09-14";"2020-01-01";"";"";"";"Heidelberg";"indelivery";1001;"2020-09-18"
5309;"energy";"electricity";2500;2589;"2019-12-23";"2020-06-01";"";"";"";"Wiesbaden";"indelivery";1002;"2020-09-12"
5310;"energy";"electricity";2100;2302;"2020-05-26";"2021-03-01";"";"";"";"Garmisch-Partenkirchen";"active";1001;"2020-07-25"
5311;"energy";"gas";10100;9967;"2019-12-12";"2020-02-01";"";"";"";"Bielefeld";"indelivery";2000;"2020-07-04"
5312;"energy";"electricity";2200;2107;"2019-10-31";"2020-02-01";"";"";"";"Düsseldorf";"indelivery";1000;"2020-05-03"
5313;"energy";"electricity";2600;2727;"2019-06-19";"2019-12-01";"";"";"";"Hamburg";"indelivery";1001;"2019-10-05"
5314;"energy";"electricity";2800;2714;"2020-03-02";"2020-08-01";"";"";"";"Kiel";"indelivery";1002;"2020-08-31"
5315;"energy";"electricity";2200;2312;"2018-02-27";"2018-06-01";"";"";"";"Leipzig";"indelivery";1001;"2019-02-24"
5316;"energy";"gas";8400;8300;"2020-01-07";"2020-05-01";"";"";"";"Hamburg";"indelivery";2000;"2020-07-20"
5317;"energy";"electricity";2400;2504;"2019-02-07";"2019-04-01";"2019-06-30";"2019-05-27";"fristgerecht durch LichtBlick";"Berlin";"terminated";1001;"2019-05-27"
5318;"energy";"electricity";2700;2702;"2018-05-13";"2018-07-01";"";"";"";"Berlin";"indelivery";1002;"2019-06-14"
5319;"energy";"electricity";2000;"";"2018-04-06";"2018-08-01";"2020-04-30";"2020-04-01";"fristgerecht durch Kunde";"Hamburg";"terminated";1000;"2019-06-11"
5320;"energy";"electricity";2300;2480;"2020-03-19";"2020-06-01";"2020-06-01";"2020-09-24";"Wiederruf";"Gießen";"terminated";1000;"2020-09-19"
5321;"energy";"electricity";2700;2923;"2020-04-11";"2020-06-01";"";"";"";"Pforzheim";"indelivery";1000;"2020-06-22"
5322;"energy";"electricity";2600;2534;"2018-06-09";"2018-08-01";"";"";"";"Dresden";"indelivery";1001;"2018-09-07"
5323;"energy";"electricity";2400;2327;"2020-06-03";"2020-10-01";"";"";"";"Leipzig";"indelivery";1002;"2020-06-30"
5324;"energy";"electricity";2200;2098;"2019-12-10";"2020-05-01";"";"";"";"Braunschweig";"indelivery";1001;"2020-06-12"
5325;"energy";"gas";10400;10788;"2019-03-05";"2019-04-01";"";"";"";"Stuttgart";"indelivery";2001;"2019-05-12"
5326;"energy";"electricity";2100;2204;"2019-10-01";"2020-07-01";"";"";"";"Frankfurt";"indelivery";1000;"2020-05-29"
5327;"energy";"electricity";2700;2907;"2018-08-29";"2019-02-01";"2020-07-31";"2020-06-28";"Umzug";"Duisburg";"terminated";1000;"2020-06-28"
5328;"energy";"electricity";2700;2850;"2018-02-28";"2019-02-01";"";"";"";"Munich";"indelivery";1001;"2018-04-10"
5329;"energy";"electricity";2300;"";"2018-10-27";"2019-05-01";"";"";"";"Berlin";"indelivery";1002;"2019-02-04"
5330;"energy";"electricity";2300;2359;"2019-08-30";"2020-01-01";"2020-01-01";"2020-10-03";"Wiederruf";"Magdeburg";"terminated";1002;"2020-04-11"
5331;"energy";"electricity";2500;2605;"2020-01-01";"2020-03-01";"";"";"";"Eutin";"indelivery";1002;"2020-08-31"
5332;"energy";"electricity";2400;2506;"2018-07-15";"2018-08-01";"2018-09-30";"2018-08-31";"Umzug";"Marienberg";"terminated";1000;"2018-08-31"
5333;"energy";"electricity";2900;"";"2020-06-01";"2020-08-01";"";"";"";"Augsburg";"indelivery";1001;"2020-09-11"
5334;"energy";"electricity";2400;2332;"2020-06-28";"2020-08-01";"";"";"";"Altchemnitz";"indelivery";1002;"2020-07-12"
5335;"energy";"gas";11700;12522;"2019-08-11";"2020-02-01";"";"";"";"Cottbus";"indelivery";2001;"2019-12-09"
5336;"energy";"electricity";2200;2249;"2019-05-07";"2019-10-01";"";"";"";"Würzburg";"indelivery";1002;"2020-08-09"
5337;"energy";"electricity";2600;2711;"2019-05-29";"2019-06-01";"";"";"";"Berlin";"indelivery";1001;"2020-03-24"
5338;"energy";"gas";8000;7911;"2018-04-30";"2018-06-01";"2020-08-31";"2020-08-03";"Umzug";"Wuppertal";"terminated";2000;"2019-04-08"
5339;"energy";"electricity";2400;"";"2019-09-03";"2019-12-01";"";"";"";"Hamburg";"indelivery";1002;"2020-09-28"
5340;"energy";"electricity";2100;1970;"2018-08-26";"2019-02-01";"";"";"";"Munich";"indelivery";1000;"2019-04-18"
5341;"energy";"electricity";3000;2866;"2018-12-14";"2019-02-01";"";"";"";"Stuttgart";"indelivery";1000;"2020-09-29"
5342;"energy";"electricity";2500;2373;"2020-03-14";"2020-04-01";"";"";"";"Bremerhaven";"indelivery";1000;"2020-08-06"
5343;"energy";"electricity";2500;2532;"2018-02-17";"2018-04-01";"";"";"";"Munich";"indelivery";1000;"2019-06-28"
5344;"energy";"gas";9000;"";"2018-08-15";"2019-02-01";"";"";"";"Bonn";"indelivery";2001;"2019-06-15"
5345;"energy";"electricity";2700;2819;"2020-09-12";"2021-02-01";"";"";"";"Hamburg";"active";1000;"2020-09-19"
5346;"energy";"electricity";2900;3072;"2018-10-14";"2019-01-01";"2019-03-31";"2019-02-23";"Umzug";"Braunschweig";"terminated";1000;"2019-02-23"
5347;"energy";"electricity";2700;2812;"2019-10-09";"2020-03-01";"2020-07-31";"2020-07-02";"fristgerecht durch Kunde";"Magdeburg";"terminated";1000;"2020-07-02"
5348;"energy";"electricity";2500;"";"2020-08-04";"2021-05-01";"";"";"";"Kassel";"active";1001;"2020-09-13"
5349;"energy";"electricity";2400;2557;"2020-09-06";"2021-03-01";"";"";"";"Cottbus";"active";1000;"2020-09-17"
5350;"energy";"electricity";2500;2476;"2020-01-09";"2020-03-01";"2020-03-01";"2020-05-24";"Wiederruf";"Cologne";"terminated";1000;"2020-02-22"
5351;"energy";"gas";8900;8803;"2018-01-14";"2018-03-01";"2019-01-31";"2018-12-31";"Umzug";"Bremen";"terminated";2000;"2018-12-31"
5352;"energy";"electricity";2800;"";"2018-05-03";"2018-06-01";"2019-10-31";"2019-10-03";"fristgerecht durch Kunde";"Berlin";"terminated";1000;"2019-04-16"
5353;"energy";"electricity";2400;2558;"2020-08-26";"2020-09-01";"";"";"";"Hamburg";"indelivery";1002;"2020-08-30"
5354;"energy";"electricity";2200;2245;"2018-11-26";"2018-12-01";"";"";"";"Munich";"indelivery";1002;"2020-03-17"
5355;"energy";"electricity";2000;2081;"2020-03-15";"2020-07-01";"";"";"";"Augsburg";"indelivery";1002;"2020-06-24"
5356;"energy";"electricity";2800;2766;"2020-09-15";"2021-01-01";"";"";"";"Berlin";"active";1001;"2020-09-25"
5357;"energy";"gas";12000;12095;"2018-09-30";"2019-01-01";"2019-01-01";"2020-09-27";"Wiederruf";"Rosenheim";"terminated";2000;"2019-04-01"
5358;"energy";"electricity";2700;2641;"2018-07-28";"2018-12-01";"";"";"";"Marienberg";"indelivery";1002;"2019-07-28"
5359;"energy";"electricity";2300;2178;"2020-03-27";"2020-07-01";"";"";"";"Frankfurt";"indelivery";1000;"2020-09-16"
5360;"energy";"electricity";2600;2642;"2019-04-21";"2019-08-01";"";"";"";"Berlin";"indelivery";1000;"2020-08-29"
5361;"energy";"electricity";2400;2512;"2018-12-23";"2019-03-01";"";"";"";"Karlsruhe";"indelivery";1001;"2019-06-21"
5362;"energy";"electricity";2500;2337;"2018-04-27";"2018-06-01";"";"";"";"Frankfurt";"indelivery";1001;"2018-08-02"
5363;"energy";"electricity";2800;"";"2018-08-18";"2019-04-01";"";"";"";"Ulm";"indelivery";1000;"2020-04-01"
5364;"energy";"electricity";2600;2609;"2019-03-22";"2019-07-01";"";"";"";"Saarbrücken";"indelivery";1002;"2020-02-21"
5365;"energy";"electricity";2500;2606;"2020-04-16";"2021-02-01";"";"";"";"Hamburg";"active";1001;"2020-09-16"
5366;"energy";"electricity";2400;2475;"2020-04-09";"2021-04-01";"";"";"";"Dresden";"active";1000;"2020-06-28"
5367;"energy";"electricity";2700;2567;"2018-07-28";"2018-11-01";"2019-06-30";"2019-06-02";"Umzug";"Munich";"terminated";1001;"2018-10-31"
5368;"energy";"electricity";2100;2010;"2019-12-03";"2020-07-01";"";"";"";"Stuttgart";"indelivery";1000;"2020-01-30"
5369;"energy";"electricity";2400;"";"2018-10-12";"2019-11-01";"2020-01-31";"2020-01-02";"Umzug";"Freiburg";"terminated";1000;"2019-01-06"
5370;"energy";"electricity";2500;2519;"2020-09-27";"2020-11-01";"";"";"";"Schwerin";"active";1002;"2020-09-28"
5371;"energy";"electricity";2700;2809;"2018-03-13";"2018-07-01";"2018-09-30";"2018-08-27";"fristgerecht durch LichtBlick";"Essen";"terminated";1002;"2018-03-26"
5372;"energy";"gas";10000;9995;"2020-04-28";"2020-11-01";"";"";"";"Berlin";"active";2001;"2020-08-05"
5373;"energy";"electricity";2000;"";"2019-03-19";"2020-01-01";"";"";"";"Bielefeld";"indelivery";1002;"2019-08-10"
5374;"energy";"electricity";2200;2171;"2018-12-17";"2019-02-01";"";"";"";"Frankfurt";"indelivery";1002;"2019-12-16"
5375;"energy";"electricity";2400;2510;"2018-12-13";"2019-03-01";"";"";"";"Mainz";"indelivery";1001;"2019-02-17"
5376;"energy";"electricity";2000;"";"2018-01-14";"2018-06-01";"";"";"";"Leipzig";"indelivery";1001;"2018-01-31"
5377;"energy";"electricity";2700;2595;"2018-10-08";"2018-12-01";"";"";"";"Göttingen";"indelivery";1002;"2020-08-10"
5378;"energy";"electricity";2100;2109;"2019-12-21";"2020-02-01";"";"";"";"Marienberg";"indelivery";1000;"2020-04-15"
5379;"energy";"gas";8800;8624;"2020-09-02";"2020-10-01";"";"";"";"Gera";"indelivery";2001;"2020-09-24"
5380;"energy";"electricity";2100;2117;"2018-10-25";"2019-04-01";"2020-08-31";"2020-08-03";"Umzug";"Berlin";"terminated";1000;"2019-12-21"
5381;"energy";"electricity";2800;2876;"2019-12-12";"2020-05-01";"";"";"";"Bremen";"indelivery";1001;"2020-09-21"
5382;"energy";"electricity";2600;2514;"2019-10-28";"2020-05-01";"";"";"";"Münster";"indelivery";1000;"2019-12-30"
5383;"energy";"electricity";2300;2205;"2018-01-28";"2018-05-01";"";"";"";"Hamburg";"indelivery";1000;"2020-02-26"
5384;"energy";"electricity";2800;2768;"2018-09-21";"2019-02-01";"";"";"";"Munich";"indelivery";1001;"2019-01-04"
5385;"energy";"electricity";1900;1822;"2019-08-18";"2019-10-01";"";"";"";"Cologne";"indelivery";1002;"2020-05-08"
5386;"energy";"gas";10000;10256;"2019-05-07";"2019-06-01";"2020-09-30";"2020-08-30";"Umzug";"Bielefeld";"terminated";2001;"2020-06-02"
5387;"energy";"electricity";2200;2144;"2019-10-25";"2020-02-01";"";"";"";"Osnabrück";"indelivery";1002;"2019-11-09"
5388;"energy";"electricity";2600;2497;"2019-03-09";"2019-05-01";"";"";"";"Berlin";"indelivery";1000;"2019-09-10"
5389;"energy";"electricity";2600;2683;"2020-09-19";"2020-11-01";"";"";"";"Ulm";"active";1001;"2020-09-24"
5390;"energy";"gas";9700;9269;"2019-09-21";"2020-01-01";"";"";"";"Marienberg";"indelivery";2001;"2020-01-07"
5391;"energy";"gas";11500;11666;"2019-04-28";"2019-06-01";"";"";"";"Wiesbaden";"indelivery";2001;"2019-07-24"
5392;"energy";"electricity";2700;2674;"2018-10-19";"2019-04-01";"";"";"";"Augsburg";"indelivery";1001;"2019-02-05"
5393;"energy";"electricity";2700;2709;"2018-09-03";"2019-09-01";"";"";"";"Marienberg";"indelivery";1002;"2020-01-12"
5394;"energy";"electricity";2600;2527;"2020-01-02";"2020-03-01";"";"";"";"Hamburg";"indelivery";1001;"2020-01-30"
5395;"energy";"electricity";2200;2212;"2018-11-08";"2019-02-01";"";"";"";"Stuttgart";"indelivery";1000;"2020-02-02"
5396;"energy";"electricity";2400;2463;"2020-09-22";"2020-11-01";"";"";"";"Bremerhaven";"active";1002;"2020-09-27"
5397;"energy";"electricity";2500;2479;"2019-05-29";"2019-08-01";"";"";"";"Berlin";"indelivery";1000;"2019-07-10"
5398;"energy";"electricity";2200;2352;"2019-04-19";"2019-11-01";"";"";"";"Munich";"indelivery";1002;"2019-04-26"
5399;"energy";"electricity";2200;2319;"2019-09-06";"2019-11-01";"";"";"";"Bonn";"indelivery";1002;"2020-06-27"
5400;"energy";"gas";8500;8079;"2020-03-09";"2021-04-01";"";"";"";"Duisburg";"active";2000;"2020-09-11"
5401;"energy";"electricity";2400;2548;"2018-10-29";"2019-03-01";"";"";"";"Munich";"indelivery";1001;"2019-01-03"
5402;"energy";"electricity";2100;2145;"2019-02-04";"2019-03-01";"";"";"";"Berlin";"indelivery";1000;"2020-02-19"
5403;"energy";"electricity";2500;2379;"2020-06-26";"2020-10-01";"";"";"";"Munich";"indelivery";1002;"2020-08-12"
5404;"energy";"electricity";2300;2256;"2018-12-22";"2019-02-01";"";"";"";"Berlin";"indelivery";1001;"2019-03-03"
5405;"energy";"electricity";2100;2139;"2019-07-22";"2019-09-01";"";"";"";"Flensburg";"indelivery";1002;"2020-03-26"
5406;"energy";"gas";8000;8103;"2019-05-06";"2019-06-01";"";"";"";"Duisburg";"indelivery";2000;"2019-12-31"
5407;"energy";"electricity";2500;2409;"2019-09-09";"2019-11-01";"";"";"";"Berlin";"indelivery";1001;"2020-02-29"
5408;"energy";"electricity";2600;2665;"2018-09-17";"2019-03-01";"";"";"";"Potsdam";"indelivery";1002;"2019-03-02"
5409;"energy";"electricity";2000;2067;"2019-11-11";"2020-03-01";"";"";"";"Berlin";"indelivery";1001;"2020-01-08"
5410;"energy";"gas";8800;8733;"2019-04-25";"2019-06-01";"";"";"";"Saarbrücken";"indelivery";2001;"2020-08-29"
5411;"energy";"electricity";2600;2534;"2018-08-01";"2018-10-01";"";"";"";"Osnabrück";"indelivery";1002;"2020-08-11"
5412;"energy";"electricity";2400;2403;"2018-11-22";"2019-01-01";"";"";"";"Bonn";"indelivery";1000;"2020-06-30"
5413;"energy";"electricity";2500;2521;"2020-09-12";"2020-12-01";"";"";"";"Munich";"active";1002;"2020-09-29"
5414;"energy";"gas";9400;9258;"2019-11-22";"2020-02-01";"";"";"";"Dresden";"indelivery";2000;"2019-12-31"
5415;"energy";"electricity";1900;1818;"2020-02-05";"2020-03-01";"";"";"";"Berlin";"indelivery";1002;"2020-09-27"
5416;"energy";"electricity";2500;2591;"2018-05-21";"2018-11-01";"";"";"";"Cologne";"indelivery";1000;"2020-08-24"
5417;"energy";"electricity";2000;2011;"2020-03-16";"2021-02-01";"";"";"";"Bremerhaven";"active";1002;"2020-05-14"
5418;"energy";"electricity";2100;2233;"2018-06-27";"2018-10-01";"";"";"";"Hannover";"indelivery";1000;"2018-11-21"
5419;"energy";"electricity";2600;"";"2019-01-22";"2019-03-01";"";"";"";"Dresden";"indelivery";1001;"2020-09-03"
5420;"energy";"electricity";2700;2565;"2018-08-13";"2019-02-01";"2019-02-01";"2020-12-01";"Wiederruf";"Bremerhaven";"terminated";1002;"2019-03-29"
5421;"energy";"electricity";2300;2494;"2019-03-02";"2019-08-01";"";"";"";"Berlin";"indelivery";1001;"2020-02-18"
5422;"energy";"electricity";2800;2780;"2018-01-09";"2018-03-01";"";"";"";"Frankfurt";"indelivery";1000;"2018-06-09"
5423;"energy";"gas";9900;10419;"2018-12-27";"2019-06-01";"";"";"";"Essen";"indelivery";2000;"2019-05-25"
5424;"energy";"electricity";2500;2585;"2018-10-23";"2018-11-01";"";"";"";"Munich";"indelivery";1000;"2020-03-08"
5425;"energy";"electricity";2900;"";"2020-08-03";"2021-03-01";"";"";"";"Villingen-Schwenningen";"active";1001;"2020-09-28"
5426;"energy";"electricity";2900;"";"2020-04-19";"2020-06-01";"";"";"";"Altchemnitz";"indelivery";1000;"2020-05-24"
5427;"energy";"gas";10000;10280;"2018-07-11";"2018-09-01";"";"";"";"Hannover";"indelivery";2000;"2018-08-30"
5428;"energy";"electricity";2100;2043;"2019-12-15";"2020-05-01";"2020-08-31";"2020-08-03";"Umzug";"Braunschweig";"terminated";1001;"2020-04-09"
5429;"energy";"electricity";1900;1886;"2020-01-15";"2020-06-01";"";"";"";"Berlin";"indelivery";1000;"2020-02-04"
5430;"energy";"electricity";2900;3056;"2018-10-05";"2019-02-01";"2020-09-30";"2020-08-23";"Umzug";"Marienberg";"terminated";1001;"2019-09-08"
5431;"energy";"electricity";2700;2545;"2020-01-23";"2020-03-01";"";"";"";"Hamburg";"indelivery";1001;"2020-06-13"
5432;"energy";"electricity";2200;2083;"2020-06-03";"2020-08-01";"";"";"";"Augsburg";"indelivery";1001;"2020-08-04"
5433;"energy";"gas";11000;10769;"2018-02-01";"2018-10-01";"2020-06-30";"2020-05-28";"Umzug";"Bielefeld";"terminated";2001;"2019-09-07"
5434;"energy";"electricity";1900;1930;"2019-06-24";"2019-11-01";"";"";"";"Hamburg";"indelivery";1001;"2019-11-01"
5435;"energy";"gas";9400;9746;"2018-02-13";"2018-04-01";"";"";"";"Leipzig";"indelivery";2001;"2018-08-05"
5436;"energy";"gas";8100;8406;"2018-04-06";"2019-05-01";"2019-06-30";"2019-06-01";"Umzug";"Augsburg";"terminated";2000;"2019-06-01"
5437;"energy";"electricity";2500;"";"2020-05-08";"2020-12-01";"";"";"";"Hanau";"active";1000;"2020-09-03"
5438;"energy";"electricity";2300;"";"2018-11-23";"2019-03-01";"";"";"";"Hamburg";"indelivery";1000;"2019-04-24"
5439;"energy";"electricity";2100;2014;"2019-11-13";"2020-06-01";"";"";"";"Frankfurt";"indelivery";1001;"2020-08-29"
5440;"energy";"electricity";2900;3085;"2019-09-12";"2020-08-01";"";"";"";"Hannover";"indelivery";1002;"2020-07-02"
5441;"energy";"gas";8500;9150;"2018-01-16";"2018-10-01";"";"";"";"Bremen";"indelivery";2000;"2018-10-04"
5442;"energy";"electricity";2100;2205;"2020-06-14";"2020-08-01";"";"";"";"Duisburg";"indelivery";1001;"2020-06-22"
5443;"energy";"electricity";2100;2157;"2019-05-28";"2019-06-01";"";"";"";"Berlin";"indelivery";1000;"2019-07-01"
5444;"energy";"electricity";2800;2778;"2018-09-22";"2019-01-01";"";"";"";"Hamburg";"indelivery";1002;"2019-12-16"
5445;"energy";"electricity";2000;2033;"2019-04-21";"2019-10-01";"";"";"";"Cologne";"indelivery";1002;"2020-03-06"
5446;"energy";"electricity";2500;2415;"2019-12-28";"2020-01-01";"2020-09-30";"2020-08-28";"fristgerecht durch LichtBlick";"Berlin";"terminated";1002;"2020-05-24"
5447;"energy";"electricity";2100;2050;"2020-07-27";"2020-09-01";"";"";"";"Essen";"indelivery";1002;"2020-08-03"
5448;"energy";"electricity";2600;2667;"2019-01-14";"2019-03-01";"";"";"";"Essen";"indelivery";1000;"2019-09-24"
5449;"energy";"electricity";2600;"";"2018-04-08";"2018-11-01";"";"";"";"Mannheim";"indelivery";1000;"2020-06-09"
5450;"energy";"electricity";2500;2565;"2019-08-24";"2020-03-01";"";"";"";"Munich";"indelivery";1002;"2019-09-23"
5451;"energy";"electricity";2800;2855;"2018-07-12";"2018-12-01";"2018-12-01";"2019-08-02";"Wiederruf";"Bielefeld";"terminated";1002;"2019-08-02"
5452;"energy";"electricity";2200;2157;"2020-06-08";"2020-10-01";"";"";"";"Essen";"indelivery";1002;"2020-06-13"
5453;"energy";"gas";11700;11403;"2020-07-12";"2021-05-01";"";"";"";"Essen";"active";2001;"2020-07-15"
5454;"energy";"electricity";2900;2830;"2019-04-17";"2019-07-01";"";"";"";"Düsseldorf";"indelivery";1000;"2020-04-15"
5455;"energy";"electricity";2400;2577;"2018-02-24";"2018-07-01";"";"";"";"Bremerhaven";"indelivery";1000;"2018-06-03"
5456;"energy";"electricity";2700;2607;"2019-05-28";"2019-07-01";"2019-07-01";"2020-02-29";"Wiederruf";"Freiburg";"terminated";1002;"2020-02-29"
5457;"energy";"electricity";2500;2528;"2019-10-21";"2020-01-01";"2020-03-31";"2020-02-28";"Umzug";"Altchemnitz";"terminated";1001;"2019-11-30"
5458;"energy";"electricity";2400;2551;"2019-07-02";"2019-12-01";"2020-09-30";"2020-08-31";"fristgerecht durch LichtBlick";"Braunschweig";"terminated";1001;"2020-05-02"
5459;"energy";"electricity";2800;2978;"2019-06-26";"2019-12-01";"2019-12-01";"2020-08-28";"Wiederruf";"Frankfurt";"terminated";1002;"2020-07-11"
5460;"energy";"electricity";2700;2635;"2018-07-24";"2018-12-01";"";"";"";"Cham";"indelivery";1002;"2019-10-03"
5461;"energy";"electricity";2600;2518;"2020-04-11";"2020-07-01";"";"";"";"Berlin";"indelivery";1000;"2020-05-15"
5462;"energy";"gas";8200;8116;"2018-01-26";"2018-05-01";"2020-12-31";"2020-11-28";"fristgerecht durch LichtBlick";"Berlin";"cancelled";2000;"2019-07-12"
5463;"energy";"electricity";2300;2453;"2020-05-19";"2020-06-01";"";"";"";"Cologne";"indelivery";1001;"2020-08-25"
5464;"energy";"electricity";2600;"";"2018-07-01";"2018-12-01";"";"";"";"Düsseldorf";"indelivery";1002;"2020-06-26"
5465;"energy";"electricity";2700;2660;"2019-04-30";"2019-06-01";"";"";"";"Leipzig";"indelivery";1000;"2020-03-02"
5466;"energy";"electricity";2400;2296;"2019-09-16";"2020-01-01";"";"";"";"Frankfurt";"indelivery";1002;"2020-03-28"
5467;"energy";"electricity";2700;2611;"2019-02-26";"2019-06-01";"";"";"";"Würzburg";"indelivery";1001;"2019-06-28"
5468;"energy";"electricity";2800;"";"2019-11-08";"2020-03-01";"";"";"";"Saarbrücken";"indelivery";1000;"2020-05-03"
5469;"energy";"gas";8800;9397;"2019-12-29";"2020-03-01";"";"";"";"Potsdam";"indelivery";2000;"2020-08-12"
5470;"energy";"electricity";2000;1904;"2018-06-08";"2018-07-01";"";"";"";"Berlin";"indelivery";1000;"2019-12-08"
5471;"energy";"electricity";2200;2278;"2018-02-17";"2018-12-01";"";"";"";"Cologne";"indelivery";1000;"2018-05-30"
5472;"energy";"gas";11300;11736;"2019-10-15";"2019-11-01";"";"";"";"Soest";"indelivery";2000;"2019-11-20"
5473;"energy";"gas";11700;11879;"2018-11-23";"2019-01-01";"";"";"";"Emden";"indelivery";2000;"2020-01-28"
5474;"energy";"electricity";2400;2550;"2019-10-23";"2020-01-01";"";"";"";"Berlin";"indelivery";1002;"2020-02-03"
5475;"energy";"electricity";2800;2692;"2019-01-04";"2019-03-01";"2020-03-31";"2020-03-01";"fristgerecht durch Kunde";"Hamburg";"terminated";1001;"2020-01-19"
5476;"energy";"electricity";2400;2427;"2019-11-08";"2020-02-01";"2020-02-01";"2020-04-29";"Wiederruf";"Bad Neuenahr-Ahrweiler";"terminated";1002;"2020-01-26"
5477;"energy";"electricity";2700;2709;"2019-11-11";"2020-01-01";"";"";"";"Freudenstadt";"indelivery";1000;"2019-12-14"
5478;"energy";"electricity";2500;2489;"2018-03-09";"2018-04-01";"";"";"";"Cologne";"indelivery";1000;"2019-09-15"
5479;"energy";"electricity";2900;3132;"2020-02-22";"2020-05-01";"";"";"";"Bonn";"indelivery";1001;"2020-08-30"
5480;"energy";"gas";8700;8999;"2018-11-28";"2019-01-01";"";"";"";"Frankfurt";"indelivery";2001;"2020-09-25"
5481;"energy";"electricity";2400;2421;"2019-03-18";"2019-07-01";"";"";"";"Hannover";"indelivery";1002;"2020-03-02"
5482;"energy";"electricity";2600;2731;"2020-07-16";"2021-02-01";"";"";"";"Nordhorn";"active";1002;"2020-07-28"
5483;"energy";"electricity";2700;2641;"2020-07-03";"2020-11-01";"";"";"";"Cloppenburg";"active";1001;"2020-07-26"
5484;"energy";"electricity";2900;3054;"2020-07-04";"2020-08-01";"";"";"";"Hamburg";"indelivery";1002;"2020-08-02"
5485;"energy";"electricity";2600;2673;"2018-02-01";"2018-04-01";"";"";"";"Frankfurt";"indelivery";1001;"2018-07-10"
5486;"energy";"electricity";2700;"";"2018-03-11";"2018-04-01";"2018-10-31";"2018-10-02";"Umzug";"Heidelberg";"terminated";1001;"2018-10-02"
5487;"energy";"electricity";2800;2985;"2018-04-12";"2018-06-01";"";"";"";"Altchemnitz";"indelivery";1002;"2018-12-20"
5488;"energy";"electricity";2700;2636;"2018-02-10";"2018-04-01";"";"";"";"Hannover";"indelivery";1002;"2019-09-16"
5489;"energy";"electricity";2200;2137;"2018-10-15";"2019-04-01";"";"";"";"Berlin";"indelivery";1000;"2019-09-29"
5490;"energy";"electricity";2300;2327;"2019-12-14";"2020-04-01";"";"";"";"Berlin";"indelivery";1000;"2020-08-11"
5491;"energy";"electricity";2400;2471;"2018-12-11";"2019-03-01";"2020-07-31";"2020-07-03";"fristgerecht durch Kunde";"Berlin";"terminated";1002;"2020-07-03"
5492;"energy";"electricity";2600;2664;"2019-07-04";"2019-10-01";"2020-05-31";"2020-04-29";"fristgerecht durch Kunde";"Bremerhaven";"terminated";1002;"2020-04-29"
5493;"energy";"electricity";2600;2626;"2020-01-16";"2020-05-01";"";"";"";"Weißenburg";"indelivery";1000;"2020-04-17"
5494;"energy";"electricity";2800;2791;"2018-02-09";"2018-04-01";"";"";"";"Berlin";"indelivery";1000;"2018-06-10"
5495;"energy";"electricity";2300;2179;"2018-12-21";"2019-08-01";"2019-08-01";"2020-06-30";"Wiederruf";"Cologne";"terminated";1001;"2020-04-16"
5496;"energy";"electricity";2200;"";"2019-11-23";"2020-05-01";"";"";"";"Magdeburg";"indelivery";1000;"2020-08-25"
5497;"energy";"gas";10300;10270;"2019-08-30";"2019-10-01";"";"";"";"Wuppertal";"indelivery";2000;"2020-05-02"
5498;"energy";"gas";9300;9729;"2019-03-08";"2019-06-01";"";"";"";"Cologne";"indelivery";2001;"2020-01-24"
5499;"energy";"electricity";1900;2037;"2018-01-29";"2018-07-01";"2018-07-01";"2018-10-31";"Wiederruf";"Berlin";"terminated";1001;"2018-10-31"
5500;"energy";"electricity";2300;2457;"2019-04-13";"2019-07-01";"";"";"";"Merzig";"indelivery";1000;"2019-06-19"
5501;"energy";"electricity";2300;2259;"2018-11-27";"2019-01-01";"";"";"";"Bonn";"indelivery";1001;"2019-01-28"
5502;"energy";"gas";10000;9745;"2019-11-21";"2020-09-01";"";"";"";"Berlin";"indelivery";2000;"2020-06-27"
5503;"energy";"electricity";2200;2212;"2018-03-03";"2018-07-01";"";"";"";"Dortmund";"indelivery";1001;"2019-10-19"
5504;"energy";"electricity";2000;2097;"2018-04-15";"2018-06-01";"2019-07-31";"2019-06-29";"Umzug";"Bremen";"terminated";1001;"2018-09-16"
5505;"energy";"electricity";2200;2277;"2020-04-29";"2020-05-01";"";"";"";"Potsdam";"indelivery";1002;"2020-05-20"
5506;"energy";"electricity";2500;2549;"2019-05-04";"2019-08-01";"2019-08-01";"2020-03-30";"Wiederruf";"Leipzig";"terminated";1002;"2020-03-30"
5507;"energy";"electricity";2100;2058;"2019-11-28";"2020-05-01";"";"";"";"Essen";"indelivery";1001;"2020-01-24"
5508;"energy";"electricity";2700;2707;"2018-05-21";"2019-04-01";"";"";"";"Hannover";"indelivery";1000;"2018-08-01"
5509;"energy";"electricity";2500;2469;"2020-03-02";"2020-06-01";"2020-08-31";"2020-08-02";"fristgerecht durch Kunde";"Oldenburg";"terminated";1001;"2020-03-24"
5510;"energy";"electricity";2300;2268;"2019-03-02";"2019-12-01";"";"";"";"Braunschweig";"indelivery";1000;"2019-10-25"
5511;"energy";"electricity";2400;2338;"2018-11-09";"2019-02-01";"2020-09-30";"2020-09-01";"Umzug";"Ingolstadt";"terminated";1001;"2019-09-09"
5512;"energy";"electricity";2900;"";"2018-01-04";"2018-10-01";"";"";"";"Oldenburg";"indelivery";1002;"2018-06-29"
5513;"energy";"electricity";2300;2192;"2018-05-29";"2019-04-01";"";"";"";"Cologne";"indelivery";1002;"2019-05-13"
5514;"energy";"electricity";2300;2386;"2019-06-02";"2020-06-01";"";"";"";"Bielefeld";"indelivery";1001;"2020-03-24"
5515;"energy";"electricity";3000;2902;"2018-06-11";"2018-07-01";"2018-10-31";"2018-10-03";"Umzug";"Marienberg";"terminated";1001;"2018-10-03"
5516;"energy";"gas";9000;9296;"2018-07-02";"2018-09-01";"2020-08-31";"2020-08-02";"fristgerecht durch LichtBlick";"Wilhelmshaven";"terminated";2001;"2020-01-08"
5517;"energy";"electricity";2100;2175;"2018-03-17";"2018-08-01";"";"";"";"Essen";"indelivery";1001;"2020-03-01"
5518;"energy";"electricity";2900;3053;"2019-12-02";"2020-01-01";"";"";"";"Bremen";"indelivery";1002;"2020-06-19"
5519;"energy";"gas";9900;10539;"2019-03-03";"2019-05-01";"";"";"";"Stuttgart";"indelivery";2001;"2019-10-02"
5520;"energy";"electricity";2300;2323;"2019-03-07";"2019-08-01";"";"";"";"Hannover";"indelivery";1002;"2019-09-03"
5521;"energy";"electricity";2700;2883;"2020-04-28";"2020-10-01";"";"";"";"Frankfurt";"indelivery";1001;"2020-07-20"
5522;"energy";"electricity";2300;2272;"2019-07-09";"2019-12-01";"";"";"";"Berlin";"indelivery";1002;"2020-01-03"
5523;"energy";"electricity";2400;2484;"2019-06-08";"2020-01-01";"2020-03-31";"2020-03-03";"Umzug";"Cologne";"terminated";1002;"2020-03-03"
5524;"energy";"electricity";2100;2014;"2018-07-16";"2018-09-01";"";"";"";"Braunschweig";"indelivery";1000;"2018-08-01"
5525;"energy";"gas";9900;"";"2019-11-14";"2020-01-01";"";"";"";"Dillingen";"indelivery";2000;"2020-03-03"
5526;"energy";"electricity";2300;2274;"2019-02-03";"2019-05-01";"";"";"";"Berlin";"indelivery";1001;"2019-10-20"
5527;"energy";"gas";9800;9855;"2019-05-01";"2019-09-01";"";"";"";"Bremen";"indelivery";2001;"2019-09-26"
5528;"energy";"electricity";2300;2217;"2018-10-16";"2019-08-01";"";"";"";"Berlin";"indelivery";1000;"2020-02-08"
5529;"energy";"electricity";2900;2726;"2019-02-09";"2019-06-01";"";"";"";"Gera";"indelivery";1001;"2020-02-05"
5530;"energy";"electricity";2200;2246;"2020-05-11";"2021-04-01";"";"";"";"Hamburg";"active";1000;"2020-07-27"
5531;"energy";"electricity";2600;2550;"2018-06-09";"2018-07-01";"";"";"";"Berlin";"indelivery";1002;"2020-05-18"
5532;"energy";"electricity";2500;2645;"2019-11-09";"2020-02-01";"";"";"";"Marienberg";"indelivery";1001;"2020-04-01"
5533;"energy";"electricity";2600;2695;"2020-03-12";"2020-05-01";"";"";"";"Stuttgart";"indelivery";1000;"2020-09-29"
5534;"energy";"electricity";3000;"";"2018-06-01";"2018-07-01";"";"";"";"Jena";"indelivery";1000;"2019-08-29"
5535;"energy";"electricity";2600;2769;"2018-07-19";"2018-09-01";"";"";"";"Heidelberg";"indelivery";1002;"2020-07-31"
5536;"energy";"electricity";2900;2885;"2018-04-02";"2018-11-01";"2020-12-31";"2020-12-02";"fristgerecht durch Kunde";"Mannheim";"cancelled";1001;"2019-06-19"
5537;"energy";"gas";10600;11092;"2018-11-21";"2019-04-01";"";"";"";"Hamburg";"indelivery";2000;"2019-12-08"
5538;"energy";"electricity";3100;2986;"2019-03-05";"2019-05-01";"";"";"";"Tuttlingen";"indelivery";1001;"2019-07-30"
5539;"energy";"electricity";2100;2050;"2020-01-20";"2020-03-01";"";"";"";"Duisburg";"indelivery";1001;"2020-08-25"
5540;"energy";"electricity";2900;"";"2019-07-31";"2019-08-01";"";"";"";"Göttingen";"indelivery";1001;"2019-11-06"
5541;"energy";"electricity";2600;2756;"2019-08-07";"2019-10-01";"";"";"";"Mannheim";"indelivery";1001;"2020-03-16"
5542;"energy";"electricity";2100;"";"2020-01-18";"2020-05-01";"";"";"";"Wiesbaden";"indelivery";1002;"2020-02-25"
5543;"energy";"electricity";2500;2625;"2018-02-19";"2018-10-01";"";"";"";"Düsseldorf";"indelivery";1002;"2020-01-02"
5544;"energy";"electricity";2300;2440;"2020-07-22";"2020-12-01";"";"";"";"Bonn";"active";1000;"2020-08-20"
5545;"energy";"electricity";2100;2021;"2018-06-25";"2018-09-01";"";"";"";"Lübeck";"indelivery";1002;"2018-12-21"
5546;"energy";"electricity";2900;3042;"2019-11-20";"2021-03-01";"";"";"";"Hamburg";"active";1001;"2020-07-02"
5547;"energy";"electricity";2100;"";"2020-07-25";"2020-08-01";"";"";"";"Leipzig";"indelivery";1001;"2020-08-01"
5548;"energy";"gas";8200;8458;"2020-09-10";"2021-03-01";"";"";"";"Munich";"active";2000;"2020-09-18"
5549;"energy";"electricity";1900;1966;"2019-12-20";"2020-01-01";"2020-11-30";"2020-10-27";"fristgerecht durch Kunde";"Cologne";"cancelled";1000;"2020-03-24"
5550;"energy";"electricity";2000;2163;"2019-01-29";"2019-09-01";"";"";"";"Berlin";"indelivery";1000;"2020-04-07"
5551;"energy";"electricity";2800;3013;"2018-10-31";"2019-03-01";"";"";"";"Forst";"indelivery";1002;"2020-03-21"
5552;"energy";"electricity";2400;2411;"2018-11-22";"2019-05-01";"2019-06-30";"2019-06-01";"fristgerecht durch Kunde";"Munich";"terminated";1001;"2019-06-01"
5553;"energy";"electricity";2500;2569;"2018-11-16";"2019-02-01";"";"";"";"Augsburg";"indelivery";1001;"2020-05-14"
5554;"energy";"electricity";2900;2906;"2018-03-19";"2018-05-01";"2018-05-01";"2020-07-31";"Wiederruf";"Berlin";"terminated";1000;"2019-11-12"
5555;"energy";"electricity";2800;2717;"2018-07-29";"2018-09-01";"";"";"";"Hamburg";"indelivery";1000;"2019-07-29"
5556;"energy";"electricity";2800;2880;"2018-04-14";"2018-07-01";"";"";"";"Rostock";"indelivery";1000;"2020-04-09"
5557;"energy";"electricity";2700;2717;"2020-01-13";"2020-09-01";"";"";"";"Berlin";"indelivery";1002;"2020-04-21"
5558;"energy";"electricity";2800;2800;"2018-11-23";"2019-09-01";"2019-11-30";"2019-10-31";"fristgerecht durch LichtBlick";"Bremerhaven";"terminated";1002;"2019-10-31"
5559;"energy";"electricity";2300;2292;"2018-12-14";"2019-07-01";"2019-12-31";"2019-12-02";"fristgerecht durch Kunde";"Braunschweig";"terminated";1001;"2019-04-01"
5560;"energy";"electricity";2200;2254;"2019-09-08";"2020-02-01";"2020-12-31";"2020-12-03";"Umzug";"Magdeburg";"cancelled";1002;"2019-11-07"
5561;"energy";"electricity";2200;2170;"2019-11-21";"2020-05-01";"2020-10-31";"2020-10-02";"Umzug";"Berlin";"cancelled";1001;"2020-03-09"
5562;"energy";"electricity";3000;3085;"2019-08-12";"2019-12-01";"";"";"";"Bonn";"indelivery";1002;"2020-06-21"
5563;"energy";"electricity";2700;2592;"2020-04-05";"2020-06-01";"";"";"";"Magdeburg";"indelivery";1002;"2020-09-01"
5564;"energy";"gas";10400;10641;"2019-09-13";"2019-11-01";"";"";"";"Berlin";"indelivery";2001;"2020-04-20"
5565;"energy";"electricity";2300;2258;"2018-01-20";"2018-02-01";"2019-09-30";"2019-08-31";"fristgerecht durch Kunde";"Altchemnitz";"terminated";1002;"2019-08-31"
5566;"energy";"electricity";2400;2359;"2018-08-27";"2019-06-01";"";"";"";"Munich";"indelivery";1000;"2019-11-10"
5567;"energy";"electricity";2400;2521;"2019-09-13";"2020-07-01";"";"";"";"Cologne";"indelivery";1001;"2020-05-28"
5568;"energy";"electricity";2200;2331;"2018-09-18";"2018-11-01";"";"";"";"Hamburg";"indelivery";1000;"2019-04-20"
5569;"energy";"electricity";2200;2131;"2018-08-20";"2019-04-01";"";"";"";"Leipzig";"indelivery";1000;"2020-08-13"
5570;"energy";"electricity";2000;2041;"2020-03-07";"2020-09-01";"";"";"";"Berlin";"indelivery";1002;"2020-04-13"
5571;"energy";"electricity";3000;2891;"2018-07-01";"2018-07-01";"2018-11-30";"2018-10-27";"Umzug";"Daun";"terminated";1000;"2018-10-27"
5572;"energy";"electricity";2600;2621;"2020-04-28";"2020-08-01";"";"";"";"Munich";"indelivery";1000;"2020-07-05"
5573;"energy";"gas";8200;8841;"2020-03-25";"2020-06-01";"2020-07-31";"2020-06-28";"Umzug";"Berlin";"terminated";2001;"2020-05-26"
5574;"energy";"electricity";2400;2532;"2019-04-05";"2019-06-01";"2019-06-01";"2020-09-27";"Wiederruf";"Munich";"terminated";1001;"2019-11-23"
5575;"energy";"electricity";2700;2877;"2018-02-14";"2018-04-01";"2019-06-30";"2019-05-30";"fristgerecht durch Kunde";"Bad Fallingbostel";"terminated";1000;"2019-05-30"
5576;"energy";"electricity";2900;2896;"2018-01-28";"2018-05-01";"2018-05-01";"2018-12-03";"Wiederruf";"Bonn";"terminated";1001;"2018-05-09"
5577;"energy";"gas";8300;7898;"2020-06-02";"2020-08-01";"";"";"";"Munich";"indelivery";2001;"2020-08-06"
5578;"energy";"electricity";2800;2842;"2018-11-28";"2018-12-01";"";"";"";"Wuppertal";"indelivery";1000;"2020-03-06"
5579;"energy";"gas";8600;8588;"2019-02-13";"2019-05-01";"";"";"";"Karlsruhe";"indelivery";2001;"2019-07-07"
5580;"energy";"electricity";2500;2427;"2018-05-03";"2018-08-01";"";"";"";"Duisburg";"indelivery";1001;"2019-12-18"
5581;"energy";"electricity";2100;2202;"2018-04-08";"2018-06-01";"";"";"";"Lübeck";"indelivery";1001;"2019-06-23"
5582;"energy";"electricity";2700;2927;"2018-08-23";"2018-10-01";"";"";"";"Cologne";"indelivery";1001;"2020-02-01"
5583;"energy";"electricity";2100;2061;"2018-09-06";"2018-12-01";"";"";"";"Berlin";"indelivery";1000;"2019-06-18"
5584;"energy";"electricity";2000;2143;"2020-04-12";"2020-05-01";"";"";"";"Hamburg";"indelivery";1001;"2020-04-26"
5585;"energy";"gas";9400;9175;"2019-09-12";"2019-11-01";"";"";"";"Stuttgart";"indelivery";2000;"2020-08-18"
5586;"energy";"electricity";2100;2237;"2019-10-05";"2020-01-01";"";"";"";"Osnabrück";"indelivery";1001;"2020-04-26"
5587;"energy";"electricity";2400;2304;"2019-04-09";"2019-05-01";"";"";"";"Karlsruhe";"indelivery";1001;"2020-07-26"
5588;"energy";"electricity";2200;2161;"2018-07-01";"2018-10-01";"2018-11-30";"2018-11-02";"fristgerecht durch Kunde";"Berlin";"terminated";1001;"2018-11-02"
5589;"energy";"electricity";2300;2208;"2018-07-27";"2018-12-01";"";"";"";"Berlin";"indelivery";1002;"2020-01-18"
5590;"energy";"electricity";2700;2720;"2018-01-11";"2018-03-01";"";"";"";"Berlin";"indelivery";1001;"2018-06-25"
5591;"energy";"electricity";2200;2179;"2018-09-08";"2019-08-01";"";"";"";"Duisburg";"indelivery";1000;"2020-05-07"
5592;"energy";"electricity";2100;1970;"2019-10-23";"2020-12-01";"";"";"";"Dresden";"active";1001;"2019-10-25"
5593;"energy";"electricity";2800;2842;"2020-07-04";"2020-09-01";"";"";"";"Berlin";"indelivery";1002;"2020-07-31"
5594;"energy";"electricity";2100;2109;"2018-10-08";"2019-01-01";"";"";"";"Hannover";"indelivery";1000;"2019-06-25"
5595;"energy";"electricity";2500;2578;"2020-07-05";"2020-12-01";"";"";"";"Dortmund";"active";1001;"2020-08-22"
5596;"energy";"electricity";2800;2942;"2019-06-20";"2019-08-01";"";"";"";"Berlin";"indelivery";1002;"2020-06-18"
5597;"energy";"electricity";2400;2353;"2018-12-15";"2020-03-01";"";"";"";"Hamburg";"indelivery";1002;"2019-07-29"
5598;"energy";"electricity";2300;2323;"2019-07-27";"2020-03-01";"";"";"";"Marienberg";"indelivery";1001;"2020-04-19"
5599;"energy";"electricity";2700;2908;"2019-05-12";"2020-01-01";"2020-01-01";"2020-12-03";"Wiederruf";"Stuttgart";"terminated";1000;"2020-03-03"
5600;"energy";"electricity";2800;2777;"2019-12-06";"2020-06-01";"";"";"";"Lübeck";"indelivery";1002;"2020-04-30"
5601;"energy";"gas";9300;"";"2018-11-10";"2019-02-01";"";"";"";"Magdeburg";"indelivery";2000;"2019-04-04"
5602;"energy";"gas";9100;9212;"2019-09-09";"2020-03-01";"";"";"";"Leipzig";"indelivery";2001;"2020-03-26"
5603;"energy";"electricity";2100;2259;"2019-11-05";"2020-01-01";"";"";"";"Marienberg";"indelivery";1002;"2020-02-10"
5604;"energy";"electricity";2000;2060;"2018-12-16";"2019-03-01";"2019-06-30";"2019-05-28";"fristgerecht durch LichtBlick";"Munich";"terminated";1002;"2019-04-09"
5605;"energy";"electricity";2100;2234;"2019-04-01";"2019-06-01";"2019-07-31";"2019-07-02";"fristgerecht durch Kunde";"Berlin";"terminated";1001;"2019-06-22"
5606;"energy";"gas";10900;11176;"2018-08-05";"2018-10-01";"2020-06-30";"2020-06-02";"fristgerecht durch LichtBlick";"Wiesbaden";"terminated";2001;"2020-06-02"
5607;"energy";"electricity";2700;2866;"2018-08-16";"2018-11-01";"";"";"";"Düsseldorf";"indelivery";1001;"2018-12-04"
5608;"energy";"electricity";2400;2275;"2018-10-28";"2019-03-01";"";"";"";"Essen";"indelivery";1000;"2019-12-24"
5609;"energy";"gas";10100;10685;"2019-11-20";"2020-01-01";"";"";"";"Oldenburg";"indelivery";2000;"2019-12-02"
5610;"energy";"electricity";2900;2818;"2018-01-30";"2018-03-01";"";"";"";"Regensburg";"indelivery";1000;"2019-08-10"
5611;"energy";"electricity";2400;2369;"2018-11-17";"2019-02-01";"";"";"";"Karlsruhe";"indelivery";1002;"2019-05-13"
5612;"energy";"electricity";2100;2067;"2018-11-26";"2019-01-01";"";"";"";"Fürth";"indelivery";1002;"2019-11-03"
5613;"energy";"electricity";2300;2396;"2018-09-13";"2018-11-01";"";"";"";"Hannover";"indelivery";1000;"2019-12-18"
5614;"energy";"electricity";2400;2463;"2018-03-21";"2018-05-01";"";"";"";"Hannover";"indelivery";1001;"2019-08-12"
5615;"energy";"electricity";2300;2180;"2018-08-09";"2018-10-01";"";"";"";"Fürth";"indelivery";1000;"2020-08-13"
5616;"energy";"electricity";2700;2757;"2019-10-21";"2020-01-01";"";"";"";"Magdeburg";"indelivery";1000;"2020-09-21"
5617;"energy";"electricity";2800;2779;"2018-07-21";"2018-08-01";"";"";"";"Berlin";"indelivery";1001;"2020-05-05"
5618;"energy";"electricity";2700;2639;"2020-01-31";"2020-04-01";"2020-05-31";"2020-05-02";"fristgerecht durch Kunde";"Schwerin";"terminated";1002;"2020-05-02"
5619;"energy";"electricity";2200;2081;"2019-02-09";"2020-02-01";"2020-10-31";"2020-10-03";"fristgerecht durch Kunde";"Cologne";"cancelled";1002;"2019-07-13"
5620;"energy";"electricity";2900;2784;"2019-11-18";"2020-07-01";"";"";"";"Hamburg";"indelivery";1001;"2020-08-26"
5621;"energy";"electricity";2100;2063;"2018-11-30";"2019-01-01";"2019-02-28";"2019-01-31";"fristgerecht durch Kunde";"Berlin";"terminated";1000;"2019-01-31"
5622;"energy";"electricity";2800;"";"2018-06-22";"2019-03-01";"";"";"";"Augsburg";"indelivery";1002;"2018-10-20"
5623;"energy";"electricity";2900;2812;"2018-12-20";"2019-02-01";"";"";"";"Hannover";"indelivery";1002;"2019-02-06"
5624;"energy";"gas";10400;10329;"2019-01-21";"2019-06-01";"";"";"";"Munich";"indelivery";2000;"2020-01-17"
5625;"energy";"electricity";2900;3093;"2018-05-13";"2018-07-01";"";"";"";"Saalfeld";"indelivery";1000;"2019-12-18"
5626;"energy";"electricity";2800;2904;"2018-10-03";"2019-07-01";"2019-07-01";"2020-01-01";"Wiederruf";"Leipzig";"terminated";1001;"2020-01-01"
5627;"energy";"electricity";2800;2694;"2019-11-19";"2020-02-01";"";"";"";"Munich";"indelivery";1000;"2020-03-12"
5628;"energy";"electricity";2400;2470;"2020-07-31";"2021-06-01";"";"";"";"Berlin";"active";1002;"2020-08-12"
5629;"energy";"electricity";2000;2159;"2019-01-09";"2019-06-01";"";"";"";"Lübeck";"indelivery";1001;"2020-09-29"
5630;"energy";"electricity";2500;2488;"2019-04-17";"2020-02-01";"";"";"";"Berlin";"indelivery";1001;"2019-09-09"
5631;"energy";"gas";11000;11564;"2019-01-12";"2019-03-01";"";"";"";"Fürth";"indelivery";2000;"2019-05-06"
5632;"energy";"gas";8100;8535;"2018-03-05";"2018-07-01";"2019-09-30";"2019-08-27";"fristgerecht durch LichtBlick";"Berlin";"terminated";2001;"2019-08-27"
5633;"energy";"electricity";2200;2285;"2020-04-16";"2020-08-01";"";"";"";"Berlin";"indelivery";1001;"2020-07-29"
5634;"energy";"electricity";2800;2807;"2018-02-05";"2018-05-01";"";"";"";"Oldenburg";"indelivery";1002;"2018-03-14"
5635;"energy";"electricity";2400;2477;"2019-10-26";"2020-12-01";"";"";"";"Gera";"active";1001;"2020-09-09"
5636;"energy";"electricity";2400;2400;"2019-06-11";"2019-09-01";"";"";"";"Hamburg";"indelivery";1001;"2020-09-04"
5637;"energy";"electricity";2300;2365;"2018-05-25";"2019-01-01";"";"";"";"Fürth";"indelivery";1001;"2019-12-23"
5638;"energy";"electricity";2900;3103;"2020-01-07";"2020-02-01";"";"";"";"Erfurt";"indelivery";1000;"2020-05-25"
5639;"energy";"electricity";2600;2527;"2019-06-01";"2020-05-01";"";"";"";"Rostock";"indelivery";1001;"2020-02-13"
5640;"energy";"electricity";1900;1884;"2020-05-28";"2020-06-01";"2020-08-31";"2020-08-01";"fristgerecht durch LichtBlick";"Hamburg";"terminated";1002;"2020-08-01"
5641;"energy";"gas";10800;11291;"2018-02-10";"2018-04-01";"2019-07-31";"2019-07-02";"Umzug";"Ingolstadt";"terminated";2001;"2018-09-10"
5642;"energy";"electricity";2400;"";"2018-07-25";"2018-09-01";"";"";"";"Esslingen";"indelivery";1002;"2019-11-15"
5643;"energy";"electricity";2500;2654;"2019-09-01";"2019-10-01";"";"";"";"Berlin";"indelivery";1002;"2020-07-09"
5644;"energy";"electricity";2800;3023;"2020-03-11";"2020-08-01";"";"";"";"Karlsruhe";"indelivery";1000;"2020-06-30"
5645;"energy";"electricity";2000;1942;"2018-08-02";"2018-11-01";"2020-11-30";"2020-10-31";"fristgerecht durch Kunde";"Cologne";"cancelled";1000;"2020-07-01"
5646;"energy";"gas";8900;8970;"2020-09-21";"2020-10-01";"";"";"";"Stuttgart";"indelivery";2001;"2020-09-21"
5647;"energy";"electricity";2400;"";"2019-03-15";"2019-05-01";"2020-02-29";"2020-01-30";"fristgerecht durch LichtBlick";"Dortmund";"terminated";1001;"2020-01-30"
5648;"energy";"electricity";2700;2771;"2020-04-08";"2020-06-01";"";"";"";"Berlin";"indelivery";1001;"2020-08-23"
5649;"energy";"electricity";2500;2387;"2019-06-13";"2019-08-01";"";"";"";"Dortmund";"indelivery";1001;"2019-06-26"
5650;"energy";"electricity";2000;1955;"2018-05-12";"2018-09-01";"";"";"";"Jena";"indelivery";1001;"2019-12-06"
5651;"energy";"electricity";2900;2824;"2018-02-20";"2018-04-01";"2018-08-31";"2018-08-01";"fristgerecht durch Kunde";"Bremen";"terminated";1002;"2018-08-01"
5652;"energy";"electricity";2600;2563;"2019-06-14";"2019-07-01";"";"";"";"Düsseldorf";"indelivery";1002;"2020-06-19"
5653;"energy";"electricity";1900;1896;"2019-07-17";"2019-09-01";"";"";"";"Berlin";"indelivery";1000;"2020-07-18"
5654;"energy";"electricity";2300;2287;"2018-06-20";"2018-12-01";"";"";"";"Munich";"indelivery";1002;"2020-09-16"
5655;"energy";"electricity";2500;2459;"2018-12-13";"2019-02-01";"";"";"";"Düsseldorf";"indelivery";1001;"2019-09-15"
5656;"energy";"gas";10500;11085;"2019-11-28";"2020-02-01";"";"";"";"Jena";"indelivery";2001;"2020-04-25"
5657;"energy";"electricity";2200;2210;"2018-09-07";"2019-02-01";"2020-09-30";"2020-08-31";"fristgerecht durch LichtBlick";"Hannover";"terminated";1001;"2020-06-02"
5658;"energy";"electricity";3000;3127;"2018-06-29";"2019-02-01";"";"";"";"Dortmund";"indelivery";1002;"2018-11-16"
5659;"energy";"electricity";2600;2600;"2019-03-20";"2019-08-01";"";"";"";"Berlin";"indelivery";1002;"2020-08-18"
5660;"energy";"electricity";2100;2126;"2020-05-31";"2020-06-01";"";"";"";"Magdeburg";"indelivery";1002;"2020-07-26"
5661;"energy";"electricity";2600;2704;"2018-05-12";"2018-11-01";"";"";"";"Mannheim";"indelivery";1000;"2019-02-01"
5662;"energy";"electricity";2400;2466;"2018-09-05";"2018-11-01";"2018-11-01";"2020-07-29";"Wiederruf";"Hannover";"terminated";1001;"2019-07-04"
5663;"energy";"electricity";2600;2734;"2019-01-03";"2019-06-01";"";"";"";"Stadthagen";"indelivery";1001;"2019-08-06"
5664;"energy";"gas";11600;11457;"2020-03-31";"2020-10-01";"";"";"";"Wiesbaden";"indelivery";2000;"2020-09-19"
5665;"energy";"gas";10100;10926;"2018-01-12";"2018-08-01";"2018-08-01";"2020-10-03";"Wiederruf";"Erfurt";"terminated";2000;"2019-01-13"
5666;"energy";"electricity";2300;2407;"2019-06-21";"2019-08-01";"";"";"";"Hamburg";"indelivery";1001;"2020-02-03"
5667;"energy";"electricity";2900;"";"2019-05-25";"2019-11-01";"";"";"";"Augsburg";"indelivery";1000;"2019-07-05"
5668;"energy";"electricity";2300;2395;"2018-03-14";"2019-01-01";"";"";"";"Bremerhaven";"indelivery";1002;"2020-06-26"
5669;"energy";"electricity";2200;2272;"2019-01-30";"2019-03-01";"";"";"";"Kiel";"indelivery";1000;"2020-07-29"
5670;"energy";"electricity";2100;2081;"2019-08-22";"2019-10-01";"";"";"";"Cologne";"indelivery";1001;"2019-12-23"
5671;"energy";"electricity";2200;2157;"2019-06-29";"2019-11-01";"";"";"";"Saarbrücken";"indelivery";1001;"2019-10-22"
5672;"energy";"electricity";2200;2231;"2018-01-23";"2018-05-01";"2019-10-31";"2019-10-03";"Umzug";"Ingolstadt";"terminated";1001;"2018-04-19"
5673;"energy";"electricity";2600;2723;"2019-03-19";"2019-07-01";"";"";"";"Regensburg";"indelivery";1002;"2019-08-21"
5674;"energy";"electricity";2500;2672;"2018-03-15";"2018-06-01";"";"";"";"Düsseldorf";"indelivery";1001;"2019-09-10"
5675;"energy";"electricity";2800;2707;"2020-09-25";"2020-10-01";"";"";"";"Braunschweig";"indelivery";1002;"2020-09-25"
5676;"energy";"gas";8300;8882;"2019-09-29";"2019-12-01";"";"";"";"Duisburg";"indelivery";2000;"2020-03-09"
5677;"energy";"electricity";2400;2493;"2020-03-20";"2020-07-01";"2020-07-01";"2020-08-25";"Wiederruf";"Hamburg";"terminated";1002;"2020-05-08"
5678;"energy";"gas";11300;11212;"2018-11-06";"2019-01-01";"2019-01-01";"2020-04-02";"Wiederruf";"Altchemnitz";"terminated";2000;"2019-04-11"
5679;"energy";"electricity";2500;2702;"2019-08-26";"2019-11-01";"";"";"";"Cologne";"indelivery";1002;"2020-03-03"
5680;"energy";"electricity";2900;"";"2018-12-27";"2019-10-01";"";"";"";"Kiel";"indelivery";1001;"2019-01-19"
5681;"energy";"electricity";2900;2843;"2019-08-18";"2019-09-01";"";"";"";"Munich";"indelivery";1000;"2020-08-26"
5682;"energy";"electricity";2000;1979;"2018-01-27";"2018-06-01";"2020-12-31";"2020-12-02";"fristgerecht durch LichtBlick";"Hamburg";"cancelled";1002;"2018-06-29"
5683;"energy";"electricity";2500;2449;"2019-05-21";"2019-06-01";"";"";"";"Augsburg";"indelivery";1000;"2019-07-20"
5684;"energy";"electricity";2900;2810;"2018-06-24";"2018-07-01";"";"";"";"Bremen";"indelivery";1001;"2020-04-09"
5685;"energy";"electricity";2200;2174;"2019-05-27";"2019-06-01";"";"";"";"Frankfurt";"indelivery";1001;"2020-03-22"
5686;"energy";"electricity";2500;2608;"2018-11-14";"2019-09-01";"";"";"";"Munich";"indelivery";1001;"2019-11-24"
5687;"energy";"electricity";2200;2301;"2020-08-25";"2020-10-01";"";"";"";"Cologne";"indelivery";1002;"2020-09-06"
5688;"energy";"electricity";2300;2295;"2018-04-04";"2018-05-01";"";"";"";"Essen";"indelivery";1002;"2020-03-05"
5689;"energy";"electricity";2800;2804;"2018-08-27";"2019-08-01";"";"";"";"Cologne";"indelivery";1000;"2019-04-23"
5690;"energy";"electricity";2000;2107;"2018-11-18";"2019-04-01";"";"";"";"Berlin";"indelivery";1002;"2019-05-25"
5691;"energy";"gas";8400;8786;"2020-03-02";"2020-07-01";"";"";"";"Kassel";"indelivery";2001;"2020-03-19"
5692;"energy";"electricity";2600;2550;"2020-01-10";"2020-09-01";"";"";"";"Wuppertal";"indelivery";1002;"2020-04-10"
5693;"energy";"electricity";2300;2339;"2019-06-16";"2019-08-01";"";"";"";"Erfurt";"indelivery";1001;"2020-05-22"
5694;"energy";"electricity";2600;2601;"2018-07-13";"2018-08-01";"";"";"";"Düsseldorf";"indelivery";1001;"2020-08-27"
5695;"energy";"electricity";3000;2879;"2018-05-19";"2018-06-01";"2019-12-31";"2019-11-29";"Umzug";"Deggendorf";"terminated";1000;"2018-08-17"
5696;"energy";"electricity";2700;2672;"2020-01-17";"2020-03-01";"";"";"";"Hamburg";"indelivery";1000;"2020-06-30"
5697;"energy";"electricity";2600;2523;"2019-07-01";"2020-03-01";"";"";"";"Würzburg";"indelivery";1001;"2020-06-21"
5698;"energy";"electricity";2400;2331;"2020-06-21";"2020-08-01";"";"";"";"Cologne";"indelivery";1001;"2020-08-23"
5699;"energy";"electricity";2600;2737;"2020-07-27";"2020-09-01";"";"";"";"Hannover";"indelivery";1001;"2020-08-08"
5700;"energy";"electricity";2900;3136;"2018-10-31";"2018-12-01";"";"";"";"Dortmund";"indelivery";1002;"2019-10-27"
5701;"energy";"electricity";2900;2829;"2018-08-31";"2019-04-01";"";"";"";"Düsseldorf";"indelivery";1000;"2020-08-28"
5702;"energy";"electricity";2300;2356;"2018-05-08";"2018-08-01";"";"";"";"Dresden";"indelivery";1002;"2020-09-16"
5703;"energy";"electricity";2700;2697;"2019-09-26";"2020-06-01";"";"";"";"Magdeburg";"indelivery";1000;"2020-08-25"
5704;"energy";"gas";8100;7700;"2020-01-05";"2020-04-01";"";"";"";"Fürth";"indelivery";2001;"2020-08-23"
5705;"energy";"electricity";2300;2409;"2019-02-09";"2019-04-01";"";"";"";"Berlin";"indelivery";1000;"2019-06-08"
5706;"energy";"electricity";2800;3062;"2020-02-01";"2020-04-01";"";"";"";"Munich";"indelivery";1001;"2020-05-30"
5707;"energy";"electricity";2900;3119;"2018-08-27";"2018-09-01";"2018-09-01";"2020-07-29";"Wiederruf";"Göttingen";"terminated";1000;"2019-01-17"
5708;"energy";"electricity";2600;2749;"2019-06-27";"2019-11-01";"";"";"";"Berlin";"indelivery";1002;"2020-08-25"
5709;"energy";"electricity";2400;2531;"2018-03-11";"2018-06-01";"";"";"";"Berlin";"indelivery";1002;"2018-07-12"
5710;"energy";"electricity";2800;2802;"2019-07-04";"2020-05-01";"";"";"";"Rostock";"indelivery";1001;"2019-07-18"
5711;"energy";"electricity";2700;2864;"2019-05-12";"2019-08-01";"";"";"";"Wiesbaden";"indelivery";1002;"2020-05-21"
5712;"energy";"electricity";2400;2441;"2018-10-18";"2019-01-01";"2019-02-28";"2019-01-31";"Umzug";"Leipzig";"terminated";1000;"2019-01-28"
5713;"energy";"electricity";2400;2250;"2020-08-15";"2020-11-01";"";"";"";"Regensburg";"active";1002;"2020-09-09"
5714;"energy";"gas";11600;11314;"2019-02-13";"2019-06-01";"";"";"";"Ingolstadt";"indelivery";2001;"2020-09-21"
5715;"energy";"electricity";2700;2573;"2020-07-09";"2020-10-01";"";"";"";"Koblenz";"indelivery";1001;"2020-08-17"
5716;"energy";"electricity";2600;2777;"2020-01-13";"2020-03-01";"";"";"";"Marienberg";"indelivery";1001;"2020-07-05"
5717;"energy";"gas";9300;9278;"2020-01-23";"2020-03-01";"";"";"";"Berlin";"indelivery";2001;"2020-07-23"
5718;"energy";"electricity";2500;2617;"2019-06-28";"2019-08-01";"2020-06-30";"2020-06-01";"fristgerecht durch LichtBlick";"Hofeck";"terminated";1001;"2019-10-14"
5719;"energy";"electricity";2600;2492;"2020-06-07";"2020-08-01";"";"";"";"Hamburg";"indelivery";1002;"2020-07-01"
5720;"energy";"electricity";2500;2628;"2019-04-10";"2019-12-01";"";"";"";"Dortmund";"indelivery";1002;"2019-08-08"
5721;"energy";"electricity";2100;1994;"2020-07-05";"2020-09-01";"";"";"";"Hannover";"indelivery";1002;"2020-09-20"
5722;"energy";"electricity";2200;2082;"2019-11-16";"2021-01-01";"";"";"";"Hamburg";"active";1002;"2020-07-30"
5723;"energy";"electricity";2400;2480;"2019-03-31";"2019-11-01";"";"";"";"Osnabrück";"indelivery";1001;"2019-07-27"
5724;"energy";"electricity";2700;2721;"2019-11-08";"2019-12-01";"";"";"";"Berlin";"indelivery";1001;"2020-08-03"
5725;"energy";"electricity";2200;2312;"2019-02-22";"2019-08-01";"";"";"";"Würzburg";"indelivery";1001;"2019-08-08"
5726;"energy";"electricity";2600;2774;"2019-07-10";"2020-02-01";"";"";"";"Dresden";"indelivery";1002;"2020-07-25"
5727;"energy";"electricity";2200;2154;"2019-01-03";"2019-02-01";"";"";"";"Essen";"indelivery";1001;"2019-03-22"
5728;"energy";"electricity";2200;2260;"2020-03-12";"2020-06-01";"";"";"";"Cologne";"indelivery";1001;"2020-08-23"
5729;"energy";"gas";11600;11042;"2019-06-12";"2019-09-01";"";"";"";"Karlsruhe";"indelivery";2000;"2019-09-27"
5730;"energy";"electricity";2200;2156;"2020-04-15";"2020-09-01";"";"";"";"Böblingen";"indelivery";1001;"2020-08-13"
5731;"energy";"electricity";2300;2155;"2018-12-25";"2019-03-01";"";"";"";"Cologne";"indelivery";1001;"2019-12-04"
5732;"energy";"electricity";1900;1853;"2019-10-21";"2020-01-01";"";"";"";"Berlin";"indelivery";1002;"2019-12-13"
5733;"energy";"electricity";2300;2307;"2019-08-01";"2019-10-01";"2020-10-31";"2020-09-27";"fristgerecht durch LichtBlick";"Wuppertal";"cancelled";1002;"2019-12-14"
5734;"energy";"electricity";2700;2679;"2020-04-11";"2020-07-01";"";"";"";"Freiburg";"indelivery";1001;"2020-04-14"
5735;"energy";"electricity";2900;2850;"2018-10-25";"2019-06-01";"";"";"";"Freiburg";"indelivery";1000;"2019-07-03"
5736;"energy";"electricity";2000;2145;"2020-05-24";"2020-08-01";"";"";"";"Karlsruhe";"indelivery";1001;"2020-08-05"
5737;"energy";"electricity";2000;1951;"2020-03-24";"2020-10-01";"";"";"";"Stuttgart";"indelivery";1001;"2020-07-13"
5738;"energy";"electricity";2600;2688;"2019-02-18";"2019-08-01";"";"";"";"Dortmund";"indelivery";1002;"2019-04-21"
5739;"energy";"electricity";2100;1999;"2019-06-26";"2019-10-01";"";"";"";"Essen";"indelivery";1002;"2020-06-18"
5740;"energy";"electricity";2400;2314;"2018-07-27";"2018-08-01";"2018-10-31";"2018-09-26";"fristgerecht durch Kunde";"Augsburg";"terminated";1001;"2018-09-26"
5741;"energy";"electricity";2800;2776;"2019-10-22";"2019-11-01";"";"";"";"Berlin";"indelivery";1000;"2020-05-14"
5742;"energy";"electricity";2700;2625;"2019-03-03";"2019-04-01";"2020-06-30";"2020-06-01";"fristgerecht durch LichtBlick";"Cologne";"terminated";1000;"2019-12-15"
5743;"energy";"electricity";2100;2105;"2018-12-23";"2019-01-01";"";"";"";"Wuppertal";"indelivery";1001;"2019-07-07"
5744;"energy";"electricity";2400;2507;"2020-09-27";"2021-01-01";"";"";"";"Stuttgart";"active";1000;"2020-09-28"
5745;"energy";"electricity";2400;2508;"2020-06-27";"2020-08-01";"";"";"";"Berlin";"indelivery";1000;"2020-09-08"
5746;"energy";"electricity";2600;2522;"2018-08-31";"2019-01-01";"";"";"";"Münster";"indelivery";1000;"2019-07-19"
5747;"energy";"electricity";2300;"";"2018-07-31";"2018-10-01";"";"";"";"Berlin";"indelivery";1000;"2018-11-11"
5748;"energy";"electricity";2100;2108;"2020-07-06";"2020-08-01";"";"";"";"Altchemnitz";"indelivery";1002;"2020-07-24"
5749;"energy";"electricity";2600;2476;"2018-05-10";"2018-07-01";"";"";"";"Berlin";"indelivery";1002;"2019-07-12"
5750;"energy";"electricity";2300;2481;"2019-12-02";"2020-05-01";"2020-09-30";"2020-09-02";"fristgerecht durch Kunde";"Hamburg";"terminated";1000;"2020-09-02"
5751;"energy";"electricity";2500;2678;"2019-02-28";"2019-06-01";"";"";"";"Cologne";"indelivery";1000;"2020-09-01"
5752;"energy";"electricity";2700;2876;"2019-08-22";"2020-01-01";"2020-02-29";"2020-01-24";"fristgerecht durch Kunde";"Dortmund";"terminated";1001;"2019-09-11"
5753;"energy";"electricity";2300;2178;"2018-03-17";"2018-06-01";"";"";"";"Dresden";"indelivery";1001;"2019-01-01"
5754;"energy";"electricity";2900;3081;"2019-04-03";"2019-09-01";"2020-03-31";"2020-03-03";"fristgerecht durch Kunde";"Marienberg";"terminated";1002;"2020-02-08"
5755;"energy";"electricity";2500;2652;"2020-04-03";"2020-05-01";"";"";"";"Berlin";"indelivery";1000;"2020-09-10"
5756;"energy";"gas";9400;10051;"2019-01-18";"2019-02-01";"";"";"";"Hamburg";"indelivery";2001;"2020-05-04"
5757;"energy";"electricity";2400;2402;"2018-09-20";"2019-01-01";"";"";"";"Düsseldorf";"indelivery";1001;"2019-08-23"
5758;"energy";"electricity";2200;2276;"2019-03-21";"2019-10-01";"2019-10-01";"2020-03-01";"Wiederruf";"Würzburg";"terminated";1002;"2020-03-01"
5759;"energy";"electricity";2700;2665;"2019-10-15";"2020-01-01";"";"";"";"Augsburg";"indelivery";1002;"2020-02-21"
5760;"energy";"gas";10800;11380;"2018-04-03";"2019-03-01";"";"";"";"Düsseldorf";"indelivery";2001;"2020-06-07"
5761;"energy";"electricity";2100;2231;"2018-09-08";"2018-12-01";"";"";"";"Bonn";"indelivery";1000;"2019-11-11"
5762;"energy";"electricity";2100;1991;"2018-09-10";"2019-05-01";"";"";"";"Frankfurt";"indelivery";1001;"2020-05-08"
5763;"energy";"electricity";2300;2285;"2020-04-08";"2020-07-01";"";"";"";"Dortmund";"indelivery";1002;"2020-06-21"
5764;"energy";"electricity";2200;2192;"2019-03-02";"2019-04-01";"";"";"";"Frankfurt";"indelivery";1001;"2019-12-05"
5765;"energy";"electricity";2500;2427;"2020-01-03";"2020-05-01";"";"";"";"Dortmund";"indelivery";1002;"2020-07-04"
5766;"energy";"electricity";2400;2425;"2020-09-26";"2020-12-01";"";"";"";"Munich";"active";1000;"2020-09-27"
5767;"energy";"electricity";2100;2055;"2019-02-23";"2019-05-01";"";"";"";"Hamburg";"indelivery";1001;"2020-01-10"
5768;"energy";"electricity";2800;2694;"2018-01-15";"2018-06-01";"2018-06-01";"2019-07-29";"Wiederruf";"Marienberg";"terminated";1000;"2018-07-19"
5769;"energy";"electricity";2800;2968;"2019-12-10";"2020-01-01";"";"";"";"Wiesbaden";"indelivery";1000;"2020-08-18"
5770;"energy";"electricity";2300;2205;"2019-06-13";"2019-07-01";"";"";"";"Mannheim";"indelivery";1002;"2019-12-04"
5771;"energy";"electricity";2600;2775;"2020-05-08";"2020-10-01";"";"";"";"Stuttgart";"indelivery";1000;"2020-08-16"
5772;"energy";"electricity";2800;2743;"2019-02-13";"2020-05-01";"";"";"";"Wiesbaden";"indelivery";1001;"2020-01-19"
5773;"energy";"electricity";2000;2187;"2018-08-29";"2019-01-01";"";"";"";"Bonn";"indelivery";1002;"2019-06-12"
5774;"energy";"electricity";2300;2470;"2018-02-12";"2018-09-01";"";"";"";"Hamburg";"indelivery";1000;"2020-05-30"
5775;"energy";"gas";9300;9448;"2020-01-17";"2020-03-01";"";"";"";"Leipzig";"indelivery";2000;"2020-08-27"
5776;"energy";"electricity";2500;2389;"2019-12-10";"2020-04-01";"";"";"";"Munich";"indelivery";1001;"2020-02-01"
5777;"energy";"electricity";2000;2196;"2018-02-17";"2018-04-01";"2018-09-30";"2018-08-31";"fristgerecht durch Kunde";"Berlin";"terminated";1001;"2018-08-31"
5778;"energy";"electricity";2700;"";"2019-08-27";"2020-10-01";"";"";"";"Würzburg";"indelivery";1000;"2020-03-24"
5779;"energy";"electricity";2900;3040;"2019-08-26";"2020-02-01";"";"";"";"Düsseldorf";"indelivery";1002;"2019-11-08"
5780;"energy";"electricity";1900;1866;"2019-03-04";"2020-06-01";"";"";"";"Stuttgart";"indelivery";1001;"2019-10-02"
5781;"energy";"electricity";2500;2469;"2018-03-05";"2018-11-01";"";"";"";"Hofheim";"indelivery";1002;"2018-04-01"
5782;"energy";"gas";10800;11028;"2019-06-14";"2019-09-01";"";"";"";"Bremen";"indelivery";2001;"2020-08-28"
5783;"energy";"gas";9900;10498;"2020-01-08";"2020-02-01";"2020-03-31";"2020-02-28";"fristgerecht durch Kunde";"Bamberg";"terminated";2001;"2020-02-20"
5784;"energy";"electricity";2900;2796;"2018-01-31";"2018-07-01";"2018-10-31";"2018-10-01";"fristgerecht durch LichtBlick";"Stuttgart";"terminated";1001;"2018-10-01"
5785;"energy";"electricity";2300;2266;"2019-12-13";"2021-02-01";"";"";"";"Munich";"active";1001;"2020-08-18"
5786;"energy";"electricity";2100;2085;"2018-09-23";"2018-11-01";"";"";"";"Bremen";"indelivery";1001;"2020-09-04"
5787;"energy";"electricity";2100;2218;"2019-11-18";"2019-12-01";"";"";"";"Bremen";"indelivery";1001;"2020-04-11"
5788;"energy";"electricity";2700;2864;"2018-03-08";"2018-05-01";"2018-05-01";"2019-10-30";"Wiederruf";"Duisburg";"terminated";1000;"2018-05-27"
5789;"energy";"electricity";2400;"";"2018-06-10";"2018-08-01";"";"";"";"Bonn";"indelivery";1002;"2018-09-09"
5790;"energy";"electricity";2400;2415;"2020-07-28";"2020-12-01";"";"";"";"Hannover";"active";1001;"2020-09-06"
5791;"energy";"electricity";2300;"";"2019-02-18";"2019-11-01";"";"";"";"Rosenheim";"indelivery";1001;"2019-12-28"
5792;"energy";"gas";9400;8980;"2020-02-19";"2020-03-01";"";"";"";"Bielefeld";"indelivery";2000;"2020-07-25"
5793;"energy";"electricity";2100;2177;"2018-01-23";"2018-03-01";"2018-11-30";"2018-10-31";"fristgerecht durch Kunde";"Osnabrück";"terminated";1002;"2018-10-31"
5794;"energy";"electricity";2100;2125;"2019-05-20";"2019-09-01";"";"";"";"Berlin";"indelivery";1001;"2020-08-12"
5795;"energy";"electricity";2600;2780;"2020-01-28";"2020-03-01";"";"";"";"Frankfurt";"indelivery";1000;"2020-08-26"
5796;"energy";"electricity";2500;2651;"2018-10-29";"2019-05-01";"";"";"";"Duisburg";"indelivery";1000;"2019-11-15"
5797;"energy";"gas";9800;9711;"2018-07-10";"2018-11-01";"";"";"";"Bielefeld";"indelivery";2000;"2018-08-11"
5798;"energy";"electricity";2300;2398;"2019-06-18";"2019-09-01";"";"";"";"Frankfurt";"indelivery";1002;"2020-09-30"
5799;"energy";"electricity";2500;2631;"2019-01-04";"2019-04-01";"";"";"";"Bonn";"indelivery";1002;"2019-05-17"
5800;"energy";"electricity";2000;2093;"2020-05-01";"2020-07-01";"";"";"";"Essen";"indelivery";1001;"2020-06-19"
5801;"energy";"electricity";2500;2717;"2018-10-13";"2019-02-01";"";"";"";"Wuppertal";"indelivery";1000;"2020-06-05"
5802;"energy";"electricity";2200;2310;"2018-03-28";"2018-07-01";"2020-02-29";"2020-02-01";"fristgerecht durch LichtBlick";"Stuttgart";"terminated";1002;"2019-03-06"
5803;"energy";"electricity";2200;2158;"2020-02-10";"2020-03-01";"";"";"";"Bielefeld";"indelivery";1001;"2020-06-09"
5804;"energy";"gas";11200;10733;"2018-09-06";"2019-10-01";"";"";"";"Augsburg";"indelivery";2000;"2019-08-04"
5805;"energy";"electricity";2100;"";"2019-09-03";"2019-10-01";"";"";"";"Leipzig";"indelivery";1000;"2019-11-29"
5806;"energy";"gas";7600;7714;"2019-12-31";"2020-01-01";"";"";"";"Hamburg";"indelivery";2000;"2020-05-03"
5807;"energy";"electricity";2500;2627;"2018-07-11";"2018-09-01";"";"";"";"Berlin";"indelivery";1002;"2019-10-11"
5808;"energy";"electricity";2400;2521;"2018-12-01";"2019-01-01";"";"";"";"Berlin";"indelivery";1002;"2020-06-03"
5809;"energy";"gas";8900;9084;"2020-04-29";"2020-08-01";"";"";"";"Leipzig";"indelivery";2001;"2020-07-08"
5810;"energy";"electricity";2000;1930;"2018-01-29";"2018-04-01";"";"";"";"Berlin";"indelivery";1002;"2018-08-17"
5811;"energy";"electricity";2300;2246;"2018-12-01";"2019-04-01";"";"";"";"Stuttgart";"indelivery";1001;"2020-01-17"
5812;"energy";"electricity";2200;2102;"2020-05-14";"2020-07-01";"";"";"";"Cottbus";"indelivery";1001;"2020-07-20"
5813;"energy";"electricity";2200;2241;"2020-09-10";"2020-11-01";"";"";"";"Freiburg";"active";1001;"2020-09-25"
5814;"energy";"electricity";3000;2984;"2019-01-06";"2019-05-01";"";"";"";"Karlsruhe";"indelivery";1002;"2020-07-21"
5815;"energy";"electricity";2900;2931;"2020-04-18";"2021-03-01";"";"";"";"Magdeburg";"active";1000;"2020-08-14"
5816;"energy";"electricity";2600;2702;"2019-06-30";"2019-10-01";"";"";"";"Berlin";"indelivery";1000;"2020-02-04"
5817;"energy";"electricity";2200;2246;"2018-10-05";"2019-05-01";"";"";"";"Saarbrücken";"indelivery";1000;"2020-08-27"
5818;"energy";"gas";11600;11286;"2018-07-24";"2018-08-01";"2020-02-29";"2020-02-01";"fristgerecht durch Kunde";"Berlin";"terminated";2001;"2019-12-26"
5819;"energy";"electricity";2800;2935;"2020-09-04";"2020-11-01";"";"";"";"Hannover";"active";1000;"2020-09-10"
5820;"energy";"electricity";2700;2798;"2020-07-24";"2020-10-01";"";"";"";"Ulm";"indelivery";1001;"2020-09-16"
5821;"energy";"electricity";2600;2758;"2020-08-10";"2021-02-01";"";"";"";"Duisburg";"active";1000;"2020-08-19"
5822;"energy";"electricity";2200;"";"2020-04-08";"2020-08-01";"";"";"";"Hannover";"indelivery";1001;"2020-06-26"
5823;"energy";"electricity";2300;2333;"2019-02-05";"2019-09-01";"2019-09-01";"2020-06-02";"Wiederruf";"Bonn";"terminated";1002;"2020-06-02"
5824;"energy";"electricity";2900;3031;"2019-07-21";"2019-11-01";"";"";"";"Bonn";"indelivery";1001;"2020-03-29"
5825;"energy";"electricity";2700;2569;"2020-03-30";"2020-06-01";"";"";"";"Bremerhaven";"indelivery";1001;"2020-06-12"
5826;"energy";"electricity";2700;2808;"2020-02-06";"2020-04-01";"";"";"";"Aalen";"indelivery";1001;"2020-03-26"
5827;"energy";"electricity";2900;2993;"2019-08-25";"2020-02-01";"";"";"";"Berlin";"indelivery";1002;"2019-09-05"
5828;"energy";"electricity";2500;2478;"2018-10-05";"2019-01-01";"";"";"";"Marienberg";"indelivery";1002;"2020-01-28"
5829;"energy";"electricity";2600;2745;"2018-05-30";"2019-04-01";"";"";"";"Wiesbaden";"indelivery";1002;"2018-09-05"
5830;"energy";"electricity";2600;2652;"2020-08-10";"2020-09-01";"";"";"";"Münster";"indelivery";1001;"2020-09-30"
5831;"energy";"electricity";2800;2917;"2019-08-01";"2019-09-01";"";"";"";"Hamburg";"indelivery";1002;"2020-09-27"
5832;"energy";"electricity";2500;2652;"2020-01-15";"2020-03-01";"2020-10-31";"2020-10-03";"fristgerecht durch Kunde";"Stuttgart";"cancelled";1002;"2020-04-05"
5833;"energy";"electricity";3000;3093;"2020-09-11";"2021-01-01";"";"";"";"Hannover";"active";1001;"2020-09-25"
5834;"energy";"gas";11000;10624;"2019-03-06";"2019-08-01";"";"";"";"Berlin";"indelivery";2000;"2019-07-12"
5835;"energy";"electricity";2900;2762;"2020-04-26";"2020-05-01";"";"";"";"Hannover";"indelivery";1002;"2020-06-01"
5836;"energy";"electricity";2700;2719;"2018-06-19";"2018-09-01";"";"";"";"Kiel";"indelivery";1001;"2018-07-24"
5837;"energy";"electricity";2200;2382;"2019-10-07";"2019-11-01";"";"";"";"Cologne";"indelivery";1002;"2020-02-19"
5838;"energy";"electricity";2300;2219;"2019-08-30";"2019-10-01";"";"";"";"Berlin";"indelivery";1002;"2020-04-20"
5839;"energy";"gas";11000;10664;"2018-08-24";"2018-09-01";"2019-09-30";"2019-09-02";"fristgerecht durch Kunde";"Jena";"terminated";2000;"2019-09-02"
5840;"energy";"electricity";2400;2464;"2019-12-25";"2020-03-01";"2020-03-01";"2020-05-31";"Wiederruf";"Marienberg";"terminated";1000;"2020-05-31"
5841;"energy";"electricity";2600;2480;"2020-07-09";"2020-10-01";"";"";"";"Bonn";"indelivery";1002;"2020-09-29"
5842;"energy";"electricity";3000;2959;"2020-01-26";"2020-09-01";"";"";"";"Ingolstadt";"indelivery";1002;"2020-08-31"
5843;"energy";"electricity";2200;2254;"2019-10-02";"2020-05-01";"";"";"";"Mainz";"indelivery";1002;"2019-12-17"
5844;"energy";"electricity";2400;2512;"2019-09-28";"2019-12-01";"";"";"";"Heidelberg";"indelivery";1002;"2020-03-07"
5845;"energy";"electricity";2500;2560;"2018-06-01";"2018-11-01";"2020-07-31";"2020-07-03";"fristgerecht durch LichtBlick";"Dortmund";"terminated";1000;"2020-07-03"
5846;"energy";"electricity";2900;3067;"2018-07-02";"2019-05-01";"";"";"";"Braunschweig";"indelivery";1002;"2018-10-30"
5847;"energy";"electricity";2500;"";"2018-11-20";"2019-01-01";"";"";"";"Dresden";"indelivery";1000;"2019-09-17"
5848;"energy";"electricity";2500;2607;"2019-09-06";"2019-12-01";"";"";"";"Hamburg";"indelivery";1000;"2020-01-04"
5849;"energy";"electricity";2500;2568;"2018-09-02";"2018-11-01";"";"";"";"Dortmund";"indelivery";1001;"2019-10-17"
5850;"energy";"electricity";2100;2212;"2019-09-02";"2019-12-01";"";"";"";"Augsburg";"indelivery";1001;"2020-05-30"
5851;"energy";"gas";8800;8448;"2019-11-25";"2020-08-01";"";"";"";"Mainz";"indelivery";2000;"2020-07-18"
5852;"energy";"electricity";2800;2647;"2019-10-13";"2020-01-01";"";"";"";"Cologne";"indelivery";1002;"2020-05-15"
5853;"energy";"electricity";2900;3009;"2019-11-12";"2020-01-01";"";"";"";"Berlin";"indelivery";1002;"2019-11-29"
5854;"energy";"electricity";2100;2081;"2019-06-01";"2019-07-01";"2019-12-31";"2019-12-03";"fristgerecht durch Kunde";"Berlin";"terminated";1000;"2019-12-03"
5855;"energy";"electricity";2900;3106;"2018-09-19";"2018-12-01";"";"";"";"Meißen";"indelivery";1002;"2019-04-17"
5856;"energy";"electricity";2100;2208;"2020-02-22";"2020-04-01";"";"";"";"Hamburg";"indelivery";1000;"2020-09-13"
5857;"energy";"electricity";2800;2800;"2019-07-14";"2019-08-01";"";"";"";"Mainz";"indelivery";1001;"2019-12-22"
5858;"energy";"electricity";2900;2946;"2019-02-10";"2019-03-01";"2019-04-30";"2019-04-02";"Umzug";"Braunschweig";"terminated";1000;"2019-04-02"
5859;"energy";"electricity";2100;2233;"2019-01-10";"2019-02-01";"2019-04-30";"2019-04-01";"fristgerecht durch Kunde";"Cologne";"terminated";1000;"2019-04-01"
5860;"energy";"electricity";2600;2523;"2018-12-28";"2019-04-01";"";"";"";"Berlin";"indelivery";1001;"2020-08-14"
5861;"energy";"electricity";2800;2808;"2019-01-21";"2019-03-01";"";"";"";"Berlin";"indelivery";1002;"2020-03-28"
5862;"energy";"electricity";2600;2811;"2019-12-24";"2020-02-01";"2020-07-31";"2020-07-02";"fristgerecht durch Kunde";"Munich";"terminated";1002;"2020-04-06"
5863;"energy";"electricity";2300;2411;"2018-07-29";"2018-12-01";"";"";"";"Essen";"indelivery";1000;"2020-02-07"
5864;"energy";"electricity";2600;2519;"2018-03-20";"2018-06-01";"";"";"";"Berlin";"indelivery";1001;"2019-11-18"
5865;"energy";"electricity";2900;3093;"2018-08-31";"2018-10-01";"";"";"";"Leipzig";"indelivery";1002;"2019-07-19"
5866;"energy";"electricity";2900;3036;"2018-12-27";"2019-02-01";"";"";"";"Essen";"indelivery";1001;"2020-05-15"
5867;"energy";"electricity";2700;2618;"2019-05-09";"2019-08-01";"2020-12-31";"2020-12-02";"Umzug";"Frankfurt";"cancelled";1000;"2019-09-01"
5868;"energy";"electricity";2000;2158;"2020-07-30";"2021-01-01";"";"";"";"Berlin";"active";1000;"2020-08-24"
5869;"energy";"electricity";2400;2520;"2019-05-01";"2019-07-01";"";"";"";"Hannover";"indelivery";1001;"2020-01-30"
5870;"energy";"electricity";2600;2532;"2020-04-13";"2020-10-01";"";"";"";"Munich";"indelivery";1000;"2020-08-28"
5871;"energy";"gas";10300;10617;"2020-08-05";"2021-05-01";"";"";"";"Frankfurt";"active";2001;"2020-08-21"
5872;"energy";"gas";10700;11448;"2018-10-14";"2019-08-01";"";"";"";"Frankfurt";"indelivery";2000;"2020-02-09"
5873;"energy";"electricity";2200;2159;"2018-12-17";"2019-05-01";"";"";"";"Berlin";"indelivery";1001;"2020-02-17"
5874;"energy";"electricity";3000;3059;"2020-07-09";"2021-02-01";"";"";"";"Bernburg";"active";1002;"2020-09-20"
5875;"energy";"electricity";3000;"";"2019-05-14";"2019-06-01";"";"";"";"Essen";"indelivery";1000;"2019-06-15"
5876;"energy";"electricity";1900;1897;"2020-09-06";"2021-02-01";"";"";"";"Hamburg";"active";1000;"2020-09-10"
5877;"energy";"electricity";3000;2938;"2019-08-02";"2020-02-01";"";"";"";"Altchemnitz";"indelivery";1002;"2020-07-28"
5878;"energy";"electricity";2800;"";"2018-08-02";"2018-10-01";"2019-11-30";"2019-10-29";"Umzug";"Dresden";"terminated";1001;"2019-01-18"
5879;"energy";"electricity";2600;2619;"2019-08-22";"2020-04-01";"";"";"";"Osnabrück";"indelivery";1000;"2019-12-30"
5880;"energy";"electricity";2400;2468;"2020-02-13";"2020-03-01";"";"";"";"Berlin";"indelivery";1001;"2020-09-29"
5881;"energy";"electricity";2100;2129;"2018-10-13";"2019-03-01";"";"";"";"Wuppertal";"indelivery";1000;"2019-05-15"
5882;"energy";"electricity";2800;"";"2020-01-06";"2020-03-01";"";"";"";"Bremerhaven";"indelivery";1002;"2020-07-16"
5883;"energy";"electricity";2000;2123;"2020-06-13";"2020-08-01";"";"";"";"Münster";"indelivery";1000;"2020-08-04"
5884;"energy";"gas";8900;8505;"2020-05-05";"2020-07-01";"";"";"";"Bielefeld";"indelivery";2000;"2020-05-30"
5885;"energy";"electricity";2300;"";"2019-09-30";"2020-02-01";"2020-03-31";"2020-02-28";"fristgerecht durch Kunde";"Ulm";"terminated";1002;"2019-11-14"
5886;"energy";"electricity";2000;2067;"2020-09-12";"2020-12-01";"";"";"";"Hamburg";"active";1002;"2020-09-24"
5887;"energy";"electricity";2200;2311;"2020-05-25";"2020-08-01";"";"";"";"Dortmund";"indelivery";1001;"2020-08-18"
5888;"energy";"electricity";2900;3058;"2020-08-19";"2020-10-01";"";"";"";"Wiesbaden";"indelivery";1001;"2020-09-05"
5889;"energy";"electricity";2100;2051;"2019-05-07";"2019-09-01";"";"";"";"Freiberg";"indelivery";1002;"2020-07-21"
5890;"energy";"electricity";2900;3050;"2019-12-17";"2020-03-01";"2020-08-31";"2020-08-01";"fristgerecht durch Kunde";"Hannover";"terminated";1001;"2020-02-03"
5891;"energy";"electricity";2300;2194;"2018-09-27";"2018-12-01";"";"";"";"Cologne";"indelivery";1002;"2020-03-07"
5892;"energy";"gas";11000;10755;"2019-01-25";"2019-07-01";"";"";"";"Freiburg";"indelivery";2000;"2019-08-09"
5893;"energy";"electricity";2700;2747;"2018-10-18";"2019-03-01";"";"";"";"Wuppertal";"indelivery";1002;"2019-10-15"
5894;"energy";"electricity";2500;2641;"2019-04-23";"2020-03-01";"2020-03-01";"2020-11-30";"Wiederruf";"Bremen";"terminated";1002;"2020-06-05"
5895;"energy";"electricity";2700;2927;"2019-08-07";"2019-09-01";"";"";"";"Gießen";"indelivery";1002;"2020-07-25"
5896;"energy";"electricity";1900;1953;"2019-08-19";"2020-02-01";"";"";"";"Berlin";"indelivery";1001;"2020-03-01"
5897;"energy";"electricity";2100;2253;"2018-10-13";"2018-12-01";"";"";"";"Regensburg";"indelivery";1000;"2019-09-28"
5898;"energy";"electricity";2400;2312;"2018-10-31";"2018-12-01";"2020-10-31";"2020-10-01";"fristgerecht durch Kunde";"Bonn";"cancelled";1002;"2020-03-28"
5899;"energy";"electricity";2800;2816;"2018-07-03";"2018-11-01";"";"";"";"Berlin";"indelivery";1000;"2020-06-21"
5900;"energy";"electricity";2700;2753;"2020-01-22";"2021-04-01";"";"";"";"Munich";"active";1002;"2020-06-03"
5901;"energy";"electricity";2100;1960;"2019-01-10";"2019-05-01";"2019-05-01";"2019-11-29";"Wiederruf";"Dresden";"terminated";1002;"2019-11-29"
5902;"energy";"electricity";2100;2127;"2019-12-03";"2020-03-01";"";"";"";"Hamburg";"indelivery";1002;"2020-03-10"
5903;"energy";"electricity";2700;2841;"2019-09-21";"2020-03-01";"";"";"";"Marienberg";"indelivery";1001;"2020-07-18"
5904;"energy";"electricity";2600;2519;"2019-07-27";"2020-05-01";"";"";"";"Bremen";"indelivery";1000;"2019-11-17"
5905;"energy";"electricity";2900;3113;"2019-02-28";"2019-03-01";"2019-10-31";"2019-10-02";"fristgerecht durch LichtBlick";"Hamburg";"terminated";1001;"2019-07-31"
5906;"energy";"electricity";2200;2089;"2018-07-22";"2019-01-01";"";"";"";"Bonn";"indelivery";1000;"2020-05-20"
5907;"energy";"electricity";2700;2740;"2019-06-15";"2019-09-01";"";"";"";"Leipzig";"indelivery";1001;"2020-05-04"
5908;"energy";"electricity";2000;2043;"2019-04-08";"2019-05-01";"";"";"";"Munich";"indelivery";1001;"2020-04-15"
5909;"energy";"electricity";2200;2102;"2019-03-01";"2020-01-01";"2020-12-31";"2020-12-02";"fristgerecht durch LichtBlick";"Berlin";"cancelled";1002;"2020-09-24"
5910;"energy";"gas";8300;8552;"2018-11-08";"2019-01-01";"";"";"";"Duisburg";"indelivery";2001;"2019-12-01"
5911;"energy";"electricity";2800;2882;"2020-03-07";"2020-04-01";"";"";"";"Essen";"indelivery";1000;"2020-08-05"
5912;"energy";"gas";10800;11618;"2019-07-18";"2019-09-01";"";"";"";"Heppenheim";"indelivery";2000;"2020-03-14"
5913;"energy";"electricity";2000;2102;"2019-10-31";"2020-04-01";"";"";"";"Stuttgart";"indelivery";1001;"2020-04-12"
5914;"energy";"gas";10800;11581;"2019-10-07";"2020-03-01";"";"";"";"Jena";"indelivery";2001;"2020-04-26"
5915;"energy";"electricity";2200;2244;"2019-02-21";"2019-03-01";"2019-03-01";"2020-12-01";"Wiederruf";"Berlin";"terminated";1002;"2019-10-23"
5916;"energy";"electricity";2300;2318;"2019-07-09";"2019-09-01";"";"";"";"Munich";"indelivery";1002;"2020-08-22"
5917;"energy";"gas";10300;10846;"2019-08-30";"2020-04-01";"";"";"";"Dresden";"indelivery";2000;"2020-09-26"
5918;"energy";"electricity";2100;2163;"2020-02-15";"2020-07-01";"";"";"";"Mannheim";"indelivery";1002;"2020-05-12"
5919;"energy";"electricity";2600;2607;"2018-10-20";"2019-01-01";"2020-08-31";"2020-08-03";"fristgerecht durch LichtBlick";"Hamburg";"terminated";1000;"2019-05-05"
5920;"energy";"electricity";2600;2666;"2018-09-06";"2019-02-01";"";"";"";"Düsseldorf";"indelivery";1000;"2018-09-09"
5921;"energy";"electricity";3000;2964;"2020-02-07";"2020-04-01";"";"";"";"Regensburg";"indelivery";1002;"2020-08-06"
5922;"energy";"gas";10400;10971;"2019-03-05";"2020-08-01";"";"";"";"Stuttgart";"indelivery";2001;"2020-01-31"
5923;"energy";"electricity";2800;2713;"2018-08-10";"2018-12-01";"";"";"";"Wiesbaden";"indelivery";1000;"2018-11-05"
5924;"energy";"electricity";2100;2255;"2020-03-27";"2021-03-01";"";"";"";"Haßfurt";"active";1002;"2020-08-21"
5925;"energy";"electricity";2800;2733;"2018-08-15";"2018-11-01";"2019-12-31";"2019-12-03";"fristgerecht durch Kunde";"Mainz";"terminated";1000;"2019-09-14"
5926;"energy";"electricity";2200;2334;"2019-11-29";"2020-10-01";"";"";"";"Hannover";"indelivery";1001;"2020-08-25"
5927;"energy";"electricity";2800;2635;"2019-10-27";"2019-12-01";"";"";"";"Kiel";"indelivery";1000;"2020-04-17"
5928;"energy";"electricity";2600;2545;"2018-05-16";"2018-07-01";"";"";"";"Cologne";"indelivery";1001;"2020-05-03"
5929;"energy";"electricity";2200;2225;"2019-07-05";"2019-12-01";"";"";"";"Düsseldorf";"indelivery";1000;"2020-09-14"
5930;"energy";"gas";8400;9072;"2018-02-15";"2018-04-01";"2018-10-31";"2018-10-01";"fristgerecht durch Kunde";"Magdeburg";"terminated";2000;"2018-10-01"
5931;"energy";"electricity";2700;2603;"2019-09-18";"2019-11-01";"";"";"";"Berlin";"indelivery";1000;"2020-08-10"
5932;"energy";"gas";8400;8466;"2019-07-03";"2019-08-01";"";"";"";"Kassel";"indelivery";2000;"2020-08-24"
5933;"energy";"gas";8300;7866;"2019-02-17";"2019-05-01";"";"";"";"Berlin";"indelivery";2000;"2019-09-15"
5934;"energy";"electricity";2200;2254;"2018-03-06";"2018-07-01";"";"";"";"Hamburg";"indelivery";1001;"2018-04-17"
5935;"energy";"electricity";2500;"";"2019-09-24";"2019-12-01";"";"";"";"Munich";"indelivery";1001;"2020-04-26"
5936;"energy";"electricity";2300;2322;"2019-10-08";"2020-06-01";"";"";"";"Berlin";"indelivery";1001;"2020-02-19"
5937;"energy";"electricity";2600;2741;"2019-08-04";"2020-03-01";"";"";"";"Berlin";"indelivery";1001;"2020-09-18"
5938;"energy";"electricity";2100;2282;"2020-06-13";"2020-07-01";"";"";"";"Munich";"indelivery";1000;"2020-06-25"
5939;"energy";"electricity";2700;2868;"2019-10-03";"2019-12-01";"";"";"";"Altchemnitz";"indelivery";1002;"2019-12-22"
5940;"energy";"electricity";2400;2531;"2019-12-10";"2020-01-01";"";"";"";"Weißenburg";"indelivery";1001;"2020-08-09"
5941;"energy";"electricity";2900;2821;"2019-06-19";"2019-09-01";"";"";"";"Wuppertal";"indelivery";1000;"2020-05-12"
5942;"energy";"electricity";2800;2886;"2020-07-30";"2021-07-01";"";"";"";"Düsseldorf";"active";1001;"2020-09-03"
5943;"energy";"electricity";2800;2754;"2018-01-22";"2018-05-01";"";"";"";"Berlin";"indelivery";1001;"2019-05-27"
5944;"energy";"electricity";2200;2263;"2020-04-10";"2020-07-01";"";"";"";"Potsdam";"indelivery";1001;"2020-06-15"
5945;"energy";"electricity";2300;"";"2020-05-07";"2020-06-01";"";"";"";"Bremen";"indelivery";1002;"2020-07-26"
5946;"energy";"electricity";2200;2357;"2019-01-18";"2019-05-01";"2019-10-31";"2019-10-03";"Umzug";"Duisburg";"terminated";1001;"2019-04-15"
5947;"energy";"electricity";2200;2298;"2019-01-08";"2019-07-01";"";"";"";"Kassel";"indelivery";1002;"2019-07-07"
5948;"energy";"electricity";2700;2778;"2020-05-29";"2020-06-01";"";"";"";"Leipzig";"indelivery";1002;"2020-06-18"
5949;"energy";"electricity";2000;2068;"2020-03-05";"2020-04-01";"";"";"";"Dresden";"indelivery";1001;"2020-03-30"
5950;"energy";"electricity";2900;3126;"2018-05-30";"2018-11-01";"2020-07-31";"2020-07-03";"fristgerecht durch Kunde";"Potsdam";"terminated";1002;"2020-07-03"
5951;"energy";"electricity";2300;2360;"2018-04-23";"2018-08-01";"2019-09-30";"2019-08-30";"Umzug";"Kiel";"terminated";1000;"2019-08-30"
5952;"energy";"electricity";2900;2867;"2018-03-19";"2018-05-01";"";"";"";"Freiburg";"indelivery";1002;"2019-09-18"
5953;"energy";"electricity";2800;2909;"2018-08-28";"2018-11-01";"";"";"";"Neumünster";"indelivery";1001;"2019-08-08"
5954;"energy";"electricity";2300;2447;"2018-07-15";"2018-10-01";"2020-02-29";"2020-02-01";"fristgerecht durch LichtBlick";"Bonn";"terminated";1002;"2019-02-25"
5955;"energy";"electricity";2900;3151;"2020-05-31";"2020-10-01";"";"";"";"Düsseldorf";"indelivery";1000;"2020-06-15"
5956;"energy";"electricity";2700;2729;"2020-04-02";"2020-07-01";"";"";"";"Ratzeburg";"indelivery";1000;"2020-06-12"
5957;"energy";"gas";9900;10520;"2018-06-05";"2018-08-01";"";"";"";"Berlin";"indelivery";2000;"2020-01-02"
5958;"energy";"electricity";2700;2864;"2018-07-24";"2019-03-01";"";"";"";"Flensburg";"indelivery";1001;"2019-08-11"
5959;"energy";"electricity";2000;1976;"2018-11-02";"2018-12-01";"2019-03-31";"2019-03-02";"fristgerecht durch Kunde";"Cologne";"terminated";1000;"2019-03-02"
5960;"energy";"electricity";2400;2493;"2019-04-06";"2019-11-01";"";"";"";"Jena";"indelivery";1000;"2019-06-01"
5961;"energy";"electricity";2100;2186;"2019-12-17";"2020-02-01";"";"";"";"Dresden";"indelivery";1002;"2020-03-15"
5962;"energy";"electricity";2800;2790;"2019-05-11";"2019-08-01";"2019-09-30";"2019-08-30";"fristgerecht durch Kunde";"Saarbrücken";"terminated";1002;"2019-08-30"
5963;"energy";"electricity";2700;2912;"2020-08-25";"2020-11-01";"";"";"";"Düsseldorf";"active";1001;"2020-08-27"
5964;"energy";"electricity";3000;3086;"2019-02-01";"2019-07-01";"";"";"";"Gera";"indelivery";1002;"2020-02-16"
5965;"energy";"electricity";2100;2195;"2019-08-31";"2019-10-01";"";"";"";"Karlsruhe";"indelivery";1001;"2020-07-05"
5966;"energy";"electricity";2000;2184;"2019-04-04";"2019-07-01";"";"";"";"Dortmund";"indelivery";1002;"2020-04-28"
5967;"energy";"electricity";2700;2613;"2019-10-20";"2019-11-01";"2019-11-01";"2020-02-01";"Wiederruf";"Hamburg";"terminated";1002;"2020-01-31"
5968;"energy";"electricity";2200;2261;"2020-01-28";"2020-02-01";"";"";"";"Munich";"indelivery";1001;"2020-02-17"
5969;"energy";"electricity";2300;2248;"2019-11-13";"2020-11-01";"";"";"";"Berlin";"active";1001;"2020-06-09"
5970;"energy";"electricity";2900;2784;"2019-09-26";"2020-03-01";"";"";"";"Hamburg";"indelivery";1001;"2020-02-19"
5971;"energy";"electricity";2800;2758;"2020-03-04";"2020-04-01";"";"";"";"Magdeburg";"indelivery";1000;"2020-08-13"
5972;"energy";"gas";9700;9624;"2019-08-21";"2019-09-01";"";"";"";"Berlin";"indelivery";2000;"2019-09-12"
5973;"energy";"electricity";2800;2864;"2019-10-13";"2020-03-01";"2020-03-01";"2020-04-25";"Wiederruf";"Bremen";"terminated";1002;"2020-04-25"
5974;"energy";"electricity";2100;"";"2019-07-08";"2019-09-01";"";"";"";"Dresden";"indelivery";1002;"2020-09-06"
5975;"energy";"electricity";2400;2463;"2020-07-10";"2020-11-01";"";"";"";"Berlin";"active";1000;"2020-08-20"
5976;"energy";"electricity";2600;2700;"2019-11-24";"2019-12-01";"2019-12-01";"2020-10-03";"Wiederruf";"Rostock";"terminated";1001;"2019-11-26"
5977;"energy";"electricity";2700;2580;"2020-03-10";"2021-01-01";"";"";"";"Düsseldorf";"active";1001;"2020-06-28"
5978;"energy";"gas";12300;11778;"2020-07-09";"2020-10-01";"";"";"";"Landsberg";"indelivery";2001;"2020-07-26"
5979;"energy";"gas";9300;9210;"2018-02-24";"2018-06-01";"";"";"";"Rostock";"indelivery";2001;"2019-03-04"
5980;"energy";"electricity";2700;2837;"2020-05-21";"2020-07-01";"";"";"";"Leipzig";"indelivery";1000;"2020-07-15"
5981;"energy";"electricity";2700;2819;"2019-05-10";"2019-06-01";"";"";"";"Berlin";"indelivery";1002;"2020-06-27"
5982;"energy";"electricity";2300;2304;"2018-04-07";"2018-12-01";"";"";"";"Essen";"indelivery";1001;"2018-07-21"
5983;"energy";"electricity";2300;2166;"2020-04-22";"2020-09-01";"2020-11-30";"2020-10-26";"Umzug";"Stuttgart";"cancelled";1002;"2020-07-19"
5984;"energy";"gas";8400;8601;"2019-07-17";"2019-11-01";"";"";"";"Wesel";"indelivery";2000;"2020-04-20"
5985;"energy";"electricity";2500;2484;"2019-09-26";"2019-11-01";"";"";"";"Düsseldorf";"indelivery";1001;"2020-02-15"
5986;"energy";"electricity";2400;2334;"2018-12-11";"2019-02-01";"2020-10-31";"2020-09-28";"fristgerecht durch Kunde";"Erfurt";"cancelled";1001;"2019-10-20"
5987;"energy";"electricity";3000;3063;"2018-01-27";"2018-07-01";"2020-08-31";"2020-08-03";"Umzug";"Berlin";"terminated";1002;"2019-12-14"
5988;"energy";"electricity";2600;2697;"2018-06-07";"2018-07-01";"2020-10-31";"2020-10-01";"fristgerecht durch LichtBlick";"Bielefeld";"cancelled";1001;"2019-07-25"
5989;"energy";"electricity";2300;2485;"2019-03-19";"2019-05-01";"";"";"";"Düsseldorf";"indelivery";1001;"2020-09-07"
5990;"energy";"gas";11200;12058;"2020-09-08";"2020-11-01";"";"";"";"Hannover";"active";2001;"2020-09-27"
5991;"energy";"electricity";2400;2444;"2018-12-18";"2019-07-01";"";"";"";"Hofeck";"indelivery";1000;"2019-02-28"
5992;"energy";"electricity";2600;2589;"2020-05-09";"2021-01-01";"";"";"";"Hamburg";"active";1002;"2020-06-19"
5993;"energy";"electricity";2200;2144;"2018-08-02";"2018-10-01";"";"";"";"Essen";"indelivery";1000;"2019-01-20"
5994;"energy";"electricity";2600;2521;"2019-02-15";"2019-07-01";"";"";"";"Hamburg";"indelivery";1002;"2020-08-06"
5995;"energy";"electricity";2500;2448;"2019-05-02";"2019-10-01";"";"";"";"Potsdam";"indelivery";1000;"2020-07-10"
5996;"energy";"gas";7500;7436;"2019-11-17";"2020-02-01";"";"";"";"Berlin";"indelivery";2000;"2020-01-13"
5997;"energy";"gas";8500;8200;"2019-06-13";"2019-08-01";"";"";"";"Dresden";"indelivery";2000;"2020-04-11"
5998;"energy";"electricity";2800;2898;"2019-07-29";"2019-12-01";"";"";"";"Cologne";"indelivery";1002;"2020-02-14"
5999;"energy";"electricity";2200;"";"2018-12-25";"2019-02-01";"";"";"";"Altchemnitz";"indelivery";1001;"2019-08-28"
6000;"energy";"electricity";2700;2689;"2018-07-31";"2018-08-01";"";"";"";"Berlin";"indelivery";1001;"2019-02-01"
6001;"energy";"electricity";2500;"";"2019-05-13";"2019-08-01";"";"";"";"Freiburg";"indelivery";1002;"2020-05-28"
6002;"energy";"electricity";2700;2567;"2019-06-02";"2019-07-01";"";"";"";"Heidelberg";"indelivery";1002;"2020-02-09"
6003;"energy";"electricity";2400;2505;"2020-01-06";"2020-08-01";"";"";"";"Leipzig";"indelivery";1000;"2020-06-04"
6004;"energy";"electricity";2700;2575;"2018-08-25";"2018-09-01";"";"";"";"Wuppertal";"indelivery";1000;"2020-06-26"
6005;"energy";"electricity";2500;2537;"2018-04-16";"2018-07-01";"";"";"";"Gera";"indelivery";1000;"2019-07-15"
6006;"energy";"electricity";2200;2299;"2019-08-26";"2019-10-01";"";"";"";"Munich";"indelivery";1002;"2019-10-29"
6007;"energy";"electricity";2700;2714;"2019-03-29";"2019-10-01";"";"";"";"Düsseldorf";"indelivery";1001;"2020-08-26"
6008;"energy";"electricity";2500;2493;"2019-10-06";"2020-01-01";"";"";"";"Altchemnitz";"indelivery";1000;"2019-11-10"
6009;"energy";"electricity";2300;2273;"2019-01-01";"2019-05-01";"";"";"";"Frankfurt";"indelivery";1000;"2019-12-20"
6010;"energy";"electricity";2100;2120;"2018-01-23";"2018-02-01";"";"";"";"Essen";"indelivery";1002;"2019-05-19"
6011;"energy";"electricity";2600;2768;"2018-06-16";"2018-08-01";"2018-11-30";"2018-10-26";"fristgerecht durch Kunde";"Wiesbaden";"terminated";1001;"2018-10-26"
6012;"energy";"electricity";2500;2669;"2020-06-22";"2020-07-01";"";"";"";"Frankfurt";"indelivery";1002;"2020-09-30"
6013;"energy";"gas";11600;12062;"2018-06-18";"2018-07-01";"";"";"";"Munich";"indelivery";2000;"2019-07-18"
6014;"energy";"electricity";2900;2770;"2018-05-05";"2018-07-01";"";"";"";"Dresden";"indelivery";1001;"2018-08-06"
6015;"energy";"electricity";2700;2733;"2019-12-17";"2020-02-01";"";"";"";"Hamburg";"indelivery";1000;"2020-07-12"
6016;"energy";"electricity";2100;2181;"2019-08-26";"2019-09-01";"";"";"";"Cologne";"indelivery";1000;"2019-10-20"
6017;"energy";"electricity";2200;2411;"2019-03-17";"2019-06-01";"";"";"";"Ansbach";"indelivery";1002;"2020-01-01"
6018;"energy";"electricity";2100;2239;"2020-02-24";"2020-04-01";"";"";"";"Frankfurt";"indelivery";1002;"2020-02-24"
6019;"energy";"gas";9900;10443;"2018-11-11";"2019-01-01";"";"";"";"Hamburg";"indelivery";2000;"2020-01-05"
6020;"energy";"gas";9300;9076;"2020-03-03";"2020-07-01";"";"";"";"Munich";"indelivery";2000;"2020-09-26"
6021;"energy";"electricity";2300;2258;"2019-01-07";"2019-03-01";"";"";"";"Dresden";"indelivery";1000;"2019-06-24"
6022;"energy";"electricity";2200;2140;"2018-01-24";"2018-03-01";"2018-03-01";"2018-05-03";"Wiederruf";"Munich";"terminated";1001;"2018-05-03"
6023;"energy";"electricity";2100;2004;"2020-08-01";"2020-09-01";"";"";"";"Görlitz";"indelivery";1000;"2020-09-15"
6024;"energy";"electricity";2100;2197;"2019-02-03";"2019-03-01";"";"";"";"Altchemnitz";"indelivery";1000;"2020-08-22"
6025;"energy";"electricity";2100;2107;"2020-04-09";"2020-08-01";"";"";"";"Munich";"indelivery";1000;"2020-07-30"
6026;"energy";"electricity";2200;2187;"2019-05-15";"2019-10-01";"";"";"";"Bielefeld";"indelivery";1000;"2020-06-24"
6027;"energy";"electricity";2100;2241;"2018-09-18";"2018-10-01";"";"";"";"Duisburg";"indelivery";1000;"2019-09-10"
6028;"energy";"electricity";2800;2701;"2019-03-12";"2019-10-01";"";"";"";"Osnabrück";"indelivery";1000;"2019-08-10"
6029;"energy";"electricity";2300;2417;"2020-07-31";"2020-10-01";"";"";"";"Berlin";"indelivery";1002;"2020-08-17"
6030;"energy";"electricity";2100;2297;"2018-05-07";"2018-09-01";"";"";"";"Hamburg";"indelivery";1002;"2020-03-25"
6031;"energy";"electricity";2000;1992;"2020-03-26";"2020-09-01";"";"";"";"Hamburg";"indelivery";1000;"2020-05-07"
6032;"energy";"electricity";2200;2347;"2018-01-15";"2018-06-01";"2019-06-30";"2019-05-21";"Umzug";"Duisburg";"terminated";1002;"2019-05-21"
6033;"energy";"electricity";2400;2316;"2020-06-15";"2021-01-01";"";"";"";"Berlin";"active";1002;"2020-06-28"
6034;"energy";"electricity";2300;"";"2019-07-20";"2019-09-01";"2020-11-30";"2020-11-01";"fristgerecht durch Kunde";"Munich";"cancelled";1000;"2020-08-13"
6035;"energy";"electricity";2700;2721;"2019-11-21";"2020-01-01";"";"";"";"Berlin";"indelivery";1000;"2020-01-04"
6036;"energy";"electricity";3000;2864;"2019-11-14";"2020-04-01";"";"";"";"Dresden";"indelivery";1001;"2020-05-25"
6037;"energy";"electricity";2700;2614;"2019-07-24";"2020-06-01";"";"";"";"Hamburg";"indelivery";1002;"2019-11-12"
6038;"energy";"gas";9800;10470;"2018-07-15";"2018-12-01";"";"";"";"Wuppertal";"indelivery";2000;"2020-08-24"
6039;"energy";"electricity";2000;"";"2020-01-19";"2020-07-01";"";"";"";"Kiel";"indelivery";1000;"2020-03-30"
6040;"energy";"electricity";2200;2196;"2018-07-13";"2018-09-01";"2018-12-31";"2018-11-29";"fristgerecht durch LichtBlick";"Fürth";"terminated";1001;"2018-11-29"
6041;"energy";"electricity";2200;2124;"2019-05-01";"2019-06-01";"";"";"";"Kiel";"indelivery";1002;"2020-02-14"
6042;"energy";"electricity";2000;2057;"2019-05-05";"2019-07-01";"2019-09-30";"2019-08-31";"Umzug";"Bremen";"terminated";1001;"2019-08-31"
6043;"energy";"electricity";3000;2893;"2018-11-21";"2019-02-01";"2020-11-30";"2020-10-27";"fristgerecht durch Kunde";"Hildesheim";"cancelled";1000;"2019-06-01"
6044;"energy";"electricity";2700;"";"2019-07-10";"2019-08-01";"";"";"";"Braunschweig";"indelivery";1002;"2020-08-04"
6045;"energy";"electricity";2600;2708;"2018-10-25";"2018-12-01";"";"";"";"Marienberg";"indelivery";1000;"2020-08-01"
6046;"energy";"electricity";2600;2669;"2018-08-15";"2019-01-01";"";"";"";"Dortmund";"indelivery";1000;"2020-04-03"
6047;"energy";"electricity";2700;2712;"2019-05-31";"2019-09-01";"";"";"";"Wuppertal";"indelivery";1001;"2019-10-13"
6048;"energy";"electricity";2200;2290;"2020-01-24";"2020-02-01";"";"";"";"Hamburg";"indelivery";1002;"2020-03-12"
6049;"energy";"electricity";2600;2500;"2018-09-18";"2019-01-01";"";"";"";"Hamburg";"indelivery";1001;"2018-09-29"
6050;"energy";"electricity";2700;2589;"2020-05-22";"2021-07-01";"";"";"";"Berlin";"active";1002;"2020-05-30"
6051;"energy";"electricity";2000;2060;"2019-03-11";"2019-10-01";"";"";"";"Berlin";"indelivery";1001;"2019-07-06"
6052;"energy";"electricity";2200;2320;"2019-02-15";"2019-05-01";"";"";"";"Berlin";"indelivery";1001;"2019-12-06"
6053;"energy";"electricity";2500;2443;"2018-02-27";"2018-09-01";"";"";"";"Potsdam";"indelivery";1000;"2018-06-12"
6054;"energy";"electricity";2900;3063;"2018-05-14";"2019-04-01";"";"";"";"Leipzig";"indelivery";1001;"2018-07-11"
6055;"energy";"electricity";2200;2128;"2018-02-28";"2018-05-01";"";"";"";"Leipzig";"indelivery";1001;"2019-05-22"
6056;"energy";"electricity";2000;2001;"2020-03-21";"2020-07-01";"";"";"";"Munich";"indelivery";1000;"2020-08-02"
6057;"energy";"electricity";2700;2893;"2020-08-14";"2020-09-01";"";"";"";"Ulm";"indelivery";1001;"2020-09-07"
6058;"energy";"electricity";2200;2270;"2018-09-17";"2019-02-01";"";"";"";"Dresden";"indelivery";1002;"2018-12-29"
6059;"energy";"electricity";2300;2320;"2018-02-19";"2018-09-01";"";"";"";"Lübeck";"indelivery";1002;"2019-01-24"
6060;"energy";"electricity";2900;3052;"2018-08-17";"2018-12-01";"";"";"";"Munich";"indelivery";1000;"2019-06-02"
6061;"energy";"gas";10200;10290;"2019-11-21";"2020-02-01";"";"";"";"Güstrow";"indelivery";2001;"2020-08-19"
6062;"energy";"electricity";2300;2217;"2020-05-19";"2020-08-01";"";"";"";"Mainz";"indelivery";1002;"2020-05-20"
6063;"energy";"electricity";2700;2700;"2020-03-16";"2020-07-01";"";"";"";"Dresden";"indelivery";1000;"2020-08-14"
6064;"energy";"electricity";3000;2858;"2018-10-31";"2019-04-01";"";"";"";"Schwerin";"indelivery";1001;"2018-12-19"
6065;"energy";"electricity";1900;1944;"2020-04-09";"2020-09-01";"";"";"";"Cologne";"indelivery";1001;"2020-06-20"
6066;"energy";"electricity";2100;2093;"2018-03-23";"2018-06-01";"2019-03-31";"2019-03-01";"Umzug";"Bielefeld";"terminated";1000;"2018-12-19"
6067;"energy";"gas";8500;8540;"2020-09-26";"2021-07-01";"";"";"";"Stuttgart";"active";2000;"2020-09-29"
6068;"energy";"gas";10500;10504;"2020-09-06";"2021-07-01";"";"";"";"Stuttgart";"active";2000;"2020-09-20"
6069;"energy";"electricity";2400;2581;"2020-01-08";"2020-09-01";"";"";"";"Heidelberg";"indelivery";1000;"2020-03-29"
6070;"energy";"electricity";2000;1924;"2020-07-25";"2020-10-01";"";"";"";"Cologne";"indelivery";1000;"2020-08-13"
6071;"energy";"electricity";2800;2802;"2020-02-01";"2020-05-01";"";"";"";"Münster";"indelivery";1000;"2020-08-05"
6072;"energy";"gas";7900;"";"2020-01-30";"2020-03-01";"";"";"";"Frankfurt";"indelivery";2001;"2020-03-02"
6073;"energy";"electricity";2700;2763;"2020-03-22";"2020-09-01";"";"";"";"Cottbus";"indelivery";1000;"2020-07-13"
6074;"energy";"electricity";3000;2991;"2019-03-28";"2019-08-01";"";"";"";"Dresden";"indelivery";1001;"2019-04-19"
6075;"energy";"electricity";2600;2787;"2020-02-11";"2021-01-01";"";"";"";"Wiesbaden";"active";1001;"2020-09-28"
6076;"energy";"electricity";2900;3063;"2019-07-04";"2019-11-01";"";"";"";"Dingolfing";"indelivery";1000;"2020-02-26"
6077;"energy";"electricity";2600;2636;"2020-09-20";"2020-12-01";"";"";"";"Bremen";"active";1001;"2020-09-30"
6078;"energy";"electricity";2700;2731;"2019-07-27";"2020-01-01";"";"";"";"Dortmund";"indelivery";1000;"2019-10-28"
6079;"energy";"electricity";2400;2370;"2019-12-19";"2020-03-01";"";"";"";"Cottbus";"indelivery";1002;"2020-01-14"
6080;"energy";"electricity";2700;2576;"2020-06-29";"2020-07-01";"2020-10-31";"2020-10-03";"fristgerecht durch Kunde";"Hamburg";"cancelled";1000;"2020-07-08"
6081;"energy";"electricity";3000;2965;"2020-01-06";"2020-05-01";"";"";"";"Gifhorn";"indelivery";1000;"2020-04-13"
6082;"energy";"gas";10500;10974;"2019-11-07";"2020-02-01";"2020-10-31";"2020-10-01";"Umzug";"Hamburg";"cancelled";2000;"2020-01-30"
6083;"energy";"electricity";2700;2800;"2018-06-27";"2018-08-01";"";"";"";"Bremen";"indelivery";1002;"2020-04-03"
6084;"energy";"electricity";2000;2045;"2018-10-02";"2018-12-01";"";"";"";"Regensburg";"indelivery";1002;"2019-09-21"
6085;"energy";"electricity";2800;2753;"2019-08-24";"2019-12-01";"";"";"";"Leipzig";"indelivery";1000;"2020-01-05"
6086;"energy";"electricity";2100;2128;"2020-02-03";"2020-08-01";"";"";"";"Koblenz";"indelivery";1001;"2020-04-25"
6087;"energy";"electricity";2200;2276;"2020-05-10";"2020-10-01";"";"";"";"Bremen";"indelivery";1002;"2020-08-12"
6088;"energy";"electricity";2400;2335;"2020-07-12";"2020-09-01";"";"";"";"Leipzig";"indelivery";1001;"2020-09-04"
6089;"energy";"electricity";2500;2619;"2020-04-18";"2020-10-01";"";"";"";"Fürth";"indelivery";1002;"2020-08-03"
6090;"energy";"gas";9700;10148;"2018-09-24";"2018-11-01";"";"";"";"Bielefeld";"indelivery";2001;"2019-09-07"
6091;"energy";"electricity";2300;2448;"2020-09-03";"2021-03-01";"";"";"";"Augsburg";"active";1000;"2020-09-07"
6092;"energy";"electricity";2200;2214;"2019-02-17";"2019-04-01";"";"";"";"Erfurt";"indelivery";1002;"2019-07-22"
6093;"energy";"gas";10600;11329;"2018-07-12";"2019-06-01";"2020-03-31";"2020-02-28";"fristgerecht durch LichtBlick";"Göttingen";"terminated";2001;"2019-12-30"
6094;"energy";"electricity";2400;2344;"2019-02-10";"2019-05-01";"2020-03-31";"2020-03-03";"Umzug";"Münster";"terminated";1000;"2019-09-12"
6095;"energy";"electricity";2700;"";"2020-01-31";"2020-08-01";"2020-10-31";"2020-10-01";"fristgerecht durch Kunde";"Düsseldorf";"cancelled";1001;"2020-07-24"
6096;"energy";"gas";8600;8748;"2020-09-06";"2021-01-01";"";"";"";"Heidelberg";"active";2001;"2020-09-19"
6097;"energy";"electricity";2200;2106;"2020-07-25";"2020-12-01";"";"";"";"Bremen";"active";1001;"2020-08-30"
6098;"energy";"electricity";2900;3028;"2020-06-17";"2020-09-01";"";"";"";"Duisburg";"indelivery";1000;"2020-07-19"
6099;"energy";"gas";8800;9546;"2019-04-05";"2019-05-01";"";"";"";"Dortmund";"indelivery";2000;"2019-07-30"
6100;"energy";"electricity";2100;2293;"2019-01-12";"2019-03-01";"";"";"";"Berlin";"indelivery";1002;"2019-06-15"
6101;"energy";"electricity";2500;2682;"2019-05-18";"2020-05-01";"";"";"";"Hamburg";"indelivery";1000;"2019-12-03"
6102;"energy";"electricity";2600;2650;"2019-11-08";"2020-06-01";"";"";"";"Essen";"indelivery";1000;"2020-03-20"
6103;"energy";"electricity";2700;"";"2019-07-12";"2019-10-01";"";"";"";"Saarbrücken";"indelivery";1002;"2019-08-02"
6104;"energy";"electricity";2100;"";"2019-03-17";"2019-07-01";"2019-07-01";"2020-06-02";"Wiederruf";"Berlin";"terminated";1002;"2019-09-17"
6105;"energy";"electricity";2500;"";"2018-04-19";"2018-08-01";"";"";"";"Hamburg";"indelivery";1001;"2018-07-17"
6106;"energy";"electricity";1900;1941;"2019-08-09";"2019-09-01";"";"";"";"Berlin";"indelivery";1000;"2019-10-19"
6107;"energy";"electricity";2600;2659;"2020-05-08";"2020-11-01";"";"";"";"Munich";"active";1002;"2020-08-24"
6108;"energy";"electricity";2500;2466;"2020-03-11";"2020-05-01";"";"";"";"Berlin";"indelivery";1002;"2020-04-18"
6109;"energy";"electricity";2000;"";"2018-05-29";"2018-07-01";"2019-09-30";"2019-08-31";"Umzug";"Wiesbaden";"terminated";1000;"2019-08-31"
6110;"energy";"gas";8300;8381;"2020-07-26";"2021-02-01";"";"";"";"Essen";"active";2001;"2020-09-28"
6111;"energy";"electricity";2300;2448;"2019-06-05";"2019-10-01";"";"";"";"Mainz";"indelivery";1000;"2020-01-02"
6112;"energy";"electricity";2100;2145;"2019-01-22";"2019-03-01";"";"";"";"Karlsruhe";"indelivery";1000;"2020-08-06"
6113;"energy";"electricity";2900;2786;"2020-09-13";"2021-01-01";"";"";"";"Stuttgart";"active";1002;"2020-09-13"
6114;"energy";"electricity";2900;3020;"2018-04-14";"2018-05-01";"";"";"";"Marienberg";"indelivery";1001;"2018-07-21"
6115;"energy";"electricity";2400;2355;"2018-10-29";"2019-02-01";"";"";"";"Rosenheim";"indelivery";1000;"2019-04-22"
6116;"energy";"electricity";2400;2403;"2018-01-10";"2018-05-01";"";"";"";"Rosenheim";"indelivery";1002;"2019-08-01"
6117;"energy";"electricity";2500;2534;"2019-11-02";"2020-03-01";"";"";"";"Cologne";"indelivery";1000;"2020-05-12"
6118;"energy";"electricity";2200;2255;"2018-09-12";"2018-11-01";"2020-03-31";"2020-03-02";"fristgerecht durch Kunde";"Augsburg";"terminated";1000;"2020-01-17"
6119;"energy";"electricity";2800;2752;"2020-02-19";"2020-05-01";"";"";"";"Cologne";"indelivery";1002;"2020-07-13"
6120;"energy";"electricity";2800;2984;"2018-12-10";"2019-05-01";"";"";"";"Düsseldorf";"indelivery";1001;"2019-06-01"
6121;"energy";"electricity";2200;2128;"2020-03-04";"2020-04-01";"";"";"";"Hamburg";"indelivery";1000;"2020-03-07"
6122;"energy";"electricity";2400;2531;"2020-08-12";"2021-02-01";"";"";"";"Bonn";"active";1001;"2020-08-23"
6123;"energy";"electricity";2900;3077;"2019-12-17";"2020-03-01";"";"";"";"Duisburg";"indelivery";1000;"2020-08-01"
6124;"energy";"electricity";2400;2537;"2019-08-11";"2020-04-01";"";"";"";"Berlin";"indelivery";1002;"2019-12-23"
6125;"energy";"electricity";2200;2111;"2020-09-23";"2021-02-01";"";"";"";"Hamburg";"active";1001;"2020-09-29"
6126;"energy";"electricity";2200;2090;"2019-12-31";"2020-03-01";"";"";"";"Cologne";"indelivery";1002;"2020-04-10"
6127;"energy";"electricity";3200;3314;"2018-04-12";"2018-07-01";"";"";"";"Eisenach";"indelivery";1000;"2020-05-08"
6128;"energy";"electricity";2900;2812;"2019-04-15";"2019-06-01";"";"";"";"Munich";"indelivery";1000;"2019-06-24"
6129;"energy";"electricity";2100;2049;"2018-12-03";"2019-01-01";"2019-05-31";"2019-04-26";"fristgerecht durch Kunde";"Ulm";"terminated";1002;"2019-04-26"
6130;"energy";"electricity";2000;2053;"2018-09-21";"2019-07-01";"";"";"";"Duisburg";"indelivery";1000;"2019-10-21"
6131;"energy";"electricity";2300;2279;"2020-05-10";"2020-08-01";"";"";"";"Düsseldorf";"indelivery";1001;"2020-07-28"
6132;"energy";"electricity";2200;2270;"2020-06-22";"2021-02-01";"";"";"";"Bielefeld";"active";1000;"2020-09-16"
6133;"energy";"electricity";2300;2307;"2018-12-03";"2019-09-01";"";"";"";"Berlin";"indelivery";1002;"2019-12-03"
6134;"energy";"electricity";2700;2773;"2019-07-10";"2020-12-01";"";"";"";"Wiesbaden";"active";1000;"2019-08-07"
6135;"energy";"electricity";2400;2565;"2018-06-14";"2018-10-01";"2019-09-30";"2019-08-30";"Umzug";"Freiburg";"terminated";1000;"2019-08-30"
6136;"energy";"electricity";2500;2347;"2020-03-22";"2020-11-01";"";"";"";"Mannheim";"active";1002;"2020-08-13"
6137;"energy";"gas";10400;10976;"2019-02-03";"2019-04-01";"2020-03-31";"2020-03-03";"Umzug";"Berlin";"terminated";2001;"2019-05-06"
6138;"energy";"electricity";2700;2741;"2020-01-25";"2020-03-01";"";"";"";"Düsseldorf";"indelivery";1002;"2020-02-07"
6139;"energy";"electricity";2900;2902;"2019-04-13";"2019-06-01";"";"";"";"Bremen";"indelivery";1001;"2019-10-18"
6140;"energy";"electricity";2700;2729;"2018-02-07";"2018-04-01";"2019-12-31";"2019-12-02";"Umzug";"Düsseldorf";"terminated";1001;"2019-07-07"
6141;"energy";"electricity";2100;2206;"2019-01-18";"2019-07-01";"2020-07-31";"2020-07-03";"fristgerecht durch Kunde";"Cologne";"terminated";1002;"2019-06-03"
6142;"energy";"electricity";2300;2407;"2019-03-09";"2019-09-01";"2020-08-31";"2020-07-31";"fristgerecht durch LichtBlick";"Heidelberg";"terminated";1000;"2020-02-06"
6143;"energy";"electricity";2900;2903;"2019-12-07";"2020-12-01";"";"";"";"Braunschweig";"active";1000;"2020-09-06"
6144;"energy";"electricity";2900;2863;"2018-05-19";"2018-11-01";"";"";"";"Dortmund";"indelivery";1002;"2019-08-18"
6145;"energy";"electricity";2100;2071;"2018-06-29";"2018-10-01";"2019-06-30";"2019-05-28";"fristgerecht durch Kunde";"Hamburg";"terminated";1001;"2018-07-13"
6146;"energy";"electricity";2900;3020;"2020-08-19";"2021-04-01";"";"";"";"Berlin";"active";1000;"2020-09-11"
6147;"energy";"electricity";2200;2257;"2020-03-12";"2020-06-01";"";"";"";"Duisburg";"indelivery";1001;"2020-09-05"
6148;"energy";"electricity";2000;2150;"2019-02-25";"2019-04-01";"";"";"";"Kiel";"indelivery";1001;"2020-09-15"
6149;"energy";"electricity";2300;2403;"2019-08-22";"2019-11-01";"";"";"";"Mühldorf";"indelivery";1002;"2019-10-18"
6150;"energy";"electricity";2400;2519;"2018-12-04";"2019-03-01";"2019-03-01";"2020-11-02";"Wiederruf";"Braunschweig";"terminated";1001;"2020-09-06"
6151;"energy";"electricity";2300;2184;"2018-06-30";"2018-10-01";"2020-04-30";"2020-04-02";"fristgerecht durch Kunde";"Freiburg";"terminated";1001;"2020-04-02"
6152;"energy";"electricity";2200;2107;"2019-04-12";"2019-11-01";"";"";"";"Berlin";"indelivery";1001;"2019-07-11"
6153;"energy";"electricity";2600;2842;"2020-02-10";"2020-07-01";"";"";"";"Freiburg";"indelivery";1001;"2020-02-12"
6154;"energy";"electricity";2000;"";"2019-10-05";"2020-03-01";"2020-03-01";"2020-04-02";"Wiederruf";"Hamburg";"terminated";1001;"2020-04-02"
6155;"energy";"electricity";2100;1992;"2018-10-28";"2019-03-01";"2020-02-29";"2020-02-01";"fristgerecht durch Kunde";"Hannover";"terminated";1000;"2019-11-28"
6156;"energy";"electricity";2800;2812;"2019-01-21";"2019-07-01";"";"";"";"Oldenburg";"indelivery";1001;"2020-02-19"
6157;"energy";"gas";8200;7932;"2020-05-17";"2020-09-01";"";"";"";"Düsseldorf";"indelivery";2000;"2020-09-20"
6158;"energy";"electricity";2900;2827;"2019-09-06";"2019-10-01";"";"";"";"Rostock";"indelivery";1002;"2020-07-02"
6159;"energy";"electricity";2800;2760;"2018-08-01";"2019-03-01";"";"";"";"Hamburg";"indelivery";1000;"2018-09-20"
6160;"energy";"gas";8600;9206;"2019-06-28";"2019-10-01";"";"";"";"Wuppertal";"indelivery";2001;"2019-12-31"
6161;"energy";"electricity";2000;2130;"2019-09-30";"2019-10-01";"2020-12-31";"2020-12-02";"fristgerecht durch LichtBlick";"Frankfurt";"cancelled";1001;"2020-01-23"
6162;"energy";"electricity";2400;"";"2019-12-27";"2020-01-01";"";"";"";"Hamburg";"indelivery";1000;"2020-04-18"
6163;"energy";"electricity";2400;2291;"2018-02-24";"2018-04-01";"";"";"";"Dresden";"indelivery";1002;"2018-06-19"
6164;"energy";"electricity";2900;2889;"2018-05-23";"2018-06-01";"2020-08-31";"2020-07-29";"fristgerecht durch Kunde";"Munich";"terminated";1002;"2019-03-22"
6165;"energy";"electricity";2500;"";"2020-06-12";"2020-08-01";"";"";"";"Berlin";"indelivery";1002;"2020-06-24"
6166;"energy";"gas";8300;8788;"2018-04-10";"2018-06-01";"";"";"";"Wiesbaden";"indelivery";2001;"2019-03-01"
6167;"energy";"electricity";3000;"";"2020-01-22";"2020-02-01";"";"";"";"Regen";"indelivery";1001;"2020-02-11"
6168;"energy";"electricity";2700;2853;"2020-01-31";"2020-03-01";"2020-03-01";"2020-10-30";"Wiederruf";"Frankfurt";"terminated";1002;"2020-07-21"
6169;"energy";"electricity";2200;"";"2019-09-07";"2019-10-01";"";"";"";"Bremen";"indelivery";1002;"2020-01-02"
6170;"energy";"electricity";2700;2712;"2020-08-12";"2020-09-01";"";"";"";"Fürth";"indelivery";1001;"2020-09-19"
6171;"energy";"electricity";2900;2793;"2019-01-09";"2019-10-01";"";"";"";"Würzburg";"indelivery";1002;"2020-02-23"
6172;"energy";"electricity";2100;2006;"2018-06-09";"2018-09-01";"2018-09-01";"2020-12-02";"Wiederruf";"Cologne";"terminated";1000;"2018-06-09"
6173;"energy";"electricity";2900;2974;"2018-02-02";"2018-08-01";"2019-11-30";"2019-11-02";"fristgerecht durch Kunde";"Cologne";"terminated";1001;"2019-08-23"
6174;"energy";"electricity";2500;2692;"2019-07-15";"2020-02-01";"";"";"";"Weiden";"indelivery";1000;"2020-01-15"
6175;"energy";"electricity";2400;2415;"2018-06-04";"2018-08-01";"2018-12-31";"2018-12-01";"fristgerecht durch Kunde";"Marienberg";"terminated";1000;"2018-09-24"
6176;"energy";"electricity";2400;2535;"2019-08-20";"2020-06-01";"";"";"";"Essen";"indelivery";1002;"2019-08-25"
6177;"energy";"gas";9600;9154;"2018-08-11";"2018-09-01";"2019-10-31";"2019-10-02";"fristgerecht durch Kunde";"Stuttgart";"terminated";2001;"2019-10-02"
6178;"energy";"electricity";2700;"";"2019-11-21";"2019-12-01";"";"";"";"Altenburg";"indelivery";1001;"2020-05-19"
6179;"energy";"electricity";2700;2606;"2020-03-28";"2020-06-01";"";"";"";"Munich";"indelivery";1002;"2020-05-27"
6180;"energy";"electricity";2700;2768;"2018-08-11";"2018-11-01";"";"";"";"Berlin";"indelivery";1001;"2019-02-11"
6181;"energy";"electricity";2300;2287;"2018-02-22";"2018-08-01";"";"";"";"Duisburg";"indelivery";1001;"2020-03-19"
6182;"energy";"electricity";2400;2298;"2020-06-03";"2020-08-01";"";"";"";"Bonn";"indelivery";1001;"2020-09-04"
6183;"energy";"gas";11900;12231;"2019-11-22";"2020-01-01";"";"";"";"Lübeck";"indelivery";2000;"2019-11-27"
6184;"energy";"electricity";2700;"";"2018-07-10";"2019-01-01";"";"";"";"Cologne";"indelivery";1002;"2018-08-29"
6185;"energy";"electricity";2500;2639;"2019-01-08";"2019-03-01";"";"";"";"Hamburg";"indelivery";1002;"2019-01-12"
6186;"energy";"electricity";2900;3180;"2019-04-08";"2019-06-01";"";"";"";"Münster";"indelivery";1001;"2019-08-01"
6187;"energy";"electricity";2700;2632;"2019-09-14";"2020-02-01";"";"";"";"Dortmund";"indelivery";1000;"2020-03-27"
6188;"energy";"electricity";2400;2538;"2019-08-08";"2019-12-01";"";"";"";"Lübeck";"indelivery";1000;"2019-11-15"
6189;"energy";"electricity";2600;2699;"2019-04-10";"2019-09-01";"";"";"";"Frankfurt";"indelivery";1000;"2019-05-14"
6190;"energy";"electricity";2000;1967;"2019-12-18";"2020-03-01";"2020-03-01";"2020-10-02";"Wiederruf";"Hamburg";"terminated";1002;"2020-04-19"
6191;"energy";"electricity";2300;2440;"2019-09-21";"2019-12-01";"";"";"";"Kiel";"indelivery";1002;"2020-02-26"
6192;"energy";"electricity";2100;2230;"2018-01-24";"2018-05-01";"2020-09-30";"2020-08-28";"fristgerecht durch Kunde";"Braunschweig";"terminated";1001;"2018-08-06"
6193;"energy";"electricity";2100;2014;"2020-04-05";"2020-12-01";"";"";"";"Marienberg";"active";1000;"2020-09-21"
6194;"energy";"electricity";2500;2570;"2018-02-28";"2018-04-01";"2019-05-31";"2019-04-29";"fristgerecht durch Kunde";"Stuttgart";"terminated";1000;"2019-04-29"
6195;"energy";"electricity";2900;2922;"2019-06-28";"2020-04-01";"";"";"";"Wiesbaden";"indelivery";1002;"2020-04-14"
6196;"energy";"electricity";2300;2403;"2019-04-14";"2019-06-01";"";"";"";"Berlin";"indelivery";1002;"2019-07-02"
6197;"energy";"electricity";2800;2853;"2020-04-01";"2020-05-01";"";"";"";"Berlin";"indelivery";1002;"2020-07-14"
6198;"energy";"electricity";2700;2604;"2020-06-12";"2020-10-01";"";"";"";"Cologne";"indelivery";1001;"2020-09-23"
6199;"energy";"electricity";2700;2776;"2020-04-19";"2020-07-01";"";"";"";"Jena";"indelivery";1002;"2020-06-14"
6200;"energy";"electricity";2600;2628;"2019-04-14";"2019-12-01";"";"";"";"Greifswald";"indelivery";1002;"2019-06-12"
6201;"energy";"electricity";2500;2596;"2019-08-19";"2019-11-01";"";"";"";"Essen";"indelivery";1002;"2020-09-22"
6202;"energy";"electricity";2200;2212;"2018-07-18";"2018-09-01";"2018-09-01";"2018-09-30";"Wiederruf";"Wuppertal";"terminated";1002;"2018-09-30"
6203;"energy";"gas";10900;11560;"2019-11-02";"2019-12-01";"";"";"";"Dortmund";"indelivery";2001;"2020-05-08"
6204;"energy";"electricity";2700;2624;"2019-01-08";"2019-03-01";"";"";"";"Munich";"indelivery";1000;"2019-01-19"
6205;"energy";"gas";8100;8007;"2018-09-24";"2018-11-01";"2018-11-01";"2018-12-03";"Wiederruf";"Dresden";"terminated";2001;"2018-12-03"
6206;"energy";"electricity";3000;3004;"2018-04-29";"2018-09-01";"2020-06-30";"2020-06-02";"Umzug";"Mannheim";"terminated";1001;"2019-07-03"
6207;"energy";"gas";8600;"";"2018-06-28";"2018-10-01";"";"";"";"Hamburg";"indelivery";2000;"2019-11-05"
6208;"energy";"electricity";2300;2213;"2020-09-06";"2020-11-01";"";"";"";"Dresden";"active";1001;"2020-09-14"
6209;"energy";"electricity";2900;3011;"2019-03-06";"2019-05-01";"";"";"";"Augsburg";"indelivery";1000;"2020-05-19"
6210;"energy";"electricity";2300;2323;"2020-04-13";"2020-09-01";"";"";"";"Bremen";"indelivery";1001;"2020-05-31"
6211;"energy";"electricity";2900;"";"2020-08-07";"2021-08-01";"";"";"";"Karlsruhe";"active";1001;"2020-08-07"
6212;"energy";"electricity";3000;3111;"2019-05-11";"2019-09-01";"";"";"";"Wuppertal";"indelivery";1002;"2019-07-08"
6213;"energy";"electricity";2500;2410;"2018-01-27";"2018-04-01";"";"";"";"Munich";"indelivery";1000;"2019-10-18"
6214;"energy";"electricity";2500;2589;"2019-04-25";"2020-03-01";"";"";"";"Hamburg";"indelivery";1000;"2020-05-30"
6215;"energy";"electricity";2900;2960;"2020-08-27";"2020-10-01";"";"";"";"Neuruppin";"indelivery";1000;"2020-09-20"
6216;"energy";"electricity";2700;2855;"2020-03-30";"2020-08-01";"";"";"";"Munich";"indelivery";1000;"2020-04-20"
6217;"energy";"electricity";2100;2043;"2018-02-07";"2018-03-01";"";"";"";"Hannover";"indelivery";1002;"2019-07-13"
6218;"energy";"gas";9800;9484;"2020-03-07";"2020-05-01";"";"";"";"Mainz";"indelivery";2000;"2020-04-06"
6219;"energy";"electricity";2000;2076;"2019-07-20";"2019-12-01";"";"";"";"Hamburg";"indelivery";1001;"2019-10-30"
6220;"energy";"electricity";2700;2854;"2020-08-03";"2020-12-01";"";"";"";"Berlin";"active";1001;"2020-09-16"
6221;"energy";"electricity";2600;2638;"2019-02-27";"2019-04-01";"";"";"";"Soest";"indelivery";1002;"2019-09-14"
6222;"energy";"electricity";2600;2620;"2020-06-15";"2020-07-01";"";"";"";"Dortmund";"indelivery";1000;"2020-08-27"
6223;"energy";"electricity";2700;2930;"2019-06-14";"2019-08-01";"";"";"";"Hannover";"indelivery";1000;"2020-07-01"
6224;"energy";"electricity";2400;2530;"2018-03-25";"2018-05-01";"";"";"";"Berlin";"indelivery";1002;"2020-01-08"
6225;"energy";"electricity";2800;2932;"2019-01-11";"2019-02-01";"";"";"";"Frankfurt";"indelivery";1001;"2019-07-25"
6226;"energy";"electricity";2400;2627;"2019-09-22";"2020-08-01";"";"";"";"Fürth";"indelivery";1001;"2020-02-05"
6227;"energy";"electricity";2700;"";"2018-10-07";"2018-11-01";"";"";"";"Hamburg";"indelivery";1001;"2020-01-23"
6228;"energy";"electricity";2000;2084;"2020-01-06";"2020-02-01";"";"";"";"Berlin";"indelivery";1002;"2020-02-10"
6229;"energy";"electricity";2600;2737;"2020-01-16";"2020-05-01";"";"";"";"Leipzig";"indelivery";1002;"2020-04-15"
6230;"energy";"electricity";2000;2008;"2018-08-28";"2018-10-01";"";"";"";"Berlin";"indelivery";1002;"2019-04-14"
6231;"energy";"electricity";2200;2326;"2019-10-16";"2020-02-01";"";"";"";"Cologne";"indelivery";1002;"2020-05-04"
6232;"energy";"electricity";2400;2582;"2019-03-08";"2019-05-01";"";"";"";"Wuppertal";"indelivery";1000;"2020-03-17"
6233;"energy";"electricity";2400;2263;"2018-08-30";"2018-11-01";"";"";"";"Trier";"indelivery";1001;"2018-10-08"
6234;"energy";"electricity";2900;2785;"2020-05-08";"2020-11-01";"";"";"";"Dortmund";"active";1001;"2020-07-21"
6235;"energy";"gas";11700;11489;"2020-06-30";"2020-10-01";"";"";"";"Berlin";"indelivery";2000;"2020-07-27"
6236;"energy";"electricity";2300;"";"2019-09-29";"2020-08-01";"";"";"";"Frankfurt";"indelivery";1000;"2020-04-14"
6237;"energy";"gas";9500;9563;"2020-06-06";"2020-11-01";"";"";"";"Hamburg";"active";2000;"2020-08-09"
6238;"energy";"gas";11600;11798;"2018-04-22";"2018-06-01";"2019-07-31";"2019-07-02";"fristgerecht durch Kunde";"Bielefeld";"terminated";2000;"2018-08-05"
6239;"energy";"electricity";2300;2302;"2019-11-04";"2019-12-01";"2019-12-01";"2020-08-01";"Wiederruf";"Wuppertal";"terminated";1001;"2020-07-30"
6240;"energy";"electricity";2200;2225;"2018-05-20";"2018-06-01";"";"";"";"Münster";"indelivery";1002;"2019-11-01"
6241;"energy";"electricity";2900;2765;"2019-11-14";"2020-01-01";"";"";"";"Cologne";"indelivery";1000;"2020-01-12"
6242;"energy";"electricity";2100;2150;"2019-05-29";"2019-07-01";"";"";"";"Karlsruhe";"indelivery";1000;"2020-07-04"
6243;"energy";"electricity";2500;2674;"2019-12-30";"2020-04-01";"";"";"";"Düsseldorf";"indelivery";1002;"2020-04-21"
6244;"energy";"electricity";2600;"";"2019-06-20";"2019-11-01";"2020-09-30";"2020-08-30";"fristgerecht durch Kunde";"Munich";"terminated";1000;"2020-06-07"
6245;"energy";"electricity";2800;2746;"2019-05-09";"2019-07-01";"2020-11-30";"2020-11-02";"fristgerecht durch Kunde";"Marienberg";"cancelled";1000;"2019-11-12"
6246;"energy";"electricity";2300;2356;"2018-06-21";"2018-10-01";"2019-12-31";"2019-11-29";"fristgerecht durch Kunde";"Koblenz";"terminated";1001;"2019-04-22"
6247;"energy";"electricity";2800;2813;"2018-07-14";"2018-08-01";"2020-05-31";"2020-05-03";"Umzug";"Hamburg";"terminated";1000;"2019-01-07"
6248;"energy";"gas";9900;9370;"2019-08-04";"2019-11-01";"";"";"";"Dresden";"indelivery";2000;"2020-09-24"
6249;"energy";"electricity";2500;2372;"2018-06-07";"2018-11-01";"";"";"";"Augsburg";"indelivery";1000;"2020-09-30"
6250;"energy";"electricity";2300;2441;"2020-01-24";"2020-03-01";"";"";"";"Hamburg";"indelivery";1001;"2020-09-25"
6251;"energy";"gas";10100;10873;"2018-09-06";"2018-12-01";"";"";"";"Berlin";"indelivery";2001;"2019-02-11"
6252;"energy";"electricity";2400;2384;"2018-08-15";"2018-11-01";"";"";"";"Munich";"indelivery";1000;"2019-09-19"
6253;"energy";"electricity";2700;2828;"2019-08-08";"2020-02-01";"2020-11-30";"2020-11-02";"fristgerecht durch Kunde";"Wuppertal";"cancelled";1002;"2019-10-03"
6254;"energy";"electricity";2500;"";"2020-07-06";"2021-01-01";"";"";"";"Munich";"active";1001;"2020-07-31"
6255;"energy";"electricity";2100;2062;"2020-09-16";"2020-11-01";"";"";"";"Hamburg";"active";1000;"2020-09-20"
6256;"energy";"electricity";2900;3063;"2019-03-07";"2019-08-01";"";"";"";"Düsseldorf";"indelivery";1001;"2020-04-24"
6257;"energy";"electricity";2400;2276;"2018-02-15";"2018-05-01";"";"";"";"Cottbus";"indelivery";1000;"2020-03-31"
6258;"energy";"electricity";2600;2492;"2018-11-19";"2019-01-01";"";"";"";"Bremen";"indelivery";1000;"2019-08-07"
6259;"energy";"electricity";2400;2478;"2019-08-03";"2019-09-01";"2020-12-31";"2020-12-02";"fristgerecht durch Kunde";"Hamburg";"cancelled";1002;"2020-09-11"
6260;"energy";"gas";9000;9657;"2020-01-18";"2020-12-01";"";"";"";"Hannover";"active";2001;"2020-03-24"
6261;"energy";"electricity";2400;2435;"2018-12-03";"2019-05-01";"";"";"";"Bremen";"indelivery";1000;"2019-06-22"
6262;"energy";"gas";10800;10388;"2018-02-25";"2018-05-01";"";"";"";"Osnabrück";"indelivery";2000;"2018-08-25"
6263;"energy";"electricity";2600;2470;"2018-10-13";"2018-12-01";"";"";"";"Braunschweig";"indelivery";1001;"2018-12-29"
6264;"energy";"electricity";2100;2011;"2018-03-26";"2018-05-01";"";"";"";"Düsseldorf";"indelivery";1000;"2018-06-07"
6265;"energy";"electricity";2300;2414;"2018-05-24";"2018-11-01";"";"";"";"Potsdam";"indelivery";1000;"2018-10-16"
6266;"energy";"electricity";2300;2313;"2020-08-30";"2021-02-01";"";"";"";"Marienberg";"active";1001;"2020-09-01"
6267;"energy";"electricity";2000;2023;"2018-12-05";"2019-02-01";"";"";"";"Heidelberg";"indelivery";1002;"2019-11-15"
6268;"energy";"electricity";2800;2911;"2019-08-31";"2019-10-01";"";"";"";"Cottbus";"indelivery";1002;"2020-01-12"
6269;"energy";"gas";9100;9526;"2019-08-16";"2019-10-01";"";"";"";"Bremen";"indelivery";2000;"2019-12-13"
6270;"energy";"electricity";2800;2885;"2019-03-29";"2019-08-01";"2020-02-29";"2020-01-31";"fristgerecht durch LichtBlick";"Koblenz";"terminated";1001;"2020-01-31"
6271;"energy";"electricity";2800;2969;"2019-09-09";"2019-10-01";"2019-10-01";"2020-02-01";"Wiederruf";"Hamburg";"terminated";1000;"2020-02-01"
6272;"energy";"electricity";2300;2320;"2019-10-20";"2020-01-01";"2020-06-30";"2020-05-31";"fristgerecht durch Kunde";"Hamburg";"terminated";1001;"2020-05-31"
6273;"energy";"electricity";3000;3237;"2019-01-15";"2019-02-01";"";"";"";"Celle";"indelivery";1002;"2019-05-23"
6274;"energy";"electricity";2600;2746;"2020-04-28";"2020-05-01";"";"";"";"Dresden";"indelivery";1000;"2020-07-22"
6275;"energy";"electricity";2700;2888;"2018-06-02";"2018-08-01";"2018-08-01";"2019-06-01";"Wiederruf";"Potsdam";"terminated";1001;"2018-06-07"
6276;"energy";"electricity";2400;2535;"2019-06-06";"2019-11-01";"";"";"";"Berlin";"indelivery";1000;"2020-02-01"
6277;"energy";"electricity";2600;2426;"2019-11-27";"2020-03-01";"";"";"";"Saarbrücken";"indelivery";1001;"2020-07-13"
6278;"energy";"gas";9000;9119;"2019-12-12";"2020-06-01";"";"";"";"Marienberg";"indelivery";2001;"2020-07-16"
6279;"energy";"electricity";2200;2307;"2019-03-21";"2019-07-01";"";"";"";"Berlin";"indelivery";1002;"2019-10-29"
6280;"energy";"electricity";2600;2766;"2018-05-01";"2018-07-01";"";"";"";"Munich";"indelivery";1002;"2018-10-26"
6281;"energy";"electricity";2900;2997;"2019-03-01";"2019-05-01";"2020-06-30";"2020-06-01";"fristgerecht durch LichtBlick";"Minden";"terminated";1000;"2019-11-18"
6282;"energy";"electricity";2500;2385;"2018-02-04";"2018-10-01";"2019-04-30";"2019-03-28";"Umzug";"Wuppertal";"terminated";1000;"2019-03-28"
6283;"energy";"electricity";2300;"";"2020-05-11";"2020-08-01";"";"";"";"Munich";"indelivery";1001;"2020-09-28"
6284;"energy";"electricity";2900;3054;"2018-12-13";"2019-03-01";"";"";"";"Bielefeld";"indelivery";1000;"2019-05-12"
6285;"energy";"electricity";3100;"";"2019-05-16";"2019-08-01";"";"";"";"Tübingen";"indelivery";1001;"2020-09-22"
6286;"energy";"electricity";2500;2418;"2020-04-16";"2020-06-01";"";"";"";"Dresden";"indelivery";1000;"2020-07-15"
6287;"energy";"gas";11600;12556;"2020-02-11";"2020-03-01";"2020-11-30";"2020-10-23";"fristgerecht durch Kunde";"Berlin";"cancelled";2001;"2020-03-15"
6288;"energy";"electricity";2500;2728;"2019-03-19";"2019-09-01";"";"";"";"Berlin";"indelivery";1002;"2019-10-17"
6289;"energy";"gas";9100;"";"2018-10-19";"2019-06-01";"2019-06-01";"2019-08-02";"Wiederruf";"Duisburg";"terminated";2001;"2019-04-01"
6290;"energy";"electricity";2000;1949;"2019-08-17";"2019-11-01";"";"";"";"Stuttgart";"indelivery";1002;"2019-11-06"
6291;"energy";"electricity";2000;"";"2018-02-07";"2018-07-01";"2019-12-31";"2019-11-22";"Umzug";"Munich";"terminated";1001;"2019-04-09"
6292;"energy";"electricity";2600;2729;"2020-07-10";"2020-10-01";"";"";"";"Würzburg";"indelivery";1000;"2020-09-08"
6293;"energy";"electricity";2200;"";"2018-05-19";"2019-06-01";"2019-06-01";"2020-09-02";"Wiederruf";"Hamburg";"terminated";1002;"2019-03-16"
6294;"energy";"electricity";2100;2039;"2019-06-11";"2020-02-01";"";"";"";"Hofheim";"indelivery";1000;"2019-11-03"
6295;"energy";"electricity";2100;2202;"2020-07-21";"2020-12-01";"";"";"";"Coburg";"active";1001;"2020-07-24"
6296;"energy";"electricity";2600;2517;"2018-05-24";"2018-11-01";"";"";"";"Dortmund";"indelivery";1002;"2020-03-10"
6297;"energy";"electricity";2800;2806;"2018-05-13";"2018-10-01";"";"";"";"Essen";"indelivery";1000;"2018-11-08"
6298;"energy";"electricity";2000;2004;"2020-08-10";"2020-10-01";"";"";"";"Berlin";"indelivery";1002;"2020-09-27"
6299;"energy";"electricity";2600;2737;"2019-05-19";"2019-09-01";"";"";"";"Ingolstadt";"indelivery";1000;"2020-02-20"
6300;"energy";"electricity";2200;"";"2019-08-14";"2019-10-01";"";"";"";"Lauf";"indelivery";1000;"2019-12-09"
6301;"energy";"electricity";2800;2735;"2018-12-06";"2019-01-01";"2019-09-30";"2019-09-01";"fristgerecht durch LichtBlick";"Gießen";"terminated";1001;"2019-09-01"
6302;"energy";"electricity";2400;2470;"2020-03-01";"2020-04-01";"";"";"";"Munich";"indelivery";1002;"2020-04-24"
6303;"energy";"electricity";2300;2324;"2019-03-06";"2019-06-01";"";"";"";"Berlin";"indelivery";1002;"2020-07-14"
6304;"energy";"electricity";2300;2145;"2020-09-03";"2020-11-01";"";"";"";"Bad Segeberg";"active";1002;"2020-09-23"
6305;"energy";"gas";8600;8838;"2019-05-13";"2019-07-01";"";"";"";"Düsseldorf";"indelivery";2001;"2019-09-07"
6306;"energy";"electricity";2600;2488;"2019-04-25";"2019-06-01";"";"";"";"Wuppertal";"indelivery";1002;"2020-04-16"
6307;"energy";"electricity";2100;1999;"2018-12-21";"2019-02-01";"";"";"";"Dresden";"indelivery";1000;"2020-01-03"
6308;"energy";"electricity";2600;2592;"2020-02-29";"2020-11-01";"";"";"";"Hamburg";"active";1002;"2020-08-25"
6309;"energy";"electricity";2500;2621;"2018-06-21";"2018-11-01";"2020-09-30";"2020-09-01";"Umzug";"Augsburg";"terminated";1000;"2020-08-30"
6310;"energy";"electricity";2600;"";"2019-05-03";"2019-10-01";"";"";"";"Berlin";"indelivery";1001;"2020-06-04"
6311;"energy";"electricity";2200;2094;"2020-08-18";"2020-11-01";"";"";"";"Osnabrück";"active";1002;"2020-09-27"
6312;"energy";"electricity";2200;2272;"2018-03-16";"2018-08-01";"";"";"";"Düsseldorf";"indelivery";1000;"2019-10-15"
6313;"energy";"electricity";2600;2600;"2020-09-23";"2021-01-01";"";"";"";"Dortmund";"active";1000;"2020-09-27"
6314;"energy";"gas";8400;8554;"2019-03-26";"2019-09-01";"2020-10-31";"2020-10-01";"Umzug";"Berlin";"cancelled";2000;"2019-05-05"
6315;"energy";"electricity";2200;2385;"2020-07-06";"2020-10-01";"";"";"";"Essen";"indelivery";1002;"2020-08-07"
6316;"energy";"electricity";2200;2270;"2018-03-15";"2018-09-01";"";"";"";"Berlin";"indelivery";1002;"2019-09-30"
6317;"energy";"gas";10100;10593;"2018-12-05";"2019-02-01";"";"";"";"Munich";"indelivery";2000;"2019-06-01"
6318;"energy";"electricity";2500;2499;"2020-02-22";"2020-03-01";"";"";"";"Leipzig";"indelivery";1002;"2020-03-02"
6319;"energy";"electricity";2600;"";"2019-06-09";"2019-07-01";"";"";"";"Sigmaringen";"indelivery";1000;"2020-06-05"
6320;"energy";"gas";10600;10950;"2018-08-18";"2018-10-01";"";"";"";"Stuttgart";"indelivery";2001;"2019-04-19"
6321;"energy";"electricity";2200;2261;"2019-10-03";"2019-12-01";"";"";"";"Hamburg";"indelivery";1000;"2020-03-20"
6322;"energy";"electricity";2800;2960;"2019-05-31";"2019-09-01";"";"";"";"Berlin";"indelivery";1000;"2019-06-03"
6323;"energy";"gas";11700;12326;"2020-06-04";"2020-09-01";"";"";"";"Munich";"indelivery";2001;"2020-08-09"
6324;"energy";"electricity";2500;2373;"2020-03-10";"2020-04-01";"";"";"";"Frankfurt";"indelivery";1002;"2020-03-11"
6325;"energy";"electricity";2700;2663;"2019-02-08";"2019-09-01";"";"";"";"Hamburg";"indelivery";1000;"2019-09-05"
6326;"energy";"electricity";2600;"";"2019-05-19";"2019-11-01";"";"";"";"Marienberg";"indelivery";1001;"2020-08-18"
6327;"energy";"electricity";2200;"";"2019-10-12";"2019-12-01";"";"";"";"Oldenburg";"indelivery";1002;"2020-02-28"
6328;"energy";"electricity";2900;2845;"2020-07-12";"2020-09-01";"2020-11-30";"2020-11-01";"fristgerecht durch LichtBlick";"Dresden";"cancelled";1001;"2020-08-24"
6329;"energy";"gas";11200;10982;"2020-04-09";"2020-08-01";"";"";"";"Cologne";"indelivery";2001;"2020-05-07"
6330;"energy";"electricity";2800;2867;"2019-11-08";"2020-03-01";"";"";"";"Munich";"indelivery";1002;"2020-07-22"
6331;"energy";"electricity";2500;2600;"2019-02-19";"2019-04-01";"";"";"";"Cologne";"indelivery";1002;"2019-08-01"
6332;"energy";"electricity";2200;2120;"2019-06-22";"2020-07-01";"";"";"";"Wuppertal";"indelivery";1002;"2020-01-01"
6333;"energy";"electricity";2400;"";"2018-10-07";"2018-11-01";"";"";"";"Duisburg";"indelivery";1000;"2019-07-02"
6334;"energy";"electricity";2500;2560;"2018-06-13";"2018-09-01";"";"";"";"Mannheim";"indelivery";1001;"2018-08-16"
6335;"energy";"gas";9500;9169;"2020-02-03";"2020-05-01";"";"";"";"Hamburg";"indelivery";2000;"2020-08-11"
6336;"energy";"electricity";2100;2259;"2019-03-30";"2019-08-01";"";"";"";"Dresden";"indelivery";1000;"2020-02-23"
6337;"energy";"electricity";2900;2994;"2018-07-06";"2019-04-01";"2019-04-01";"2020-08-28";"Wiederruf";"Munich";"terminated";1000;"2020-07-05"
6338;"energy";"electricity";2200;"";"2018-08-04";"2018-10-01";"2018-10-01";"2020-08-02";"Wiederruf";"Bonn";"terminated";1002;"2019-10-15"
6339;"energy";"electricity";2600;2720;"2019-10-16";"2020-08-01";"";"";"";"Kassel";"indelivery";1002;"2020-02-19"
6340;"energy";"electricity";2000;1994;"2018-04-19";"2019-03-01";"";"";"";"Cologne";"indelivery";1002;"2020-08-29"
6341;"energy";"electricity";2400;2502;"2018-03-12";"2018-05-01";"";"";"";"Rostock";"indelivery";1000;"2020-04-25"
6342;"energy";"electricity";2200;2215;"2020-08-07";"2020-10-01";"";"";"";"Regensburg";"indelivery";1002;"2020-08-24"
6343;"energy";"electricity";2100;2158;"2020-07-26";"2020-09-01";"";"";"";"Oldenburg";"indelivery";1000;"2020-09-13"
6344;"energy";"electricity";2700;2746;"2018-11-28";"2019-03-01";"";"";"";"Cologne";"indelivery";1001;"2020-03-15"
6345;"energy";"electricity";2500;2472;"2020-07-31";"2020-09-01";"";"";"";"Augsburg";"indelivery";1001;"2020-09-28"
6346;"energy";"electricity";2600;2513;"2020-06-25";"2020-10-01";"";"";"";"Berlin";"indelivery";1001;"2020-06-29"
6347;"energy";"electricity";2400;2329;"2018-12-20";"2019-01-01";"";"";"";"Münster";"indelivery";1000;"2020-02-06"
6348;"energy";"electricity";2900;3113;"2019-11-27";"2020-05-01";"2020-10-31";"2020-10-03";"Umzug";"Hamm";"cancelled";1001;"2019-12-19"
6349;"energy";"electricity";2700;2667;"2019-05-24";"2019-07-01";"2019-09-30";"2019-09-01";"fristgerecht durch Kunde";"Berlin";"terminated";1002;"2019-09-01"
6350;"energy";"electricity";2000;2119;"2020-03-07";"2020-07-01";"";"";"";"Stuttgart";"indelivery";1002;"2020-06-16"
6351;"energy";"electricity";2800;2870;"2020-06-21";"2020-09-01";"";"";"";"Bonn";"indelivery";1002;"2020-09-29"
6352;"energy";"electricity";2500;2699;"2019-05-20";"2019-09-01";"";"";"";"Munich";"indelivery";1001;"2019-12-24"
6353;"energy";"electricity";2100;"";"2020-05-03";"2020-06-01";"";"";"";"Hannover";"indelivery";1002;"2020-05-21"
6354;"energy";"electricity";2400;2421;"2018-03-01";"2018-04-01";"2019-05-31";"2019-05-02";"fristgerecht durch LichtBlick";"Dresden";"terminated";1001;"2019-03-11"
6355;"energy";"electricity";2800;2661;"2018-05-05";"2018-08-01";"";"";"";"Stendal";"indelivery";1001;"2019-11-18"
6356;"energy";"electricity";2800;"";"2018-06-04";"2018-08-01";"2020-04-30";"2020-03-28";"Umzug";"Cologne";"terminated";1001;"2020-03-28"
6357;"energy";"electricity";2800;2661;"2018-04-09";"2018-08-01";"";"";"";"Düsseldorf";"indelivery";1002;"2019-05-24"
6358;"energy";"electricity";2700;2930;"2020-03-07";"2020-07-01";"";"";"";"Dortmund";"indelivery";1001;"2020-05-13"
6359;"energy";"electricity";2400;2394;"2018-02-07";"2018-07-01";"2019-06-30";"2019-05-31";"fristgerecht durch LichtBlick";"Hannover";"terminated";1000;"2019-05-31"
6360;"energy";"electricity";2200;"";"2020-04-01";"2020-05-01";"2020-10-31";"2020-10-01";"Umzug";"Stuttgart";"cancelled";1001;"2020-07-16"
6361;"energy";"electricity";2900;2747;"2018-08-07";"2018-11-01";"";"";"";"Osnabrück";"indelivery";1000;"2019-09-09"
6362;"energy";"gas";9000;9498;"2019-05-25";"2019-08-01";"2020-06-30";"2020-05-31";"Umzug";"Berlin";"terminated";2000;"2020-05-31"
6363;"energy";"electricity";2600;2598;"2018-04-07";"2018-05-01";"";"";"";"Kiel";"indelivery";1002;"2020-06-05"
6364;"energy";"electricity";2000;1921;"2018-05-03";"2018-08-01";"";"";"";"Duisburg";"indelivery";1001;"2020-03-09"
6365;"energy";"electricity";2100;2133;"2018-12-23";"2019-04-01";"2019-12-31";"2019-11-28";"Umzug";"Münster";"terminated";1002;"2019-11-28"
6366;"energy";"electricity";2500;2644;"2020-05-05";"2020-07-01";"";"";"";"Berlin";"indelivery";1001;"2020-07-24"
6367;"energy";"electricity";2100;2199;"2019-06-03";"2019-10-01";"";"";"";"Hamburg";"indelivery";1001;"2020-03-13"
6368;"energy";"electricity";2900;2764;"2018-08-22";"2019-03-01";"";"";"";"Wuppertal";"indelivery";1002;"2020-01-07"
6369;"energy";"electricity";3000;2966;"2018-03-18";"2018-09-01";"";"";"";"Kiel";"indelivery";1001;"2018-09-28"
6370;"energy";"electricity";2900;"";"2019-01-22";"2019-04-01";"";"";"";"Kulmbach";"indelivery";1002;"2019-06-07"
6371;"energy";"electricity";2400;2465;"2018-08-30";"2018-11-01";"";"";"";"Berlin";"indelivery";1001;"2019-04-04"
6372;"energy";"electricity";2300;2429;"2018-10-21";"2020-01-01";"";"";"";"Düsseldorf";"indelivery";1001;"2019-06-26"
6373;"energy";"electricity";2400;2523;"2020-01-04";"2020-02-01";"";"";"";"Erfurt";"indelivery";1000;"2020-09-01"
6374;"energy";"electricity";2100;2297;"2019-12-31";"2020-03-01";"";"";"";"Schwerin";"indelivery";1001;"2020-09-12"
6375;"energy";"electricity";2400;2337;"2020-04-16";"2020-07-01";"";"";"";"Stuttgart";"indelivery";1002;"2020-09-26"
6376;"energy";"electricity";2600;2730;"2019-04-30";"2019-10-01";"";"";"";"Beeskow";"indelivery";1001;"2019-07-15"
6377;"energy";"electricity";2200;2185;"2019-12-25";"2020-01-01";"";"";"";"Kassel";"indelivery";1002;"2020-08-27"
6378;"energy";"electricity";2300;2289;"2019-06-04";"2019-09-01";"2020-08-31";"2020-08-02";"Umzug";"Landsberg";"terminated";1002;"2019-07-19"
6379;"energy";"electricity";2700;2602;"2020-04-04";"2020-06-01";"";"";"";"Stuttgart";"indelivery";1002;"2020-05-19"
6380;"energy";"gas";7800;7612;"2019-09-12";"2020-04-01";"";"";"";"Berlin";"indelivery";2000;"2020-08-05"
6381;"energy";"gas";9500;10159;"2019-09-11";"2019-10-01";"";"";"";"Osnabrück";"indelivery";2001;"2020-06-10"
6382;"energy";"electricity";2300;2300;"2018-08-27";"2018-09-01";"";"";"";"Berlin";"indelivery";1001;"2019-09-06"
6383;"energy";"electricity";2300;2404;"2019-01-01";"2019-09-01";"";"";"";"Marienberg";"indelivery";1000;"2020-01-07"
6384;"energy";"electricity";2600;2705;"2018-02-03";"2018-04-01";"";"";"";"Stralsund";"indelivery";1001;"2020-02-02"
6385;"energy";"electricity";2800;2815;"2019-12-30";"2020-09-01";"";"";"";"Munich";"indelivery";1001;"2020-04-01"
6386;"energy";"electricity";2500;2393;"2020-03-10";"2020-09-01";"";"";"";"Emden";"indelivery";1001;"2020-08-06"
6387;"energy";"electricity";2400;2519;"2019-03-16";"2019-04-01";"2020-03-31";"2020-02-29";"fristgerecht durch LichtBlick";"Berlin";"terminated";1000;"2019-09-18"
6388;"energy";"electricity";2300;2516;"2019-05-18";"2019-06-01";"";"";"";"Cottbus";"indelivery";1002;"2019-08-26"
6389;"energy";"electricity";2600;2627;"2020-08-29";"2020-10-01";"";"";"";"Regensburg";"indelivery";1002;"2020-09-15"
6390;"energy";"gas";11600;12138;"2019-08-24";"2019-11-01";"";"";"";"Gera";"indelivery";2001;"2020-02-11"
6391;"energy";"electricity";2600;2657;"2019-10-08";"2020-01-01";"";"";"";"Karlsruhe";"indelivery";1001;"2020-08-21"
6392;"energy";"electricity";2400;2359;"2019-08-30";"2020-03-01";"";"";"";"Berlin";"indelivery";1000;"2020-09-07"
6393;"energy";"electricity";2600;2814;"2020-09-10";"2020-11-01";"";"";"";"Hamburg";"active";1000;"2020-09-21"
6394;"energy";"electricity";2300;2376;"2019-02-07";"2019-11-01";"2020-06-30";"2020-06-02";"Umzug";"Munich";"terminated";1000;"2020-04-01"
6395;"energy";"electricity";2500;2520;"2020-03-27";"2020-11-01";"";"";"";"Gießen";"active";1000;"2020-04-29"
6396;"energy";"electricity";2900;3112;"2019-09-18";"2020-02-01";"";"";"";"Dortmund";"indelivery";1001;"2020-06-19"
6397;"energy";"electricity";2200;2274;"2020-01-06";"2020-07-01";"";"";"";"Berlin";"indelivery";1000;"2020-04-15"
6398;"energy";"electricity";2700;2930;"2019-08-11";"2020-02-01";"";"";"";"Stuttgart";"indelivery";1000;"2019-08-21"
6399;"energy";"electricity";2500;2729;"2020-09-07";"2020-12-01";"";"";"";"Würzburg";"active";1002;"2020-09-13"
6400;"energy";"electricity";2800;2781;"2019-09-21";"2019-11-01";"";"";"";"Hamburg";"indelivery";1002;"2020-01-20"
6401;"energy";"electricity";2900;2802;"2018-03-19";"2018-11-01";"";"";"";"Berlin";"indelivery";1001;"2019-11-27"
6402;"energy";"electricity";2800;2970;"2019-04-18";"2019-05-01";"";"";"";"Bielefeld";"indelivery";1002;"2020-08-04"
6403;"energy";"electricity";2800;2760;"2020-09-25";"2020-12-01";"";"";"";"Kassel";"active";1001;"2020-09-25"
6404;"energy";"electricity";2000;1974;"2020-01-13";"2020-03-01";"";"";"";"Berlin";"indelivery";1002;"2020-07-08"
6405;"energy";"electricity";2800;2817;"2020-05-07";"2020-09-01";"";"";"";"Ingolstadt";"indelivery";1001;"2020-06-06"
6406;"energy";"gas";9300;8939;"2018-08-21";"2018-10-01";"2019-08-31";"2019-08-01";"fristgerecht durch Kunde";"Essen";"terminated";2001;"2019-08-01"
6407;"energy";"electricity";2100;2191;"2018-07-08";"2018-11-01";"2020-09-30";"2020-08-29";"fristgerecht durch LichtBlick";"Berlin";"terminated";1000;"2018-10-16"
6408;"energy";"electricity";2900;2926;"2020-08-28";"2021-05-01";"";"";"";"Hannover";"active";1002;"2020-09-14"
6409;"energy";"electricity";2600;2661;"2019-03-29";"2019-05-01";"";"";"";"Dortmund";"indelivery";1002;"2019-04-13"
6410;"energy";"electricity";2100;2213;"2020-02-02";"2020-07-01";"";"";"";"Hannover";"indelivery";1002;"2020-05-29"
6411;"energy";"electricity";2700;2803;"2019-04-10";"2019-07-01";"";"";"";"Hamburg";"indelivery";1001;"2019-04-30"
6412;"energy";"electricity";3000;3142;"2019-03-16";"2019-07-01";"2019-07-01";"2019-11-02";"Wiederruf";"Düsseldorf";"terminated";1000;"2019-10-06"
6413;"energy";"electricity";2200;2170;"2018-03-05";"2018-06-01";"";"";"";"Wiesbaden";"indelivery";1002;"2019-06-19"
6414;"energy";"electricity";2400;2535;"2019-07-18";"2019-08-01";"";"";"";"Berlin";"indelivery";1002;"2019-09-04"
6415;"energy";"electricity";2200;2192;"2020-03-09";"2020-04-01";"2020-04-01";"2020-05-29";"Wiederruf";"Berlin";"terminated";1001;"2020-05-29"
6416;"energy";"electricity";2700;2555;"2018-05-13";"2018-06-01";"";"";"";"Duisburg";"indelivery";1000;"2018-11-10"
6417;"energy";"electricity";2300;2332;"2019-01-16";"2019-10-01";"";"";"";"Braunschweig";"indelivery";1000;"2019-05-05"
6418;"energy";"electricity";2200;2335;"2019-10-19";"2020-02-01";"";"";"";"Stuttgart";"indelivery";1000;"2020-07-01"
6419;"energy";"electricity";2000;2048;"2020-04-16";"2020-06-01";"";"";"";"Altchemnitz";"indelivery";1002;"2020-07-14"
6420;"energy";"electricity";2600;2699;"2018-09-23";"2019-03-01";"";"";"";"Hannover";"indelivery";1001;"2019-04-22"
6421;"energy";"electricity";2600;"";"2019-03-30";"2019-05-01";"";"";"";"Eschwege";"indelivery";1000;"2020-06-29"
6422;"energy";"electricity";2800;2806;"2019-05-08";"2019-07-01";"";"";"";"Marienberg";"indelivery";1000;"2020-04-18"
6423;"energy";"electricity";2900;2935;"2020-04-05";"2020-09-01";"";"";"";"Wuppertal";"indelivery";1002;"2020-08-17"
6424;"energy";"gas";9400;9754;"2019-05-15";"2019-10-01";"";"";"";"Dortmund";"indelivery";2000;"2020-08-27"
6425;"energy";"electricity";2600;2746;"2020-04-08";"2020-05-01";"";"";"";"Berlin";"indelivery";1000;"2020-04-15"
6426;"energy";"electricity";2000;2197;"2020-04-11";"2020-05-01";"";"";"";"Dresden";"indelivery";1002;"2020-07-02"
6427;"energy";"electricity";2800;2751;"2019-05-01";"2019-05-01";"";"";"";"Rosenheim";"indelivery";1000;"2020-06-09"
6428;"energy";"electricity";2100;2215;"2020-05-30";"2020-07-01";"";"";"";"Munich";"indelivery";1002;"2020-08-16"
6429;"energy";"gas";10300;10918;"2018-02-08";"2018-04-01";"";"";"";"Dortmund";"indelivery";2001;"2020-08-18"
6430;"energy";"electricity";2800;2744;"2019-05-10";"2019-06-01";"";"";"";"Hamburg";"indelivery";1000;"2019-06-05"
6431;"energy";"gas";11000;10729;"2018-04-25";"2018-12-01";"";"";"";"Augsburg";"indelivery";2001;"2020-01-06"
6432;"energy";"electricity";2400;2569;"2018-04-21";"2018-06-01";"2020-11-30";"2020-10-31";"Umzug";"Mannheim";"cancelled";1001;"2018-09-18"
6433;"energy";"electricity";2500;2397;"2018-01-31";"2018-05-01";"2019-09-30";"2019-09-02";"fristgerecht durch LichtBlick";"Essen";"terminated";1000;"2019-02-28"
6434;"energy";"electricity";2800;3014;"2019-09-16";"2019-10-01";"";"";"";"Rostock";"indelivery";1000;"2020-02-09"
6435;"energy";"electricity";2300;"";"2020-05-13";"2020-07-01";"";"";"";"Berlin";"indelivery";1000;"2020-05-27"
6436;"energy";"electricity";2600;2522;"2018-02-19";"2018-06-01";"";"";"";"Potsdam";"indelivery";1001;"2020-04-07"
6437;"energy";"gas";9700;10242;"2018-05-15";"2018-09-01";"2018-10-31";"2018-09-30";"Umzug";"Cologne";"terminated";2001;"2018-09-30"
6438;"energy";"gas";9900;10239;"2019-02-09";"2019-05-01";"2020-04-30";"2020-04-02";"Umzug";"Augsburg";"terminated";2000;"2020-04-02"
6439;"energy";"electricity";2500;2624;"2020-06-15";"2020-09-01";"";"";"";"Leipzig";"indelivery";1000;"2020-09-08"
6440;"energy";"electricity";2300;2297;"2019-12-19";"2020-03-01";"";"";"";"Wiesbaden";"indelivery";1000;"2020-05-11"
6441;"energy";"electricity";2200;2071;"2019-04-04";"2019-07-01";"2020-10-31";"2020-10-02";"Umzug";"Berlin";"cancelled";1000;"2020-08-05"
6442;"energy";"electricity";2700;2874;"2018-02-20";"2018-07-01";"2019-03-31";"2019-02-27";"fristgerecht durch Kunde";"Leipzig";"terminated";1002;"2018-04-29"
6443;"energy";"electricity";2800;2958;"2020-09-29";"2021-01-01";"";"";"";"Dortmund";"active";1001;"2020-09-29"
6444;"energy";"electricity";2500;"";"2020-01-19";"2020-03-01";"";"";"";"Münster";"indelivery";1001;"2020-07-31"
6445;"energy";"gas";9700;10064;"2019-03-23";"2019-05-01";"";"";"";"Hamburg";"indelivery";2000;"2020-06-13"
6446;"energy";"electricity";2200;2324;"2020-02-26";"2020-04-01";"";"";"";"Stuttgart";"indelivery";1001;"2020-09-13"
6447;"energy";"electricity";2300;2448;"2019-12-22";"2020-05-01";"2020-12-31";"2020-11-30";"Umzug";"Marienberg";"cancelled";1002;"2020-02-29"
6448;"energy";"electricity";2800;2852;"2020-04-27";"2020-06-01";"";"";"";"Meschede";"indelivery";1000;"2020-06-13"
6449;"energy";"electricity";2600;2718;"2020-05-05";"2020-06-01";"";"";"";"Köthen";"indelivery";1002;"2020-08-01"
6450;"energy";"electricity";2700;2806;"2019-05-12";"2019-07-01";"";"";"";"Munich";"indelivery";1002;"2020-02-04"
6451;"energy";"electricity";2200;2389;"2019-03-27";"2019-05-01";"";"";"";"Würzburg";"indelivery";1001;"2020-06-17"
6452;"energy";"gas";11300;11228;"2018-07-07";"2018-12-01";"";"";"";"Erlangen";"indelivery";2001;"2020-06-09"
6453;"energy";"electricity";2100;2220;"2018-03-22";"2018-04-01";"";"";"";"Berlin";"indelivery";1002;"2020-09-23"
6454;"energy";"electricity";2400;2510;"2020-01-30";"2020-04-01";"";"";"";"Osnabrück";"indelivery";1000;"2020-08-06"
6455;"energy";"gas";9900;9773;"2018-08-06";"2019-01-01";"";"";"";"Kassel";"indelivery";2001;"2019-04-10"
6456;"energy";"gas";11600;11507;"2018-09-23";"2019-01-01";"2020-03-31";"2020-03-01";"fristgerecht durch Kunde";"Kiel";"terminated";2000;"2020-01-30"
6457;"energy";"electricity";2800;3013;"2020-08-04";"2020-12-01";"";"";"";"Schwandorf";"active";1001;"2020-09-27"
6458;"energy";"electricity";2600;2611;"2020-06-09";"2020-11-01";"";"";"";"Dresden";"active";1002;"2020-08-04"
6459;"energy";"electricity";2100;2062;"2018-07-06";"2018-08-01";"2020-08-31";"2020-07-30";"Umzug";"Würzburg";"terminated";1000;"2018-11-24"
6460;"energy";"electricity";2400;2270;"2019-01-31";"2019-05-01";"";"";"";"Duisburg";"indelivery";1002;"2020-06-22"
6461;"energy";"gas";8200;8531;"2020-08-15";"2020-12-01";"";"";"";"Dresden";"active";2001;"2020-08-19"
6462;"energy";"electricity";2400;2429;"2018-03-05";"2018-11-01";"";"";"";"Essen";"indelivery";1001;"2018-11-16"
6463;"energy";"electricity";2100;2172;"2020-08-15";"2021-06-01";"";"";"";"Munich";"active";1000;"2020-09-08"
6464;"energy";"electricity";2900;"";"2020-02-15";"2020-03-01";"";"";"";"Schwerin";"indelivery";1002;"2020-08-29"
6465;"energy";"electricity";2000;2167;"2019-05-12";"2019-12-01";"";"";"";"Munich";"indelivery";1000;"2020-09-07"
6466;"energy";"electricity";3000;2938;"2018-08-02";"2018-10-01";"2019-12-31";"2019-11-30";"fristgerecht durch Kunde";"Schwerin";"terminated";1002;"2019-11-30"
6467;"energy";"electricity";2100;2075;"2020-06-27";"2021-02-01";"";"";"";"Berlin";"active";1000;"2020-07-13"
6468;"energy";"electricity";2200;2103;"2020-03-29";"2020-06-01";"";"";"";"Berlin";"indelivery";1001;"2020-06-25"
6469;"energy";"electricity";2300;2164;"2018-06-15";"2018-08-01";"2020-12-31";"2020-12-02";"Umzug";"Berlin";"cancelled";1001;"2018-10-13"
6470;"energy";"electricity";2500;2664;"2019-07-13";"2019-11-01";"2020-01-31";"2019-12-29";"Umzug";"Munich";"terminated";1001;"2019-12-29"
6471;"energy";"electricity";2400;2304;"2020-03-30";"2020-06-01";"";"";"";"Berlin";"indelivery";1000;"2020-06-21"
6472;"energy";"electricity";2900;2839;"2020-06-18";"2020-10-01";"";"";"";"Wiesbaden";"indelivery";1002;"2020-07-19"
6473;"energy";"electricity";2700;2629;"2018-10-06";"2019-06-01";"";"";"";"Oldenburg";"indelivery";1002;"2020-01-25"
6474;"energy";"gas";9100;9517;"2018-07-09";"2018-10-01";"";"";"";"Munich";"indelivery";2000;"2020-03-14"
6475;"energy";"electricity";2400;2487;"2020-07-02";"2020-08-01";"";"";"";"Mannheim";"indelivery";1002;"2020-08-19"
6476;"energy";"electricity";2800;2638;"2019-03-21";"2019-06-01";"";"";"";"Munich";"indelivery";1000;"2020-04-24"
6477;"energy";"electricity";2300;2463;"2018-08-04";"2019-01-01";"";"";"";"Duisburg";"indelivery";1000;"2018-10-06"
6478;"energy";"electricity";2400;2348;"2018-03-11";"2018-06-01";"";"";"";"Berlin";"indelivery";1001;"2019-02-21"
6479;"energy";"electricity";2600;2734;"2019-05-24";"2019-10-01";"";"";"";"Berlin";"indelivery";1000;"2020-04-02"
6480;"energy";"electricity";2300;2273;"2018-03-13";"2018-08-01";"2018-08-01";"2020-04-28";"Wiederruf";"Düsseldorf";"terminated";1002;"2020-02-19"
6481;"energy";"electricity";2400;2535;"2020-05-25";"2020-06-01";"";"";"";"Dortmund";"indelivery";1002;"2020-09-05"
6482;"energy";"gas";8900;8988;"2020-08-28";"2021-01-01";"";"";"";"Potsdam";"active";2000;"2020-09-05"
6483;"energy";"electricity";2900;2882;"2018-12-30";"2019-03-01";"";"";"";"Berlin";"indelivery";1002;"2019-02-10"
6484;"energy";"electricity";2400;2504;"2020-07-22";"2021-01-01";"";"";"";"Frankfurt";"active";1002;"2020-08-09"
6485;"energy";"electricity";2000;2023;"2019-10-11";"2019-12-01";"";"";"";"Cologne";"indelivery";1001;"2020-03-14"
6486;"energy";"electricity";2700;2677;"2018-02-18";"2018-08-01";"2018-09-30";"2018-08-30";"fristgerecht durch LichtBlick";"Cologne";"terminated";1002;"2018-08-30"
6487;"energy";"electricity";2500;2531;"2020-08-16";"2020-11-01";"";"";"";"Munich";"active";1002;"2020-09-30"
6488;"energy";"electricity";2400;2451;"2018-07-10";"2018-08-01";"2020-06-30";"2020-05-31";"fristgerecht durch LichtBlick";"Bielefeld";"terminated";1002;"2018-08-26"
6489;"energy";"gas";9600;10094;"2020-01-18";"2020-05-01";"";"";"";"Berlin";"indelivery";2000;"2020-07-15"
6490;"energy";"electricity";2100;2040;"2018-08-11";"2019-03-01";"";"";"";"Munich";"indelivery";1000;"2020-07-05"
6491;"energy";"electricity";2200;2268;"2019-07-16";"2019-12-01";"";"";"";"Düsseldorf";"indelivery";1000;"2020-04-04"
6492;"energy";"electricity";2400;2465;"2018-04-20";"2018-06-01";"2020-05-31";"2020-05-02";"fristgerecht durch Kunde";"Essen";"terminated";1002;"2019-05-07"
6493;"energy";"electricity";2100;2095;"2018-03-13";"2018-06-01";"2018-06-01";"2020-12-03";"Wiederruf";"Berlin";"terminated";1001;"2018-11-10"
6494;"energy";"electricity";2900;"";"2019-11-13";"2020-03-01";"";"";"";"Hamm";"indelivery";1000;"2020-02-20"
6495;"energy";"electricity";3000;2931;"2019-02-14";"2019-10-01";"";"";"";"Dortmund";"indelivery";1002;"2020-04-26"
6496;"energy";"electricity";2800;2808;"2019-04-29";"2019-05-01";"";"";"";"Hamburg";"indelivery";1001;"2020-02-19"
6497;"energy";"electricity";2300;2440;"2019-07-04";"2019-10-01";"2020-03-31";"2020-03-03";"fristgerecht durch Kunde";"Munich";"terminated";1002;"2019-11-16"
6498;"energy";"electricity";2500;2633;"2019-03-25";"2019-05-01";"";"";"";"Mainz";"indelivery";1000;"2020-07-04"
6499;"energy";"electricity";2900;2942;"2019-11-28";"2020-07-01";"";"";"";"Wuppertal";"indelivery";1000;"2020-07-24"
6500;"energy";"electricity";2900;3125;"2018-06-05";"2018-11-01";"";"";"";"Wiesbaden";"indelivery";1002;"2019-01-28"
6501;"energy";"gas";10900;10885;"2020-04-23";"2020-05-01";"";"";"";"Bonn";"indelivery";2000;"2020-06-21"
6502;"energy";"electricity";2700;2656;"2018-12-05";"2019-02-01";"2019-02-01";"2020-01-03";"Wiederruf";"Hamburg";"terminated";1001;"2020-01-03"
6503;"energy";"electricity";2000;2122;"2020-04-23";"2020-05-01";"";"";"";"Düsseldorf";"indelivery";1002;"2020-07-19"
6504;"energy";"electricity";2200;2371;"2018-08-21";"2019-02-01";"2020-01-31";"2020-01-01";"fristgerecht durch Kunde";"Dresden";"terminated";1002;"2018-09-19"
6505;"energy";"electricity";2900;2858;"2018-02-16";"2018-06-01";"";"";"";"Braunschweig";"indelivery";1002;"2018-03-15"
6506;"energy";"electricity";2300;2430;"2018-09-11";"2019-05-01";"";"";"";"Rostock";"indelivery";1000;"2020-05-21"
6507;"energy";"electricity";2400;2267;"2019-10-21";"2020-01-01";"";"";"";"Frankfurt";"indelivery";1002;"2020-06-08"
6508;"energy";"electricity";2100;2050;"2020-07-11";"2021-08-01";"";"";"";"Berlin";"active";1000;"2020-08-11"
6509;"energy";"gas";10800;11642;"2020-03-19";"2020-09-01";"";"";"";"Berlin";"indelivery";2001;"2020-03-28"
6510;"energy";"electricity";2900;3028;"2018-02-28";"2018-10-01";"2019-05-31";"2019-05-02";"Umzug";"Regensburg";"terminated";1002;"2019-05-02"
6511;"energy";"electricity";2100;2087;"2020-04-16";"2020-07-01";"";"";"";"Hamburg";"indelivery";1000;"2020-05-28"
6512;"energy";"gas";8500;8682;"2019-06-29";"2019-10-01";"";"";"";"Berlin";"indelivery";2001;"2019-08-14"
6513;"energy";"electricity";2300;2435;"2020-09-25";"2020-11-01";"";"";"";"Kiel";"active";1000;"2020-09-29"
6514;"energy";"electricity";2000;2046;"2020-01-09";"2020-05-01";"";"";"";"Frankfurt";"indelivery";1001;"2020-04-30"
6515;"energy";"electricity";2800;2850;"2019-12-16";"2020-05-01";"";"";"";"Mannheim";"indelivery";1001;"2020-03-11"
6516;"energy";"electricity";3000;2903;"2018-07-31";"2018-08-01";"2020-01-31";"2020-01-01";"fristgerecht durch Kunde";"Heinsberg";"terminated";1002;"2018-08-09"
6517;"energy";"electricity";2500;2435;"2019-10-11";"2019-12-01";"";"";"";"Bielefeld";"indelivery";1001;"2020-05-25"
6518;"energy";"electricity";2900;3087;"2018-07-30";"2019-01-01";"2019-01-01";"2019-07-24";"Wiederruf";"Brandenburg";"terminated";1001;"2019-07-24"
6519;"energy";"electricity";2700;2586;"2019-06-23";"2019-12-01";"";"";"";"Stuttgart";"indelivery";1001;"2019-07-19"
6520;"energy";"electricity";2000;2182;"2019-02-14";"2019-06-01";"";"";"";"Altchemnitz";"indelivery";1000;"2019-02-24"
6521;"energy";"electricity";2100;2068;"2019-07-26";"2019-08-01";"2019-08-01";"2019-08-31";"Wiederruf";"Berlin";"terminated";1002;"2019-08-31"
6522;"energy";"electricity";2600;2665;"2018-05-28";"2018-12-01";"2020-01-31";"2020-01-03";"fristgerecht durch LichtBlick";"Düsseldorf";"terminated";1001;"2018-07-19"
6523;"energy";"electricity";1900;1920;"2018-12-21";"2019-04-01";"";"";"";"Berlin";"indelivery";1000;"2019-10-14"
6524;"energy";"electricity";2100;2086;"2019-07-26";"2019-08-01";"2019-08-01";"2019-08-29";"Wiederruf";"Magdeburg";"terminated";1002;"2019-08-29"
6525;"energy";"electricity";2000;1921;"2018-10-21";"2018-12-01";"";"";"";"Munich";"indelivery";1002;"2019-02-01"
6526;"energy";"electricity";2200;2271;"2020-04-28";"2020-09-01";"";"";"";"Berlin";"indelivery";1001;"2020-09-23"
6527;"energy";"electricity";2300;2265;"2019-02-16";"2019-09-01";"";"";"";"Leipzig";"indelivery";1002;"2019-12-13"
6528;"energy";"electricity";2400;2328;"2019-03-16";"2019-09-01";"";"";"";"Bergisch Gladbach";"indelivery";1000;"2020-07-03"
6529;"energy";"electricity";2400;2417;"2018-03-10";"2018-09-01";"";"";"";"Cologne";"indelivery";1001;"2018-09-26"
6530;"energy";"electricity";2500;2434;"2019-11-05";"2020-11-01";"";"";"";"Bremen";"active";1002;"2019-12-02"
6531;"energy";"electricity";2300;2320;"2018-12-04";"2019-06-01";"";"";"";"Hamm";"indelivery";1000;"2019-04-23"
6532;"energy";"electricity";1900;1848;"2018-02-05";"2018-06-01";"";"";"";"Cologne";"indelivery";1000;"2020-07-17"
6533;"energy";"gas";9300;9770;"2018-02-13";"2018-05-01";"2018-12-31";"2018-12-01";"fristgerecht durch Kunde";"Berlin";"terminated";2000;"2018-12-01"
6534;"energy";"electricity";2700;2801;"2018-01-15";"2018-05-01";"";"";"";"Berlin";"indelivery";1002;"2018-10-28"
6535;"energy";"electricity";2100;2185;"2018-06-15";"2018-07-01";"2020-06-30";"2020-05-29";"fristgerecht durch Kunde";"Leipzig";"terminated";1001;"2019-05-21"
6536;"energy";"electricity";2100;2111;"2018-11-26";"2019-06-01";"";"";"";"Munich";"indelivery";1002;"2020-01-11"
6537;"energy";"electricity";2700;2919;"2020-07-10";"2020-08-01";"";"";"";"Stuttgart";"indelivery";1001;"2020-07-12"
6538;"energy";"electricity";2100;2073;"2019-04-18";"2019-06-01";"2019-09-30";"2019-09-01";"fristgerecht durch Kunde";"Berlin";"terminated";1000;"2019-07-14"
6539;"energy";"electricity";2400;2476;"2019-04-07";"2019-06-01";"2019-12-31";"2019-12-03";"fristgerecht durch Kunde";"Hofeck";"terminated";1002;"2019-05-03"
6540;"energy";"electricity";2900;2832;"2018-05-16";"2019-01-01";"";"";"";"Berlin";"indelivery";1000;"2018-10-27"
6541;"energy";"electricity";1900;1948;"2019-05-26";"2019-08-01";"";"";"";"Munich";"indelivery";1002;"2020-05-14"
6542;"energy";"gas";8200;8797;"2019-08-03";"2020-02-01";"";"";"";"Stuttgart";"indelivery";2000;"2020-06-09"
6543;"energy";"electricity";2600;2774;"2019-01-14";"2019-03-01";"2019-10-31";"2019-10-01";"fristgerecht durch LichtBlick";"Düsseldorf";"terminated";1001;"2019-01-22"
6544;"energy";"electricity";2200;2169;"2019-10-07";"2019-12-01";"";"";"";"Bremen";"indelivery";1002;"2020-04-16"
6545;"energy";"electricity";3000;2985;"2020-07-27";"2020-12-01";"";"";"";"Wiesbaden";"active";1001;"2020-09-30"
6546;"energy";"electricity";2500;2500;"2018-09-11";"2018-10-01";"2018-12-31";"2018-12-03";"fristgerecht durch LichtBlick";"Hamburg";"terminated";1000;"2018-12-03"
6547;"energy";"electricity";2100;2076;"2018-06-17";"2019-05-01";"";"";"";"Berlin";"indelivery";1000;"2020-06-08"
6548;"energy";"electricity";2700;2844;"2018-01-13";"2018-03-01";"2018-07-31";"2018-07-03";"fristgerecht durch LichtBlick";"Cottbus";"terminated";1000;"2018-06-17"
6549;"energy";"electricity";2600;2524;"2018-01-06";"2018-05-01";"2019-11-30";"2019-11-02";"fristgerecht durch Kunde";"Hamm";"terminated";1002;"2019-11-02"
6550;"energy";"gas";11300;11305;"2019-12-08";"2020-04-01";"";"";"";"Hannover";"indelivery";2000;"2020-06-01"
6551;"energy";"electricity";2800;2837;"2019-07-07";"2019-08-01";"";"";"";"Frankfurt";"indelivery";1001;"2020-06-28"
6552;"energy";"gas";11100;"";"2019-01-11";"2019-03-01";"2019-04-30";"2019-03-31";"fristgerecht durch Kunde";"Hamburg";"terminated";2001;"2019-03-31"
6553;"energy";"electricity";2200;2090;"2020-02-21";"2020-04-01";"";"";"";"Duisburg";"indelivery";1000;"2020-09-14"
6554;"energy";"electricity";2700;2756;"2018-11-24";"2019-01-01";"";"";"";"Berlin";"indelivery";1000;"2020-01-20"
6555;"energy";"electricity";2100;1992;"2018-11-15";"2019-07-01";"2019-11-30";"2019-10-26";"Umzug";"Munich";"terminated";1001;"2019-10-26"
6556;"energy";"gas";11500;11082;"2018-07-16";"2018-09-01";"";"";"";"Marienberg";"indelivery";2000;"2019-07-08"
6557;"energy";"electricity";2200;"";"2020-07-29";"2020-09-01";"";"";"";"Cologne";"indelivery";1000;"2020-09-14"
6558;"energy";"electricity";2200;2181;"2018-06-07";"2018-12-01";"2020-12-31";"2020-12-03";"fristgerecht durch LichtBlick";"Bonn";"cancelled";1001;"2018-08-19"
6559;"energy";"electricity";2000;2120;"2019-11-11";"2020-02-01";"";"";"";"Berlin";"indelivery";1000;"2020-09-24"
6560;"energy";"gas";9600;9476;"2020-01-06";"2020-03-01";"";"";"";"Hof";"indelivery";2001;"2020-08-22"
6561;"energy";"electricity";2600;2620;"2019-05-13";"2019-06-01";"";"";"";"Augsburg";"indelivery";1002;"2020-01-11"
6562;"energy";"electricity";2500;2415;"2020-03-25";"2020-04-01";"";"";"";"Saarbrücken";"indelivery";1002;"2020-09-22"
6563;"energy";"electricity";2100;2219;"2019-11-27";"2020-01-01";"";"";"";"Wuppertal";"indelivery";1002;"2020-05-23"
6564;"energy";"gas";11000;11447;"2019-05-11";"2019-07-01";"";"";"";"Wittmund";"indelivery";2000;"2019-11-17"
6565;"energy";"electricity";2500;2645;"2020-04-14";"2020-11-01";"";"";"";"Altchemnitz";"active";1000;"2020-06-10"
6566;"energy";"electricity";2600;2793;"2018-09-23";"2018-10-01";"";"";"";"Hamburg";"indelivery";1001;"2020-02-12"
6567;"energy";"gas";8900;8652;"2020-09-24";"2020-11-01";"";"";"";"Marienberg";"active";2001;"2020-09-28"
6568;"energy";"electricity";2400;2487;"2019-07-11";"2019-10-01";"";"";"";"Berlin";"indelivery";1002;"2020-09-26"
6569;"energy";"electricity";2700;2938;"2018-04-08";"2018-07-01";"2019-01-31";"2019-01-01";"fristgerecht durch Kunde";"Freiburg";"terminated";1001;"2018-08-28"
6570;"energy";"electricity";2400;2350;"2020-05-15";"2020-06-01";"";"";"";"Uelzen";"indelivery";1002;"2020-08-29"
6571;"energy";"electricity";2300;2209;"2018-07-01";"2019-02-01";"";"";"";"Magdeburg";"indelivery";1002;"2018-09-01"
6572;"energy";"electricity";2100;"";"2020-08-27";"2021-03-01";"";"";"";"Erfurt";"active";1001;"2020-09-20"
6573;"energy";"electricity";2400;2542;"2018-04-03";"2018-07-01";"2019-11-30";"2019-10-29";"fristgerecht durch LichtBlick";"Augsburg";"terminated";1002;"2019-10-29"
6574;"energy";"electricity";2000;2049;"2019-09-06";"2020-06-01";"2020-08-31";"2020-07-24";"fristgerecht durch Kunde";"Berlin";"terminated";1000;"2020-06-23"
6575;"energy";"electricity";2900;2817;"2019-01-25";"2019-04-01";"";"";"";"Bonn";"indelivery";1002;"2020-09-19"
6576;"energy";"electricity";2900;3025;"2018-01-20";"2018-07-01";"";"";"";"Dresden";"indelivery";1002;"2018-04-20"
6577;"energy";"electricity";2100;2084;"2018-03-15";"2018-12-01";"2018-12-01";"2020-05-29";"Wiederruf";"Karlsruhe";"terminated";1002;"2020-05-29"
6578;"energy";"electricity";2100;"";"2018-05-12";"2018-07-01";"";"";"";"Munich";"indelivery";1000;"2018-09-16"
6579;"energy";"electricity";2200;2127;"2019-04-03";"2019-06-01";"";"";"";"Karlsruhe";"indelivery";1002;"2019-04-14"
6580;"energy";"gas";8800;8735;"2020-04-15";"2020-09-01";"";"";"";"Bonn";"indelivery";2001;"2020-07-05"
6581;"energy";"gas";12000;12860;"2019-03-02";"2019-05-01";"";"";"";"Dresden";"indelivery";2001;"2019-12-18"
6582;"energy";"electricity";2200;2303;"2019-03-10";"2019-04-01";"";"";"";"Cologne";"indelivery";1001;"2019-10-07"
6583;"energy";"electricity";2100;2072;"2018-11-18";"2019-02-01";"";"";"";"Berlin";"indelivery";1002;"2020-09-18"
6584;"energy";"electricity";2900;"";"2020-01-20";"2020-06-01";"";"";"";"Hannover";"indelivery";1001;"2020-09-21"
6585;"energy";"electricity";2400;2538;"2019-09-11";"2020-07-01";"";"";"";"Mannheim";"indelivery";1001;"2019-10-09"
6586;"energy";"electricity";2300;2255;"2018-04-02";"2018-08-01";"2019-10-31";"2019-10-01";"fristgerecht durch Kunde";"Mainz";"terminated";1001;"2018-04-20"
6587;"energy";"electricity";2000;2024;"2018-01-06";"2018-02-01";"";"";"";"Berlin";"indelivery";1001;"2018-04-14"
6588;"energy";"electricity";2500;2539;"2018-02-10";"2018-04-01";"2018-04-01";"2019-04-02";"Wiederruf";"Cologne";"terminated";1001;"2018-06-20"
6589;"energy";"electricity";2100;2152;"2018-05-18";"2018-11-01";"2018-11-01";"2019-09-02";"Wiederruf";"Munich";"terminated";1001;"2019-09-02"
6590;"energy";"electricity";2500;2516;"2019-01-31";"2019-05-01";"";"";"";"Alzey";"indelivery";1001;"2020-08-28"
6591;"energy";"electricity";2800;2771;"2019-02-03";"2019-07-01";"";"";"";"Ingolstadt";"indelivery";1002;"2019-12-05"
6592;"energy";"electricity";2400;2467;"2019-12-14";"2020-07-01";"";"";"";"Heidelberg";"indelivery";1002;"2020-04-19"
6593;"energy";"electricity";2000;2145;"2019-02-02";"2019-04-01";"2019-04-01";"2019-06-29";"Wiederruf";"Hamburg";"terminated";1001;"2019-06-29"
6594;"energy";"electricity";2400;"";"2019-06-03";"2019-08-01";"";"";"";"Freiburg";"indelivery";1000;"2019-11-26"
6595;"energy";"electricity";2700;2935;"2020-06-15";"2020-11-01";"";"";"";"Berlin";"active";1002;"2020-07-05"
6596;"energy";"electricity";2900;2938;"2020-04-23";"2020-09-01";"";"";"";"Hannover";"indelivery";1000;"2020-06-21"
6597;"energy";"electricity";2700;"";"2020-02-29";"2020-06-01";"";"";"";"Hamburg";"indelivery";1000;"2020-03-17"
6598;"energy";"gas";8200;8133;"2019-10-28";"2019-11-01";"2020-03-31";"2020-03-01";"Umzug";"Essen";"terminated";2001;"2020-01-29"
6599;"energy";"electricity";2500;2433;"2020-08-05";"2020-11-01";"";"";"";"Stuttgart";"active";1002;"2020-09-13"
6600;"energy";"electricity";2600;2572;"2018-03-24";"2019-02-01";"";"";"";"Berlin";"indelivery";1000;"2018-11-06"
6601;"energy";"electricity";2600;2617;"2019-11-05";"2020-08-01";"";"";"";"Dresden";"indelivery";1002;"2020-02-01"
6602;"energy";"electricity";2100;2012;"2018-07-04";"2018-09-01";"";"";"";"Mainz";"indelivery";1000;"2020-08-10"
6603;"energy";"electricity";2200;2336;"2019-08-15";"2020-01-01";"";"";"";"Oldenburg";"indelivery";1001;"2020-06-12"
6604;"energy";"electricity";2500;2406;"2019-07-06";"2019-08-01";"";"";"";"Hamburg";"indelivery";1001;"2019-07-23"
6605;"energy";"electricity";2000;1939;"2020-01-13";"2021-04-01";"";"";"";"Hamburg";"active";1002;"2020-09-27"
6606;"energy";"electricity";2700;2942;"2019-01-07";"2019-02-01";"";"";"";"Dresden";"indelivery";1001;"2019-11-04"
6607;"energy";"gas";10100;10851;"2020-03-02";"2020-11-01";"";"";"";"Cologne";"active";2000;"2020-08-12"
6608;"energy";"electricity";2600;2521;"2019-10-18";"2019-11-01";"2020-04-30";"2020-03-30";"fristgerecht durch LichtBlick";"Hannover";"terminated";1001;"2019-10-27"
6609;"energy";"electricity";2300;2289;"2019-09-29";"2019-10-01";"2019-10-01";"2020-01-01";"Wiederruf";"Hamburg";"terminated";1000;"2020-01-01"
6610;"energy";"electricity";2000;2098;"2020-04-24";"2020-06-01";"";"";"";"Frankfurt";"indelivery";1002;"2020-08-18"
6611;"energy";"electricity";2600;2683;"2020-06-26";"2021-02-01";"";"";"";"Bremerhaven";"active";1002;"2020-08-29"
6612;"energy";"electricity";3000;3050;"2020-02-07";"2020-11-01";"";"";"";"Saarbrücken";"active";1000;"2020-06-24"
6613;"energy";"electricity";2600;2462;"2020-08-14";"2020-12-01";"";"";"";"Kiel";"active";1001;"2020-09-03"
6614;"energy";"electricity";2500;"";"2020-08-15";"2021-01-01";"";"";"";"Magdeburg";"active";1002;"2020-08-16"
6615;"energy";"electricity";2600;2498;"2020-04-06";"2020-08-01";"";"";"";"Hamburg";"indelivery";1000;"2020-06-22"
6616;"energy";"electricity";2300;2257;"2018-07-04";"2018-09-01";"";"";"";"Hamburg";"indelivery";1002;"2018-08-14"
6617;"energy";"electricity";2000;1972;"2018-11-04";"2018-12-01";"";"";"";"Dresden";"indelivery";1002;"2020-09-18"
6618;"energy";"electricity";2900;3102;"2018-07-05";"2019-05-01";"2019-11-30";"2019-10-27";"fristgerecht durch Kunde";"Dortmund";"terminated";1000;"2019-05-28"
6619;"energy";"gas";11100;11943;"2018-11-16";"2019-03-01";"2019-05-31";"2019-04-26";"fristgerecht durch Kunde";"Aichach";"terminated";2001;"2019-04-26"
6620;"energy";"gas";8800;9270;"2020-09-15";"2021-01-01";"";"";"";"Emden";"active";2000;"2020-09-24"
6621;"energy";"electricity";2600;2459;"2018-04-05";"2018-12-01";"";"";"";"Braunschweig";"indelivery";1000;"2019-08-16"
6622;"energy";"gas";11200;11509;"2018-02-01";"2018-03-01";"";"";"";"Erfurt";"indelivery";2001;"2018-12-26"
6623;"energy";"electricity";2900;2927;"2018-05-09";"2018-10-01";"2019-12-31";"2019-11-30";"fristgerecht durch Kunde";"Dortmund";"terminated";1002;"2019-11-30"
6624;"energy";"gas";8600;8369;"2020-03-29";"2020-06-01";"";"";"";"Ulm";"indelivery";2000;"2020-09-29"
6625;"energy";"electricity";2700;2746;"2019-06-02";"2019-12-01";"2020-01-31";"2020-01-03";"fristgerecht durch Kunde";"Berlin";"terminated";1000;"2020-01-03"
6626;"energy";"electricity";2900;2866;"2018-04-01";"2018-08-01";"";"";"";"Münster";"indelivery";1001;"2018-11-21"
6627;"energy";"electricity";1900;1899;"2018-07-18";"2019-05-01";"";"";"";"Stuttgart";"indelivery";1001;"2019-10-22"
6628;"energy";"electricity";2600;2708;"2018-05-28";"2018-06-01";"";"";"";"Berlin";"indelivery";1002;"2018-06-16"
6629;"energy";"electricity";3000;3048;"2019-08-19";"2020-02-01";"";"";"";"Karlsruhe";"indelivery";1001;"2020-06-14"
6630;"energy";"electricity";3000;"";"2020-06-25";"2020-11-01";"";"";"";"Leipzig";"active";1001;"2020-08-20"
6631;"energy";"gas";9400;9050;"2019-12-05";"2020-03-01";"2020-05-31";"2020-04-26";"fristgerecht durch Kunde";"Hamburg";"terminated";2001;"2020-04-26"
6632;"energy";"electricity";2400;2368;"2020-07-23";"2020-12-01";"";"";"";"Munich";"active";1000;"2020-09-15"
6633;"energy";"electricity";2500;2675;"2019-07-09";"2020-02-01";"2020-06-30";"2020-06-02";"fristgerecht durch Kunde";"Aschaffenburg";"terminated";1000;"2020-05-25"
6634;"energy";"gas";9900;9552;"2019-08-28";"2019-12-01";"";"";"";"Wuppertal";"indelivery";2001;"2020-04-16"
6635;"energy";"gas";11800;11355;"2019-10-24";"2020-06-01";"";"";"";"Münster";"indelivery";2001;"2019-11-04"
6636;"energy";"electricity";2800;2694;"2018-09-22";"2019-05-01";"";"";"";"Berlin";"indelivery";1001;"2020-01-11"
6637;"energy";"electricity";2000;2008;"2020-07-21";"2020-09-01";"";"";"";"Heidelberg";"indelivery";1002;"2020-09-03"
6638;"energy";"electricity";2300;2289;"2019-05-24";"2019-10-01";"2020-12-31";"2020-11-30";"fristgerecht durch LichtBlick";"Leipzig";"cancelled";1000;"2019-08-07"
6639;"energy";"electricity";2000;2156;"2020-07-30";"2021-01-01";"";"";"";"Frankfurt";"active";1000;"2020-08-01"
6640;"energy";"electricity";2400;2560;"2019-07-19";"2020-02-01";"";"";"";"Frankfurt";"indelivery";1000;"2020-05-29"
6641;"energy";"electricity";2400;2350;"2018-11-15";"2019-01-01";"";"";"";"Essen";"indelivery";1002;"2020-04-04"
6642;"energy";"electricity";2500;2510;"2018-08-13";"2018-12-01";"";"";"";"Dresden";"indelivery";1001;"2019-11-09"
6643;"energy";"electricity";2200;2108;"2019-04-29";"2020-01-01";"";"";"";"Freiburg";"indelivery";1000;"2020-02-12"
6644;"energy";"electricity";2400;2374;"2019-11-05";"2019-12-01";"";"";"";"Cochem";"indelivery";1000;"2020-04-01"
6645;"energy";"electricity";2500;2551;"2020-02-13";"2020-05-01";"";"";"";"Friedberg";"indelivery";1002;"2020-07-25"
6646;"energy";"electricity";2700;2748;"2019-12-10";"2020-03-01";"2020-03-01";"2020-07-03";"Wiederruf";"Coburg";"terminated";1001;"2019-12-28"
6647;"energy";"electricity";2000;2027;"2020-04-13";"2020-07-01";"";"";"";"Stuttgart";"indelivery";1001;"2020-09-14"
6648;"energy";"gas";11500;11531;"2018-01-23";"2018-07-01";"";"";"";"Hamburg";"indelivery";2001;"2018-07-21"
6649;"energy";"electricity";2100;2241;"2020-02-04";"2020-10-01";"";"";"";"Berlin";"indelivery";1002;"2020-02-13"
6650;"energy";"electricity";1900;1946;"2018-12-01";"2019-06-01";"";"";"";"Cologne";"indelivery";1002;"2020-07-19"
6651;"energy";"electricity";2100;2074;"2020-07-18";"2020-12-01";"";"";"";"Kassel";"active";1000;"2020-09-30"
6652;"energy";"electricity";2200;2102;"2018-06-07";"2018-11-01";"2020-10-31";"2020-10-01";"Umzug";"Calw";"cancelled";1002;"2018-09-03"
6653;"energy";"electricity";2400;2309;"2020-05-31";"2020-06-01";"";"";"";"Munich";"indelivery";1000;"2020-08-24"
6654;"energy";"electricity";2400;2343;"2019-02-27";"2019-04-01";"2020-01-31";"2020-01-02";"fristgerecht durch LichtBlick";"Duisburg";"terminated";1002;"2019-03-13"
6655;"energy";"electricity";2100;2122;"2020-04-08";"2020-05-01";"";"";"";"Freiburg";"indelivery";1001;"2020-06-29"
6656;"energy";"electricity";2600;2666;"2019-06-05";"2019-11-01";"";"";"";"Wuppertal";"indelivery";1002;"2020-07-20"
6657;"energy";"electricity";2900;2836;"2018-01-20";"2018-03-01";"";"";"";"Jena";"indelivery";1001;"2020-09-28"
6658;"energy";"electricity";3000;3041;"2019-02-15";"2019-04-01";"";"";"";"Cologne";"indelivery";1001;"2019-10-22"
6659;"energy";"electricity";2600;2689;"2020-04-27";"2021-03-01";"";"";"";"Berlin";"active";1002;"2020-09-26"
6660;"energy";"electricity";2800;2747;"2020-05-02";"2020-07-01";"";"";"";"Bremen";"indelivery";1001;"2020-09-30"
6661;"energy";"gas";8600;8569;"2020-07-02";"2020-09-01";"";"";"";"Hamburg";"indelivery";2000;"2020-08-25"
6662;"energy";"electricity";2400;2434;"2020-09-04";"2020-12-01";"";"";"";"Munich";"active";1000;"2020-09-20"
6663;"energy";"gas";11100;10843;"2018-02-05";"2018-05-01";"";"";"";"Hamburg";"indelivery";2000;"2019-04-22"
6664;"energy";"electricity";3000;3132;"2018-07-16";"2018-09-01";"";"";"";"Marienberg";"indelivery";1001;"2018-09-04"
6665;"energy";"electricity";2700;2703;"2018-03-19";"2019-05-01";"";"";"";"Cologne";"indelivery";1001;"2018-04-18"
6666;"energy";"electricity";3000;2882;"2019-11-30";"2019-12-01";"";"";"";"Hamburg";"indelivery";1000;"2020-05-10"
6667;"energy";"gas";9400;9996;"2020-08-28";"2020-09-01";"";"";"";"Schwerin";"indelivery";2000;"2020-09-15"
6668;"energy";"electricity";2400;"";"2020-02-18";"2020-05-01";"";"";"";"Cottbus";"indelivery";1000;"2020-09-02"
6669;"energy";"gas";9400;9113;"2020-07-24";"2020-10-01";"";"";"";"Stuttgart";"indelivery";2000;"2020-09-13"
6670;"energy";"electricity";2700;2700;"2020-09-30";"2021-04-01";"";"";"";"Cham";"active";1001;"2020-09-30"
6671;"energy";"electricity";2400;2579;"2018-02-20";"2018-04-01";"2019-12-31";"2019-12-03";"fristgerecht durch Kunde";"Kiel";"terminated";1002;"2019-12-03"
6672;"energy";"electricity";2100;2161;"2018-11-27";"2019-02-01";"";"";"";"Kulmbach";"indelivery";1001;"2020-02-11"
6673;"energy";"electricity";2500;2604;"2020-02-27";"2020-05-01";"";"";"";"Stuttgart";"indelivery";1002;"2020-03-25"
6674;"energy";"electricity";2600;2770;"2020-09-06";"2020-11-01";"";"";"";"Berlin";"active";1002;"2020-09-12"
6675;"energy";"electricity";2200;2313;"2018-05-27";"2018-12-01";"";"";"";"Hamburg";"indelivery";1002;"2020-01-30"
6676;"energy";"electricity";2700;2587;"2019-08-08";"2020-05-01";"";"";"";"Magdeburg";"indelivery";1002;"2020-05-26"
6677;"energy";"electricity";2700;2842;"2018-04-06";"2018-05-01";"2019-10-31";"2019-09-30";"fristgerecht durch LichtBlick";"Gera";"terminated";1001;"2019-09-30"
6678;"energy";"electricity";2800;"";"2019-10-17";"2019-11-01";"";"";"";"Ulm";"indelivery";1002;"2020-08-01"
6679;"energy";"electricity";2400;2356;"2019-07-11";"2019-11-01";"2019-11-01";"2020-07-01";"Wiederruf";"Frankfurt";"terminated";1002;"2019-11-06"
6680;"energy";"electricity";2200;2236;"2018-12-15";"2019-02-01";"2020-08-31";"2020-07-31";"fristgerecht durch LichtBlick";"Kiel";"terminated";1001;"2019-06-29"
6681;"energy";"electricity";2500;2618;"2018-02-21";"2018-04-01";"2018-06-30";"2018-06-02";"fristgerecht durch Kunde";"Berlin";"terminated";1000;"2018-06-02"
6682;"energy";"electricity";2600;2781;"2019-01-08";"2020-01-01";"2020-06-30";"2020-05-28";"fristgerecht durch Kunde";"Frankfurt";"terminated";1002;"2020-02-21"
6683;"energy";"gas";10900;11324;"2019-06-30";"2019-09-01";"2020-12-31";"2020-12-01";"fristgerecht durch Kunde";"Berlin";"cancelled";2001;"2020-08-20"
6684;"energy";"electricity";2400;2401;"2018-09-20";"2019-02-01";"";"";"";"Saarbrücken";"indelivery";1000;"2019-02-11"
6685;"energy";"electricity";2500;2423;"2020-07-29";"2020-09-01";"";"";"";"Landau";"indelivery";1000;"2020-09-06"
6686;"energy";"electricity";2200;2348;"2020-07-28";"2021-03-01";"";"";"";"Bielefeld";"active";1002;"2020-09-17"
6687;"energy";"electricity";2200;2280;"2018-04-14";"2018-06-01";"";"";"";"Lübeck";"indelivery";1002;"2020-03-24"
6688;"energy";"electricity";2300;2321;"2018-03-09";"2018-08-01";"";"";"";"Berlin";"indelivery";1000;"2019-12-15"
6689;"energy";"electricity";2500;2508;"2018-06-06";"2018-07-01";"";"";"";"Leipzig";"indelivery";1000;"2019-02-16"
6690;"energy";"electricity";2200;2201;"2019-10-25";"2020-07-01";"";"";"";"Stuttgart";"indelivery";1000;"2020-09-02"
6691;"energy";"gas";11300;12009;"2019-07-20";"2020-01-01";"2020-12-31";"2020-11-30";"Umzug";"Frankfurt";"cancelled";2000;"2019-11-13"
6692;"energy";"electricity";2900;2907;"2019-10-01";"2019-11-01";"";"";"";"Kiel";"indelivery";1002;"2020-06-01"
6693;"energy";"electricity";2200;2172;"2018-10-31";"2018-11-01";"";"";"";"Frankfurt";"indelivery";1002;"2019-06-16"
6694;"energy";"electricity";2000;2179;"2019-01-23";"2019-02-01";"2019-04-30";"2019-03-27";"fristgerecht durch LichtBlick";"Mannheim";"terminated";1001;"2019-03-27"
6695;"energy";"electricity";3000;2943;"2019-05-03";"2019-12-01";"";"";"";"Kassel";"indelivery";1000;"2020-08-26"
6696;"energy";"electricity";2800;"";"2020-06-01";"2020-07-01";"";"";"";"Wuppertal";"indelivery";1001;"2020-09-17"
6697;"energy";"electricity";2600;2452;"2020-05-23";"2021-03-01";"";"";"";"Munich";"active";1002;"2020-08-18"
6698;"energy";"electricity";2500;2375;"2018-11-28";"2019-07-01";"";"";"";"Freiburg";"indelivery";1000;"2019-05-30"
6699;"energy";"electricity";2000;2111;"2018-04-06";"2018-06-01";"2018-09-30";"2018-09-02";"fristgerecht durch LichtBlick";"Berlin";"terminated";1002;"2018-09-02"
6700;"energy";"electricity";2800;2839;"2019-12-11";"2020-01-01";"";"";"";"Hamburg";"indelivery";1002;"2020-07-07"
6701;"energy";"electricity";2100;2051;"2020-08-18";"2020-11-01";"";"";"";"Mannheim";"active";1000;"2020-08-28"
6702;"energy";"electricity";2400;2562;"2019-02-23";"2019-05-01";"";"";"";"Hamburg";"indelivery";1001;"2019-07-30"
6703;"energy";"electricity";2200;2208;"2019-08-06";"2019-09-01";"";"";"";"Cologne";"indelivery";1002;"2020-07-29"
6704;"energy";"electricity";2200;2243;"2019-01-21";"2019-10-01";"";"";"";"Cologne";"indelivery";1002;"2020-07-23"
6705;"energy";"electricity";2900;3057;"2019-10-24";"2019-12-01";"";"";"";"Greifswald";"indelivery";1000;"2020-02-06"
6706;"energy";"electricity";2400;2284;"2020-07-15";"2020-09-01";"";"";"";"Berlin";"indelivery";1001;"2020-08-13"
6707;"energy";"electricity";2000;2017;"2018-10-07";"2019-01-01";"";"";"";"Munich";"indelivery";1002;"2019-12-10"
6708;"energy";"electricity";2200;2150;"2019-04-05";"2019-05-01";"";"";"";"Berlin";"indelivery";1002;"2019-08-15"
6709;"energy";"gas";8600;8739;"2018-10-21";"2019-03-01";"";"";"";"Flensburg";"indelivery";2001;"2020-09-08"
6710;"energy";"electricity";3000;2939;"2018-07-26";"2018-09-01";"";"";"";"Bremen";"indelivery";1002;"2020-07-25"
6711;"energy";"electricity";2000;2117;"2018-06-15";"2018-07-01";"";"";"";"Berlin";"indelivery";1002;"2020-01-24"
6712;"energy";"electricity";2100;2237;"2018-04-24";"2018-08-01";"";"";"";"Hannover";"indelivery";1001;"2018-12-12"
6713;"energy";"electricity";2000;2138;"2019-08-07";"2019-11-01";"";"";"";"Berlin";"indelivery";1002;"2020-03-20"
6714;"energy";"electricity";2600;2556;"2020-03-10";"2020-05-01";"";"";"";"Frankfurt";"indelivery";1002;"2020-07-01"
6715;"energy";"electricity";2600;2472;"2018-07-11";"2018-12-01";"";"";"";"Munich";"indelivery";1002;"2019-04-18"
6716;"energy";"electricity";2600;"";"2020-04-24";"2020-07-01";"";"";"";"Wuppertal";"indelivery";1002;"2020-05-09"
6717;"energy";"electricity";2500;2592;"2018-12-09";"2019-04-01";"";"";"";"Beeskow";"indelivery";1000;"2019-08-20"
6718;"energy";"electricity";2500;2500;"2018-03-02";"2018-07-01";"";"";"";"Duisburg";"indelivery";1000;"2020-02-12"
6719;"energy";"electricity";2200;2365;"2020-08-17";"2020-10-01";"";"";"";"Hamburg";"indelivery";1002;"2020-09-23"
6720;"energy";"electricity";2300;2146;"2018-03-08";"2018-05-01";"";"";"";"Dresden";"indelivery";1001;"2019-07-05"
6721;"energy";"electricity";2600;2639;"2019-10-22";"2019-12-01";"";"";"";"Magdeburg";"indelivery";1000;"2020-06-28"
6722;"energy";"electricity";2200;2238;"2018-07-01";"2019-03-01";"2019-12-31";"2019-12-02";"Umzug";"Dresden";"terminated";1002;"2019-10-12"
6723;"energy";"electricity";2400;2478;"2019-12-31";"2020-02-01";"";"";"";"Altchemnitz";"indelivery";1001;"2020-04-16"
6724;"energy";"gas";9200;9051;"2018-07-24";"2018-09-01";"";"";"";"Hamburg";"indelivery";2000;"2020-04-23"
6725;"energy";"electricity";2200;2232;"2018-02-13";"2018-04-01";"2019-01-31";"2018-12-31";"Umzug";"Münster";"terminated";1002;"2018-12-31"
6726;"energy";"gas";9800;9528;"2018-02-21";"2018-08-01";"2020-01-31";"2020-01-03";"fristgerecht durch Kunde";"Augsburg";"terminated";2001;"2019-02-26"
6727;"energy";"electricity";2500;2626;"2018-02-01";"2018-06-01";"";"";"";"Frankfurt";"indelivery";1002;"2019-11-11"
6728;"energy";"electricity";2100;2030;"2019-07-28";"2019-09-01";"";"";"";"Wuppertal";"indelivery";1001;"2019-10-13"
6729;"energy";"gas";7900;8154;"2018-05-09";"2018-07-01";"";"";"";"Cologne";"indelivery";2001;"2019-04-30"
6730;"energy";"electricity";2300;2333;"2019-08-31";"2020-01-01";"";"";"";"Altchemnitz";"indelivery";1000;"2020-02-16"
6731;"energy";"electricity";2000;1982;"2018-10-02";"2019-03-01";"";"";"";"Munich";"indelivery";1002;"2019-02-28"
6732;"energy";"electricity";2000;2027;"2018-09-14";"2019-02-01";"";"";"";"Berlin";"indelivery";1002;"2018-11-26"
6733;"energy";"electricity";2100;2020;"2020-09-28";"2020-10-01";"";"";"";"Hofeck";"indelivery";1000;"2020-09-29"
6734;"energy";"gas";9400;9411;"2018-12-28";"2019-04-01";"2019-08-31";"2019-08-01";"fristgerecht durch Kunde";"Berlin";"terminated";2000;"2019-08-01"
6735;"energy";"electricity";2300;2365;"2019-05-25";"2019-08-01";"";"";"";"Münster";"indelivery";1002;"2020-07-12"
6736;"energy";"electricity";2200;2192;"2019-02-07";"2019-07-01";"";"";"";"Munich";"indelivery";1001;"2019-10-09"
6737;"energy";"electricity";2700;2882;"2019-11-21";"2020-04-01";"";"";"";"Bonn";"indelivery";1001;"2020-03-27"
6738;"energy";"electricity";2100;2017;"2020-05-28";"2020-08-01";"";"";"";"Bonn";"indelivery";1002;"2020-07-22"
6739;"energy";"electricity";2500;2432;"2019-06-22";"2019-08-01";"";"";"";"Cologne";"indelivery";1002;"2020-03-03"
6740;"energy";"gas";8700;9194;"2018-05-30";"2018-07-01";"";"";"";"Bielefeld";"indelivery";2000;"2019-09-05"
6741;"energy";"electricity";2700;2870;"2020-03-07";"2020-07-01";"";"";"";"Regensburg";"indelivery";1000;"2020-08-04"
6742;"energy";"gas";11700;11967;"2018-06-14";"2018-09-01";"";"";"";"Düsseldorf";"indelivery";2001;"2019-09-12"
6743;"energy";"electricity";2300;2346;"2018-07-18";"2018-11-01";"";"";"";"Berlin";"indelivery";1000;"2019-11-28"
6744;"energy";"electricity";2600;2639;"2019-05-31";"2019-09-01";"2019-09-01";"2020-07-03";"Wiederruf";"Berlin";"terminated";1002;"2020-04-22"
6745;"energy";"electricity";2400;2321;"2020-08-16";"2021-03-01";"";"";"";"Leipzig";"active";1001;"2020-09-16"
6746;"energy";"electricity";3000;"";"2019-05-25";"2019-08-01";"";"";"";"Münster";"indelivery";1002;"2020-09-21"
6747;"energy";"electricity";2300;2513;"2019-08-21";"2019-10-01";"";"";"";"Duisburg";"indelivery";1001;"2020-09-23"
6748;"energy";"electricity";1900;2044;"2018-05-31";"2018-07-01";"";"";"";"Berlin";"indelivery";1000;"2018-12-28"
6749;"energy";"electricity";2500;2383;"2020-06-26";"2020-07-01";"";"";"";"Kiel";"indelivery";1001;"2020-09-01"
6750;"energy";"electricity";2800;2712;"2018-03-19";"2018-08-01";"2019-05-31";"2019-05-03";"Umzug";"Siegburg";"terminated";1001;"2018-12-15"
6751;"energy";"electricity";2500;"";"2020-01-27";"2020-05-01";"";"";"";"Munich";"indelivery";1000;"2020-07-06"
6752;"energy";"gas";9400;9538;"2020-04-18";"2020-06-01";"";"";"";"Gera";"indelivery";2001;"2020-06-29"
6753;"energy";"electricity";1900;"";"2018-10-21";"2019-07-01";"";"";"";"Berlin";"indelivery";1000;"2019-03-18"
6754;"energy";"electricity";2300;2265;"2019-06-29";"2019-08-01";"";"";"";"Augsburg";"indelivery";1000;"2020-05-25"
6755;"energy";"electricity";2800;2704;"2020-08-31";"2020-09-01";"";"";"";"Duisburg";"indelivery";1001;"2020-09-30"
6756;"energy";"electricity";2800;2754;"2020-03-28";"2020-05-01";"";"";"";"Cologne";"indelivery";1002;"2020-04-22"
6757;"energy";"electricity";2800;2779;"2018-03-01";"2018-05-01";"2019-10-31";"2019-10-03";"Umzug";"Dresden";"terminated";1001;"2019-02-16"
6758;"energy";"electricity";2100;2240;"2018-07-20";"2018-08-01";"";"";"";"Berlin";"indelivery";1001;"2018-12-24"
6759;"energy";"electricity";2100;2118;"2019-02-15";"2019-08-01";"";"";"";"Dortmund";"indelivery";1000;"2020-01-12"
6760;"energy";"electricity";2500;2526;"2019-11-07";"2020-04-01";"";"";"";"Berlin";"indelivery";1001;"2019-12-28"
6761;"energy";"gas";10700;10260;"2019-12-05";"2020-01-01";"";"";"";"Munich";"indelivery";2001;"2020-07-18"
6762;"energy";"gas";10000;"";"2020-01-08";"2020-06-01";"";"";"";"Hamburg";"indelivery";2000;"2020-07-31"
6763;"energy";"electricity";2300;2229;"2018-04-07";"2018-06-01";"2019-01-31";"2018-12-31";"fristgerecht durch Kunde";"Münster";"terminated";1001;"2018-12-31"
6764;"energy";"electricity";2300;2374;"2019-10-11";"2020-02-01";"";"";"";"Berlin";"indelivery";1002;"2020-08-28"
6765;"energy";"electricity";2100;2016;"2018-07-06";"2019-01-01";"";"";"";"Saarbrücken";"indelivery";1002;"2019-09-10"
6766;"energy";"electricity";2400;2425;"2018-02-06";"2018-04-01";"2018-07-31";"2018-07-03";"fristgerecht durch LichtBlick";"Münster";"terminated";1002;"2018-07-03"
6767;"energy";"electricity";2700;2715;"2020-07-12";"2020-09-01";"";"";"";"Berlin";"indelivery";1002;"2020-08-24"
6768;"energy";"electricity";2700;2831;"2019-09-07";"2019-11-01";"";"";"";"Dresden";"indelivery";1001;"2019-11-15"
6769;"energy";"electricity";2400;2423;"2018-12-09";"2019-04-01";"";"";"";"Dresden";"indelivery";1002;"2019-06-19"
6770;"energy";"electricity";2400;2349;"2019-10-17";"2020-02-01";"";"";"";"Augsburg";"indelivery";1002;"2020-07-16"
6771;"energy";"gas";9800;10193;"2019-08-22";"2019-10-01";"";"";"";"Hamburg";"indelivery";2000;"2019-09-09"
6772;"energy";"electricity";2100;2101;"2018-07-13";"2018-11-01";"";"";"";"Lübeck";"indelivery";1001;"2020-05-01"
6773;"energy";"electricity";2700;2881;"2020-07-27";"2020-12-01";"";"";"";"Berlin";"active";1001;"2020-09-04"
6774;"energy";"electricity";2400;2296;"2019-11-30";"2020-01-01";"2020-08-31";"2020-08-03";"fristgerecht durch LichtBlick";"Hamburg";"terminated";1001;"2020-02-25"
6775;"energy";"electricity";2300;2507;"2019-08-09";"2019-09-01";"";"";"";"Friedberg";"indelivery";1000;"2020-03-02"
6776;"energy";"electricity";2400;2523;"2019-07-29";"2019-11-01";"";"";"";"Augsburg";"indelivery";1002;"2019-10-27"
6777;"energy";"gas";9200;8743;"2019-06-30";"2019-07-01";"2019-07-01";"2020-08-03";"Wiederruf";"Cologne";"terminated";2000;"2020-08-03"
6778;"energy";"electricity";2800;2885;"2019-12-15";"2020-09-01";"";"";"";"Osnabrück";"indelivery";1000;"2020-07-09"
6779;"energy";"electricity";2500;2709;"2020-04-16";"2020-07-01";"";"";"";"Heidenheim";"indelivery";1001;"2020-08-23"
6780;"energy";"electricity";2400;2520;"2020-01-30";"2020-02-01";"2020-09-30";"2020-08-31";"fristgerecht durch LichtBlick";"Rotenburg";"terminated";1002;"2020-06-06"
6781;"energy";"electricity";2000;"";"2020-03-17";"2020-05-01";"";"";"";"Hannover";"indelivery";1001;"2020-09-19"
6782;"energy";"electricity";2100;2151;"2020-01-02";"2020-04-01";"";"";"";"Berlin";"indelivery";1002;"2020-08-25"
6783;"energy";"gas";8400;8773;"2019-11-23";"2020-08-01";"";"";"";"Erlangen";"indelivery";2000;"2019-12-04"
6784;"energy";"electricity";2800;"";"2019-06-23";"2019-10-01";"2020-11-30";"2020-10-31";"fristgerecht durch Kunde";"Hamburg";"cancelled";1002;"2020-03-17"
6785;"energy";"electricity";2400;2280;"2020-09-19";"2020-12-01";"";"";"";"Marienberg";"active";1001;"2020-09-28"
6786;"energy";"electricity";2800;2801;"2019-06-21";"2019-08-01";"";"";"";"Leipzig";"indelivery";1000;"2020-06-06"
6787;"energy";"electricity";2000;2199;"2019-05-29";"2019-06-01";"";"";"";"Magdeburg";"indelivery";1002;"2020-09-04"
6788;"energy";"electricity";2600;"";"2018-05-08";"2018-06-01";"2018-07-31";"2018-07-03";"fristgerecht durch Kunde";"Berlin";"terminated";1001;"2018-07-03"
6789;"energy";"electricity";2200;2174;"2019-05-24";"2019-07-01";"2019-07-01";"2019-08-03";"Wiederruf";"Ansbach";"terminated";1001;"2019-08-03"
6790;"energy";"gas";10900;10526;"2018-07-28";"2019-03-01";"";"";"";"Munich";"indelivery";2001;"2019-05-17"
6791;"energy";"electricity";2100;2219;"2019-07-24";"2019-08-01";"";"";"";"Duisburg";"indelivery";1001;"2019-07-27"
6792;"energy";"electricity";2600;2597;"2019-10-04";"2020-09-01";"";"";"";"Hamburg";"indelivery";1000;"2019-12-09"
6793;"energy";"electricity";1900;1820;"2020-05-08";"2020-06-01";"";"";"";"Berlin";"indelivery";1002;"2020-06-04"
6794;"energy";"electricity";2500;2461;"2019-05-07";"2020-04-01";"";"";"";"Kronach";"indelivery";1001;"2020-04-06"
6795;"energy";"gas";10700;10228;"2018-03-06";"2018-04-01";"";"";"";"Cottbus";"indelivery";2001;"2018-09-25"
6796;"energy";"electricity";2200;2163;"2020-04-24";"2020-07-01";"";"";"";"Lübeck";"indelivery";1000;"2020-09-23"
6797;"energy";"gas";8400;8148;"2018-02-24";"2018-04-01";"";"";"";"Braunschweig";"indelivery";2000;"2020-03-16"
6798;"energy";"electricity";3000;2910;"2018-07-17";"2019-11-01";"2019-11-01";"2020-06-25";"Wiederruf";"Hannover";"terminated";1002;"2019-09-15"
6799;"energy";"electricity";2200;2234;"2018-01-03";"2018-02-01";"2018-02-01";"2019-07-03";"Wiederruf";"Düsseldorf";"terminated";1000;"2019-06-04"
6800;"energy";"gas";10900;10658;"2019-02-11";"2019-04-01";"";"";"";"Schwerin";"indelivery";2001;"2020-02-11"
6801;"energy";"electricity";2200;2374;"2019-10-09";"2019-12-01";"2020-08-31";"2020-07-30";"fristgerecht durch Kunde";"Berlin";"terminated";1002;"2020-03-23"
6802;"energy";"electricity";2800;2892;"2019-06-21";"2019-09-01";"";"";"";"Wiesbaden";"indelivery";1002;"2019-12-19"
6803;"energy";"electricity";2500;2692;"2018-02-09";"2018-05-01";"";"";"";"Dortmund";"indelivery";1000;"2018-11-06"
6804;"energy";"electricity";2400;2302;"2020-04-01";"2020-10-01";"";"";"";"Hamburg";"indelivery";1001;"2020-08-13"
6805;"energy";"electricity";2900;2855;"2018-06-22";"2018-08-01";"";"";"";"Essen";"indelivery";1000;"2019-12-02"
6806;"energy";"electricity";2300;2184;"2018-06-27";"2018-09-01";"2018-09-01";"2019-06-30";"Wiederruf";"Haßfurt";"terminated";1002;"2019-06-30"
6807;"energy";"electricity";2100;2091;"2018-04-07";"2018-08-01";"2019-07-31";"2019-06-23";"fristgerecht durch Kunde";"Ulm";"terminated";1001;"2018-04-18"
6808;"energy";"electricity";3000;3056;"2018-01-31";"2018-05-01";"2019-01-31";"2018-12-30";"fristgerecht durch Kunde";"Bielefeld";"terminated";1002;"2018-12-30"
6809;"energy";"electricity";2700;2683;"2020-04-29";"2020-07-01";"";"";"";"Berlin";"indelivery";1000;"2020-07-16"
6810;"energy";"electricity";2100;2109;"2020-08-01";"2020-10-01";"";"";"";"Berlin";"indelivery";1000;"2020-08-28"
6811;"energy";"electricity";2400;"";"2019-03-20";"2019-04-01";"2020-05-31";"2020-04-28";"Umzug";"Berlin";"terminated";1001;"2020-04-04"
6812;"energy";"electricity";2700;2666;"2019-10-07";"2019-12-01";"";"";"";"Berlin";"indelivery";1002;"2019-12-02"
6813;"energy";"electricity";2200;"";"2018-02-26";"2018-04-01";"2019-05-31";"2019-04-27";"Umzug";"Regensburg";"terminated";1001;"2019-04-27"
6814;"energy";"electricity";2800;2860;"2018-01-18";"2018-04-01";"";"";"";"Ingolstadt";"indelivery";1000;"2019-08-19"
6815;"energy";"gas";10200;10688;"2018-06-04";"2019-01-01";"";"";"";"Frankfurt";"indelivery";2001;"2018-08-03"
6816;"energy";"electricity";2200;2098;"2019-10-26";"2020-03-01";"";"";"";"Dresden";"indelivery";1000;"2020-01-03"
6817;"energy";"gas";8100;8442;"2019-11-10";"2020-04-01";"";"";"";"Berlin";"indelivery";2000;"2020-09-18"
6818;"energy";"electricity";2300;2342;"2020-09-28";"2020-12-01";"";"";"";"Altchemnitz";"active";1001;"2020-09-30"
6819;"energy";"electricity";2600;2668;"2018-07-01";"2018-08-01";"";"";"";"Hamburg";"indelivery";1002;"2018-07-28"
6820;"energy";"electricity";2500;2373;"2019-01-11";"2020-01-01";"";"";"";"Karlsruhe";"indelivery";1001;"2020-01-03"
6821;"energy";"electricity";2700;2720;"2018-06-22";"2018-09-01";"";"";"";"Munich";"indelivery";1002;"2018-07-26"
6822;"energy";"electricity";2300;2415;"2018-08-22";"2018-10-01";"";"";"";"Emden";"indelivery";1002;"2020-07-03"
6823;"energy";"electricity";2100;2024;"2019-12-10";"2020-02-01";"2020-06-30";"2020-06-01";"fristgerecht durch Kunde";"Berlin";"terminated";1000;"2020-06-01"
6824;"energy";"electricity";2100;2018;"2018-12-04";"2019-04-01";"";"";"";"Dresden";"indelivery";1000;"2019-03-01"
6825;"energy";"gas";8600;9043;"2020-01-19";"2020-06-01";"";"";"";"Berlin";"indelivery";2001;"2020-06-03"
6826;"energy";"electricity";2600;2821;"2019-06-12";"2019-11-01";"";"";"";"Saarbrücken";"indelivery";1000;"2019-11-17"
6827;"energy";"electricity";2300;2348;"2019-11-28";"2019-12-01";"";"";"";"Hamburg";"indelivery";1002;"2020-05-07"
6828;"energy";"electricity";2700;"";"2018-02-25";"2018-04-01";"";"";"";"Wuppertal";"indelivery";1001;"2018-09-10"
6829;"energy";"electricity";2500;2458;"2020-07-20";"2021-01-01";"";"";"";"Munich";"active";1002;"2020-07-23"
6830;"energy";"gas";8700;9217;"2019-08-27";"2019-10-01";"";"";"";"Berlin";"indelivery";2000;"2020-01-27"
6831;"energy";"electricity";2900;3001;"2019-07-31";"2020-01-01";"";"";"";"Karlsruhe";"indelivery";1002;"2019-11-09"
6832;"energy";"gas";9300;9673;"2020-08-28";"2020-09-01";"";"";"";"Berlin";"indelivery";2000;"2020-09-02"
6833;"energy";"electricity";2000;1953;"2020-01-14";"2020-05-01";"";"";"";"Karlsruhe";"indelivery";1001;"2020-06-01"
6834;"energy";"electricity";2400;2565;"2019-06-28";"2019-07-01";"";"";"";"Bonn";"indelivery";1001;"2019-11-28"
6835;"energy";"electricity";2600;2528;"2020-05-19";"2020-09-01";"";"";"";"Mannheim";"indelivery";1002;"2020-05-24"
6836;"energy";"gas";9300;9499;"2018-03-18";"2018-06-01";"";"";"";"Duisburg";"indelivery";2000;"2018-12-12"
6837;"energy";"electricity";2300;2365;"2020-04-05";"2020-10-01";"";"";"";"Oldenburg";"indelivery";1001;"2020-08-04"
6838;"energy";"gas";9700;9556;"2020-04-04";"2020-07-01";"2020-09-30";"2020-09-02";"Umzug";"Cologne";"terminated";2001;"2020-04-24"
6839;"energy";"electricity";2100;2080;"2020-01-02";"2020-04-01";"";"";"";"Würzburg";"indelivery";1002;"2020-02-18"
6840;"energy";"electricity";2700;2871;"2020-05-25";"2020-07-01";"";"";"";"Munich";"indelivery";1002;"2020-06-24"
6841;"energy";"electricity";2100;2034;"2018-08-06";"2019-03-01";"";"";"";"Bremen";"indelivery";1000;"2020-07-09"
6842;"energy";"electricity";2700;2828;"2018-12-08";"2019-10-01";"";"";"";"Bonn";"indelivery";1002;"2018-12-25"
6843;"energy";"electricity";2900;2947;"2018-01-01";"2018-03-01";"2018-06-30";"2018-06-01";"fristgerecht durch Kunde";"Miltenberg";"terminated";1000;"2018-06-01"
6844;"energy";"electricity";2500;2710;"2018-01-29";"2018-03-01";"";"";"";"Dresden";"indelivery";1002;"2018-02-03"
6845;"energy";"electricity";2600;2683;"2018-04-29";"2019-05-01";"2019-09-30";"2019-09-01";"fristgerecht durch Kunde";"Berlin";"terminated";1000;"2019-09-01"
6846;"energy";"electricity";2100;"";"2018-04-25";"2019-03-01";"2019-11-30";"2019-11-02";"Umzug";"Dortmund";"terminated";1002;"2018-06-13"
6847;"energy";"electricity";2000;1972;"2019-06-22";"2019-11-01";"2019-11-01";"2019-11-30";"Wiederruf";"Stuttgart";"terminated";1002;"2019-11-30"
6848;"energy";"electricity";2600;2696;"2020-06-29";"2021-06-01";"";"";"";"Hamburg";"active";1000;"2020-07-28"
6849;"energy";"electricity";2900;3069;"2019-10-22";"2019-12-01";"";"";"";"Ingolstadt";"indelivery";1001;"2020-05-05"
6850;"energy";"electricity";2400;2563;"2020-09-27";"2021-04-01";"";"";"";"Berlin";"active";1000;"2020-09-29"
6851;"energy";"electricity";2100;2224;"2019-12-22";"2020-02-01";"";"";"";"Cologne";"indelivery";1001;"2020-01-31"
6852;"energy";"electricity";2700;"";"2019-09-29";"2019-11-01";"";"";"";"Berlin";"indelivery";1001;"2020-01-22"
6853;"energy";"electricity";2600;2830;"2019-12-06";"2020-08-01";"";"";"";"Dresden";"indelivery";1002;"2020-05-20"
6854;"energy";"electricity";2200;2147;"2020-02-24";"2020-09-01";"";"";"";"Stuttgart";"indelivery";1001;"2020-08-09"
6855;"energy";"electricity";2700;2790;"2018-02-08";"2018-05-01";"2018-05-01";"2020-11-26";"Wiederruf";"Karlsruhe";"terminated";1000;"2018-06-13"
6856;"energy";"electricity";2100;2159;"2018-03-23";"2018-04-01";"";"";"";"Hannover";"indelivery";1000;"2019-03-31"
6857;"energy";"electricity";2400;2359;"2018-03-02";"2018-05-01";"";"";"";"Mainz";"indelivery";1001;"2019-09-22"
6858;"energy";"electricity";2400;2544;"2020-03-03";"2020-06-01";"";"";"";"Hamburg";"indelivery";1001;"2020-03-12"
6859;"energy";"electricity";2000;2125;"2019-03-07";"2019-05-01";"2020-11-30";"2020-10-27";"fristgerecht durch Kunde";"Munich";"cancelled";1000;"2019-09-29"
6860;"energy";"gas";11300;11177;"2020-01-05";"2020-09-01";"";"";"";"Mainz";"indelivery";2001;"2020-06-07"
6861;"energy";"electricity";2400;2356;"2018-08-21";"2019-02-01";"2019-02-01";"2019-08-03";"Wiederruf";"Osnabrück";"terminated";1001;"2019-08-03"
6862;"energy";"electricity";3000;2865;"2019-03-03";"2019-09-01";"";"";"";"Rosenheim";"indelivery";1001;"2019-08-09"
6863;"energy";"electricity";1900;1839;"2018-09-29";"2019-05-01";"";"";"";"Berlin";"indelivery";1000;"2020-05-19"
6864;"energy";"electricity";2200;2341;"2019-10-21";"2020-03-01";"";"";"";"Marienberg";"indelivery";1002;"2020-04-11"
6865;"energy";"electricity";2200;2367;"2019-02-19";"2019-04-01";"";"";"";"Dresden";"indelivery";1001;"2020-02-23"
6866;"energy";"electricity";2200;2195;"2020-05-28";"2020-09-01";"";"";"";"Wuppertal";"indelivery";1002;"2020-07-15"
6867;"energy";"gas";9600;9323;"2018-08-11";"2019-01-01";"";"";"";"Hamburg";"indelivery";2000;"2019-06-07"
6868;"energy";"electricity";2600;"";"2018-09-04";"2019-03-01";"";"";"";"Berlin";"indelivery";1000;"2018-11-04"
6869;"energy";"electricity";2000;1965;"2020-04-13";"2020-07-01";"";"";"";"Düsseldorf";"indelivery";1000;"2020-08-22"
6870;"energy";"electricity";2600;2720;"2020-03-08";"2020-04-01";"";"";"";"Zweibrücken";"indelivery";1000;"2020-05-20"
6871;"energy";"electricity";2600;2574;"2018-09-02";"2019-05-01";"2020-10-31";"2020-10-02";"fristgerecht durch LichtBlick";"Würzburg";"cancelled";1002;"2018-11-19"
6872;"energy";"electricity";2700;2838;"2018-04-15";"2018-08-01";"";"";"";"Hamburg";"indelivery";1000;"2020-08-26"
6873;"energy";"electricity";2300;2260;"2020-07-28";"2020-12-01";"";"";"";"Braunschweig";"active";1000;"2020-09-29"
6874;"energy";"electricity";2200;2348;"2020-05-04";"2020-11-01";"";"";"";"Berlin";"active";1000;"2020-07-26"
6875;"energy";"gas";8200;8224;"2020-09-05";"2020-10-01";"";"";"";"Potsdam";"indelivery";2001;"2020-09-08"
6876;"energy";"electricity";2200;2320;"2019-03-26";"2019-09-01";"2019-09-01";"2020-01-03";"Wiederruf";"Erfurt";"terminated";1002;"2019-06-08"
6877;"energy";"electricity";2700;"";"2018-12-30";"2019-01-01";"";"";"";"Hannover";"indelivery";1001;"2019-02-25"
6878;"energy";"electricity";2800;2891;"2019-09-17";"2019-10-01";"";"";"";"Berlin";"indelivery";1000;"2019-09-23"
6879;"energy";"electricity";2200;2186;"2018-03-07";"2018-05-01";"";"";"";"Berlin";"indelivery";1001;"2019-09-16"
6880;"energy";"electricity";2800;"";"2018-11-14";"2018-12-01";"";"";"";"Hamburg";"indelivery";1001;"2020-05-12"
6881;"energy";"gas";8800;8488;"2019-05-08";"2019-06-01";"";"";"";"Osnabrück";"indelivery";2000;"2019-10-16"
6882;"energy";"electricity";2900;2794;"2018-12-10";"2019-01-01";"";"";"";"Marienberg";"indelivery";1002;"2020-07-23"
6883;"energy";"electricity";2300;2300;"2018-02-26";"2018-03-01";"";"";"";"Essen";"indelivery";1000;"2020-01-14"
6884;"energy";"electricity";2600;2814;"2019-05-10";"2019-08-01";"2019-08-01";"2019-08-30";"Wiederruf";"Minden";"terminated";1001;"2019-08-30"
6885;"energy";"gas";10800;"";"2019-12-19";"2020-04-01";"";"";"";"Hamburg";"indelivery";2001;"2020-02-23"
6886;"energy";"electricity";2400;2553;"2020-03-21";"2020-05-01";"";"";"";"Hamburg";"indelivery";1000;"2020-04-18"
6887;"energy";"electricity";2900;2832;"2019-04-28";"2019-09-01";"";"";"";"Altchemnitz";"indelivery";1002;"2020-08-06"
6888;"energy";"electricity";2400;2335;"2019-03-18";"2019-05-01";"";"";"";"Marienberg";"indelivery";1002;"2019-10-05"
6889;"energy";"electricity";2400;2539;"2020-03-08";"2020-04-01";"";"";"";"Berlin";"indelivery";1001;"2020-07-01"
6890;"energy";"electricity";2800;2970;"2018-09-10";"2018-11-01";"";"";"";"Berlin";"indelivery";1000;"2018-11-21"
6891;"energy";"electricity";2300;2172;"2018-12-25";"2019-02-01";"2020-09-30";"2020-09-02";"Umzug";"Cologne";"terminated";1000;"2019-11-07"
6892;"energy";"electricity";2900;2996;"2018-04-30";"2018-06-01";"";"";"";"Düsseldorf";"indelivery";1001;"2020-07-31"
6893;"energy";"electricity";2200;2096;"2019-12-25";"2020-02-01";"";"";"";"Bonn";"indelivery";1000;"2020-05-01"
6894;"energy";"electricity";2500;2573;"2018-01-07";"2018-03-01";"2020-07-31";"2020-07-03";"fristgerecht durch LichtBlick";"Hamburg";"terminated";1000;"2020-06-08"
6895;"energy";"electricity";2700;"";"2019-06-14";"2019-09-01";"";"";"";"Dresden";"indelivery";1000;"2020-07-31"
6896;"energy";"electricity";2400;"";"2019-03-06";"2019-06-01";"";"";"";"Schwerin";"indelivery";1000;"2020-01-10"
6897;"energy";"electricity";2100;2251;"2020-07-12";"2020-08-01";"";"";"";"Berlin";"indelivery";1001;"2020-08-16"
6898;"energy";"electricity";2000;2069;"2020-02-28";"2020-06-01";"2020-06-01";"2020-07-01";"Wiederruf";"Bremen";"terminated";1002;"2020-07-01"
6899;"energy";"gas";11600;12486;"2018-12-10";"2019-03-01";"2020-06-30";"2020-05-27";"Umzug";"Lübeck";"terminated";2001;"2019-02-10"
6900;"energy";"gas";9100;9120;"2018-11-16";"2019-02-01";"";"";"";"Düsseldorf";"indelivery";2000;"2020-08-22"
6901;"energy";"electricity";2700;2736;"2020-03-09";"2020-07-01";"";"";"";"Hamburg";"indelivery";1000;"2020-06-10"
6902;"energy";"electricity";2000;1988;"2019-05-29";"2019-09-01";"";"";"";"Berlin";"indelivery";1002;"2019-09-19"
6903;"energy";"electricity";2800;2738;"2020-08-05";"2021-06-01";"";"";"";"Berlin";"active";1000;"2020-08-16"
6904;"energy";"electricity";2100;2153;"2020-08-11";"2021-04-01";"";"";"";"Kassel";"active";1000;"2020-08-15"
6905;"energy";"gas";9500;10046;"2019-05-06";"2019-08-01";"";"";"";"Duisburg";"indelivery";2000;"2019-06-02"
6906;"energy";"electricity";2900;2750;"2019-09-25";"2020-05-01";"";"";"";"Marienberg";"indelivery";1002;"2020-08-19"
6907;"energy";"electricity";2000;2018;"2020-01-28";"2020-10-01";"";"";"";"Cologne";"indelivery";1002;"2020-03-12"
6908;"energy";"electricity";2900;2992;"2019-05-08";"2020-01-01";"";"";"";"Hannover";"indelivery";1000;"2019-11-04"
6909;"energy";"electricity";2700;2615;"2018-06-28";"2018-07-01";"2020-11-30";"2020-11-01";"fristgerecht durch LichtBlick";"Cologne";"cancelled";1002;"2020-01-17"
6910;"energy";"gas";9200;9821;"2020-05-13";"2020-06-01";"";"";"";"Hamburg";"indelivery";2000;"2020-05-18"
6911;"energy";"electricity";2400;2274;"2020-05-26";"2020-10-01";"";"";"";"Munich";"indelivery";1000;"2020-09-28"
6912;"energy";"electricity";2100;2146;"2020-01-07";"2020-04-01";"2020-11-30";"2020-10-30";"Umzug";"Hannover";"cancelled";1001;"2020-05-18"
6913;"energy";"electricity";2200;2177;"2019-01-22";"2019-05-01";"";"";"";"Marienberg";"indelivery";1001;"2020-07-01"
6914;"energy";"electricity";2800;2773;"2020-09-29";"2021-01-01";"";"";"";"Munich";"active";1002;"2020-09-29"
6915;"energy";"electricity";2200;2243;"2020-05-30";"2020-07-01";"";"";"";"Munich";"indelivery";1000;"2020-09-07"
6916;"energy";"gas";9200;9248;"2019-09-17";"2020-01-01";"";"";"";"Bielefeld";"indelivery";2001;"2019-10-20"
6917;"energy";"electricity";2100;2156;"2020-06-13";"2020-12-01";"";"";"";"Berlin";"active";1002;"2020-08-17"
6918;"energy";"electricity";3000;2992;"2018-04-19";"2018-10-01";"";"";"";"Hanau";"indelivery";1001;"2020-06-19"
6919;"energy";"gas";8300;8677;"2019-08-29";"2020-03-01";"";"";"";"Marienberg";"indelivery";2001;"2020-07-31"
6920;"energy";"electricity";2200;2158;"2019-07-06";"2019-09-01";"";"";"";"Berlin";"indelivery";1000;"2019-10-10"
6921;"energy";"electricity";2500;2399;"2019-03-13";"2019-08-01";"";"";"";"Berlin";"indelivery";1001;"2019-05-06"
6922;"energy";"electricity";2600;2535;"2019-09-15";"2020-03-01";"";"";"";"Magdeburg";"indelivery";1001;"2019-10-25"
6923;"energy";"electricity";2700;2638;"2018-03-07";"2018-06-01";"2020-02-29";"2020-01-31";"Umzug";"Berlin";"terminated";1000;"2019-06-23"
6924;"energy";"electricity";2200;2119;"2019-06-24";"2019-09-01";"";"";"";"Frankfurt";"indelivery";1001;"2020-01-11"
6925;"energy";"electricity";2500;2707;"2019-02-15";"2019-07-01";"";"";"";"Duisburg";"indelivery";1000;"2019-06-07"
6926;"energy";"electricity";2500;2601;"2019-07-23";"2019-10-01";"";"";"";"Heppenheim";"indelivery";1002;"2019-08-08"
6927;"energy";"electricity";2200;2138;"2018-03-09";"2018-10-01";"2018-10-01";"2020-08-28";"Wiederruf";"Bielefeld";"terminated";1000;"2018-06-23"
6928;"energy";"electricity";1900;1828;"2020-05-18";"2020-08-01";"";"";"";"Berlin";"indelivery";1002;"2020-06-10"
6929;"energy";"electricity";2800;2818;"2020-01-31";"2020-04-01";"";"";"";"Altchemnitz";"indelivery";1002;"2020-06-20"
6930;"energy";"gas";11200;10809;"2020-03-12";"2020-08-01";"";"";"";"Osnabrück";"indelivery";2000;"2020-06-02"
6931;"energy";"electricity";3000;2992;"2019-07-29";"2020-08-01";"";"";"";"Braunschweig";"indelivery";1000;"2019-11-08"
6932;"energy";"electricity";2700;2724;"2019-05-29";"2019-07-01";"2020-01-31";"2019-12-28";"fristgerecht durch Kunde";"Cologne";"terminated";1001;"2019-12-28"
6933;"energy";"electricity";2200;2341;"2020-06-03";"2021-03-01";"";"";"";"Bielefeld";"active";1001;"2020-08-30"
6934;"energy";"electricity";2600;2523;"2019-04-28";"2019-11-01";"";"";"";"Leipzig";"indelivery";1002;"2019-08-26"
6935;"energy";"electricity";2100;2032;"2020-02-05";"2020-07-01";"";"";"";"Ulm";"indelivery";1002;"2020-05-27"
6936;"energy";"electricity";2300;2260;"2019-08-07";"2019-12-01";"";"";"";"Marienberg";"indelivery";1001;"2019-09-24"
6937;"energy";"electricity";2200;2236;"2019-07-03";"2019-09-01";"2020-08-31";"2020-07-29";"fristgerecht durch Kunde";"Munich";"terminated";1001;"2020-03-30"
6938;"energy";"gas";10700;10579;"2018-12-29";"2019-02-01";"";"";"";"Karlsruhe";"indelivery";2000;"2020-06-29"
6939;"energy";"electricity";2300;2390;"2020-01-07";"2020-02-01";"";"";"";"Kiel";"indelivery";1000;"2020-02-28"
6940;"energy";"electricity";2900;3025;"2020-06-27";"2020-07-01";"";"";"";"Leipzig";"indelivery";1001;"2020-09-13"
6941;"energy";"electricity";2000;1954;"2019-03-12";"2019-08-01";"2020-05-31";"2020-04-27";"fristgerecht durch Kunde";"Hamburg";"terminated";1000;"2019-04-23"
6942;"energy";"electricity";2200;"";"2019-03-19";"2019-05-01";"2020-11-30";"2020-10-29";"Umzug";"Berlin";"cancelled";1000;"2020-03-14"
6943;"energy";"electricity";2600;2662;"2020-01-03";"2020-02-01";"";"";"";"Dortmund";"indelivery";1002;"2020-08-13"
6944;"energy";"electricity";2800;"";"2020-05-24";"2020-10-01";"";"";"";"Berlin";"indelivery";1002;"2020-08-08"
6945;"energy";"electricity";2900;2849;"2019-12-05";"2020-05-01";"";"";"";"Gera";"indelivery";1001;"2020-07-02"
6946;"energy";"gas";8500;8631;"2019-12-03";"2020-05-01";"";"";"";"Cologne";"indelivery";2000;"2020-07-21"
6947;"energy";"electricity";2800;2779;"2019-12-07";"2020-07-01";"";"";"";"Stuttgart";"indelivery";1002;"2020-05-04"
6948;"energy";"gas";8300;8873;"2020-06-25";"2020-08-01";"";"";"";"Cologne";"indelivery";2001;"2020-09-24"
6949;"energy";"gas";9800;9358;"2020-06-18";"2021-12-01";"";"";"";"Itzehoe";"active";2001;"2020-08-25"
6950;"energy";"electricity";2400;2415;"2019-02-09";"2019-03-01";"";"";"";"Cologne";"indelivery";1001;"2020-02-12"
6951;"energy";"electricity";2700;2892;"2020-04-25";"2021-01-01";"";"";"";"Hamburg";"active";1002;"2020-09-14"
6952;"energy";"electricity";2700;2830;"2018-10-04";"2019-01-01";"";"";"";"Augsburg";"indelivery";1000;"2019-06-12"
6953;"energy";"electricity";2900;2899;"2020-06-05";"2020-12-01";"";"";"";"Schleiz";"active";1001;"2020-07-25"
6954;"energy";"electricity";2100;2194;"2018-06-15";"2018-09-01";"";"";"";"Essen";"indelivery";1001;"2020-02-15"
6955;"energy";"electricity";2500;2498;"2019-02-01";"2019-07-01";"2019-09-30";"2019-09-01";"fristgerecht durch LichtBlick";"Stuttgart";"terminated";1001;"2019-07-24"
6956;"energy";"electricity";3000;3142;"2018-11-29";"2018-12-01";"";"";"";"Duisburg";"indelivery";1002;"2019-06-15"
6957;"energy";"electricity";2600;2766;"2020-09-03";"2020-11-01";"";"";"";"Lübeck";"active";1001;"2020-09-09"
6958;"energy";"electricity";2400;2539;"2018-09-17";"2018-10-01";"";"";"";"Frankfurt";"indelivery";1001;"2018-11-10"
6959;"energy";"electricity";2900;3166;"2018-04-29";"2018-06-01";"";"";"";"Essen";"indelivery";1001;"2019-11-29"
6960;"energy";"electricity";2900;3083;"2018-04-10";"2018-07-01";"2020-01-31";"2020-01-01";"fristgerecht durch Kunde";"Mannheim";"terminated";1001;"2018-11-02"
6961;"energy";"electricity";2500;2385;"2019-05-03";"2019-07-01";"";"";"";"Dresden";"indelivery";1002;"2020-01-20"
6962;"energy";"electricity";2300;2270;"2018-07-12";"2018-11-01";"2019-09-30";"2019-08-31";"fristgerecht durch LichtBlick";"Hamburg";"terminated";1000;"2019-08-31"
6963;"energy";"gas";10500;10165;"2019-11-01";"2019-12-01";"2020-02-29";"2020-02-01";"Umzug";"Stuttgart";"terminated";2001;"2019-12-18"
6964;"energy";"electricity";2600;2764;"2018-08-29";"2018-11-01";"";"";"";"Augsburg";"indelivery";1001;"2019-12-10"
6965;"energy";"electricity";2600;2581;"2019-12-23";"2020-03-01";"";"";"";"Osnabrück";"indelivery";1002;"2020-01-15"
6966;"energy";"electricity";2900;3147;"2018-11-23";"2019-03-01";"2020-04-30";"2020-04-02";"Umzug";"Duisburg";"terminated";1002;"2019-10-13"
6967;"energy";"electricity";2200;2309;"2020-01-14";"2021-02-01";"";"";"";"Munich";"active";1000;"2020-07-23"
6968;"energy";"electricity";2100;"";"2019-01-28";"2019-02-01";"";"";"";"Düsseldorf";"indelivery";1002;"2019-05-07"
6969;"energy";"electricity";2700;2617;"2020-03-18";"2020-05-01";"";"";"";"Berlin";"indelivery";1000;"2020-08-13"
6970;"energy";"electricity";2500;"";"2019-08-11";"2020-05-01";"";"";"";"Munich";"indelivery";1000;"2019-10-23"
6971;"energy";"electricity";2600;2770;"2019-08-14";"2020-08-01";"2020-09-30";"2020-08-27";"fristgerecht durch Kunde";"Wuppertal";"terminated";1000;"2020-04-04"
6972;"energy";"electricity";2700;2644;"2019-01-30";"2019-03-01";"";"";"";"Dortmund";"indelivery";1001;"2019-07-29"
6973;"energy";"electricity";2000;2104;"2019-01-25";"2019-06-01";"2020-05-31";"2020-04-30";"Umzug";"Cologne";"terminated";1000;"2019-01-25"
6974;"energy";"electricity";2300;2233;"2019-01-18";"2019-03-01";"2019-04-30";"2019-04-02";"fristgerecht durch LichtBlick";"Altchemnitz";"terminated";1000;"2019-04-02"
6975;"energy";"electricity";2000;2126;"2019-02-06";"2019-05-01";"";"";"";"Wiesbaden";"indelivery";1000;"2019-07-28"
6976;"energy";"electricity";2900;2846;"2019-05-17";"2019-07-01";"";"";"";"Dortmund";"indelivery";1000;"2020-07-16"
6977;"energy";"electricity";2500;"";"2020-04-05";"2021-07-01";"";"";"";"Essen";"active";1001;"2020-05-20"
6978;"energy";"electricity";2700;2821;"2018-07-22";"2018-09-01";"";"";"";"Marienberg";"indelivery";1001;"2020-04-01"
6979;"energy";"electricity";2800;2713;"2019-10-12";"2019-12-01";"";"";"";"Berlin";"indelivery";1000;"2019-11-29"
6980;"energy";"electricity";2500;"";"2019-07-21";"2019-09-01";"";"";"";"Berlin";"indelivery";1002;"2020-06-07"
6981;"energy";"electricity";2300;2268;"2020-03-05";"2020-07-01";"";"";"";"Mainz";"indelivery";1002;"2020-06-08"
6982;"energy";"electricity";2900;3065;"2018-07-29";"2019-07-01";"";"";"";"Augsburg";"indelivery";1001;"2018-10-16"
6983;"energy";"electricity";2500;2680;"2020-03-23";"2020-08-01";"";"";"";"Bremen";"indelivery";1002;"2020-08-26"
6984;"energy";"electricity";2000;1893;"2018-10-12";"2018-12-01";"";"";"";"Hamburg";"indelivery";1000;"2020-07-21"
6985;"energy";"electricity";2100;2027;"2020-05-24";"2020-08-01";"";"";"";"Würzburg";"indelivery";1000;"2020-09-21"
6986;"energy";"gas";10600;11306;"2019-08-13";"2020-03-01";"";"";"";"Berlin";"indelivery";2001;"2020-04-24"
6987;"energy";"electricity";2000;2190;"2019-01-26";"2019-05-01";"2020-12-31";"2020-12-03";"fristgerecht durch Kunde";"Gießen";"cancelled";1002;"2020-08-09"
6988;"energy";"electricity";2800;2919;"2019-11-21";"2019-12-01";"";"";"";"Leipzig";"indelivery";1001;"2020-02-27"
6989;"energy";"electricity";2600;2602;"2020-05-09";"2020-06-01";"";"";"";"Berlin";"indelivery";1001;"2020-06-15"
6990;"energy";"electricity";2700;2887;"2018-02-21";"2018-04-01";"2018-10-31";"2018-10-01";"fristgerecht durch LichtBlick";"Bremen";"terminated";1002;"2018-04-27"
6991;"energy";"electricity";2800;2719;"2018-10-05";"2019-02-01";"";"";"";"Frankfurt";"indelivery";1002;"2019-05-20"
6992;"energy";"electricity";2000;2132;"2018-06-25";"2018-11-01";"";"";"";"Hamburg";"indelivery";1002;"2019-02-14"
6993;"energy";"electricity";2400;2463;"2018-02-09";"2018-08-01";"2019-12-31";"2019-12-02";"fristgerecht durch LichtBlick";"Magdeburg";"terminated";1001;"2018-08-23"
6994;"energy";"electricity";1900;1960;"2020-08-31";"2020-09-01";"";"";"";"Stuttgart";"indelivery";1002;"2020-09-13"
6995;"energy";"electricity";2100;2183;"2019-12-15";"2020-02-01";"";"";"";"Karlsruhe";"indelivery";1001;"2020-07-05"
6996;"energy";"electricity";2900;"";"2020-02-25";"2020-03-01";"";"";"";"Marienberg";"indelivery";1000;"2020-09-28"
6997;"energy";"electricity";2900;2792;"2019-10-22";"2019-12-01";"";"";"";"Essen";"indelivery";1001;"2020-06-18"
6998;"energy";"electricity";2400;2329;"2020-05-07";"2020-12-01";"";"";"";"Bonn";"active";1001;"2020-09-05"
6999;"energy";"electricity";2600;"";"2020-09-08";"2021-02-01";"";"";"";"Stralsund";"active";1002;"2020-09-27"
7000;"energy";"electricity";1900;1966;"2020-07-08";"2020-09-01";"";"";"";"Berlin";"indelivery";1002;"2020-08-02"
7001;"energy";"electricity";3000;3060;"2018-10-28";"2018-12-01";"";"";"";"Flensburg";"indelivery";1002;"2019-07-03"
7002;"energy";"electricity";2300;2467;"2020-03-28";"2021-03-01";"";"";"";"Hamburg";"active";1002;"2020-08-24"
7003;"energy";"electricity";3000;2827;"2019-11-15";"2019-12-01";"";"";"";"Bonn";"indelivery";1001;"2020-02-02"
7004;"energy";"electricity";2300;2415;"2019-03-05";"2019-06-01";"";"";"";"Braunschweig";"indelivery";1002;"2020-07-23"
7005;"energy";"electricity";2500;2401;"2018-06-30";"2018-12-01";"2019-09-30";"2019-08-27";"fristgerecht durch Kunde";"Munich";"terminated";1002;"2019-06-30"
7006;"energy";"electricity";2000;2177;"2018-01-12";"2019-05-01";"2020-01-31";"2020-01-03";"fristgerecht durch Kunde";"Hamburg";"terminated";1002;"2019-06-21"
7007;"energy";"electricity";2300;2414;"2019-10-08";"2020-01-01";"";"";"";"Berlin";"indelivery";1000;"2019-10-29"
7008;"energy";"electricity";2900;3085;"2019-01-04";"2019-04-01";"";"";"";"Marienberg";"indelivery";1002;"2019-06-05"
7009;"energy";"electricity";2300;"";"2018-11-29";"2019-06-01";"";"";"";"Berlin";"indelivery";1002;"2019-05-06"
7010;"energy";"electricity";2500;2627;"2019-10-14";"2020-03-01";"";"";"";"Leipzig";"indelivery";1001;"2020-02-04"
7011;"energy";"gas";8200;8355;"2019-08-30";"2019-12-01";"";"";"";"Karlsruhe";"indelivery";2000;"2020-02-25"
7012;"energy";"electricity";2700;2753;"2018-07-18";"2018-09-01";"";"";"";"Braunschweig";"indelivery";1001;"2020-03-12"
7013;"energy";"electricity";2300;2203;"2018-12-11";"2019-08-01";"";"";"";"Munich";"indelivery";1001;"2019-06-29"
7014;"energy";"electricity";2900;2963;"2020-01-28";"2020-04-01";"";"";"";"Berlin";"indelivery";1000;"2020-03-03"
7015;"energy";"electricity";2600;"";"2018-09-16";"2018-11-01";"";"";"";"Hamburg";"indelivery";1000;"2020-06-05"
7016;"energy";"electricity";2300;2366;"2020-04-22";"2020-06-01";"";"";"";"Marienberg";"indelivery";1002;"2020-07-26"
7017;"energy";"electricity";2200;2220;"2018-01-24";"2018-04-01";"";"";"";"Altchemnitz";"indelivery";1002;"2020-08-17"
7018;"energy";"gas";10600;10637;"2018-11-29";"2019-05-01";"";"";"";"Berlin";"indelivery";2001;"2020-02-14"
7019;"energy";"electricity";2900;2817;"2018-09-22";"2019-02-01";"2019-02-01";"2020-06-29";"Wiederruf";"Mannheim";"terminated";1002;"2019-05-22"
7020;"energy";"electricity";2300;2403;"2020-06-05";"2021-01-01";"";"";"";"Fürth";"active";1001;"2020-06-24"
7021;"energy";"electricity";2800;2897;"2018-04-30";"2018-06-01";"";"";"";"Hamburg";"indelivery";1002;"2018-11-24"
7022;"energy";"electricity";2400;2364;"2018-10-24";"2018-11-01";"2020-07-31";"2020-06-28";"fristgerecht durch Kunde";"Berlin";"terminated";1002;"2020-06-28"
7023;"energy";"electricity";2200;2356;"2019-08-06";"2019-11-01";"";"";"";"Rostock";"indelivery";1000;"2020-06-28"
7024;"energy";"gas";11100;11268;"2018-05-18";"2018-06-01";"2019-07-31";"2019-07-03";"fristgerecht durch LichtBlick";"Hamburg";"terminated";2001;"2018-05-30"
7025;"energy";"electricity";2400;2445;"2019-11-12";"2020-03-01";"";"";"";"Hamburg";"indelivery";1002;"2019-11-13"
7026;"energy";"gas";11700;"";"2019-12-03";"2020-04-01";"";"";"";"Mainz";"indelivery";2000;"2020-08-09"
7027;"energy";"electricity";2200;2169;"2019-09-11";"2020-04-01";"";"";"";"Hamburg";"indelivery";1002;"2020-07-18"
7028;"energy";"electricity";2900;"";"2019-11-06";"2020-02-01";"";"";"";"Dortmund";"indelivery";1001;"2020-06-25"
7029;"energy";"electricity";2600;2585;"2019-03-23";"2019-05-01";"2020-05-31";"2020-04-30";"fristgerecht durch LichtBlick";"Hamburg";"terminated";1002;"2019-08-30"
7030;"energy";"electricity";2800;3038;"2020-09-03";"2021-05-01";"";"";"";"Göttingen";"active";1001;"2020-09-05"
7031;"energy";"electricity";2100;2203;"2020-07-28";"2020-09-01";"";"";"";"Bremen";"indelivery";1000;"2020-09-01"
7032;"energy";"electricity";2900;2995;"2018-08-18";"2018-10-01";"";"";"";"Hannover";"indelivery";1002;"2020-09-03"
7033;"energy";"electricity";2600;2533;"2018-07-11";"2018-12-01";"2020-11-30";"2020-10-28";"fristgerecht durch LichtBlick";"Potsdam";"cancelled";1000;"2019-10-22"
7034;"energy";"electricity";2400;2354;"2018-11-22";"2019-03-01";"";"";"";"Berlin";"indelivery";1002;"2020-08-13"
7035;"energy";"electricity";2800;2900;"2020-01-16";"2021-07-01";"";"";"";"Düsseldorf";"active";1001;"2020-02-28"
7036;"energy";"electricity";2600;2579;"2020-08-04";"2021-01-01";"";"";"";"Heidelberg";"active";1001;"2020-08-13"
7037;"energy";"electricity";2700;2591;"2018-02-14";"2018-10-01";"";"";"";"Düsseldorf";"indelivery";1000;"2018-10-13"
7038;"energy";"electricity";2800;2872;"2019-07-27";"2020-03-01";"2020-10-31";"2020-10-03";"fristgerecht durch Kunde";"Wuppertal";"cancelled";1001;"2019-11-12"
7039;"energy";"electricity";2800;2845;"2018-12-28";"2019-09-01";"";"";"";"Berlin";"indelivery";1001;"2020-08-27"
7040;"energy";"electricity";2900;"";"2018-01-03";"2018-03-01";"";"";"";"Mannheim";"indelivery";1001;"2018-02-24"
7041;"energy";"electricity";2200;2330;"2019-05-30";"2019-12-01";"";"";"";"Erfurt";"indelivery";1001;"2020-01-12"
7042;"energy";"gas";8900;9118;"2019-01-18";"2019-06-01";"2019-06-01";"2020-09-01";"Wiederruf";"Bremen";"terminated";2001;"2020-04-30"
7043;"energy";"electricity";2600;2764;"2018-12-24";"2019-01-01";"";"";"";"Bad Tölz";"indelivery";1001;"2020-02-01"
7044;"energy";"gas";8400;8142;"2019-07-03";"2019-11-01";"2020-11-30";"2020-10-29";"fristgerecht durch Kunde";"Berlin";"cancelled";2000;"2020-03-09"
7045;"energy";"electricity";2000;2192;"2019-11-14";"2020-01-01";"";"";"";"Berlin";"indelivery";1002;"2020-08-28"
7046;"energy";"electricity";2400;2577;"2018-12-21";"2019-08-01";"";"";"";"Düsseldorf";"indelivery";1001;"2019-01-11"
7047;"energy";"electricity";2300;"";"2019-06-29";"2019-12-01";"";"";"";"Berlin";"indelivery";1002;"2020-07-11"
7048;"energy";"electricity";3000;3133;"2019-10-29";"2020-03-01";"";"";"";"Leipzig";"indelivery";1001;"2020-02-04"
7049;"energy";"electricity";2300;2383;"2018-11-05";"2018-12-01";"";"";"";"Duisburg";"indelivery";1001;"2020-02-07"
7050;"energy";"electricity";2400;2374;"2019-06-27";"2019-10-01";"";"";"";"Duisburg";"indelivery";1001;"2020-01-05"
7051;"energy";"electricity";2100;2229;"2020-05-08";"2020-10-01";"";"";"";"Hamburg";"indelivery";1000;"2020-08-31"
7052;"energy";"electricity";2400;2323;"2020-05-31";"2020-06-01";"2020-10-31";"2020-10-01";"fristgerecht durch LichtBlick";"Berlin";"cancelled";1000;"2020-07-15"
7053;"energy";"gas";10700;11348;"2018-04-02";"2018-07-01";"2020-10-31";"2020-10-01";"fristgerecht durch LichtBlick";"Saarbrücken";"cancelled";2001;"2020-06-15"
7054;"energy";"electricity";2000;1981;"2018-05-18";"2018-10-01";"2019-02-28";"2019-01-31";"fristgerecht durch Kunde";"Munich";"terminated";1000;"2019-01-31"
7055;"energy";"gas";9600;"";"2018-05-28";"2019-04-01";"2019-10-31";"2019-10-03";"Umzug";"Munich";"terminated";2001;"2019-10-03"
7056;"energy";"gas";10100;"";"2019-02-07";"2019-03-01";"";"";"";"Coburg";"indelivery";2001;"2019-04-25"
7057;"energy";"electricity";2400;2275;"2019-12-16";"2020-08-01";"";"";"";"Berlin";"indelivery";1000;"2020-09-29"
7058;"energy";"electricity";2300;2280;"2019-09-16";"2020-02-01";"";"";"";"Flensburg";"indelivery";1000;"2019-12-08"
7059;"energy";"electricity";2300;2450;"2018-03-18";"2018-05-01";"";"";"";"Neuss";"indelivery";1001;"2019-12-08"
7060;"energy";"electricity";2700;2840;"2020-07-02";"2020-08-01";"";"";"";"Munich";"indelivery";1001;"2020-07-23"
7061;"energy";"electricity";2200;2206;"2020-08-01";"2020-10-01";"";"";"";"Saarbrücken";"indelivery";1001;"2020-08-13"
7062;"energy";"gas";10400;9949;"2018-05-09";"2018-10-01";"";"";"";"Hannover";"indelivery";2000;"2019-05-21"
7063;"energy";"electricity";2700;2761;"2018-03-30";"2018-06-01";"";"";"";"Wiesbaden";"indelivery";1002;"2019-11-04"
7064;"energy";"electricity";2400;2636;"2019-07-07";"2019-09-01";"";"";"";"Freiburg";"indelivery";1002;"2019-10-16"
7065;"energy";"electricity";2800;2747;"2019-04-11";"2019-07-01";"";"";"";"Magdeburg";"indelivery";1001;"2019-04-22"
7066;"energy";"electricity";2800;2886;"2020-06-22";"2020-08-01";"";"";"";"Essen";"indelivery";1001;"2020-08-21"
7067;"energy";"electricity";2300;2271;"2018-03-30";"2018-05-01";"";"";"";"Stuttgart";"indelivery";1001;"2019-09-02"
7068;"energy";"electricity";2700;2718;"2018-02-02";"2018-06-01";"";"";"";"Berlin";"indelivery";1002;"2020-01-08"
7069;"energy";"electricity";2900;3066;"2019-01-30";"2019-05-01";"2019-10-31";"2019-09-28";"fristgerecht durch LichtBlick";"Essen";"terminated";1000;"2019-09-28"
7070;"energy";"electricity";2500;2614;"2019-11-26";"2020-02-01";"";"";"";"Saarbrücken";"indelivery";1000;"2020-01-11"
7071;"energy";"electricity";2400;2534;"2019-04-19";"2019-08-01";"2020-03-31";"2020-03-02";"fristgerecht durch Kunde";"Stuttgart";"terminated";1002;"2019-09-05"
7072;"energy";"electricity";2900;2766;"2018-07-23";"2018-09-01";"2019-03-31";"2019-02-28";"fristgerecht durch Kunde";"Stuttgart";"terminated";1002;"2019-02-28"
7073;"energy";"electricity";2400;"";"2020-08-12";"2020-09-01";"";"";"";"Karlsruhe";"indelivery";1002;"2020-09-14"
7074;"energy";"electricity";2500;"";"2019-08-03";"2019-10-01";"";"";"";"Berlin";"indelivery";1001;"2020-06-13"
7075;"energy";"electricity";3000;2838;"2020-02-15";"2020-05-01";"";"";"";"Rostock";"indelivery";1000;"2020-07-07"
7076;"energy";"electricity";2700;2890;"2020-03-06";"2020-05-01";"";"";"";"Bremen";"indelivery";1002;"2020-09-16"
7077;"energy";"electricity";2700;2922;"2020-03-17";"2021-02-01";"";"";"";"Berlin";"active";1000;"2020-04-04"
7078;"energy";"electricity";2500;2538;"2018-02-02";"2018-08-01";"";"";"";"Frankfurt";"indelivery";1002;"2018-06-30"
7079;"energy";"electricity";2700;2684;"2020-03-21";"2020-12-01";"";"";"";"Berlin";"active";1000;"2020-06-24"
7080;"energy";"electricity";2500;2559;"2018-01-08";"2018-04-01";"2019-04-30";"2019-03-31";"fristgerecht durch Kunde";"Kiel";"terminated";1000;"2019-03-31"
7081;"energy";"electricity";2600;2842;"2018-04-04";"2019-02-01";"";"";"";"Bielefeld";"indelivery";1000;"2019-03-20"
7082;"energy";"electricity";2000;2117;"2019-12-02";"2020-01-01";"";"";"";"Hamburg";"indelivery";1000;"2020-06-08"
7083;"energy";"electricity";2200;"";"2020-01-04";"2020-02-01";"";"";"";"Hannover";"indelivery";1001;"2020-06-12"
7084;"energy";"electricity";2400;2370;"2020-02-23";"2020-05-01";"2020-05-01";"2020-10-03";"Wiederruf";"Dortmund";"terminated";1001;"2020-08-18"
7085;"energy";"electricity";2100;2199;"2019-03-05";"2019-05-01";"";"";"";"Dortmund";"indelivery";1001;"2020-02-25"
7086;"energy";"electricity";2000;"";"2020-09-13";"2020-12-01";"";"";"";"Wiesbaden";"active";1000;"2020-09-24"
7087;"energy";"electricity";2900;2910;"2018-09-20";"2018-10-01";"2020-11-30";"2020-10-31";"fristgerecht durch LichtBlick";"Stuttgart";"cancelled";1000;"2019-07-26"
7088;"energy";"electricity";2600;2710;"2018-10-04";"2019-01-01";"";"";"";"Berlin";"indelivery";1001;"2019-08-16"
7089;"energy";"electricity";1900;1847;"2018-08-20";"2018-10-01";"";"";"";"Frankfurt";"indelivery";1000;"2020-04-05"
7090;"energy";"electricity";2400;2479;"2018-05-28";"2018-07-01";"";"";"";"Munich";"indelivery";1002;"2018-11-29"
7091;"energy";"electricity";2500;2377;"2018-11-21";"2019-04-01";"2019-09-30";"2019-08-28";"fristgerecht durch Kunde";"Berlin";"terminated";1001;"2019-08-28"
7092;"energy";"electricity";2100;2111;"2019-06-26";"2019-07-01";"";"";"";"Heidelberg";"indelivery";1000;"2020-07-25"
7093;"energy";"electricity";2800;2910;"2019-02-23";"2019-03-01";"";"";"";"Erfurt";"indelivery";1002;"2019-04-26"
7094;"energy";"electricity";2700;2600;"2019-11-15";"2020-05-01";"";"";"";"Berlin";"indelivery";1000;"2020-02-07"
7095;"energy";"gas";9400;9665;"2019-12-06";"2020-06-01";"";"";"";"Osnabrück";"indelivery";2000;"2020-07-28"
7096;"energy";"electricity";2100;2167;"2019-06-02";"2019-08-01";"";"";"";"Fürth";"indelivery";1002;"2020-02-24"
7097;"energy";"gas";9800;9721;"2020-08-02";"2021-03-01";"";"";"";"Kiel";"active";2000;"2020-09-26"
7098;"energy";"electricity";2600;2607;"2018-01-12";"2018-07-01";"";"";"";"Celle";"indelivery";1002;"2019-02-19"
7099;"energy";"electricity";2200;2293;"2018-04-10";"2018-08-01";"";"";"";"Frankfurt";"indelivery";1001;"2018-04-12"
7100;"energy";"electricity";2200;"";"2018-03-26";"2019-02-01";"";"";"";"Dresden";"indelivery";1002;"2019-07-24"
7101;"energy";"electricity";2600;2649;"2019-03-20";"2019-04-01";"";"";"";"Braunschweig";"indelivery";1000;"2020-01-25"
7102;"energy";"gas";7500;7846;"2018-04-05";"2018-07-01";"";"";"";"Berlin";"indelivery";2001;"2018-11-23"
7103;"energy";"electricity";2500;2490;"2020-08-02";"2020-09-01";"";"";"";"Karlsruhe";"indelivery";1001;"2020-08-04"
7104;"energy";"electricity";2100;2107;"2019-03-28";"2019-10-01";"";"";"";"Altchemnitz";"indelivery";1001;"2020-06-01"
7105;"energy";"electricity";2700;2786;"2019-06-21";"2019-10-01";"";"";"";"Berlin";"indelivery";1002;"2020-07-03"
7106;"energy";"electricity";2700;2622;"2018-02-05";"2018-10-01";"";"";"";"Lübeck";"indelivery";1000;"2018-02-24"
7107;"energy";"electricity";2200;"";"2018-10-02";"2018-12-01";"2019-10-31";"2019-10-03";"fristgerecht durch Kunde";"Frankfurt";"terminated";1001;"2019-10-03"
7108;"energy";"electricity";2400;2271;"2018-02-28";"2018-05-01";"";"";"";"Hannover";"indelivery";1002;"2019-04-23"
7109;"energy";"gas";11900;12386;"2019-09-14";"2019-11-01";"";"";"";"Dresden";"indelivery";2000;"2020-09-27"
7110;"energy";"electricity";2400;2595;"2020-03-29";"2020-05-01";"";"";"";"Duisburg";"indelivery";1000;"2020-06-22"
7111;"energy";"electricity";2200;"";"2020-09-04";"2020-12-01";"";"";"";"Leipzig";"active";1001;"2020-09-14"
7112;"energy";"electricity";2900;3034;"2019-06-02";"2019-07-01";"";"";"";"Essen";"indelivery";1001;"2019-11-15"
7113;"energy";"electricity";2600;2483;"2018-08-26";"2018-11-01";"";"";"";"Leipzig";"indelivery";1001;"2019-08-16"
7114;"energy";"electricity";2600;"";"2019-04-25";"2019-06-01";"";"";"";"Altenburg";"indelivery";1000;"2020-07-06"
7115;"energy";"electricity";2600;2824;"2018-10-21";"2019-08-01";"";"";"";"Bonn";"indelivery";1002;"2020-08-18"
7116;"energy";"electricity";2400;2566;"2018-03-03";"2018-05-01";"2019-06-30";"2019-06-02";"Umzug";"Berlin";"terminated";1000;"2018-04-11"
7117;"energy";"gas";10100;9959;"2018-08-01";"2018-11-01";"";"";"";"Munich";"indelivery";2000;"2019-11-21"
7118;"energy";"electricity";2200;2363;"2020-07-12";"2020-09-01";"";"";"";"Kassel";"indelivery";1000;"2020-07-26"
7119;"energy";"electricity";2300;2326;"2020-06-25";"2020-07-01";"";"";"";"Jena";"indelivery";1002;"2020-07-30"
7120;"energy";"electricity";3000;3121;"2018-09-19";"2019-04-01";"";"";"";"Münster";"indelivery";1001;"2019-08-11"
7121;"energy";"electricity";2200;2309;"2018-07-09";"2018-10-01";"";"";"";"Hamburg";"indelivery";1002;"2019-10-30"
7122;"energy";"electricity";2200;2193;"2018-11-14";"2019-07-01";"";"";"";"Düsseldorf";"indelivery";1002;"2020-09-01"
7123;"energy";"electricity";2900;2857;"2018-09-22";"2018-10-01";"";"";"";"Hamburg";"indelivery";1001;"2018-12-08"
7124;"energy";"electricity";2800;2834;"2018-03-09";"2018-07-01";"";"";"";"Essen";"indelivery";1002;"2020-09-25"
7125;"energy";"gas";8600;8151;"2019-08-01";"2019-11-01";"";"";"";"Essen";"indelivery";2001;"2019-11-23"
7126;"energy";"electricity";2700;2737;"2018-01-10";"2018-05-01";"";"";"";"Berlin";"indelivery";1000;"2019-08-31"
7127;"energy";"gas";10000;9887;"2018-07-06";"2018-10-01";"";"";"";"Duisburg";"indelivery";2000;"2018-07-29"
7128;"energy";"electricity";2000;2199;"2020-09-12";"2021-04-01";"";"";"";"Mannheim";"active";1002;"2020-09-19"
7129;"energy";"electricity";3000;2941;"2019-08-29";"2020-02-01";"";"";"";"Wittlich";"indelivery";1001;"2020-08-14"
7130;"energy";"electricity";2100;"";"2018-10-04";"2019-02-01";"";"";"";"Mannheim";"indelivery";1001;"2019-09-13"
7131;"energy";"electricity";3000;3071;"2019-11-16";"2020-01-01";"";"";"";"Bonn";"indelivery";1001;"2020-07-04"
7132;"energy";"electricity";2100;2298;"2019-07-23";"2019-09-01";"";"";"";"Berlin";"indelivery";1001;"2020-06-04"
7133;"energy";"electricity";2100;2208;"2020-01-06";"2020-02-01";"";"";"";"Bremen";"indelivery";1002;"2020-02-12"
7134;"energy";"electricity";2500;2438;"2019-11-23";"2020-03-01";"";"";"";"Regensburg";"indelivery";1001;"2020-04-19"
7135;"energy";"gas";9600;10280;"2018-10-01";"2019-02-01";"";"";"";"Kaufbeuren";"indelivery";2000;"2018-10-26"
7136;"energy";"electricity";2200;2151;"2018-01-09";"2018-03-01";"";"";"";"Munich";"indelivery";1001;"2020-02-01"
7137;"energy";"gas";9000;8713;"2018-09-16";"2018-10-01";"";"";"";"Hamburg";"indelivery";2001;"2019-04-18"
7138;"energy";"gas";10000;10652;"2019-05-24";"2019-07-01";"";"";"";"Rendsburg";"indelivery";2001;"2020-09-14"
7139;"energy";"electricity";2400;2541;"2018-02-19";"2018-04-01";"2020-12-31";"2020-11-25";"fristgerecht durch Kunde";"Wuppertal";"cancelled";1002;"2018-09-30"
7140;"energy";"electricity";2600;2690;"2019-02-11";"2019-04-01";"";"";"";"Marienberg";"indelivery";1000;"2019-05-04"
7141;"energy";"electricity";2500;2686;"2019-10-07";"2020-03-01";"2020-06-30";"2020-05-31";"fristgerecht durch LichtBlick";"Bremen";"terminated";1000;"2019-12-05"
7142;"energy";"electricity";2600;2535;"2019-08-16";"2019-10-01";"";"";"";"Bremen";"indelivery";1002;"2019-08-27"
7143;"energy";"gas";9400;9847;"2020-06-18";"2020-08-01";"";"";"";"Berlin";"indelivery";2001;"2020-09-26"
7144;"energy";"gas";11200;11105;"2020-09-20";"2021-07-01";"";"";"";"Bonn";"active";2000;"2020-09-22"
7145;"energy";"gas";8300;8330;"2018-05-24";"2018-07-01";"";"";"";"Oldenburg";"indelivery";2000;"2020-03-30"
7146;"energy";"electricity";2100;2203;"2020-03-08";"2021-01-01";"";"";"";"Rosenheim";"active";1002;"2020-07-20"
7147;"energy";"electricity";2400;2334;"2019-10-27";"2019-12-01";"";"";"";"Marienberg";"indelivery";1000;"2020-07-12"
7148;"energy";"electricity";2600;2601;"2019-02-23";"2020-01-01";"";"";"";"Marienberg";"indelivery";1000;"2019-04-25"
7149;"energy";"gas";11700;11352;"2019-11-21";"2020-04-01";"";"";"";"Coesfeld";"indelivery";2000;"2020-09-19"
7150;"energy";"electricity";2400;2263;"2020-02-24";"2020-04-01";"";"";"";"Münster";"indelivery";1001;"2020-05-30"
7151;"energy";"electricity";2200;2294;"2018-09-08";"2019-04-01";"";"";"";"Stuttgart";"indelivery";1002;"2019-05-27"
7152;"energy";"electricity";2300;2425;"2018-09-12";"2018-10-01";"2019-11-30";"2019-10-31";"Umzug";"Stuttgart";"terminated";1000;"2019-10-31"
7153;"energy";"electricity";2300;2278;"2018-05-10";"2019-01-01";"";"";"";"Lübeck";"indelivery";1000;"2018-07-24"
7154;"energy";"electricity";2800;2892;"2020-08-04";"2021-04-01";"";"";"";"Wiesbaden";"active";1002;"2020-08-14"
7155;"energy";"electricity";2300;2440;"2019-01-14";"2019-08-01";"";"";"";"Dresden";"indelivery";1000;"2019-09-01"
7156;"energy";"electricity";2400;2575;"2019-11-07";"2019-12-01";"";"";"";"Essen";"indelivery";1002;"2020-08-07"
7157;"energy";"electricity";2900;2947;"2019-11-03";"2020-03-01";"";"";"";"Flensburg";"indelivery";1001;"2020-09-19"
7158;"energy";"electricity";2100;"";"2018-03-09";"2018-04-01";"";"";"";"Berlin";"indelivery";1002;"2018-07-29"
7159;"energy";"electricity";2900;3002;"2020-07-02";"2020-08-01";"";"";"";"Hofeck";"indelivery";1002;"2020-08-19"
7160;"energy";"electricity";2300;2324;"2018-06-28";"2019-03-01";"2020-04-30";"2020-03-28";"fristgerecht durch LichtBlick";"Stuttgart";"terminated";1001;"2019-05-14"
7161;"energy";"electricity";2100;2152;"2018-09-02";"2019-09-01";"2020-05-31";"2020-04-27";"Umzug";"Freiburg";"terminated";1000;"2019-08-07"
7162;"energy";"electricity";2700;2798;"2020-06-13";"2021-03-01";"";"";"";"Bremen";"active";1001;"2020-08-21"
7163;"energy";"electricity";2300;2408;"2020-01-15";"2020-07-01";"";"";"";"Munich";"indelivery";1002;"2020-02-14"
7164;"energy";"electricity";2500;"";"2020-02-12";"2020-06-01";"";"";"";"Münster";"indelivery";1002;"2020-09-29"
7165;"energy";"electricity";2400;2518;"2020-03-24";"2020-05-01";"";"";"";"Braunschweig";"indelivery";1000;"2020-08-10"
7166;"energy";"electricity";2100;2077;"2019-08-15";"2019-09-01";"";"";"";"Munich";"indelivery";1002;"2019-08-27"
7167;"energy";"electricity";2300;"";"2020-04-06";"2020-05-01";"";"";"";"Hamburg";"indelivery";1000;"2020-05-13"
7168;"energy";"electricity";2800;2656;"2019-10-26";"2019-11-01";"";"";"";"Hamburg";"indelivery";1001;"2020-07-24"
7169;"energy";"electricity";2800;2841;"2020-07-05";"2021-01-01";"";"";"";"Berlin";"active";1002;"2020-08-27"
7170;"energy";"electricity";2800;2931;"2019-08-07";"2019-10-01";"";"";"";"Potsdam";"indelivery";1000;"2019-11-15"
7171;"energy";"gas";10700;10750;"2020-08-08";"2021-02-01";"";"";"";"Duisburg";"active";2000;"2020-08-10"
7172;"energy";"electricity";2700;2927;"2019-01-29";"2019-07-01";"2020-06-30";"2020-05-28";"fristgerecht durch LichtBlick";"Essen";"terminated";1002;"2020-05-28"
7173;"energy";"electricity";2300;2385;"2018-03-17";"2019-07-01";"";"";"";"Hamburg";"indelivery";1002;"2020-02-20"
7174;"energy";"electricity";1900;2057;"2020-01-06";"2020-06-01";"";"";"";"Hamburg";"indelivery";1000;"2020-09-11"
7175;"energy";"electricity";2900;2956;"2019-01-21";"2019-02-01";"";"";"";"Berlin";"indelivery";1001;"2019-04-22"
7176;"energy";"electricity";2800;2896;"2020-04-16";"2020-09-01";"";"";"";"Freiburg";"indelivery";1001;"2020-07-03"
7177;"energy";"electricity";2900;2767;"2018-10-06";"2018-12-01";"";"";"";"Hamburg";"indelivery";1002;"2019-12-28"
7178;"energy";"electricity";2600;2677;"2020-06-28";"2020-08-01";"";"";"";"Merzig";"indelivery";1000;"2020-08-16"
7179;"energy";"electricity";2300;2441;"2020-09-11";"2021-02-01";"";"";"";"Bad Neustadt";"active";1000;"2020-09-29"
7180;"energy";"electricity";3000;"";"2020-08-15";"2020-12-01";"";"";"";"Mülheim";"active";1002;"2020-09-06"
7181;"energy";"electricity";2900;2936;"2018-02-06";"2018-06-01";"";"";"";"Bremerhaven";"indelivery";1001;"2019-02-20"
7182;"energy";"electricity";2500;2588;"2020-02-16";"2020-04-01";"";"";"";"Stuttgart";"indelivery";1000;"2020-05-15"
7183;"energy";"electricity";2500;2613;"2018-04-14";"2018-07-01";"2018-07-01";"2020-02-01";"Wiederruf";"Berlin";"terminated";1001;"2018-05-13"
7184;"energy";"gas";8300;8250;"2018-01-16";"2018-04-01";"2019-01-31";"2018-12-30";"Umzug";"Düsseldorf";"terminated";2001;"2018-12-30"
7185;"energy";"electricity";2700;2800;"2018-03-15";"2018-05-01";"";"";"";"Würzburg";"indelivery";1001;"2019-09-18"
7186;"energy";"electricity";2200;2246;"2019-03-05";"2019-04-01";"2019-04-01";"2020-01-30";"Wiederruf";"Cologne";"terminated";1000;"2019-04-18"
7187;"energy";"electricity";2500;2586;"2019-04-03";"2020-01-01";"";"";"";"Rostock";"indelivery";1000;"2019-12-19"
7188;"energy";"gas";10200;9943;"2019-07-02";"2019-10-01";"";"";"";"Hannover";"indelivery";2001;"2019-10-13"
7189;"energy";"electricity";2600;"";"2019-10-18";"2019-12-01";"";"";"";"Berlin";"indelivery";1000;"2019-11-29"
7190;"energy";"gas";9800;9454;"2020-04-15";"2021-03-01";"";"";"";"Düsseldorf";"active";2001;"2020-05-16"
7191;"energy";"gas";9300;9185;"2019-09-30";"2020-09-01";"";"";"";"Hannover";"indelivery";2000;"2020-08-23"
7192;"energy";"electricity";2000;2051;"2018-10-20";"2019-06-01";"";"";"";"Munich";"indelivery";1000;"2019-12-10"
7193;"energy";"electricity";2900;2999;"2018-03-09";"2018-05-01";"";"";"";"Bremen";"indelivery";1002;"2020-07-16"
7194;"energy";"gas";9200;9312;"2020-09-13";"2020-10-01";"";"";"";"Ulm";"indelivery";2000;"2020-09-18"
7195;"energy";"electricity";2600;2601;"2019-05-04";"2019-08-01";"";"";"";"Marienberg";"indelivery";1001;"2019-08-27"
7196;"energy";"electricity";2200;"";"2020-06-07";"2021-02-01";"";"";"";"Berlin";"active";1002;"2020-07-27"
7197;"energy";"electricity";2500;2373;"2018-06-27";"2018-10-01";"2019-05-31";"2019-05-03";"fristgerecht durch Kunde";"Bremen";"terminated";1000;"2019-05-03"
7198;"energy";"electricity";2200;"";"2020-03-30";"2020-05-01";"";"";"";"Lauf";"indelivery";1000;"2020-09-06"
7199;"energy";"electricity";2100;2221;"2019-04-07";"2019-07-01";"";"";"";"Frankfurt";"indelivery";1001;"2019-11-11"
7200;"energy";"electricity";2600;2771;"2019-04-20";"2019-06-01";"";"";"";"Dortmund";"indelivery";1000;"2020-06-07"
7201;"energy";"electricity";2300;2507;"2018-12-24";"2019-02-01";"2019-05-31";"2019-05-03";"fristgerecht durch Kunde";"Frankfurt";"terminated";1002;"2019-05-03"
7202;"energy";"electricity";2700;2863;"2019-07-18";"2020-05-01";"";"";"";"Emmendingen";"indelivery";1001;"2020-06-27"
7203;"energy";"electricity";2900;3120;"2018-10-04";"2018-12-01";"";"";"";"Düsseldorf";"indelivery";1001;"2020-03-18"
7204;"energy";"gas";8700;8317;"2019-11-01";"2020-03-01";"";"";"";"Dresden";"indelivery";2001;"2020-01-13"
7205;"energy";"electricity";2700;2748;"2018-01-16";"2018-04-01";"";"";"";"Jena";"indelivery";1001;"2019-05-03"
7206;"energy";"electricity";2000;2037;"2018-08-29";"2018-09-01";"2018-10-31";"2018-10-03";"fristgerecht durch Kunde";"Dortmund";"terminated";1000;"2018-10-03"
7207;"energy";"electricity";2700;2689;"2020-09-09";"2020-11-01";"";"";"";"Mainz";"active";1002;"2020-09-13"
7208;"energy";"gas";10400;10436;"2019-05-16";"2020-01-01";"";"";"";"Rostock";"indelivery";2000;"2019-06-23"
7209;"energy";"electricity";2700;2866;"2020-09-23";"2021-01-01";"";"";"";"Hamburg";"active";1001;"2020-09-26"
7210;"energy";"electricity";2500;2396;"2019-02-08";"2019-10-01";"";"";"";"Bad Reichenhall";"indelivery";1002;"2020-09-12"
7211;"energy";"gas";9100;9624;"2019-12-18";"2020-05-01";"2020-07-31";"2020-06-30";"fristgerecht durch Kunde";"Rosenheim";"terminated";2000;"2020-03-02"
7212;"energy";"gas";8900;9108;"2018-08-12";"2018-11-01";"";"";"";"Dresden";"indelivery";2001;"2018-11-02"
7213;"energy";"gas";8100;8610;"2019-05-11";"2019-06-01";"2019-06-01";"2019-12-03";"Wiederruf";"Karlsruhe";"terminated";2001;"2019-12-03"
7214;"energy";"electricity";2500;2634;"2018-05-03";"2018-07-01";"2019-06-30";"2019-06-01";"Umzug";"Dortmund";"terminated";1000;"2019-05-05"
7215;"energy";"gas";10300;10350;"2018-03-03";"2018-04-01";"";"";"";"Munich";"indelivery";2001;"2019-03-26"
7216;"energy";"electricity";2900;2918;"2020-07-14";"2020-09-01";"";"";"";"Duisburg";"indelivery";1002;"2020-09-18"
7217;"energy";"electricity";2200;2259;"2018-07-10";"2018-12-01";"2019-05-31";"2019-05-03";"fristgerecht durch LichtBlick";"Stuttgart";"terminated";1002;"2019-05-03"
7218;"energy";"gas";8500;"";"2020-06-28";"2020-08-01";"";"";"";"Augsburg";"indelivery";2001;"2020-07-20"
7219;"energy";"electricity";2500;2412;"2019-02-15";"2019-06-01";"";"";"";"Wiesbaden";"indelivery";1002;"2019-03-26"
7220;"energy";"electricity";2100;"";"2019-07-09";"2019-10-01";"2020-11-30";"2020-10-23";"fristgerecht durch LichtBlick";"Verden";"cancelled";1002;"2019-10-10"
7221;"energy";"electricity";2500;2415;"2020-05-16";"2020-09-01";"";"";"";"Berlin";"indelivery";1000;"2020-08-21"
7222;"energy";"electricity";2000;1995;"2019-06-02";"2020-01-01";"";"";"";"Berlin";"indelivery";1002;"2020-02-08"
7223;"energy";"electricity";2700;2751;"2018-02-07";"2018-04-01";"";"";"";"Leipzig";"indelivery";1000;"2020-08-23"
7224;"energy";"electricity";1900;1995;"2020-06-15";"2020-08-01";"";"";"";"Berlin";"indelivery";1002;"2020-09-25"
7225;"energy";"electricity";2300;2317;"2019-10-04";"2020-02-01";"";"";"";"Hamburg";"indelivery";1000;"2019-11-26"
7226;"energy";"electricity";2800;2773;"2020-04-19";"2020-10-01";"";"";"";"Karlsruhe";"indelivery";1000;"2020-07-25"
7227;"energy";"electricity";2700;2831;"2020-03-09";"2020-09-01";"";"";"";"Potsdam";"indelivery";1001;"2020-09-03"
7228;"energy";"electricity";2800;2909;"2019-06-01";"2020-05-01";"";"";"";"Stuttgart";"indelivery";1000;"2019-11-04"
7229;"energy";"electricity";2600;2561;"2018-05-14";"2018-07-01";"";"";"";"Berlin";"indelivery";1002;"2019-02-09"
7230;"energy";"electricity";2300;2228;"2018-09-06";"2018-11-01";"";"";"";"Bremen";"indelivery";1001;"2020-09-11"
7231;"energy";"electricity";2400;2402;"2020-04-13";"2021-02-01";"";"";"";"Berlin";"active";1001;"2020-08-05"
7232;"energy";"electricity";3000;3217;"2019-08-23";"2019-11-01";"";"";"";"Heidelberg";"indelivery";1001;"2019-09-23"
7233;"energy";"electricity";2900;2843;"2019-03-30";"2019-09-01";"2019-09-01";"2019-10-01";"Wiederruf";"Wittlich";"terminated";1000;"2019-06-26"
7234;"energy";"gas";11300;11760;"2019-11-07";"2019-12-01";"";"";"";"Schwerin";"indelivery";2001;"2019-12-08"
7235;"energy";"electricity";2000;2001;"2018-04-18";"2018-06-01";"2020-08-31";"2020-07-31";"fristgerecht durch Kunde";"Münster";"terminated";1002;"2020-07-24"
7236;"energy";"gas";11200;10783;"2020-04-30";"2020-11-01";"";"";"";"Munich";"active";2001;"2020-07-09"
7237;"energy";"gas";11200;11972;"2018-01-10";"2018-05-01";"2018-05-01";"2018-08-03";"Wiederruf";"Berlin";"terminated";2000;"2018-08-03"
7238;"energy";"electricity";2300;2494;"2020-01-30";"2020-07-01";"";"";"";"Würzburg";"indelivery";1001;"2020-05-22"
7239;"energy";"gas";8600;9201;"2019-01-23";"2019-07-01";"2020-01-31";"2019-12-31";"fristgerecht durch LichtBlick";"Berlin";"terminated";2000;"2019-08-17"
7240;"energy";"electricity";2400;2527;"2018-12-13";"2019-02-01";"";"";"";"Hamburg";"indelivery";1002;"2019-03-26"
7241;"energy";"electricity";2100;2094;"2020-05-06";"2020-07-01";"";"";"";"Munich";"indelivery";1001;"2020-07-09"
7242;"energy";"electricity";2400;2407;"2018-07-31";"2018-08-01";"2020-06-30";"2020-05-29";"fristgerecht durch Kunde";"Berlin";"terminated";1001;"2019-06-20"
7243;"energy";"electricity";3000;3186;"2019-07-13";"2020-01-01";"";"";"";"Münster";"indelivery";1002;"2020-06-01"
7244;"energy";"electricity";2400;2293;"2018-04-11";"2018-05-01";"2020-12-31";"2020-11-29";"Umzug";"Frankfurt";"cancelled";1001;"2020-02-11"
7245;"energy";"electricity";2100;2205;"2020-03-31";"2020-08-01";"";"";"";"Düsseldorf";"indelivery";1000;"2020-07-08"
7246;"energy";"electricity";2700;2598;"2018-03-03";"2018-05-01";"2018-05-01";"2019-03-31";"Wiederruf";"Regensburg";"terminated";1000;"2018-12-21"
7247;"energy";"gas";10200;10136;"2018-07-10";"2019-05-01";"";"";"";"Berlin";"indelivery";2001;"2020-04-27"
7248;"energy";"electricity";2600;2661;"2018-10-28";"2018-11-01";"";"";"";"Kelheim";"indelivery";1000;"2019-06-12"
7249;"energy";"electricity";2400;2310;"2020-02-21";"2020-07-01";"";"";"";"Bielefeld";"indelivery";1000;"2020-07-03"
7250;"energy";"electricity";2800;"";"2020-01-06";"2020-06-01";"";"";"";"Bonn";"indelivery";1001;"2020-05-04"
7251;"energy";"electricity";2100;2109;"2018-09-19";"2019-02-01";"2020-07-31";"2020-07-02";"Umzug";"Berlin";"terminated";1001;"2019-12-24"
7252;"energy";"electricity";2100;2176;"2018-11-04";"2019-04-01";"2020-12-31";"2020-12-03";"fristgerecht durch Kunde";"Essen";"cancelled";1000;"2019-07-11"
7253;"energy";"gas";8800;9099;"2020-02-26";"2020-09-01";"";"";"";"Dresden";"indelivery";2000;"2020-05-21"
7254;"energy";"electricity";2700;2782;"2018-10-23";"2018-12-01";"";"";"";"Ravensburg";"indelivery";1000;"2019-10-25"
7255;"energy";"electricity";2200;2078;"2019-08-16";"2020-05-01";"";"";"";"Marienberg";"indelivery";1001;"2020-04-24"
7256;"energy";"electricity";2500;2375;"2020-03-08";"2020-04-01";"";"";"";"Berlin";"indelivery";1000;"2020-09-19"
7257;"energy";"electricity";2200;2332;"2018-02-23";"2018-03-01";"";"";"";"Merzig";"indelivery";1002;"2019-11-04"
7258;"energy";"electricity";2400;2319;"2019-12-28";"2020-08-01";"";"";"";"Bremen";"indelivery";1002;"2020-08-02"
7259;"energy";"electricity";1900;1999;"2019-12-07";"2020-03-01";"";"";"";"Hamburg";"indelivery";1000;"2020-08-20"
7260;"energy";"electricity";2400;2371;"2019-09-30";"2020-03-01";"2020-03-01";"2020-08-19";"Wiederruf";"Berlin";"terminated";1000;"2019-12-31"
7261;"energy";"electricity";2500;2698;"2019-05-11";"2019-08-01";"";"";"";"Würzburg";"indelivery";1000;"2020-03-22"
7262;"energy";"electricity";2000;2121;"2018-09-06";"2019-11-01";"";"";"";"Fürth";"indelivery";1000;"2019-03-12"
7263;"energy";"electricity";2400;2301;"2019-01-16";"2019-03-01";"";"";"";"Altchemnitz";"indelivery";1002;"2020-02-01"
7264;"energy";"electricity";3000;2983;"2020-06-08";"2020-09-01";"";"";"";"Leipzig";"indelivery";1000;"2020-07-23"
7265;"energy";"electricity";2800;2719;"2020-07-15";"2020-09-01";"";"";"";"Ingolstadt";"indelivery";1001;"2020-09-26"
7266;"energy";"electricity";2800;3013;"2020-09-06";"2020-10-01";"";"";"";"Jena";"indelivery";1000;"2020-09-13"
7267;"energy";"electricity";2300;"";"2018-11-05";"2019-03-01";"";"";"";"Gießen";"indelivery";1001;"2019-10-23"
7268;"energy";"electricity";2200;2249;"2018-10-27";"2018-11-01";"";"";"";"Munich";"indelivery";1002;"2020-06-28"
7269;"energy";"electricity";2000;2174;"2020-01-01";"2021-03-01";"";"";"";"Bremen";"active";1000;"2020-03-19"
7270;"energy";"electricity";2600;2736;"2020-06-24";"2020-07-01";"";"";"";"Berlin";"indelivery";1002;"2020-07-20"
7271;"energy";"electricity";2800;"";"2018-05-09";"2018-06-01";"";"";"";"Berlin";"indelivery";1002;"2019-08-12"
7272;"energy";"electricity";2900;2976;"2020-06-20";"2020-09-01";"";"";"";"Munich";"indelivery";1000;"2020-07-24"
7273;"energy";"electricity";2400;2356;"2018-12-18";"2019-07-01";"";"";"";"Augsburg";"indelivery";1001;"2019-07-11"
7274;"energy";"electricity";2600;2813;"2018-02-27";"2018-04-01";"";"";"";"Berlin";"indelivery";1002;"2019-05-12"
7275;"energy";"electricity";2900;3016;"2018-12-05";"2019-05-01";"";"";"";"Kassel";"indelivery";1000;"2020-01-18"
7276;"energy";"electricity";2400;2402;"2018-05-21";"2018-06-01";"2019-07-31";"2019-07-02";"fristgerecht durch LichtBlick";"Stuttgart";"terminated";1002;"2019-05-31"
7277;"energy";"electricity";2000;2007;"2019-01-18";"2019-04-01";"2020-10-31";"2020-10-02";"fristgerecht durch LichtBlick";"Karlsruhe";"cancelled";1000;"2020-06-21"
7278;"energy";"electricity";2500;2381;"2018-10-23";"2018-12-01";"";"";"";"Mainz";"indelivery";1001;"2019-12-02"
7279;"energy";"electricity";2600;2713;"2020-09-16";"2021-03-01";"";"";"";"Hamburg";"active";1000;"2020-09-29"
7280;"energy";"gas";11300;11621;"2020-09-30";"2021-04-01";"";"";"";"Essen";"active";2001;"2020-09-30"
7281;"energy";"electricity";2600;2611;"2018-05-01";"2018-08-01";"";"";"";"Dresden";"indelivery";1000;"2019-08-23"
7282;"energy";"electricity";2300;2442;"2020-07-02";"2020-09-01";"";"";"";"Bremen";"indelivery";1000;"2020-07-13"
7283;"energy";"electricity";2700;2831;"2020-04-09";"2020-06-01";"";"";"";"Hanau";"indelivery";1000;"2020-06-08"
7284;"energy";"electricity";2500;2521;"2018-11-17";"2019-01-01";"";"";"";"Cologne";"indelivery";1002;"2019-08-19"
7285;"energy";"electricity";2800;2927;"2020-07-13";"2020-11-01";"";"";"";"Braunschweig";"active";1001;"2020-08-25"
7286;"energy";"electricity";2600;2559;"2019-10-01";"2019-11-01";"";"";"";"Frankfurt";"indelivery";1000;"2020-09-27"
7287;"energy";"electricity";2600;2744;"2019-12-11";"2020-02-01";"";"";"";"Stuttgart";"indelivery";1000;"2020-09-26"
7288;"energy";"electricity";2900;2961;"2019-07-20";"2019-08-01";"";"";"";"Hannover";"indelivery";1001;"2019-07-29"
7289;"energy";"electricity";2800;2876;"2019-01-23";"2019-02-01";"";"";"";"Dortmund";"indelivery";1001;"2019-09-24"
7290;"energy";"electricity";2100;2176;"2018-04-05";"2018-09-01";"";"";"";"Stuttgart";"indelivery";1000;"2018-04-20"
7291;"energy";"gas";9100;9775;"2019-10-22";"2019-11-01";"";"";"";"Dortmund";"indelivery";2000;"2020-02-14"
7292;"energy";"electricity";2200;2225;"2020-07-07";"2021-02-01";"";"";"";"Munich";"active";1002;"2020-08-30"
7293;"energy";"gas";11400;11068;"2018-03-01";"2018-12-01";"2020-10-31";"2020-10-02";"fristgerecht durch Kunde";"Duisburg";"cancelled";2001;"2018-04-25"
7294;"energy";"electricity";2600;2829;"2020-01-03";"2020-06-01";"";"";"";"Dresden";"indelivery";1001;"2020-01-16"
7295;"energy";"electricity";2800;2678;"2018-06-01";"2018-08-01";"";"";"";"Berlin";"indelivery";1000;"2020-04-10"
7296;"energy";"electricity";2300;2240;"2018-02-27";"2018-06-01";"";"";"";"Hamburg";"indelivery";1000;"2019-03-11"
7297;"energy";"gas";7700;8134;"2019-08-22";"2020-01-01";"";"";"";"Berlin";"indelivery";2001;"2020-04-13"
7298;"energy";"electricity";2900;"";"2020-06-17";"2021-06-01";"";"";"";"Emden";"active";1000;"2020-08-01"
7299;"energy";"gas";11700;11376;"2018-04-09";"2018-11-01";"";"";"";"Neu-Ulm";"indelivery";2000;"2020-07-30"
7300;"energy";"electricity";2000;2112;"2019-03-10";"2019-04-01";"";"";"";"Munich";"indelivery";1000;"2019-04-28"
7301;"energy";"electricity";2700;2775;"2019-12-16";"2020-05-01";"2020-05-01";"2020-12-03";"Wiederruf";"Karlsruhe";"terminated";1002;"2020-06-12"
7302;"energy";"electricity";2300;2344;"2019-04-08";"2019-11-01";"2019-11-01";"2020-03-03";"Wiederruf";"Bonn";"terminated";1000;"2020-03-03"
7303;"energy";"electricity";2700;2674;"2019-01-29";"2019-04-01";"";"";"";"Essen";"indelivery";1002;"2019-11-19"
7304;"energy";"gas";10300;9998;"2019-07-24";"2020-01-01";"";"";"";"Stuttgart";"indelivery";2000;"2020-02-06"
7305;"energy";"electricity";2600;2570;"2018-02-04";"2018-04-01";"";"";"";"Osnabrück";"indelivery";1000;"2019-07-25"
7306;"energy";"electricity";2600;2489;"2018-10-03";"2018-11-01";"2019-02-28";"2019-01-31";"fristgerecht durch Kunde";"Essen";"terminated";1000;"2019-01-31"
7307;"energy";"electricity";3000;2884;"2018-02-18";"2018-04-01";"";"";"";"Gifhorn";"indelivery";1000;"2018-04-18"
7308;"energy";"electricity";2100;"";"2018-01-26";"2018-03-01";"2018-10-31";"2018-09-30";"fristgerecht durch LichtBlick";"Erfurt";"terminated";1002;"2018-09-30"
7309;"energy";"electricity";2300;2267;"2019-01-03";"2019-03-01";"";"";"";"Berlin";"indelivery";1000;"2020-01-07"
7310;"energy";"gas";11700;11458;"2019-09-19";"2019-12-01";"";"";"";"Hofeck";"indelivery";2000;"2020-07-30"
7311;"energy";"electricity";2400;2367;"2019-03-23";"2019-05-01";"";"";"";"Berlin";"indelivery";1002;"2019-04-03"
7312;"energy";"electricity";1900;1915;"2020-03-20";"2020-07-01";"";"";"";"Berlin";"indelivery";1001;"2020-08-28"
7313;"energy";"electricity";2600;"";"2018-02-19";"2018-04-01";"";"";"";"Munich";"indelivery";1002;"2019-09-15"
7314;"energy";"gas";10700;"";"2018-02-13";"2018-03-01";"";"";"";"Cologne";"indelivery";2000;"2018-08-01"
7315;"energy";"electricity";2600;2619;"2019-12-26";"2020-05-01";"";"";"";"Berlin";"indelivery";1002;"2020-03-20"
7316;"energy";"electricity";2700;2843;"2019-12-15";"2020-02-01";"2020-05-31";"2020-04-29";"fristgerecht durch Kunde";"Cologne";"terminated";1002;"2020-04-01"
7317;"energy";"electricity";2300;"";"2018-09-12";"2019-11-01";"2019-11-01";"2020-08-28";"Wiederruf";"Dresden";"terminated";1000;"2019-09-16"
7318;"energy";"electricity";2200;2336;"2018-09-26";"2019-05-01";"";"";"";"Oldenburg";"indelivery";1000;"2018-10-07"
7319;"energy";"electricity";2300;2343;"2019-11-19";"2020-04-01";"";"";"";"Munich";"indelivery";1000;"2019-12-02"
7320;"energy";"electricity";2400;2295;"2018-08-02";"2019-01-01";"";"";"";"Augsburg";"indelivery";1000;"2020-09-10"
7321;"energy";"electricity";2700;2877;"2019-03-07";"2019-08-01";"";"";"";"Oldenburg";"indelivery";1000;"2019-08-17"
7322;"energy";"electricity";2600;2757;"2019-12-02";"2020-01-01";"";"";"";"Hamburg";"indelivery";1000;"2020-05-26"
7323;"energy";"electricity";2600;2718;"2019-12-24";"2020-03-01";"";"";"";"Dresden";"indelivery";1000;"2020-01-15"
7324;"energy";"electricity";2600;2449;"2018-09-08";"2019-07-01";"2019-10-31";"2019-10-01";"fristgerecht durch LichtBlick";"Essen";"terminated";1002;"2019-10-01"
7325;"energy";"electricity";2700;2659;"2019-11-29";"2020-02-01";"";"";"";"Karlsruhe";"indelivery";1002;"2020-06-06"
7326;"energy";"gas";9200;9664;"2020-03-04";"2020-05-01";"";"";"";"Kiel";"indelivery";2001;"2020-08-24"
7327;"energy";"electricity";3000;3266;"2020-09-21";"2020-10-01";"";"";"";"Heilbad Heiligenstadt";"indelivery";1002;"2020-09-23"
7328;"energy";"electricity";2700;2614;"2020-05-09";"2020-07-01";"";"";"";"Frankfurt";"indelivery";1000;"2020-06-04"
7329;"energy";"gas";9700;10518;"2019-10-29";"2019-11-01";"";"";"";"Augsburg";"indelivery";2000;"2020-06-23"
7330;"energy";"gas";8100;7745;"2019-07-09";"2019-09-01";"2020-07-31";"2020-06-30";"fristgerecht durch LichtBlick";"Berlin";"terminated";2001;"2019-10-03"
7331;"energy";"electricity";2200;2277;"2018-11-03";"2019-02-01";"";"";"";"Münster";"indelivery";1001;"2019-03-11"
7332;"energy";"electricity";2600;2486;"2020-02-10";"2020-05-01";"2020-12-31";"2020-11-28";"fristgerecht durch Kunde";"Dresden";"cancelled";1002;"2020-09-07"
7333;"energy";"gas";10200;"";"2020-01-19";"2020-10-01";"";"";"";"Potsdam";"indelivery";2000;"2020-04-12"
7334;"energy";"electricity";2100;1983;"2019-12-21";"2020-07-01";"";"";"";"Freiburg";"indelivery";1001;"2020-09-12"
7335;"energy";"electricity";2600;2765;"2020-03-09";"2020-09-01";"";"";"";"Berlin";"indelivery";1001;"2020-04-09"
7336;"energy";"gas";9000;9488;"2020-03-20";"2020-07-01";"";"";"";"Heidelberg";"indelivery";2001;"2020-07-13"
7337;"energy";"electricity";2400;2557;"2019-07-30";"2019-09-01";"";"";"";"Berlin";"indelivery";1000;"2020-08-28"
7338;"energy";"electricity";2300;2294;"2018-07-13";"2018-09-01";"";"";"";"Berlin";"indelivery";1001;"2019-11-29"
7339;"energy";"gas";9300;8887;"2020-08-21";"2020-10-01";"";"";"";"Dortmund";"indelivery";2001;"2020-09-11"
7340;"energy";"electricity";2700;2675;"2020-07-07";"2020-09-01";"";"";"";"Bielefeld";"indelivery";1002;"2020-07-08"
7341;"energy";"electricity";2800;"";"2019-01-20";"2019-03-01";"";"";"";"Cologne";"indelivery";1001;"2019-03-03"
7342;"energy";"electricity";2200;2184;"2018-01-18";"2018-12-01";"";"";"";"Stuttgart";"indelivery";1000;"2018-09-12"
7343;"energy";"electricity";2800;2925;"2018-10-11";"2019-09-01";"";"";"";"Regensburg";"indelivery";1000;"2019-03-01"
7344;"energy";"electricity";2700;2873;"2019-08-18";"2020-07-01";"";"";"";"Hamburg";"indelivery";1001;"2020-02-16"
7345;"energy";"electricity";2100;2129;"2020-02-18";"2020-04-01";"";"";"";"Mainz";"indelivery";1002;"2020-04-06"
7346;"energy";"gas";9000;9728;"2019-04-17";"2019-11-01";"";"";"";"Marienberg";"indelivery";2001;"2019-08-15"
7347;"energy";"electricity";2400;2444;"2019-08-06";"2019-09-01";"";"";"";"Frankfurt";"indelivery";1000;"2019-12-31"
7348;"energy";"electricity";2600;2626;"2019-08-02";"2019-11-01";"";"";"";"Erfurt";"indelivery";1001;"2020-03-14"
7349;"energy";"electricity";2200;2059;"2018-11-03";"2019-02-01";"";"";"";"Rostock";"indelivery";1001;"2020-02-13"
7350;"energy";"electricity";2600;2514;"2018-06-06";"2019-07-01";"";"";"";"Munich";"indelivery";1001;"2019-06-22"
7351;"energy";"electricity";2400;2342;"2019-05-12";"2019-08-01";"";"";"";"Stuttgart";"indelivery";1002;"2020-03-25"
7352;"energy";"electricity";2300;2442;"2019-07-27";"2019-08-01";"2020-01-31";"2019-12-30";"fristgerecht durch Kunde";"Hannover";"terminated";1000;"2019-08-06"
7353;"energy";"electricity";2300;2400;"2020-07-10";"2020-08-01";"";"";"";"Magdeburg";"indelivery";1000;"2020-08-29"
7354;"energy";"electricity";2200;2220;"2018-11-05";"2019-09-01";"";"";"";"Munich";"indelivery";1000;"2020-01-11"
7355;"energy";"electricity";2100;2189;"2018-02-02";"2018-05-01";"";"";"";"Leipzig";"indelivery";1000;"2018-03-07"
7356;"energy";"electricity";2200;2121;"2020-09-29";"2021-12-01";"";"";"";"Freiburg";"active";1001;"2020-09-30"
7357;"energy";"electricity";2500;2589;"2020-08-03";"2021-03-01";"";"";"";"Cologne";"active";1002;"2020-08-15"
7358;"energy";"electricity";2200;2158;"2018-05-22";"2019-04-01";"";"";"";"Koblenz";"indelivery";1001;"2019-08-25"
7359;"energy";"electricity";2700;2548;"2020-08-09";"2020-11-01";"";"";"";"Düsseldorf";"active";1000;"2020-08-22"
7360;"energy";"electricity";2500;2715;"2019-05-22";"2019-07-01";"2020-04-30";"2020-03-31";"fristgerecht durch Kunde";"Munich";"terminated";1001;"2020-03-31"
7361;"energy";"electricity";2000;2024;"2019-01-06";"2019-03-01";"2019-08-31";"2019-08-03";"Umzug";"Munich";"terminated";1002;"2019-08-03"
7362;"energy";"electricity";2200;2189;"2019-03-28";"2019-05-01";"";"";"";"Kiel";"indelivery";1000;"2019-08-29"
7363;"energy";"gas";11700;11842;"2019-04-15";"2019-12-01";"";"";"";"Marienberg";"indelivery";2001;"2019-04-23"
7364;"energy";"electricity";2100;2098;"2019-10-28";"2020-01-01";"";"";"";"Frankfurt";"indelivery";1002;"2019-11-09"
7365;"energy";"electricity";2600;2661;"2019-07-23";"2019-12-01";"";"";"";"Berlin";"indelivery";1002;"2020-07-31"
7366;"energy";"electricity";2200;2405;"2019-03-01";"2019-06-01";"2019-06-01";"2019-09-02";"Wiederruf";"Bielefeld";"terminated";1001;"2019-09-02"
7367;"energy";"electricity";2500;2707;"2019-01-19";"2019-04-01";"";"";"";"Berlin";"indelivery";1002;"2020-02-21"
7368;"energy";"electricity";2500;2726;"2018-10-26";"2019-02-01";"";"";"";"Augsburg";"indelivery";1000;"2019-08-15"
7369;"energy";"electricity";2400;2336;"2019-10-13";"2020-01-01";"";"";"";"Frankfurt";"indelivery";1001;"2019-11-20"
7370;"energy";"gas";9000;9326;"2018-05-11";"2018-09-01";"2018-09-01";"2019-10-31";"Wiederruf";"Rostock";"terminated";2000;"2019-07-24"
7371;"energy";"electricity";2600;2608;"2018-03-01";"2018-06-01";"";"";"";"Augsburg";"indelivery";1001;"2019-10-05"
7372;"energy";"electricity";2700;2820;"2020-06-29";"2020-07-01";"2020-11-30";"2020-11-01";"fristgerecht durch Kunde";"Stuttgart";"cancelled";1001;"2020-09-28"
7373;"energy";"electricity";2300;2446;"2019-08-15";"2019-09-01";"";"";"";"Augsburg";"indelivery";1002;"2020-02-18"
7374;"energy";"electricity";2300;2357;"2020-06-25";"2020-07-01";"";"";"";"Hamburg";"indelivery";1001;"2020-07-26"
7375;"energy";"electricity";2900;2884;"2019-05-01";"2019-07-01";"";"";"";"Gießen";"indelivery";1001;"2019-07-15"
7376;"energy";"electricity";2300;2435;"2019-02-14";"2019-04-01";"";"";"";"Berlin";"indelivery";1000;"2020-03-27"
7377;"energy";"gas";12500;12155;"2018-05-27";"2018-06-01";"";"";"";"Eberswalde";"indelivery";2000;"2018-09-02"
7378;"energy";"electricity";2100;2252;"2018-04-18";"2018-07-01";"";"";"";"Berlin";"indelivery";1001;"2018-11-30"
7379;"energy";"electricity";2700;"";"2018-09-24";"2019-07-01";"";"";"";"Augsburg";"indelivery";1001;"2020-08-24"
7380;"energy";"electricity";2300;2431;"2018-02-11";"2018-08-01";"";"";"";"Düsseldorf";"indelivery";1001;"2018-02-13"
7381;"energy";"electricity";2700;2748;"2018-07-30";"2018-08-01";"";"";"";"Dresden";"indelivery";1000;"2020-02-06"
7382;"energy";"electricity";2800;3000;"2019-06-05";"2019-08-01";"";"";"";"Berlin";"indelivery";1001;"2020-06-16"
7383;"energy";"electricity";2100;2260;"2018-08-17";"2018-10-01";"";"";"";"Altchemnitz";"indelivery";1002;"2020-02-08"
7384;"energy";"electricity";2600;2755;"2019-03-21";"2019-07-01";"";"";"";"Berlin";"indelivery";1000;"2020-09-06"
7385;"energy";"electricity";2800;2802;"2020-08-23";"2020-09-01";"";"";"";"Kassel";"indelivery";1001;"2020-09-30"
7386;"energy";"electricity";2900;2835;"2020-02-15";"2020-05-01";"";"";"";"Magdeburg";"indelivery";1001;"2020-04-10"
7387;"energy";"gas";9400;9894;"2020-02-26";"2020-04-01";"";"";"";"Berlin";"indelivery";2001;"2020-06-18"
7388;"energy";"gas";8900;8838;"2020-06-08";"2020-12-01";"";"";"";"Freiburg";"active";2000;"2020-07-19"
7389;"energy";"gas";11100;10856;"2019-08-17";"2019-10-01";"";"";"";"Göttingen";"indelivery";2001;"2019-10-04"
7390;"energy";"electricity";2300;2292;"2018-08-31";"2018-09-01";"";"";"";"Munich";"indelivery";1000;"2019-10-21"
7391;"energy";"electricity";3000;2938;"2019-06-06";"2019-09-01";"2019-09-01";"2020-06-29";"Wiederruf";"Rottweil";"terminated";1000;"2020-06-29"
7392;"energy";"electricity";2000;1997;"2019-07-11";"2020-02-01";"";"";"";"Lübeck";"indelivery";1000;"2019-12-09"
7393;"energy";"electricity";2900;3149;"2018-01-31";"2018-05-01";"";"";"";"Frankfurt";"indelivery";1002;"2020-08-12"
7394;"energy";"electricity";2700;2822;"2020-04-26";"2020-05-01";"";"";"";"Eschwege";"indelivery";1001;"2020-09-17"
7395;"energy";"electricity";2400;2571;"2020-02-21";"2020-09-01";"";"";"";"Cologne";"indelivery";1000;"2020-05-19"
7396;"energy";"electricity";2600;2509;"2019-08-13";"2019-12-01";"2019-12-01";"2020-05-01";"Wiederruf";"Hannover";"terminated";1002;"2019-08-13"
7397;"energy";"electricity";2400;2345;"2018-11-05";"2019-02-01";"2019-03-31";"2019-03-02";"Umzug";"Berlin";"terminated";1001;"2018-11-20"
7398;"energy";"electricity";2200;2344;"2018-04-04";"2018-06-01";"";"";"";"Hamburg";"indelivery";1002;"2020-01-03"
7399;"energy";"electricity";2800;"";"2018-10-10";"2020-04-01";"";"";"";"Duisburg";"indelivery";1001;"2020-02-13"
7400;"energy";"electricity";2100;2147;"2018-11-22";"2019-02-01";"";"";"";"Stuttgart";"indelivery";1001;"2020-01-20"
7401;"energy";"electricity";2600;2587;"2019-02-14";"2019-07-01";"2019-12-31";"2019-12-03";"fristgerecht durch LichtBlick";"Potsdam";"terminated";1002;"2019-12-03"
7402;"energy";"gas";8700;9129;"2020-01-16";"2020-07-01";"";"";"";"Hannover";"indelivery";2001;"2020-03-12"
7403;"energy";"electricity";2400;2441;"2019-01-29";"2019-07-01";"";"";"";"Berlin";"indelivery";1002;"2020-02-27"
7404;"energy";"gas";9800;9903;"2018-09-25";"2019-03-01";"";"";"";"Hamburg";"indelivery";2001;"2020-04-28"
7405;"energy";"electricity";2300;2181;"2020-09-08";"2020-11-01";"";"";"";"Oldenburg";"active";1002;"2020-09-27"
7406;"energy";"electricity";2700;2715;"2018-12-26";"2019-01-01";"2019-04-30";"2019-03-31";"fristgerecht durch LichtBlick";"Hannover";"terminated";1002;"2019-03-31"
7407;"energy";"electricity";2800;2718;"2020-03-06";"2020-06-01";"";"";"";"Heilbad Heiligenstadt";"indelivery";1002;"2020-05-04"
7408;"energy";"electricity";2700;2690;"2020-08-16";"2021-02-01";"";"";"";"Hamburg";"active";1000;"2020-08-26"
7409;"energy";"electricity";2300;2427;"2018-06-30";"2018-08-01";"2019-01-31";"2018-12-31";"fristgerecht durch LichtBlick";"Mainz";"terminated";1002;"2018-12-31"
7410;"energy";"electricity";2200;2225;"2018-04-18";"2018-07-01";"";"";"";"Munich";"indelivery";1002;"2019-05-10"
7411;"energy";"electricity";2400;2373;"2019-05-13";"2019-07-01";"";"";"";"Berlin";"indelivery";1001;"2019-07-10"
7412;"energy";"electricity";2600;2698;"2020-07-18";"2020-12-01";"";"";"";"Gera";"active";1002;"2020-08-11"
7413;"energy";"electricity";2000;2109;"2019-11-15";"2020-06-01";"";"";"";"Fürth";"indelivery";1001;"2020-08-22"
7414;"energy";"electricity";2200;"";"2019-11-14";"2020-02-01";"2020-05-31";"2020-04-26";"fristgerecht durch Kunde";"Cologne";"terminated";1000;"2020-01-07"
7415;"energy";"electricity";2500;2425;"2019-12-16";"2020-10-01";"";"";"";"Augsburg";"indelivery";1001;"2020-02-15"
7416;"energy";"gas";11600;12135;"2020-04-17";"2020-08-01";"";"";"";"Cottbus";"indelivery";2001;"2020-06-27"
7417;"energy";"electricity";2800;2948;"2020-04-18";"2021-03-01";"";"";"";"Osnabrück";"active";1002;"2020-09-08"
7418;"energy";"electricity";2400;2552;"2019-10-17";"2019-12-01";"";"";"";"Freising";"indelivery";1000;"2020-03-11"
7419;"energy";"electricity";2700;2633;"2019-01-03";"2019-08-01";"2019-10-31";"2019-10-01";"fristgerecht durch Kunde";"Kassel";"terminated";1002;"2019-10-01"
7420;"energy";"electricity";2400;2585;"2018-06-24";"2018-10-01";"";"";"";"Munich";"indelivery";1002;"2019-08-26"
7421;"energy";"electricity";2700;2882;"2019-05-20";"2019-10-01";"";"";"";"Düsseldorf";"indelivery";1000;"2020-03-05"
7422;"energy";"electricity";2800;2917;"2019-09-15";"2019-11-01";"";"";"";"Kiel";"indelivery";1000;"2020-07-20"
7423;"energy";"gas";8200;8211;"2020-02-13";"2020-07-01";"";"";"";"Cologne";"indelivery";2001;"2020-04-22"
7424;"energy";"electricity";2900;2972;"2020-04-09";"2020-12-01";"";"";"";"Hannover";"active";1000;"2020-05-14"
7425;"energy";"electricity";2400;2440;"2018-06-12";"2019-04-01";"";"";"";"Frankfurt";"indelivery";1000;"2018-08-13"
7426;"energy";"electricity";2700;2541;"2020-01-01";"2020-11-01";"";"";"";"Dortmund";"active";1001;"2020-05-10"
7427;"energy";"electricity";2700;2782;"2018-12-04";"2019-09-01";"";"";"";"Hamburg";"indelivery";1002;"2020-05-24"
7428;"energy";"electricity";2400;2399;"2018-12-24";"2019-07-01";"";"";"";"Altchemnitz";"indelivery";1000;"2020-02-21"
7429;"energy";"electricity";2200;2332;"2020-09-29";"2020-12-01";"";"";"";"Hamburg";"active";1000;"2020-09-30"
7430;"energy";"gas";10800;10643;"2018-09-01";"2018-10-01";"";"";"";"Cologne";"indelivery";2001;"2018-10-29"
7431;"energy";"electricity";3000;3202;"2019-01-28";"2019-10-01";"";"";"";"Münster";"indelivery";1001;"2020-08-07"
7432;"energy";"electricity";2200;"";"2018-08-22";"2018-09-01";"2019-04-30";"2019-03-31";"fristgerecht durch LichtBlick";"Saarbrücken";"terminated";1002;"2019-03-27"
7433;"energy";"electricity";2100;"";"2020-04-11";"2020-05-01";"2020-11-30";"2020-10-30";"fristgerecht durch Kunde";"Karlsruhe";"cancelled";1000;"2020-09-28"
7434;"energy";"gas";10500;11142;"2020-01-23";"2020-05-01";"";"";"";"Emden";"indelivery";2000;"2020-04-13"
7435;"energy";"electricity";3000;2960;"2019-07-16";"2020-01-01";"";"";"";"Hannover";"indelivery";1002;"2019-11-07"
7436;"energy";"gas";7700;7499;"2018-01-04";"2018-08-01";"";"";"";"Cologne";"indelivery";2001;"2018-09-21"
7437;"energy";"electricity";2800;3017;"2018-10-24";"2018-12-01";"";"";"";"Kusel";"indelivery";1000;"2019-12-26"
7438;"energy";"electricity";2200;2336;"2020-01-22";"2020-04-01";"";"";"";"Dresden";"indelivery";1001;"2020-08-14"
7439;"energy";"electricity";2400;"";"2019-12-16";"2020-04-01";"";"";"";"Marienberg";"indelivery";1000;"2020-02-21"
7440;"energy";"electricity";2100;2167;"2018-04-18";"2018-08-01";"";"";"";"Berlin";"indelivery";1002;"2018-05-26"
7441;"energy";"electricity";2900;2785;"2020-07-02";"2020-08-01";"";"";"";"Potsdam";"indelivery";1000;"2020-07-17"
7442;"energy";"electricity";2500;2531;"2019-12-15";"2020-07-01";"";"";"";"Frankfurt";"indelivery";1001;"2020-01-06"
7443;"energy";"electricity";2100;2210;"2018-12-07";"2019-07-01";"";"";"";"Oldenburg";"indelivery";1002;"2020-04-13"
7444;"energy";"electricity";2900;3097;"2018-11-21";"2019-07-01";"2019-07-01";"2020-04-30";"Wiederruf";"Karlsruhe";"terminated";1002;"2020-04-30"
7445;"energy";"electricity";2300;2453;"2020-07-08";"2021-02-01";"";"";"";"Hamburg";"active";1002;"2020-08-29"
7446;"energy";"electricity";2200;2165;"2019-11-28";"2020-03-01";"";"";"";"Berlin";"indelivery";1001;"2020-03-03"
7447;"energy";"gas";8800;"";"2018-11-16";"2018-12-01";"";"";"";"Berlin";"indelivery";2001;"2019-09-10"
7448;"energy";"gas";9600;10126;"2019-01-12";"2020-03-01";"";"";"";"Hamburg";"indelivery";2000;"2019-09-17"
7449;"energy";"electricity";2100;2062;"2018-02-05";"2018-11-01";"";"";"";"Magdeburg";"indelivery";1002;"2020-01-11"
7450;"energy";"electricity";2600;2488;"2019-02-12";"2019-06-01";"";"";"";"Duisburg";"indelivery";1001;"2020-02-09"
7451;"energy";"electricity";2800;3016;"2020-06-08";"2020-08-01";"";"";"";"Berlin";"indelivery";1002;"2020-09-12"
7452;"energy";"gas";10600;10196;"2018-10-09";"2019-02-01";"";"";"";"Stuttgart";"indelivery";2001;"2019-01-11"
7453;"energy";"electricity";2400;2456;"2019-03-14";"2019-05-01";"";"";"";"Schwerin";"indelivery";1001;"2019-04-03"
7454;"energy";"electricity";2700;2806;"2018-11-06";"2018-12-01";"";"";"";"Hamburg";"indelivery";1002;"2020-04-19"
7455;"energy";"gas";8000;7944;"2020-01-02";"2020-03-01";"2020-05-31";"2020-05-02";"Umzug";"Berlin";"terminated";2000;"2020-04-06"
7456;"energy";"electricity";2300;2228;"2019-08-23";"2020-03-01";"";"";"";"Hamburg";"indelivery";1001;"2019-11-04"
7457;"energy";"gas";10500;10802;"2020-09-18";"2020-12-01";"";"";"";"Berlin";"active";2000;"2020-09-25"
7458;"energy";"gas";11800;"";"2019-11-12";"2020-01-01";"";"";"";"Essen";"indelivery";2001;"2020-06-07"
7459;"energy";"electricity";2200;2216;"2020-07-30";"2020-11-01";"";"";"";"Cologne";"active";1002;"2020-08-10"
7460;"energy";"electricity";2600;2520;"2020-05-11";"2020-06-01";"";"";"";"Karlsruhe";"indelivery";1002;"2020-07-24"
7461;"energy";"electricity";2200;2103;"2020-03-06";"2020-10-01";"";"";"";"Berlin";"indelivery";1002;"2020-09-26"
7462;"energy";"electricity";2800;2793;"2018-07-22";"2018-10-01";"";"";"";"Tübingen";"indelivery";1000;"2020-03-29"
7463;"energy";"electricity";3000;3077;"2020-06-13";"2020-09-01";"2020-12-31";"2020-12-03";"fristgerecht durch Kunde";"Essen";"cancelled";1001;"2020-07-16"
7464;"energy";"electricity";2600;2766;"2020-08-24";"2020-11-01";"";"";"";"Bremen";"active";1001;"2020-09-28"
7465;"energy";"electricity";2000;2084;"2018-11-07";"2019-04-01";"2020-02-29";"2020-01-30";"fristgerecht durch Kunde";"Marienberg";"terminated";1000;"2020-01-30"
7466;"energy";"electricity";1900;1877;"2018-07-28";"2018-09-01";"2020-03-31";"2020-02-25";"Umzug";"Berlin";"terminated";1002;"2018-09-26"
7467;"energy";"gas";10200;10359;"2019-07-01";"2019-08-01";"";"";"";"Essen";"indelivery";2000;"2020-04-09"
7468;"energy";"electricity";2600;2807;"2018-07-14";"2019-01-01";"";"";"";"Munich";"indelivery";1001;"2019-11-09"
7469;"energy";"electricity";2300;2396;"2019-12-28";"2020-07-01";"";"";"";"Berlin";"indelivery";1001;"2019-12-30"
7470;"energy";"gas";10300;10105;"2020-01-11";"2020-02-01";"2020-07-31";"2020-07-02";"Umzug";"Würzburg";"terminated";2000;"2020-07-02"
7471;"energy";"electricity";2100;1993;"2020-09-11";"2020-11-01";"";"";"";"Magdeburg";"active";1002;"2020-09-22"
7472;"energy";"electricity";2800;"";"2019-09-12";"2019-12-01";"";"";"";"Hamburg";"indelivery";1002;"2019-10-09"
7473;"energy";"electricity";2700;2662;"2020-01-21";"2020-02-01";"";"";"";"Bad Hersfeld";"indelivery";1000;"2020-07-08"
7474;"energy";"electricity";2600;2549;"2019-11-25";"2019-12-01";"";"";"";"Kiel";"indelivery";1002;"2020-03-02"
7475;"energy";"electricity";2300;2154;"2018-06-28";"2019-12-01";"";"";"";"Wuppertal";"indelivery";1001;"2020-05-18"
7476;"energy";"electricity";2100;2270;"2019-04-22";"2019-08-01";"";"";"";"Leipzig";"indelivery";1002;"2020-01-19"
7477;"energy";"electricity";2800;2626;"2020-02-07";"2020-10-01";"";"";"";"Duisburg";"indelivery";1001;"2020-04-26"
7478;"energy";"electricity";2600;2719;"2019-11-13";"2020-01-01";"";"";"";"Cologne";"indelivery";1001;"2020-09-04"
7479;"energy";"gas";11900;"";"2020-08-03";"2021-03-01";"";"";"";"Augsburg";"active";2001;"2020-08-17"
7480;"energy";"electricity";2800;2862;"2019-08-19";"2019-12-01";"";"";"";"Marienberg";"indelivery";1002;"2020-04-02"
7481;"energy";"electricity";2700;2603;"2018-03-04";"2018-04-01";"";"";"";"Düsseldorf";"indelivery";1002;"2020-08-10"
7482;"energy";"electricity";2500;2646;"2018-08-28";"2018-09-01";"";"";"";"Hamburg";"indelivery";1000;"2020-05-30"
7483;"energy";"gas";10600;10556;"2018-12-12";"2019-05-01";"";"";"";"Berlin";"indelivery";2000;"2019-06-12"
7484;"energy";"electricity";2300;"";"2019-09-11";"2019-12-01";"";"";"";"Berlin";"indelivery";1000;"2019-11-01"
7485;"energy";"electricity";2400;2601;"2019-05-16";"2020-02-01";"";"";"";"Wuppertal";"indelivery";1000;"2019-07-03"
7486;"energy";"electricity";2600;2656;"2020-04-12";"2020-07-01";"";"";"";"Frankfurt";"indelivery";1002;"2020-08-14"
7487;"energy";"gas";9600;"";"2020-07-19";"2020-10-01";"";"";"";"Berlin";"indelivery";2001;"2020-08-28"
7488;"energy";"electricity";3000;2938;"2020-07-21";"2020-12-01";"";"";"";"Hamm";"active";1002;"2020-08-07"
7489;"energy";"electricity";2300;2325;"2020-07-07";"2020-11-01";"";"";"";"Cologne";"active";1001;"2020-07-28"
7490;"energy";"electricity";2000;2102;"2018-11-30";"2019-01-01";"";"";"";"Frankfurt";"indelivery";1001;"2019-07-26"
7491;"energy";"electricity";2700;2612;"2019-04-27";"2019-12-01";"2020-08-31";"2020-07-29";"fristgerecht durch Kunde";"Koblenz";"terminated";1000;"2020-02-13"
7492;"energy";"gas";11900;12527;"2018-03-30";"2018-06-01";"";"";"";"Flensburg";"indelivery";2000;"2018-06-12"
7493;"energy";"electricity";2600;2537;"2019-09-07";"2020-01-01";"";"";"";"Munich";"indelivery";1000;"2020-02-13"
7494;"energy";"electricity";2500;2627;"2018-10-01";"2019-05-01";"2019-05-01";"2019-12-31";"Wiederruf";"Stuttgart";"terminated";1002;"2019-09-21"
7495;"energy";"electricity";2800;2827;"2018-06-12";"2018-09-01";"2019-12-31";"2019-11-29";"Umzug";"Cologne";"terminated";1002;"2018-10-26"
7496;"energy";"electricity";2800;2932;"2018-11-30";"2019-01-01";"2019-12-31";"2019-11-28";"fristgerecht durch LichtBlick";"Mannheim";"terminated";1002;"2019-01-11"
7497;"energy";"electricity";2700;"";"2018-12-12";"2019-10-01";"";"";"";"Ingolstadt";"indelivery";1001;"2019-07-23"
7498;"energy";"electricity";2800;2856;"2019-10-04";"2020-04-01";"";"";"";"Dortmund";"indelivery";1002;"2020-07-09"
7499;"energy";"electricity";2600;2737;"2019-04-16";"2019-08-01";"2019-10-31";"2019-10-03";"Umzug";"Neustadt";"terminated";1000;"2019-10-03"
7500;"energy";"electricity";2100;2067;"2020-01-11";"2020-03-01";"";"";"";"Neubrandenburg";"indelivery";1002;"2020-04-01"
7501;"energy";"electricity";2700;2667;"2018-06-15";"2018-11-01";"";"";"";"Groß-Gerau";"indelivery";1002;"2019-06-27"
7502;"energy";"gas";10900;10505;"2019-08-14";"2020-01-01";"";"";"";"Dresden";"indelivery";2000;"2020-07-29"
7503;"energy";"electricity";2700;2632;"2019-12-29";"2020-06-01";"";"";"";"Berlin";"indelivery";1001;"2020-06-13"
7504;"energy";"electricity";2400;2404;"2020-02-15";"2020-08-01";"";"";"";"Hannover";"indelivery";1001;"2020-06-03"
7505;"energy";"electricity";3000;2943;"2019-01-01";"2019-01-01";"2019-10-31";"2019-10-03";"fristgerecht durch Kunde";"Mannheim";"terminated";1001;"2019-10-03"
7506;"energy";"electricity";2300;"";"2018-05-26";"2018-07-01";"";"";"";"Stuttgart";"indelivery";1000;"2019-10-23"
7507;"energy";"electricity";2700;2845;"2020-01-20";"2020-03-01";"";"";"";"Cologne";"indelivery";1000;"2020-02-22"
7508;"energy";"electricity";2400;2349;"2020-05-12";"2020-07-01";"";"";"";"Bonn";"indelivery";1001;"2020-08-17"
7509;"energy";"electricity";2500;2500;"2019-07-28";"2020-11-01";"2020-12-31";"2020-11-29";"fristgerecht durch Kunde";"Düsseldorf";"cancelled";1000;"2019-12-27"
7510;"energy";"electricity";2700;2707;"2020-09-15";"2021-06-01";"";"";"";"Essen";"active";1002;"2020-09-15"
7511;"energy";"electricity";2300;2181;"2018-09-09";"2019-01-01";"";"";"";"Marienberg";"indelivery";1001;"2019-04-21"
7512;"energy";"gas";11900;12256;"2020-07-13";"2020-08-01";"";"";"";"Stuttgart";"indelivery";2000;"2020-08-31"
7513;"energy";"gas";11200;11977;"2020-09-21";"2020-11-01";"";"";"";"Koblenz";"active";2001;"2020-09-28"
7514;"energy";"electricity";2000;2113;"2019-11-24";"2021-05-01";"";"";"";"Cologne";"active";1001;"2020-05-25"
7515;"energy";"electricity";2000;2040;"2018-02-23";"2018-04-01";"";"";"";"Berlin";"indelivery";1002;"2018-12-29"
7516;"energy";"electricity";2600;2493;"2018-12-29";"2019-06-01";"";"";"";"Zweibrücken";"indelivery";1002;"2020-02-28"
7517;"energy";"electricity";2200;2115;"2020-06-19";"2021-03-01";"";"";"";"Duisburg";"active";1002;"2020-08-12"
7518;"energy";"electricity";2900;2909;"2018-01-18";"2018-09-01";"";"";"";"Wuppertal";"indelivery";1001;"2018-11-08"
7519;"energy";"electricity";2100;2213;"2020-09-10";"2020-11-01";"";"";"";"Leipzig";"active";1002;"2020-09-27"
7520;"energy";"electricity";2100;2171;"2019-02-03";"2019-03-01";"";"";"";"Berlin";"indelivery";1001;"2019-06-08"
7521;"energy";"electricity";2700;2845;"2020-02-20";"2020-04-01";"";"";"";"Saarbrücken";"indelivery";1002;"2020-09-10"
7522;"energy";"electricity";2700;2750;"2019-03-24";"2019-06-01";"";"";"";"Berlin";"indelivery";1002;"2020-01-01"
7523;"energy";"electricity";2300;2280;"2020-01-07";"2020-10-01";"";"";"";"Hamburg";"indelivery";1000;"2020-09-02"
7524;"energy";"electricity";2800;2943;"2019-06-15";"2019-09-01";"";"";"";"Karlsruhe";"indelivery";1002;"2020-04-26"
7525;"energy";"electricity";2500;2509;"2019-05-17";"2019-09-01";"2020-04-30";"2020-03-31";"fristgerecht durch Kunde";"Hannover";"terminated";1000;"2019-07-02"
7526;"energy";"electricity";2900;3008;"2018-09-08";"2018-10-01";"";"";"";"Karlsruhe";"indelivery";1000;"2020-03-18"
7527;"energy";"gas";9100;9076;"2019-09-01";"2019-10-01";"";"";"";"Cologne";"indelivery";2001;"2020-09-28"
7528;"energy";"electricity";2200;2314;"2020-08-13";"2021-01-01";"";"";"";"Cottbus";"active";1002;"2020-08-19"
7529;"energy";"electricity";1900;1888;"2020-07-31";"2020-11-01";"";"";"";"Berlin";"active";1000;"2020-09-10"
7530;"energy";"electricity";3000;3155;"2019-04-30";"2019-09-01";"";"";"";"Düsseldorf";"indelivery";1002;"2020-04-30"
7531;"energy";"electricity";2100;2073;"2018-07-17";"2018-08-01";"2020-01-31";"2020-01-01";"fristgerecht durch Kunde";"Braunschweig";"terminated";1000;"2019-08-05"
7532;"energy";"gas";11800;12010;"2018-09-12";"2018-12-01";"";"";"";"Duisburg";"indelivery";2000;"2019-03-28"
7533;"energy";"electricity";2100;2007;"2018-07-22";"2018-08-01";"";"";"";"Hannover";"indelivery";1002;"2020-03-07"
7534;"energy";"electricity";2700;2795;"2019-01-20";"2019-09-01";"";"";"";"Hamburg";"indelivery";1000;"2020-06-12"
7535;"energy";"electricity";2800;2753;"2018-09-13";"2018-11-01";"2019-04-30";"2019-04-02";"Umzug";"Bielefeld";"terminated";1002;"2019-03-10"
7536;"energy";"electricity";2800;2748;"2020-03-11";"2020-04-01";"";"";"";"Dresden";"indelivery";1002;"2020-03-23"
7537;"energy";"electricity";2900;2841;"2018-09-18";"2018-12-01";"";"";"";"Cologne";"indelivery";1000;"2020-02-28"
7538;"energy";"electricity";2600;2649;"2018-10-21";"2020-03-01";"";"";"";"Leipzig";"indelivery";1001;"2019-03-20"
7539;"energy";"electricity";2700;2708;"2018-08-13";"2018-11-01";"2018-11-01";"2019-10-01";"Wiederruf";"Wuppertal";"terminated";1000;"2019-10-01"
7540;"energy";"electricity";2900;2784;"2020-01-27";"2020-09-01";"";"";"";"Oldenburg";"indelivery";1001;"2020-07-09"
7541;"energy";"electricity";2500;2553;"2019-08-14";"2019-11-01";"2019-12-31";"2019-12-01";"fristgerecht durch LichtBlick";"Kassel";"terminated";1002;"2019-12-01"
7542;"energy";"electricity";3000;2925;"2018-01-22";"2018-06-01";"";"";"";"Augsburg";"indelivery";1002;"2018-01-30"
7543;"energy";"electricity";2100;2076;"2019-04-29";"2019-06-01";"";"";"";"Frankfurt";"indelivery";1000;"2020-08-23"
7544;"energy";"electricity";2900;"";"2018-01-02";"2018-05-01";"";"";"";"Stralsund";"indelivery";1001;"2019-06-20"
7545;"energy";"electricity";2700;2722;"2019-03-24";"2019-07-01";"";"";"";"Düsseldorf";"indelivery";1001;"2020-06-28"
7546;"energy";"electricity";2300;2409;"2018-09-25";"2019-02-01";"";"";"";"Frankfurt";"indelivery";1000;"2019-01-23"
7547;"energy";"electricity";2800;2971;"2018-06-18";"2019-02-01";"";"";"";"Mannheim";"indelivery";1000;"2018-10-20"
7548;"energy";"electricity";2600;2706;"2018-07-19";"2018-09-01";"2020-11-30";"2020-10-28";"fristgerecht durch LichtBlick";"Berlin";"cancelled";1002;"2018-08-28"
7549;"energy";"electricity";2100;2209;"2018-03-17";"2018-05-01";"2018-05-01";"2020-04-02";"Wiederruf";"Dresden";"terminated";1001;"2019-10-08"
7550;"energy";"electricity";2500;2573;"2018-07-08";"2018-10-01";"2019-03-31";"2019-03-01";"fristgerecht durch Kunde";"Berlin";"terminated";1000;"2019-03-01"
7551;"energy";"electricity";3000;3100;"2019-04-09";"2019-06-01";"";"";"";"Heilbronn";"indelivery";1000;"2020-09-20"
7552;"energy";"gas";9100;9135;"2019-11-28";"2019-12-01";"";"";"";"Hannover";"indelivery";2001;"2020-01-22"
7553;"energy";"electricity";2300;2209;"2018-11-12";"2019-01-01";"2020-09-30";"2020-09-02";"fristgerecht durch Kunde";"Hamburg";"terminated";1001;"2019-08-20"
7554;"energy";"electricity";2200;2283;"2018-11-15";"2019-01-01";"2020-04-30";"2020-03-31";"fristgerecht durch Kunde";"Koblenz";"terminated";1002;"2020-02-22"
7555;"energy";"electricity";2300;2452;"2020-02-19";"2020-09-01";"2020-12-31";"2020-12-03";"fristgerecht durch Kunde";"Gießen";"cancelled";1002;"2020-08-02"
7556;"energy";"electricity";2500;2515;"2020-01-09";"2020-05-01";"";"";"";"Mainz";"indelivery";1002;"2020-08-10"
7557;"energy";"electricity";2400;2570;"2020-02-19";"2021-01-01";"";"";"";"Munich";"active";1000;"2020-04-07"
7558;"energy";"electricity";2200;2252;"2019-07-25";"2019-12-01";"";"";"";"Stuttgart";"indelivery";1000;"2020-03-23"
7559;"energy";"gas";11700;11321;"2019-12-16";"2020-04-01";"";"";"";"Bonn";"indelivery";2001;"2020-04-02"
7560;"energy";"electricity";2800;2804;"2020-09-02";"2021-07-01";"";"";"";"Mainz";"active";1000;"2020-09-15"
7561;"energy";"electricity";2600;2522;"2019-03-07";"2019-05-01";"";"";"";"Stuttgart";"indelivery";1000;"2020-07-21"
7562;"energy";"electricity";3000;2948;"2018-07-29";"2019-03-01";"";"";"";"Wiesbaden";"indelivery";1001;"2019-12-07"
7563;"energy";"electricity";2500;2379;"2019-09-01";"2019-11-01";"";"";"";"Münster";"indelivery";1001;"2020-03-02"
7564;"energy";"electricity";2800;2871;"2020-06-17";"2020-10-01";"";"";"";"Hannover";"indelivery";1001;"2020-07-28"
7565;"energy";"electricity";2800;2798;"2020-03-01";"2020-06-01";"";"";"";"Frankfurt (Oder)";"indelivery";1002;"2020-07-07"
7566;"energy";"electricity";2500;2689;"2019-07-22";"2019-08-01";"2019-12-31";"2019-12-03";"fristgerecht durch Kunde";"Munich";"terminated";1001;"2019-12-03"
7567;"energy";"electricity";2400;2378;"2020-07-27";"2020-10-01";"";"";"";"Frankfurt";"indelivery";1001;"2020-09-27"
7568;"energy";"electricity";2300;2231;"2018-05-16";"2018-10-01";"";"";"";"Berlin";"indelivery";1001;"2020-07-20"
7569;"energy";"electricity";2400;2432;"2020-08-17";"2021-01-01";"";"";"";"Frankfurt";"active";1002;"2020-08-31"
7570;"energy";"electricity";2000;2143;"2018-01-22";"2018-03-01";"";"";"";"Hamburg";"indelivery";1000;"2019-09-29"
7571;"energy";"electricity";2600;2647;"2020-09-09";"2021-02-01";"";"";"";"Hamburg";"active";1002;"2020-09-18"
7572;"energy";"electricity";2300;2406;"2019-02-18";"2019-04-01";"2020-02-29";"2020-01-28";"fristgerecht durch Kunde";"Magdeburg";"terminated";1000;"2019-12-12"
7573;"energy";"electricity";2200;2298;"2020-05-10";"2020-08-01";"";"";"";"Hannover";"indelivery";1002;"2020-07-04"
7574;"energy";"electricity";2800;2802;"2018-05-16";"2018-07-01";"";"";"";"Berlin";"indelivery";1000;"2018-10-11"
7575;"energy";"gas";8300;"";"2020-02-21";"2020-04-01";"";"";"";"Wuppertal";"indelivery";2000;"2020-09-27"
7576;"energy";"electricity";2500;2433;"2020-04-09";"2020-06-01";"";"";"";"Stuttgart";"indelivery";1002;"2020-05-22"
7577;"energy";"electricity";3000;3044;"2019-10-29";"2019-12-01";"2020-01-31";"2020-01-01";"Umzug";"Altchemnitz";"terminated";1000;"2020-01-01"
7578;"energy";"electricity";2500;2555;"2019-08-09";"2020-01-01";"";"";"";"Hamburg";"indelivery";1002;"2020-08-23"
7579;"energy";"electricity";2800;3034;"2020-03-17";"2020-05-01";"";"";"";"Berlin";"indelivery";1002;"2020-05-15"
7580;"energy";"electricity";2700;2788;"2020-07-21";"2020-08-01";"";"";"";"Regensburg";"indelivery";1002;"2020-08-02"
7581;"energy";"electricity";2800;2954;"2018-12-07";"2019-01-01";"";"";"";"Potsdam";"indelivery";1002;"2020-06-26"
7582;"energy";"electricity";2700;2867;"2020-02-16";"2020-06-01";"";"";"";"Berlin";"indelivery";1002;"2020-04-09"
7583;"energy";"electricity";2900;2836;"2019-10-17";"2020-03-01";"";"";"";"Haßfurt";"indelivery";1000;"2020-02-27"
7584;"energy";"electricity";2700;2780;"2019-02-13";"2019-04-01";"";"";"";"Dortmund";"indelivery";1002;"2019-10-16"
7585;"energy";"electricity";2700;2902;"2020-02-28";"2020-05-01";"";"";"";"Hamburg";"indelivery";1001;"2020-07-02"
7586;"energy";"electricity";2000;2156;"2019-07-12";"2020-01-01";"";"";"";"Berlin";"indelivery";1000;"2020-09-20"
7587;"energy";"gas";8100;8445;"2018-07-16";"2018-08-01";"2020-10-31";"2020-10-02";"fristgerecht durch LichtBlick";"Hannover";"cancelled";2001;"2018-11-05"
7588;"energy";"electricity";2300;2220;"2019-09-18";"2020-01-01";"";"";"";"Berlin";"indelivery";1000;"2020-03-30"
7589;"energy";"gas";8700;9199;"2020-05-19";"2020-07-01";"";"";"";"Stuttgart";"indelivery";2001;"2020-08-04"
7590;"energy";"electricity";2600;2583;"2020-09-17";"2021-04-01";"";"";"";"Berlin";"active";1002;"2020-09-30"
7591;"energy";"electricity";2000;1880;"2020-05-15";"2020-06-01";"";"";"";"Berlin";"indelivery";1000;"2020-07-20"
7592;"energy";"electricity";2600;2539;"2020-01-10";"2020-04-01";"";"";"";"Mönchengladbach";"indelivery";1000;"2020-05-15"
7593;"energy";"gas";9300;9269;"2018-06-23";"2018-07-01";"";"";"";"Essen";"indelivery";2001;"2019-08-30"
7594;"energy";"gas";11400;12129;"2018-08-30";"2019-03-01";"2019-09-30";"2019-09-02";"fristgerecht durch Kunde";"Osnabrück";"terminated";2001;"2019-03-01"
7595;"energy";"electricity";2600;2737;"2019-05-27";"2019-07-01";"";"";"";"Munich";"indelivery";1000;"2019-11-01"
7596;"energy";"electricity";2100;2133;"2020-07-26";"2020-09-01";"2020-12-31";"2020-11-30";"fristgerecht durch Kunde";"Rosenheim";"cancelled";1002;"2020-08-10"
7597;"energy";"electricity";2900;2840;"2018-02-24";"2018-05-01";"2020-09-30";"2020-09-02";"fristgerecht durch Kunde";"Duisburg";"terminated";1001;"2019-03-12"
7598;"energy";"electricity";2600;2775;"2020-09-02";"2021-01-01";"";"";"";"Fürth";"active";1000;"2020-09-30"
7599;"energy";"gas";9500;9017;"2019-06-23";"2019-08-01";"";"";"";"Dortmund";"indelivery";2000;"2019-11-15"
7600;"energy";"electricity";2300;2451;"2018-06-28";"2018-09-01";"2020-04-30";"2020-03-27";"Umzug";"Bremen";"terminated";1000;"2018-10-31"
7601;"energy";"electricity";2200;2317;"2018-08-08";"2018-11-01";"2019-04-30";"2019-03-30";"Umzug";"Hannover";"terminated";1000;"2019-03-30"
7602;"energy";"electricity";2100;2218;"2018-04-16";"2018-05-01";"";"";"";"Rostock";"indelivery";1001;"2019-11-02"
7603;"energy";"electricity";2200;2110;"2019-04-23";"2019-07-01";"";"";"";"Berlin";"indelivery";1001;"2019-12-04"
7604;"energy";"electricity";2500;2487;"2019-03-15";"2019-06-01";"";"";"";"Berlin";"indelivery";1002;"2019-06-19"
7605;"energy";"electricity";2200;2136;"2018-11-03";"2018-12-01";"2020-08-31";"2020-07-30";"fristgerecht durch LichtBlick";"Hamburg";"terminated";1000;"2019-10-18"
7606;"energy";"electricity";2300;2198;"2020-09-22";"2021-01-01";"";"";"";"Mannheim";"active";1002;"2020-09-22"
7607;"energy";"gas";8400;8602;"2019-09-03";"2019-12-01";"";"";"";"Stuttgart";"indelivery";2000;"2020-08-11"
7608;"energy";"electricity";2300;2508;"2020-08-23";"2020-10-01";"";"";"";"Berlin";"indelivery";1002;"2020-08-24"
7609;"energy";"gas";8500;"";"2020-04-30";"2020-08-01";"";"";"";"Augsburg";"indelivery";2000;"2020-06-08"
7610;"energy";"electricity";2700;2777;"2019-04-09";"2020-01-01";"";"";"";"Wiesbaden";"indelivery";1002;"2020-07-17"
7611;"energy";"gas";8000;8281;"2018-01-14";"2018-03-01";"2018-03-01";"2020-04-30";"Wiederruf";"Munich";"terminated";2001;"2019-04-17"
7612;"energy";"gas";8100;8463;"2020-09-13";"2021-03-01";"";"";"";"Lübeck";"active";2001;"2020-09-29"
7613;"energy";"electricity";2700;2620;"2020-03-08";"2020-05-01";"";"";"";"Berlin";"indelivery";1000;"2020-04-18"
7614;"energy";"electricity";3000;2920;"2019-04-30";"2019-11-01";"";"";"";"Groß-Gerau";"indelivery";1001;"2020-09-03"
7615;"energy";"electricity";2000;1932;"2018-01-22";"2018-03-01";"";"";"";"Stuttgart";"indelivery";1001;"2020-04-16"
7616;"energy";"electricity";2200;2327;"2019-07-18";"2019-08-01";"";"";"";"Munich";"indelivery";1002;"2020-01-02"
7617;"energy";"gas";11200;10876;"2020-09-03";"2020-12-01";"";"";"";"Rostock";"active";2001;"2020-09-13"
7618;"energy";"electricity";2000;1955;"2019-05-18";"2019-08-01";"";"";"";"Dortmund";"indelivery";1000;"2019-10-27"
7619;"energy";"gas";8500;9035;"2020-03-20";"2020-10-01";"";"";"";"Bremen";"indelivery";2001;"2020-03-29"
7620;"energy";"electricity";2800;2762;"2020-03-16";"2020-09-01";"";"";"";"Duisburg";"indelivery";1000;"2020-07-23"
7621;"energy";"electricity";2600;2600;"2018-09-19";"2018-12-01";"";"";"";"Gera";"indelivery";1001;"2019-07-19"
7622;"energy";"electricity";2900;3136;"2018-02-21";"2018-04-01";"";"";"";"Brandenburg";"indelivery";1002;"2018-10-01"
7623;"energy";"electricity";2200;2337;"2018-02-25";"2018-04-01";"2018-04-01";"2020-07-01";"Wiederruf";"Hamburg";"terminated";1000;"2020-04-15"
7624;"energy";"gas";12400;12668;"2020-09-30";"2021-02-01";"";"";"";"Görlitz";"active";2001;"2020-09-30"
7625;"energy";"gas";11700;11700;"2020-06-28";"2020-08-01";"";"";"";"Hofeck";"indelivery";2000;"2020-09-25"
7626;"energy";"electricity";3000;3170;"2019-11-25";"2020-02-01";"2020-05-31";"2020-05-03";"fristgerecht durch Kunde";"Hamburg";"terminated";1001;"2020-05-03"
7627;"energy";"electricity";2400;2599;"2019-01-19";"2019-03-01";"";"";"";"Wuppertal";"indelivery";1002;"2019-10-11"
7628;"energy";"electricity";2500;2546;"2019-01-26";"2020-04-01";"";"";"";"Berlin";"indelivery";1000;"2020-06-05"
7629;"energy";"electricity";1900;1887;"2018-01-18";"2018-04-01";"2020-06-30";"2020-06-02";"fristgerecht durch Kunde";"Hamburg";"terminated";1001;"2019-02-16"
7630;"energy";"electricity";2800;2707;"2019-08-03";"2019-11-01";"2020-09-30";"2020-09-02";"fristgerecht durch Kunde";"Kiel";"terminated";1000;"2020-05-16"
7631;"energy";"electricity";3000;3220;"2019-07-10";"2019-12-01";"";"";"";"Münster";"indelivery";1002;"2019-09-17"
7632;"energy";"electricity";2800;2776;"2019-09-27";"2019-10-01";"";"";"";"Lübeck";"indelivery";1000;"2019-10-10"
7633;"energy";"electricity";2700;2650;"2020-07-30";"2020-11-01";"2020-11-01";"2020-11-29";"Wiederruf";"Munich";"cancelled";1000;"2020-09-16"
7634;"energy";"electricity";2000;1939;"2018-07-07";"2018-10-01";"";"";"";"Hannover";"indelivery";1000;"2019-06-05"
7635;"energy";"electricity";2600;2593;"2019-11-19";"2020-06-01";"";"";"";"Biberach";"indelivery";1001;"2020-03-10"
7636;"energy";"electricity";2400;2527;"2020-08-09";"2020-12-01";"";"";"";"Wiesbaden";"active";1000;"2020-09-22"
7637;"energy";"electricity";2700;2810;"2019-12-27";"2020-01-01";"";"";"";"Düsseldorf";"indelivery";1001;"2020-01-23"
7638;"energy";"electricity";2400;2426;"2019-10-10";"2020-12-01";"";"";"";"Essen";"active";1000;"2020-06-23"
7639;"energy";"electricity";2000;1921;"2020-07-26";"2020-10-01";"";"";"";"Hamburg";"indelivery";1002;"2020-09-12"
7640;"energy";"electricity";2800;2765;"2019-06-06";"2019-07-01";"";"";"";"Frankfurt";"indelivery";1001;"2020-05-24"
7641;"energy";"electricity";2100;2043;"2018-02-20";"2018-04-01";"2018-10-31";"2018-10-03";"fristgerecht durch Kunde";"Wuppertal";"terminated";1000;"2018-10-03"
7642;"energy";"gas";8700;8322;"2020-05-10";"2020-11-01";"";"";"";"Stuttgart";"active";2000;"2020-08-18"
7643;"energy";"electricity";2400;2517;"2019-04-15";"2019-05-01";"";"";"";"Munich";"indelivery";1002;"2020-08-15"
7644;"energy";"gas";8400;8130;"2020-06-24";"2020-08-01";"";"";"";"Essen";"indelivery";2001;"2020-07-02"
7645;"energy";"electricity";2600;2629;"2019-06-03";"2019-10-01";"";"";"";"Stralsund";"indelivery";1002;"2020-05-05"
7646;"energy";"electricity";2800;2770;"2020-05-02";"2020-09-01";"";"";"";"Berlin";"indelivery";1001;"2020-08-19"
7647;"energy";"gas";11700;12257;"2019-07-19";"2020-01-01";"";"";"";"Bremen";"indelivery";2001;"2019-09-27"
7648;"energy";"electricity";2800;2722;"2019-05-17";"2020-11-01";"";"";"";"Bonn";"active";1002;"2019-06-09"
7649;"energy";"electricity";2500;2528;"2020-09-02";"2020-11-01";"";"";"";"Groß-Gerau";"active";1002;"2020-09-30"
7650;"energy";"electricity";2400;2592;"2019-01-05";"2019-03-01";"";"";"";"Berlin";"indelivery";1000;"2020-05-05"
7651;"energy";"electricity";2500;2390;"2018-07-31";"2019-01-01";"";"";"";"Hannover";"indelivery";1001;"2020-05-21"
7652;"energy";"electricity";2100;2256;"2019-01-18";"2019-03-01";"2020-03-31";"2020-02-29";"fristgerecht durch LichtBlick";"Berlin";"terminated";1000;"2020-02-29"
7653;"energy";"electricity";2200;2131;"2020-01-25";"2020-02-01";"";"";"";"Magdeburg";"indelivery";1000;"2020-06-04"
7654;"energy";"electricity";2200;2288;"2020-08-08";"2020-10-01";"";"";"";"Bielefeld";"indelivery";1002;"2020-08-08"
7655;"energy";"electricity";2300;2440;"2018-02-14";"2018-05-01";"";"";"";"Düsseldorf";"indelivery";1001;"2019-10-01"
7656;"energy";"electricity";2100;2043;"2020-07-14";"2021-01-01";"";"";"";"Essen";"active";1000;"2020-08-16"
7657;"energy";"electricity";2300;2431;"2019-08-27";"2019-12-01";"";"";"";"Görlitz";"indelivery";1001;"2020-06-23"
7658;"energy";"electricity";2300;2427;"2019-02-23";"2019-06-01";"";"";"";"Ingolstadt";"indelivery";1001;"2019-03-20"
7659;"energy";"electricity";2600;2745;"2020-07-30";"2020-09-01";"";"";"";"Lübeck";"indelivery";1002;"2020-08-07"
7660;"energy";"electricity";2200;2412;"2019-03-14";"2019-07-01";"";"";"";"Regensburg";"indelivery";1001;"2020-04-15"
7661;"energy";"electricity";2000;2076;"2019-07-29";"2020-01-01";"";"";"";"Munich";"indelivery";1000;"2020-01-11"
7662;"energy";"electricity";2700;2691;"2018-12-19";"2019-04-01";"";"";"";"Marienberg";"indelivery";1000;"2019-08-04"
7663;"energy";"electricity";2200;2264;"2018-04-08";"2018-05-01";"";"";"";"Marienberg";"indelivery";1001;"2018-09-09"
7664;"energy";"electricity";2700;2838;"2019-06-27";"2019-07-01";"";"";"";"Frankfurt";"indelivery";1002;"2020-01-20"
7665;"energy";"electricity";2700;2897;"2019-06-07";"2019-09-01";"";"";"";"Dortmund";"indelivery";1001;"2020-02-21"
7666;"energy";"electricity";2100;2010;"2018-03-06";"2019-01-01";"2020-09-30";"2020-08-29";"Umzug";"Cologne";"terminated";1002;"2018-09-17"
7667;"energy";"electricity";3200;3033;"2019-06-19";"2019-09-01";"";"";"";"Hildesheim";"indelivery";1000;"2020-02-19"
7668;"energy";"electricity";3000;3077;"2019-06-29";"2020-03-01";"";"";"";"Wuppertal";"indelivery";1001;"2019-07-07"
7669;"energy";"electricity";2400;2475;"2018-10-01";"2019-03-01";"";"";"";"Goslar";"indelivery";1001;"2019-01-14"
7670;"energy";"electricity";2700;2776;"2019-06-18";"2019-11-01";"";"";"";"Koblenz";"indelivery";1000;"2020-05-22"
7671;"energy";"electricity";2200;2313;"2019-12-01";"2020-11-01";"";"";"";"Berlin";"active";1002;"2020-07-02"
7672;"energy";"electricity";2300;2498;"2020-08-11";"2020-10-01";"";"";"";"Duisburg";"indelivery";1002;"2020-09-17"
7673;"energy";"electricity";2000;2131;"2020-08-18";"2021-01-01";"";"";"";"Dresden";"active";1002;"2020-09-20"
7674;"energy";"gas";8600;9180;"2018-03-09";"2018-07-01";"2018-07-01";"2020-05-28";"Wiederruf";"Eutin";"terminated";2000;"2020-05-08"
7675;"energy";"electricity";2300;2307;"2019-09-21";"2020-03-01";"";"";"";"Münster";"indelivery";1001;"2019-12-01"
7676;"energy";"electricity";2300;2355;"2018-12-24";"2019-01-01";"";"";"";"Bielefeld";"indelivery";1002;"2020-02-04"
7677;"energy";"electricity";2700;2618;"2019-08-27";"2020-02-01";"";"";"";"Cologne";"indelivery";1002;"2020-01-26"
7678;"energy";"electricity";2500;2604;"2020-05-16";"2020-07-01";"";"";"";"Berlin";"indelivery";1002;"2020-08-05"
7679;"energy";"electricity";2600;2611;"2018-11-03";"2019-01-01";"2019-09-30";"2019-08-27";"fristgerecht durch LichtBlick";"Bremen";"terminated";1000;"2019-08-27"
7680;"energy";"electricity";2300;2301;"2020-05-04";"2020-08-01";"";"";"";"Munich";"indelivery";1001;"2020-08-29"
7681;"energy";"electricity";2700;2765;"2018-09-02";"2018-11-01";"";"";"";"Braunschweig";"indelivery";1000;"2020-07-20"
7682;"energy";"electricity";2900;3040;"2018-02-18";"2018-04-01";"2019-12-31";"2019-11-24";"fristgerecht durch LichtBlick";"Bremen";"terminated";1002;"2018-11-30"
7683;"energy";"electricity";2000;2049;"2019-07-16";"2019-08-01";"2019-10-31";"2019-10-03";"fristgerecht durch Kunde";"Mainz";"terminated";1001;"2019-10-03"
7684;"energy";"gas";10200;10528;"2019-10-21";"2020-04-01";"";"";"";"Koblenz";"indelivery";2001;"2020-07-01"
7685;"energy";"electricity";2500;"";"2018-06-27";"2018-09-01";"";"";"";"Bielefeld";"indelivery";1000;"2020-02-08"
7686;"energy";"electricity";2200;2255;"2018-04-17";"2018-07-01";"2018-07-01";"2018-12-31";"Wiederruf";"Heidelberg";"terminated";1002;"2018-12-31"
7687;"energy";"electricity";2400;2390;"2018-09-03";"2018-10-01";"";"";"";"Munich";"indelivery";1000;"2018-12-31"
7688;"energy";"electricity";2900;2898;"2019-12-28";"2020-02-01";"";"";"";"Dortmund";"indelivery";1000;"2020-02-23"
7689;"energy";"electricity";2000;2011;"2019-04-04";"2019-07-01";"";"";"";"Frankfurt";"indelivery";1002;"2020-08-23"
7690;"energy";"electricity";2900;3084;"2018-05-19";"2018-06-01";"";"";"";"Wuppertal";"indelivery";1002;"2020-05-06"
7691;"energy";"electricity";2400;2357;"2020-08-24";"2020-10-01";"";"";"";"Düsseldorf";"indelivery";1001;"2020-09-05"
7692;"energy";"electricity";2100;"";"2018-10-27";"2018-12-01";"";"";"";"Essen";"indelivery";1002;"2020-07-07"
7693;"energy";"gas";11000;10957;"2020-03-19";"2020-06-01";"";"";"";"Munich";"indelivery";2001;"2020-06-02"
7694;"energy";"electricity";2100;2056;"2018-04-03";"2018-05-01";"";"";"";"Munich";"indelivery";1001;"2019-11-19"
7695;"energy";"electricity";3000;2991;"2018-07-24";"2018-09-01";"2019-01-31";"2018-12-27";"fristgerecht durch LichtBlick";"Jena";"terminated";1001;"2018-08-05"
7696;"energy";"electricity";2000;2054;"2019-01-07";"2019-02-01";"2019-05-31";"2019-05-03";"fristgerecht durch Kunde";"Dresden";"terminated";1000;"2019-05-03"
7697;"energy";"electricity";2900;2948;"2020-03-09";"2021-02-01";"";"";"";"Hamburg";"active";1002;"2020-09-11"
7698;"energy";"gas";9900;9713;"2020-09-25";"2020-10-01";"";"";"";"Berlin";"indelivery";2001;"2020-09-26"
7699;"energy";"electricity";2800;2758;"2019-01-16";"2019-02-01";"";"";"";"Marienberg";"indelivery";1001;"2019-03-22"
7700;"energy";"electricity";2100;2036;"2019-08-07";"2020-01-01";"";"";"";"Heidelberg";"indelivery";1002;"2020-04-02"
7701;"energy";"electricity";2400;2514;"2018-12-01";"2019-09-01";"";"";"";"Stuttgart";"indelivery";1002;"2019-10-02"
7702;"energy";"electricity";2200;2375;"2019-07-22";"2019-08-01";"";"";"";"Hamburg";"indelivery";1000;"2020-04-13"
7703;"energy";"electricity";2100;"";"2019-02-06";"2019-08-01";"";"";"";"Dortmund";"indelivery";1001;"2019-05-10"
7704;"energy";"electricity";2800;2859;"2019-08-12";"2019-11-01";"";"";"";"Cologne";"indelivery";1002;"2020-04-08"
7705;"energy";"electricity";2700;2923;"2019-09-24";"2020-01-01";"";"";"";"Wuppertal";"indelivery";1000;"2020-05-17"
7706;"energy";"electricity";2100;2004;"2018-11-23";"2019-06-01";"2019-06-01";"2020-07-31";"Wiederruf";"Düsseldorf";"terminated";1002;"2019-06-12"
7707;"energy";"electricity";2000;2099;"2018-06-14";"2018-07-01";"2018-08-31";"2018-07-29";"fristgerecht durch Kunde";"Cologne";"terminated";1002;"2018-07-29"
7708;"energy";"gas";10900;"";"2019-05-24";"2019-10-01";"";"";"";"Frankfurt";"indelivery";2000;"2020-09-08"
7709;"energy";"electricity";2000;1931;"2020-03-17";"2020-07-01";"";"";"";"Kiel";"indelivery";1001;"2020-06-13"
7710;"energy";"electricity";2400;2353;"2018-04-10";"2018-05-01";"";"";"";"Berlin";"indelivery";1000;"2020-01-06"
7711;"energy";"electricity";2300;2311;"2020-02-29";"2020-05-01";"";"";"";"Osnabrück";"indelivery";1000;"2020-09-03"
7712;"energy";"electricity";2500;"";"2019-07-20";"2019-08-01";"";"";"";"Berlin";"indelivery";1000;"2020-06-06"
7713;"energy";"electricity";2300;"";"2020-02-21";"2020-04-01";"";"";"";"Dortmund";"indelivery";1002;"2020-02-29"
7714;"energy";"electricity";2100;2146;"2019-12-28";"2020-01-01";"";"";"";"Duisburg";"indelivery";1000;"2020-06-04"
7715;"energy";"electricity";1900;1936;"2018-02-13";"2018-06-01";"2018-06-01";"2019-01-18";"Wiederruf";"Cologne";"terminated";1002;"2018-04-19"
7716;"energy";"gas";10300;10925;"2018-09-10";"2018-12-01";"";"";"";"Potsdam";"indelivery";2001;"2019-06-26"
7717;"energy";"electricity";2600;2729;"2018-11-27";"2020-01-01";"";"";"";"Leipzig";"indelivery";1000;"2019-11-10"
7718;"energy";"electricity";2200;"";"2019-10-03";"2020-08-01";"";"";"";"Marienberg";"indelivery";1002;"2020-04-12"
7719;"energy";"electricity";2300;2236;"2019-01-19";"2019-09-01";"";"";"";"Berlin";"indelivery";1001;"2020-04-12"
7720;"energy";"electricity";2200;2326;"2019-08-10";"2020-06-01";"";"";"";"Bremen";"indelivery";1000;"2019-09-30"
7721;"energy";"gas";9700;10379;"2020-05-13";"2020-11-01";"";"";"";"Berlin";"active";2000;"2020-09-16"
7722;"energy";"gas";10100;10348;"2019-09-11";"2020-05-01";"";"";"";"Hamburg";"indelivery";2001;"2019-11-07"
7723;"energy";"gas";11200;11529;"2020-09-28";"2020-11-01";"";"";"";"Frankfurt";"active";2000;"2020-09-29"
7724;"energy";"electricity";2600;2715;"2019-02-27";"2020-01-01";"";"";"";"Essen";"indelivery";1002;"2020-08-26"
7725;"energy";"electricity";2600;2588;"2020-02-08";"2020-04-01";"";"";"";"Munich";"indelivery";1000;"2020-09-14"
7726;"energy";"electricity";2200;2130;"2019-08-16";"2021-02-01";"";"";"";"Berlin";"active";1001;"2020-04-21"
7727;"energy";"electricity";2700;2776;"2018-11-01";"2019-11-01";"2020-02-29";"2020-01-28";"Umzug";"Cologne";"terminated";1001;"2020-01-28"
7728;"energy";"electricity";2300;2293;"2018-08-20";"2018-10-01";"2020-10-31";"2020-10-01";"Umzug";"Duisburg";"cancelled";1000;"2020-05-27"
7729;"energy";"electricity";2600;2692;"2018-07-15";"2018-08-01";"2020-01-31";"2019-12-21";"fristgerecht durch Kunde";"Hannover";"terminated";1002;"2019-10-13"
7730;"energy";"electricity";2400;2355;"2019-02-18";"2019-07-01";"";"";"";"Lübeck";"indelivery";1001;"2019-05-25"
7731;"energy";"electricity";2300;2261;"2020-04-23";"2020-06-01";"";"";"";"Altchemnitz";"indelivery";1000;"2020-08-13"
7732;"energy";"gas";10900;11485;"2018-06-30";"2018-11-01";"";"";"";"Dortmund";"indelivery";2000;"2020-02-25"
7733;"energy";"gas";11500;10997;"2019-06-11";"2019-09-01";"";"";"";"Magdeburg";"indelivery";2001;"2019-07-17"
7734;"energy";"electricity";2900;2786;"2019-11-19";"2020-06-01";"";"";"";"Düsseldorf";"indelivery";1001;"2020-02-15"
7735;"energy";"electricity";2400;2350;"2018-07-18";"2018-11-01";"2019-08-31";"2019-08-03";"fristgerecht durch LichtBlick";"Frankfurt";"terminated";1002;"2018-07-30"
7736;"energy";"electricity";2500;2495;"2019-02-26";"2019-03-01";"";"";"";"Düsseldorf";"indelivery";1002;"2020-05-27"
7737;"energy";"electricity";2400;2551;"2020-09-09";"2021-11-01";"";"";"";"Duisburg";"active";1001;"2020-09-21"
7738;"energy";"electricity";2800;2915;"2019-01-12";"2019-05-01";"";"";"";"Essen";"indelivery";1000;"2019-07-02"
7739;"energy";"electricity";2800;"";"2018-12-18";"2019-03-01";"";"";"";"Cottbus";"indelivery";1002;"2020-09-17"
7740;"energy";"gas";10400;10019;"2020-01-25";"2020-02-01";"2020-02-01";"2020-05-29";"Wiederruf";"Dresden";"terminated";2001;"2020-05-26"
7741;"energy";"electricity";2600;2531;"2020-02-10";"2020-03-01";"";"";"";"Cologne";"indelivery";1002;"2020-05-26"
7742;"energy";"electricity";2100;2125;"2018-02-16";"2018-06-01";"";"";"";"Oldenburg";"indelivery";1001;"2019-09-19"
7743;"energy";"gas";9500;10184;"2020-05-12";"2021-06-01";"";"";"";"Fürth";"active";2000;"2020-08-03"
7744;"energy";"electricity";2100;2059;"2018-05-27";"2018-09-01";"";"";"";"Wuppertal";"indelivery";1001;"2020-05-15"
7745;"energy";"electricity";2800;2979;"2019-07-25";"2019-09-01";"";"";"";"Berlin";"indelivery";1000;"2019-09-13"
7746;"energy";"electricity";2700;2576;"2019-01-27";"2019-05-01";"";"";"";"Regensburg";"indelivery";1000;"2019-09-27"
7747;"energy";"electricity";2000;1958;"2018-02-12";"2018-11-01";"";"";"";"Frankfurt";"indelivery";1002;"2019-06-01"
7748;"energy";"gas";8500;8116;"2018-05-29";"2018-10-01";"";"";"";"Hamburg";"indelivery";2001;"2019-02-17"
7749;"energy";"electricity";2300;2471;"2018-03-28";"2018-08-01";"";"";"";"Dortmund";"indelivery";1001;"2019-06-06"
7750;"energy";"electricity";2000;1964;"2020-02-04";"2020-08-01";"";"";"";"Oldenburg";"indelivery";1000;"2020-08-11"
7751;"energy";"gas";8300;8390;"2020-04-14";"2020-07-01";"";"";"";"Altchemnitz";"indelivery";2000;"2020-05-14"
7752;"energy";"electricity";2100;2127;"2020-03-27";"2020-06-01";"";"";"";"Ingolstadt";"indelivery";1002;"2020-03-30"
7753;"energy";"electricity";2700;2618;"2018-10-05";"2019-04-01";"";"";"";"Seelow";"indelivery";1002;"2019-07-16"
7754;"energy";"electricity";2500;2374;"2020-07-30";"2021-01-01";"";"";"";"Leverkusen";"active";1001;"2020-08-28"
7755;"energy";"electricity";2500;"";"2020-06-05";"2021-05-01";"";"";"";"Landsberg";"active";1002;"2020-08-27"
7756;"energy";"electricity";3000;3037;"2019-11-14";"2020-01-01";"";"";"";"Dresden";"indelivery";1001;"2020-08-31"
7757;"energy";"electricity";2900;3003;"2018-08-20";"2018-10-01";"";"";"";"Dresden";"indelivery";1001;"2019-08-25"
7758;"energy";"electricity";2100;2248;"2019-03-28";"2019-07-01";"";"";"";"Dortmund";"indelivery";1001;"2019-12-28"
7759;"energy";"electricity";2300;2274;"2019-04-28";"2019-05-01";"";"";"";"Berlin";"indelivery";1000;"2020-09-11"
7760;"energy";"electricity";2200;"";"2020-04-05";"2020-05-01";"";"";"";"Berlin";"indelivery";1000;"2020-07-20"
7761;"energy";"electricity";2400;2514;"2020-08-19";"2020-10-01";"";"";"";"Cologne";"indelivery";1000;"2020-08-20"
7762;"energy";"electricity";2800;2801;"2019-02-14";"2019-05-01";"";"";"";"Braunschweig";"indelivery";1000;"2020-02-20"
7763;"energy";"electricity";2600;2487;"2019-01-13";"2019-05-01";"2019-07-31";"2019-07-03";"fristgerecht durch LichtBlick";"Essen";"terminated";1001;"2019-07-03"
7764;"energy";"electricity";2500;2674;"2019-07-11";"2019-12-01";"";"";"";"Hamburg";"indelivery";1002;"2019-08-11"
7765;"energy";"electricity";2200;2326;"2020-06-09";"2020-11-01";"";"";"";"Hamburg";"active";1002;"2020-06-28"
7766;"energy";"gas";8000;8313;"2020-03-02";"2020-05-01";"";"";"";"Düsseldorf";"indelivery";2000;"2020-05-13"
7767;"energy";"electricity";2000;2133;"2020-06-26";"2020-08-01";"";"";"";"Berlin";"indelivery";1001;"2020-07-07"
7768;"energy";"electricity";2800;2913;"2018-08-21";"2019-02-01";"2019-02-01";"2019-10-02";"Wiederruf";"Ingolstadt";"terminated";1001;"2018-10-07"
7769;"energy";"electricity";2100;2153;"2018-05-02";"2018-07-01";"";"";"";"Essen";"indelivery";1000;"2019-07-22"
7770;"energy";"electricity";2700;2678;"2018-06-27";"2019-01-01";"";"";"";"Wuppertal";"indelivery";1002;"2019-02-06"
7771;"energy";"gas";9700;10401;"2019-04-19";"2019-05-01";"";"";"";"Berlin";"indelivery";2000;"2020-06-14"
7772;"energy";"electricity";2700;2851;"2019-05-26";"2019-07-01";"";"";"";"Essen";"indelivery";1000;"2020-05-27"
7773;"energy";"electricity";2900;2785;"2019-04-04";"2019-06-01";"";"";"";"Wuppertal";"indelivery";1002;"2019-07-26"
7774;"energy";"electricity";2400;2448;"2019-01-10";"2019-04-01";"";"";"";"Munich";"indelivery";1001;"2019-05-10"
7775;"energy";"electricity";2300;"";"2020-01-16";"2020-03-01";"";"";"";"Berlin";"indelivery";1000;"2020-07-18"
7776;"energy";"electricity";2000;"";"2018-12-29";"2019-02-01";"";"";"";"Cologne";"indelivery";1000;"2020-02-13"
7777;"energy";"electricity";2000;1945;"2019-06-18";"2020-06-01";"";"";"";"Dortmund";"indelivery";1000;"2020-06-22"
7778;"energy";"electricity";2400;2388;"2018-04-04";"2018-06-01";"2019-10-31";"2019-10-03";"Umzug";"Wuppertal";"terminated";1000;"2019-10-03"
7779;"energy";"electricity";2100;2072;"2020-04-19";"2020-06-01";"";"";"";"Münster";"indelivery";1001;"2020-07-19"
7780;"energy";"electricity";2200;2268;"2019-12-02";"2020-05-01";"2020-11-30";"2020-11-01";"Umzug";"Frankfurt";"cancelled";1001;"2020-02-14"
7781;"energy";"electricity";2100;1992;"2020-09-29";"2021-02-01";"";"";"";"Essen";"active";1001;"2020-09-29"
7782;"energy";"electricity";2900;2926;"2019-12-19";"2020-06-01";"";"";"";"Cologne";"indelivery";1000;"2020-09-01"
7783;"energy";"electricity";2300;2415;"2019-07-24";"2020-05-01";"";"";"";"Cologne";"indelivery";1002;"2020-03-30"
7784;"energy";"gas";8300;8006;"2019-12-11";"2020-01-01";"";"";"";"Hannover";"indelivery";2001;"2020-03-10"
7785;"energy";"gas";8500;8703;"2020-08-22";"2020-10-01";"";"";"";"Heidelberg";"indelivery";2000;"2020-09-15"
7786;"energy";"electricity";2800;2802;"2019-10-24";"2020-03-01";"";"";"";"Wiesbaden";"indelivery";1000;"2020-08-26"
7787;"energy";"electricity";2900;3031;"2018-04-30";"2018-11-01";"2018-11-01";"2020-05-03";"Wiederruf";"Marienberg";"terminated";1001;"2020-05-03"
7788;"energy";"electricity";2100;2013;"2018-11-20";"2019-01-01";"";"";"";"Hamburg";"indelivery";1001;"2020-04-24"
7789;"energy";"electricity";2700;2616;"2018-10-09";"2018-12-01";"";"";"";"Leipzig";"indelivery";1002;"2019-06-01"
7790;"energy";"electricity";1900;1975;"2018-08-31";"2018-09-01";"";"";"";"Berlin";"indelivery";1001;"2019-08-27"
7791;"energy";"electricity";2600;2702;"2019-01-28";"2019-03-01";"";"";"";"Marienberg";"indelivery";1000;"2019-04-19"
7792;"energy";"electricity";2800;2914;"2019-05-11";"2019-07-01";"";"";"";"Ulm";"indelivery";1000;"2019-07-29"
7793;"energy";"electricity";2800;2805;"2020-08-13";"2021-01-01";"";"";"";"Leipzig";"active";1001;"2020-09-14"
7794;"energy";"electricity";2100;2268;"2019-12-15";"2020-06-01";"";"";"";"Munich";"indelivery";1000;"2020-07-26"
7795;"energy";"electricity";2500;2427;"2019-08-03";"2019-11-01";"";"";"";"Cologne";"indelivery";1000;"2020-02-01"
7796;"energy";"electricity";2300;2435;"2020-03-22";"2020-05-01";"";"";"";"Münster";"indelivery";1001;"2020-04-15"
7797;"energy";"electricity";2200;2295;"2018-03-01";"2018-06-01";"";"";"";"Hannover";"indelivery";1001;"2019-08-14"
7798;"energy";"electricity";2100;2238;"2020-07-02";"2020-11-01";"";"";"";"Jena";"active";1002;"2020-07-14"
7799;"energy";"electricity";2200;2127;"2018-11-27";"2019-03-01";"";"";"";"Berlin";"indelivery";1001;"2019-05-10"
7800;"energy";"electricity";2800;2951;"2019-04-25";"2019-11-01";"2019-11-01";"2019-11-30";"Wiederruf";"Frankfurt";"terminated";1002;"2019-11-30"
7801;"energy";"electricity";2500;2448;"2018-10-17";"2019-04-01";"";"";"";"Bremen";"indelivery";1002;"2018-10-28"
7802;"energy";"electricity";1900;1979;"2018-06-14";"2018-08-01";"2018-12-31";"2018-11-27";"fristgerecht durch LichtBlick";"Berlin";"terminated";1002;"2018-11-27"
7803;"energy";"electricity";2500;2493;"2020-03-07";"2020-05-01";"";"";"";"Hamburg";"indelivery";1000;"2020-09-02"
7804;"energy";"electricity";2500;2398;"2019-08-13";"2019-09-01";"";"";"";"Jever";"indelivery";1000;"2019-12-15"
7805;"energy";"electricity";2800;2973;"2020-02-07";"2020-04-01";"";"";"";"Rostock";"indelivery";1000;"2020-02-07"
7806;"energy";"electricity";2300;2280;"2019-09-29";"2020-04-01";"";"";"";"Regensburg";"indelivery";1000;"2020-06-01"
7807;"energy";"electricity";2400;2271;"2019-02-16";"2019-07-01";"";"";"";"Dortmund";"indelivery";1000;"2020-04-22"
7808;"energy";"electricity";2700;"";"2018-09-26";"2019-07-01";"";"";"";"Freiburg";"indelivery";1001;"2019-08-30"
7809;"energy";"electricity";2600;2628;"2019-01-26";"2019-03-01";"";"";"";"Mannheim";"indelivery";1000;"2019-12-26"
7810;"energy";"electricity";2200;2252;"2020-06-07";"2021-01-01";"";"";"";"Berlin";"active";1001;"2020-08-06"
7811;"energy";"electricity";2100;2224;"2018-07-06";"2018-10-01";"2018-10-01";"2020-09-30";"Wiederruf";"Munich";"terminated";1002;"2019-10-23"
7812;"energy";"electricity";2100;2044;"2019-11-13";"2020-01-01";"";"";"";"Ingolstadt";"indelivery";1002;"2020-08-14"
7813;"energy";"electricity";2900;2883;"2019-09-05";"2020-02-01";"";"";"";"Ulm";"indelivery";1002;"2019-12-08"
7814;"energy";"electricity";2400;"";"2019-09-11";"2019-12-01";"";"";"";"Marienberg";"indelivery";1000;"2020-03-06"
7815;"energy";"electricity";2400;2408;"2020-08-28";"2020-12-01";"";"";"";"Berlin";"active";1002;"2020-09-05"
7816;"energy";"electricity";2800;2825;"2019-11-11";"2020-06-01";"";"";"";"Karlsruhe";"indelivery";1001;"2020-04-28"
7817;"energy";"electricity";2500;2632;"2018-11-14";"2019-07-01";"2020-12-31";"2020-11-29";"Umzug";"Ulm";"cancelled";1001;"2020-02-14"
7818;"energy";"electricity";2100;1995;"2019-12-17";"2020-11-01";"";"";"";"Berlin";"active";1001;"2019-12-20"
7819;"energy";"electricity";2700;2693;"2019-03-30";"2019-05-01";"2019-06-30";"2019-05-27";"fristgerecht durch Kunde";"Essen";"terminated";1001;"2019-05-27"
7820;"energy";"electricity";2600;2680;"2020-03-01";"2020-06-01";"";"";"";"Bielefeld";"indelivery";1001;"2020-06-16"
7821;"energy";"electricity";2400;2458;"2019-07-28";"2019-12-01";"2020-12-31";"2020-12-03";"fristgerecht durch Kunde";"Dortmund";"cancelled";1001;"2020-08-31"
7822;"energy";"electricity";2500;2717;"2020-02-07";"2020-05-01";"";"";"";"Duisburg";"indelivery";1000;"2020-05-12"
7823;"energy";"electricity";2600;2776;"2020-08-27";"2020-10-01";"";"";"";"Wuppertal";"indelivery";1002;"2020-09-29"
7824;"energy";"electricity";2700;"";"2019-09-09";"2019-11-01";"2019-12-31";"2019-12-01";"fristgerecht durch Kunde";"Erfurt";"terminated";1001;"2019-12-01"
7825;"energy";"electricity";2600;2759;"2019-04-11";"2019-08-01";"2020-10-31";"2020-10-02";"fristgerecht durch LichtBlick";"Stralsund";"cancelled";1001;"2019-05-25"
7826;"energy";"electricity";2900;2839;"2018-03-06";"2018-10-01";"2020-02-29";"2020-02-01";"Umzug";"Marienberg";"terminated";1002;"2019-12-26"
7827;"energy";"electricity";2200;2251;"2018-08-24";"2018-11-01";"";"";"";"Göttingen";"indelivery";1001;"2020-08-19"
7828;"energy";"gas";8100;7902;"2020-03-12";"2020-05-01";"";"";"";"Berlin";"indelivery";2000;"2020-08-08"
7829;"energy";"electricity";2500;2370;"2019-01-10";"2019-04-01";"";"";"";"Neuburg";"indelivery";1001;"2019-02-02"
7830;"energy";"electricity";2300;2214;"2020-08-11";"2020-09-01";"";"";"";"Cologne";"indelivery";1001;"2020-09-27"
7831;"energy";"electricity";2200;2167;"2018-04-19";"2018-06-01";"2020-03-31";"2020-03-02";"fristgerecht durch Kunde";"Dortmund";"terminated";1001;"2019-09-16"
7832;"energy";"electricity";2100;2119;"2020-09-23";"2020-12-01";"";"";"";"Berlin";"active";1002;"2020-09-29"
7833;"energy";"electricity";2700;2681;"2020-09-04";"2021-02-01";"";"";"";"Berlin";"active";1002;"2020-09-26"
7834;"energy";"electricity";2400;2628;"2019-09-12";"2020-01-01";"2020-12-31";"2020-12-03";"fristgerecht durch Kunde";"Leipzig";"cancelled";1001;"2020-09-16"
7835;"energy";"electricity";2800;2937;"2020-08-03";"2020-12-01";"";"";"";"Braunschweig";"active";1002;"2020-08-04"
7836;"energy";"gas";8700;9002;"2020-07-17";"2020-12-01";"";"";"";"Dortmund";"active";2000;"2020-08-26"
7837;"energy";"electricity";2100;2171;"2019-01-21";"2019-04-01";"";"";"";"Berlin";"indelivery";1000;"2020-08-26"
7838;"energy";"electricity";2700;2675;"2019-06-01";"2019-07-01";"";"";"";"Wiesbaden";"indelivery";1001;"2020-09-17"
7839;"energy";"electricity";2200;2187;"2019-09-20";"2020-01-01";"";"";"";"Cologne";"indelivery";1001;"2019-09-24"
7840;"energy";"electricity";2300;2425;"2020-08-13";"2020-12-01";"";"";"";"Munich";"active";1001;"2020-09-08"
7841;"energy";"electricity";2200;2398;"2020-04-18";"2021-03-01";"";"";"";"Wuppertal";"active";1000;"2020-08-17"
7842;"energy";"electricity";2900;2932;"2020-02-24";"2020-04-01";"";"";"";"Kiel";"indelivery";1000;"2020-05-18"
7843;"energy";"electricity";2400;2300;"2019-05-26";"2019-10-01";"";"";"";"Potsdam";"indelivery";1002;"2020-03-03"
7844;"energy";"electricity";2600;2542;"2018-07-21";"2018-09-01";"";"";"";"Schwäbisch Hall";"indelivery";1002;"2020-09-05"
7845;"energy";"electricity";2400;2265;"2019-12-11";"2020-08-01";"";"";"";"Dresden";"indelivery";1000;"2020-09-01"
7846;"energy";"gas";11200;11687;"2018-10-10";"2019-01-01";"2020-12-31";"2020-11-28";"fristgerecht durch Kunde";"Leipzig";"cancelled";2001;"2019-11-02"
7847;"energy";"gas";11800;11922;"2020-09-19";"2021-01-01";"";"";"";"Dresden";"active";2000;"2020-09-24"
7848;"energy";"electricity";2000;2125;"2019-04-27";"2019-12-01";"";"";"";"Leipzig";"indelivery";1001;"2019-05-20"
7849;"energy";"electricity";2500;2511;"2020-02-04";"2020-05-01";"";"";"";"Mannheim";"indelivery";1002;"2020-08-30"
7850;"energy";"electricity";2500;2363;"2020-09-30";"2021-06-01";"";"";"";"Munich";"active";1002;"2020-09-30"
7851;"energy";"electricity";2900;3065;"2020-02-20";"2020-08-01";"";"";"";"Lübeck";"indelivery";1002;"2020-07-04"
7852;"energy";"electricity";2300;"";"2018-05-07";"2018-08-01";"";"";"";"Cologne";"indelivery";1002;"2019-02-22"
7853;"energy";"electricity";2800;3021;"2019-01-06";"2019-04-01";"";"";"";"Wiesbaden";"indelivery";1001;"2019-06-12"
7854;"energy";"electricity";2500;2574;"2020-04-14";"2020-08-01";"";"";"";"Duisburg";"indelivery";1001;"2020-04-18"
7855;"energy";"gas";7900;8177;"2019-03-09";"2019-04-01";"";"";"";"Cologne";"indelivery";2001;"2019-06-18"
7856;"energy";"electricity";2500;2560;"2020-02-14";"2020-03-01";"";"";"";"Worms";"indelivery";1000;"2020-06-06"
7857;"energy";"gas";8900;9007;"2018-09-07";"2018-11-01";"";"";"";"Hamburg";"indelivery";2000;"2020-03-21"
7858;"energy";"electricity";2200;2236;"2018-08-06";"2019-04-01";"2020-01-31";"2020-01-01";"Umzug";"Koblenz";"terminated";1000;"2020-01-01"
7859;"energy";"electricity";2500;2529;"2019-03-09";"2019-05-01";"";"";"";"Gera";"indelivery";1000;"2019-12-15"
7860;"energy";"electricity";2200;2174;"2018-10-03";"2018-11-01";"";"";"";"Hamburg";"indelivery";1001;"2020-08-26"
7861;"energy";"electricity";2700;2588;"2019-04-15";"2019-07-01";"";"";"";"Dresden";"indelivery";1002;"2019-04-16"
7862;"energy";"electricity";2500;2545;"2020-07-15";"2021-02-01";"";"";"";"Hamburg";"active";1002;"2020-07-27"
7863;"energy";"electricity";2900;"";"2020-08-21";"2020-10-01";"";"";"";"Freiburg";"indelivery";1001;"2020-08-28"
7864;"energy";"electricity";2800;2661;"2019-01-16";"2019-07-01";"";"";"";"Duisburg";"indelivery";1001;"2020-01-05"
7865;"energy";"gas";11000;11622;"2019-06-14";"2019-08-01";"2019-08-01";"2020-10-27";"Wiederruf";"Rostock";"terminated";2000;"2020-03-18"
7866;"energy";"electricity";2900;3018;"2020-07-31";"2020-10-01";"";"";"";"Münster";"indelivery";1000;"2020-08-20"
7867;"energy";"electricity";2100;"";"2018-10-21";"2019-02-01";"2019-07-31";"2019-07-03";"fristgerecht durch Kunde";"Hannover";"terminated";1001;"2019-01-30"
7868;"energy";"electricity";2600;2720;"2020-03-22";"2020-06-01";"";"";"";"Leipzig";"indelivery";1002;"2020-06-06"
7869;"energy";"electricity";2600;"";"2018-05-07";"2018-09-01";"2020-02-29";"2020-01-28";"fristgerecht durch Kunde";"Duisburg";"terminated";1001;"2019-12-04"
7870;"energy";"electricity";2000;2093;"2019-06-11";"2020-02-01";"";"";"";"Munich";"indelivery";1001;"2019-12-15"
7871;"energy";"electricity";2600;2611;"2020-03-09";"2020-09-01";"";"";"";"Hamburg";"indelivery";1001;"2020-07-12"
7872;"energy";"electricity";2300;"";"2018-06-02";"2018-08-01";"";"";"";"Mannheim";"indelivery";1000;"2019-02-05"
7873;"energy";"gas";9700;9420;"2019-06-24";"2019-08-01";"";"";"";"Hamburg";"indelivery";2001;"2019-08-31"
7874;"energy";"gas";8800;9038;"2019-02-12";"2019-05-01";"2020-07-31";"2020-06-28";"fristgerecht durch Kunde";"Berlin";"terminated";2001;"2020-01-19"
7875;"energy";"electricity";2700;2789;"2018-03-20";"2018-08-01";"";"";"";"Berlin";"indelivery";1001;"2019-11-24"
7876;"energy";"gas";9600;9637;"2018-03-30";"2018-04-01";"2018-04-01";"2020-10-26";"Wiederruf";"Mainz";"terminated";2001;"2020-08-04"
7877;"energy";"electricity";2600;2511;"2019-04-02";"2019-05-01";"2020-08-31";"2020-07-29";"Umzug";"Duisburg";"terminated";1002;"2020-05-05"
7878;"energy";"electricity";2600;2504;"2018-03-19";"2019-01-01";"";"";"";"Duisburg";"indelivery";1002;"2019-08-11"
7879;"energy";"gas";11300;11413;"2020-09-25";"2021-06-01";"";"";"";"Berlin";"active";2001;"2020-09-28"
7880;"energy";"electricity";2400;2298;"2019-12-03";"2020-02-01";"";"";"";"Berlin";"indelivery";1000;"2020-04-30"
7881;"energy";"electricity";2900;2984;"2019-06-12";"2019-12-01";"";"";"";"Leipzig";"indelivery";1001;"2019-09-03"
7882;"energy";"electricity";2400;2268;"2020-07-10";"2021-01-01";"";"";"";"Düsseldorf";"active";1000;"2020-09-27"
7883;"energy";"electricity";2000;2044;"2019-11-11";"2020-02-01";"";"";"";"Fürth";"indelivery";1000;"2020-06-08"
7884;"energy";"electricity";2100;2029;"2020-05-18";"2020-11-01";"";"";"";"Wiesbaden";"active";1002;"2020-09-30"
7885;"energy";"electricity";2500;2511;"2019-06-17";"2019-11-01";"";"";"";"Lübeck";"indelivery";1002;"2019-09-03"
7886;"energy";"electricity";2400;2294;"2019-06-20";"2020-02-01";"";"";"";"Marienberg";"indelivery";1001;"2020-02-20"
7887;"energy";"electricity";2400;2335;"2018-07-29";"2018-09-01";"";"";"";"Rosenheim";"indelivery";1000;"2020-07-08"
7888;"energy";"electricity";2100;1994;"2020-02-03";"2020-07-01";"";"";"";"Düsseldorf";"indelivery";1001;"2020-04-23"
7889;"energy";"electricity";2800;2722;"2019-09-28";"2020-09-01";"";"";"";"Dresden";"indelivery";1000;"2020-07-13"
7890;"energy";"electricity";2900;3056;"2020-02-29";"2020-05-01";"";"";"";"Ulm";"indelivery";1000;"2020-08-27"
7891;"energy";"gas";10100;10830;"2020-07-21";"2020-09-01";"";"";"";"Berlin";"indelivery";2000;"2020-07-28"
7892;"energy";"electricity";2300;2185;"2020-03-19";"2020-05-01";"";"";"";"Passau";"indelivery";1000;"2020-09-12"
7893;"energy";"electricity";2700;2760;"2019-11-02";"2019-12-01";"2020-01-31";"2020-01-03";"fristgerecht durch Kunde";"Wuppertal";"terminated";1002;"2020-01-03"
7894;"energy";"electricity";2500;2676;"2020-04-09";"2020-06-01";"";"";"";"Bremen";"indelivery";1001;"2020-04-13"
7895;"energy";"electricity";2600;2570;"2018-08-25";"2018-10-01";"2019-02-28";"2019-01-30";"Umzug";"Berlin";"terminated";1001;"2019-01-30"
7896;"energy";"electricity";2800;2823;"2019-08-02";"2020-01-01";"";"";"";"Berlin";"indelivery";1001;"2019-11-14"
7897;"energy";"electricity";2000;2105;"2019-07-22";"2020-02-01";"";"";"";"Erfurt";"indelivery";1002;"2019-08-22"
7898;"energy";"electricity";2200;2219;"2020-08-09";"2021-01-01";"";"";"";"Frankfurt";"active";1002;"2020-09-29"
7899;"energy";"electricity";2600;2582;"2020-09-23";"2021-01-01";"";"";"";"Cologne";"active";1001;"2020-09-25"
7900;"energy";"gas";10800;10685;"2019-12-16";"2020-02-01";"";"";"";"Kassel";"indelivery";2000;"2020-01-17"
7901;"energy";"electricity";2100;2067;"2018-04-22";"2018-07-01";"";"";"";"Düsseldorf";"indelivery";1000;"2018-10-24"
7902;"energy";"electricity";2800;2785;"2018-04-04";"2018-10-01";"2020-01-31";"2019-12-28";"fristgerecht durch LichtBlick";"Berlin";"terminated";1002;"2019-12-28"
7903;"energy";"electricity";2100;2058;"2019-01-01";"2019-01-01";"2020-07-31";"2020-07-01";"fristgerecht durch Kunde";"Freiburg";"terminated";1000;"2019-09-21"
7904;"energy";"electricity";2200;2171;"2018-09-28";"2019-01-01";"";"";"";"Freiburg";"indelivery";1002;"2020-01-15"
7905;"energy";"electricity";2300;2364;"2018-09-17";"2018-11-01";"";"";"";"Munich";"indelivery";1000;"2019-11-01"
7906;"energy";"electricity";2700;2753;"2018-07-15";"2018-12-01";"2019-09-30";"2019-09-02";"fristgerecht durch LichtBlick";"Düsseldorf";"terminated";1000;"2019-09-02"
7907;"energy";"electricity";2800;2662;"2019-07-23";"2020-01-01";"";"";"";"Dortmund";"indelivery";1002;"2020-01-01"
7908;"energy";"electricity";2800;2690;"2019-02-24";"2019-06-01";"2020-10-31";"2020-09-28";"Umzug";"Mannheim";"cancelled";1000;"2019-05-09"
7909;"energy";"electricity";2400;"";"2018-03-17";"2018-07-01";"2020-11-30";"2020-10-31";"Umzug";"Marienberg";"cancelled";1000;"2019-10-09"
7910;"energy";"electricity";2900;2875;"2019-10-15";"2019-12-01";"";"";"";"Cottbus";"indelivery";1002;"2020-09-07"
7911;"energy";"electricity";2100;2089;"2020-09-17";"2020-12-01";"";"";"";"Essen";"active";1002;"2020-09-27"
7912;"energy";"electricity";2000;"";"2018-07-30";"2018-11-01";"";"";"";"Würzburg";"indelivery";1002;"2018-09-15"
7913;"energy";"electricity";2500;2348;"2019-11-08";"2020-01-01";"";"";"";"Berlin";"indelivery";1001;"2020-03-03"
7914;"energy";"electricity";2600;2490;"2018-06-11";"2018-10-01";"";"";"";"Essen";"indelivery";1001;"2019-06-12"
7915;"energy";"electricity";3000;2889;"2020-05-27";"2020-09-01";"";"";"";"Rottweil";"indelivery";1002;"2020-08-03"
7916;"energy";"electricity";2000;1946;"2020-03-29";"2020-09-01";"";"";"";"Munich";"indelivery";1002;"2020-09-21"
7917;"energy";"electricity";2600;2536;"2018-06-06";"2018-08-01";"";"";"";"Cologne";"indelivery";1001;"2020-05-15"
7918;"energy";"electricity";2300;2262;"2018-08-10";"2019-02-01";"";"";"";"Dresden";"indelivery";1000;"2019-12-08"
7919;"energy";"electricity";2900;3117;"2019-05-11";"2019-12-01";"";"";"";"Cologne";"indelivery";1000;"2019-08-16"
7920;"energy";"electricity";2800;2745;"2019-04-04";"2019-07-01";"";"";"";"Berlin";"indelivery";1000;"2019-10-24"
7921;"energy";"electricity";2100;2066;"2018-08-26";"2018-11-01";"2020-06-30";"2020-06-02";"fristgerecht durch LichtBlick";"Munich";"terminated";1000;"2020-06-02"
7922;"energy";"electricity";2500;2354;"2020-06-29";"2020-11-01";"";"";"";"Mannheim";"active";1000;"2020-07-10"
7923;"energy";"electricity";2900;"";"2019-08-19";"2019-12-01";"";"";"";"Mannheim";"indelivery";1001;"2020-06-06"
7924;"energy";"electricity";2700;2672;"2019-08-26";"2019-10-01";"2020-10-31";"2020-09-29";"fristgerecht durch LichtBlick";"Wiesbaden";"cancelled";1000;"2020-06-09"
7925;"energy";"electricity";2100;2051;"2019-09-24";"2019-10-01";"2020-04-30";"2020-03-30";"Umzug";"Fürth";"terminated";1000;"2020-01-04"
7926;"energy";"electricity";3000;3213;"2020-05-17";"2020-11-01";"";"";"";"Düsseldorf";"active";1001;"2020-08-10"
7927;"energy";"electricity";2500;2366;"2018-12-13";"2019-08-01";"";"";"";"Berlin";"indelivery";1000;"2020-03-04"
7928;"energy";"gas";9700;"";"2020-03-05";"2020-04-01";"";"";"";"Frankfurt";"indelivery";2000;"2020-05-12"
7929;"energy";"electricity";2600;2669;"2019-07-17";"2020-02-01";"";"";"";"Schwäbisch Hall";"indelivery";1001;"2019-09-07"
7930;"energy";"electricity";2700;2840;"2019-11-22";"2020-05-01";"";"";"";"Hamburg";"indelivery";1000;"2020-09-30"
7931;"energy";"electricity";2600;2776;"2020-05-27";"2020-07-01";"";"";"";"Berlin";"indelivery";1000;"2020-08-03"
7932;"energy";"electricity";2500;2507;"2019-07-01";"2019-08-01";"";"";"";"Düsseldorf";"indelivery";1001;"2019-07-21"
7933;"energy";"electricity";2200;2275;"2020-02-06";"2020-04-01";"";"";"";"Berlin";"indelivery";1000;"2020-05-20"
7934;"energy";"electricity";2400;2614;"2019-05-29";"2019-07-01";"";"";"";"Bonn";"indelivery";1002;"2019-12-06"
7935;"energy";"electricity";2800;2839;"2019-04-10";"2020-03-01";"";"";"";"Berlin";"indelivery";1000;"2020-07-23"
7936;"energy";"electricity";2800;"";"2020-06-13";"2020-10-01";"";"";"";"Mannheim";"indelivery";1002;"2020-07-12"
7937;"energy";"electricity";2800;2796;"2020-09-27";"2020-12-01";"";"";"";"Stralsund";"active";1000;"2020-09-28"
7938;"energy";"electricity";2700;"";"2019-03-25";"2019-05-01";"2019-10-31";"2019-10-01";"Umzug";"Munich";"terminated";1002;"2019-10-01"
7939;"energy";"electricity";2100;2211;"2019-02-22";"2019-06-01";"";"";"";"Hannover";"indelivery";1001;"2019-06-23"
7940;"energy";"electricity";2200;2264;"2019-07-27";"2019-11-01";"";"";"";"Berlin";"indelivery";1000;"2020-03-01"
7941;"energy";"electricity";2200;2252;"2020-07-29";"2020-09-01";"";"";"";"Bremen";"indelivery";1000;"2020-08-17"
7942;"energy";"electricity";3000;3100;"2018-03-18";"2018-09-01";"";"";"";"Aschaffenburg";"indelivery";1002;"2018-04-29"
7943;"energy";"electricity";2400;2345;"2020-05-07";"2020-12-01";"";"";"";"Berlin";"active";1002;"2020-06-06"
7944;"energy";"electricity";2600;2793;"2019-01-08";"2019-03-01";"";"";"";"Zwickau";"indelivery";1000;"2019-10-16"
7945;"energy";"electricity";2400;2359;"2018-08-26";"2018-10-01";"2018-11-30";"2018-10-27";"fristgerecht durch Kunde";"Dresden";"terminated";1000;"2018-10-27"
7946;"energy";"gas";10100;"";"2019-11-21";"2020-01-01";"";"";"";"Altchemnitz";"indelivery";2000;"2019-12-16"
7947;"energy";"electricity";2200;2142;"2018-09-03";"2019-03-01";"";"";"";"Bielefeld";"indelivery";1001;"2020-07-24"
7948;"energy";"electricity";3100;3316;"2019-08-01";"2019-11-01";"";"";"";"Meschede";"indelivery";1002;"2020-06-03"
7949;"energy";"electricity";2800;3031;"2018-08-24";"2018-09-01";"";"";"";"Altchemnitz";"indelivery";1000;"2019-08-19"
7950;"energy";"electricity";2300;2316;"2020-02-16";"2020-03-01";"";"";"";"Hamburg";"indelivery";1000;"2020-05-13"
7951;"energy";"gas";10400;11042;"2020-01-14";"2020-10-01";"";"";"";"Karlsruhe";"indelivery";2000;"2020-03-01"
7952;"energy";"electricity";2600;2699;"2018-04-20";"2019-03-01";"";"";"";"Alzey";"indelivery";1001;"2020-01-09"
7953;"energy";"electricity";2300;2437;"2019-05-20";"2019-10-01";"2020-04-30";"2020-03-26";"Umzug";"Munich";"terminated";1002;"2020-03-26"
7954;"energy";"gas";9700;10431;"2019-02-10";"2019-09-01";"";"";"";"Balingen";"indelivery";2001;"2019-08-19"
7955;"energy";"electricity";2500;"";"2018-06-28";"2019-05-01";"";"";"";"Hannover";"indelivery";1000;"2020-09-29"
7956;"energy";"electricity";2600;2506;"2020-06-24";"2020-11-01";"";"";"";"Freiberg";"active";1002;"2020-08-21"
7957;"energy";"electricity";2100;2120;"2018-04-06";"2018-06-01";"";"";"";"Cologne";"indelivery";1002;"2019-04-30"
7958;"energy";"electricity";2200;2124;"2020-03-26";"2020-12-01";"";"";"";"Munich";"active";1000;"2020-03-31"
7959;"energy";"electricity";2500;2409;"2020-01-07";"2020-03-01";"";"";"";"Ingolstadt";"indelivery";1000;"2020-09-19"
7960;"energy";"gas";9400;9740;"2019-05-18";"2019-11-01";"";"";"";"Hannover";"indelivery";2001;"2020-04-17"
7961;"energy";"electricity";2700;2690;"2019-08-21";"2019-12-01";"";"";"";"Hamburg";"indelivery";1001;"2020-06-01"
7962;"energy";"electricity";2100;2242;"2018-11-18";"2020-05-01";"2020-10-31";"2020-09-30";"fristgerecht durch Kunde";"Berlin";"cancelled";1001;"2019-01-26"
7963;"energy";"electricity";2000;1935;"2019-01-03";"2019-03-01";"";"";"";"Hamburg";"indelivery";1000;"2020-02-25"
7964;"energy";"electricity";2700;2661;"2019-08-01";"2019-09-01";"";"";"";"Duisburg";"indelivery";1002;"2020-05-31"
7965;"energy";"electricity";2800;2985;"2019-12-09";"2020-04-01";"";"";"";"Stuttgart";"indelivery";1002;"2020-08-24"
7966;"energy";"electricity";2400;2498;"2018-10-04";"2019-02-01";"";"";"";"Rostock";"indelivery";1001;"2020-04-19"
7967;"energy";"electricity";2300;2419;"2019-11-26";"2020-01-01";"";"";"";"Bielefeld";"indelivery";1002;"2019-12-17"
7968;"energy";"electricity";2300;2208;"2018-02-15";"2018-12-01";"2020-11-30";"2020-11-01";"fristgerecht durch Kunde";"Düsseldorf";"cancelled";1001;"2020-01-29"
7969;"energy";"gas";8500;9022;"2018-05-21";"2018-06-01";"";"";"";"Freiburg";"indelivery";2000;"2018-09-13"
7970;"energy";"electricity";2500;2612;"2019-10-16";"2020-07-01";"";"";"";"Neuss";"indelivery";1000;"2020-02-07"
7971;"energy";"electricity";3000;3093;"2019-06-06";"2019-08-01";"";"";"";"Dresden";"indelivery";1000;"2020-03-08"
7972;"energy";"electricity";2900;2824;"2020-08-03";"2020-09-01";"";"";"";"Duisburg";"indelivery";1002;"2020-08-24"
7973;"energy";"electricity";2800;3001;"2019-05-14";"2019-08-01";"";"";"";"Berlin";"indelivery";1000;"2019-07-28"
7974;"energy";"electricity";2800;2840;"2019-11-05";"2020-02-01";"";"";"";"Berlin";"indelivery";1001;"2020-02-22"
7975;"energy";"electricity";2800;2658;"2019-05-02";"2019-07-01";"2020-07-31";"2020-07-01";"fristgerecht durch Kunde";"Hamburg";"terminated";1001;"2020-02-06"
7976;"energy";"electricity";2700;2801;"2018-10-24";"2019-02-01";"";"";"";"Essen";"indelivery";1002;"2020-04-21"
7977;"energy";"electricity";2300;2287;"2020-08-08";"2020-11-01";"";"";"";"Potsdam";"active";1002;"2020-09-13"
7978;"energy";"electricity";2900;2834;"2019-03-25";"2019-04-01";"";"";"";"Dresden";"indelivery";1000;"2020-05-13"
7979;"energy";"electricity";2000;1903;"2019-03-13";"2019-05-01";"";"";"";"Hamburg";"indelivery";1002;"2020-07-01"
7980;"energy";"electricity";2100;2054;"2018-07-18";"2018-08-01";"";"";"";"Berlin";"indelivery";1001;"2020-04-28"
7981;"energy";"electricity";2100;2244;"2020-08-24";"2020-10-01";"";"";"";"Essen";"indelivery";1000;"2020-09-03"
7982;"energy";"electricity";2100;1978;"2020-01-13";"2020-04-01";"";"";"";"Stuttgart";"indelivery";1001;"2020-01-14"
7983;"energy";"electricity";2500;2728;"2018-05-14";"2018-12-01";"";"";"";"Wuppertal";"indelivery";1002;"2019-07-12"
7984;"energy";"electricity";2500;"";"2020-02-05";"2020-07-01";"";"";"";"Ravensburg";"indelivery";1000;"2020-07-25"
7985;"energy";"electricity";2200;2286;"2019-03-03";"2019-05-01";"";"";"";"Marienberg";"indelivery";1002;"2020-05-04"
7986;"energy";"electricity";3000;2983;"2019-04-03";"2019-09-01";"";"";"";"Wiesbaden";"indelivery";1000;"2020-05-06"
7987;"energy";"electricity";2900;3003;"2018-11-26";"2019-04-01";"";"";"";"Speyer";"indelivery";1002;"2019-09-17"
7988;"energy";"gas";12000;12315;"2020-08-20";"2021-01-01";"";"";"";"Stralsund";"active";2001;"2020-09-13"
7989;"energy";"electricity";2300;2454;"2019-04-05";"2019-05-01";"";"";"";"Mannheim";"indelivery";1001;"2020-07-09"
7990;"energy";"electricity";2500;2423;"2020-03-18";"2020-06-01";"";"";"";"Hannover";"indelivery";1000;"2020-07-20"
7991;"energy";"gas";10200;10720;"2019-05-26";"2019-09-01";"2019-10-31";"2019-10-02";"fristgerecht durch Kunde";"Itzehoe";"terminated";2000;"2019-10-02"
7992;"energy";"electricity";2000;1969;"2018-03-21";"2018-04-01";"";"";"";"Neuburg";"indelivery";1001;"2020-03-01"
7993;"energy";"electricity";2500;2613;"2020-09-21";"2020-12-01";"";"";"";"Munich";"active";1000;"2020-09-25"
7994;"energy";"electricity";2700;2538;"2020-04-06";"2020-07-01";"";"";"";"Cologne";"indelivery";1002;"2020-09-18"
7995;"energy";"electricity";2600;2741;"2020-06-06";"2020-11-01";"";"";"";"Freiburg";"active";1001;"2020-09-17"
7996;"energy";"electricity";2200;2322;"2019-01-06";"2019-02-01";"2019-02-01";"2019-09-02";"Wiederruf";"Mainz";"terminated";1001;"2019-07-16"
7997;"energy";"gas";8000;8445;"2020-05-19";"2020-08-01";"";"";"";"Cologne";"indelivery";2000;"2020-08-12"
7998;"energy";"electricity";3000;2916;"2020-05-09";"2020-10-01";"";"";"";"Dresden";"indelivery";1001;"2020-08-18"
7999;"energy";"electricity";2900;2821;"2019-11-24";"2020-01-01";"";"";"";"Cologne";"indelivery";1001;"2020-03-03"
8000;"energy";"electricity";2000;1963;"2019-02-12";"2019-08-01";"";"";"";"Munich";"indelivery";1000;"2020-02-19"
8001;"energy";"electricity";2800;2892;"2020-09-03";"2020-11-01";"";"";"";"Hannover";"active";1002;"2020-09-21"
8002;"energy";"electricity";2000;2100;"2019-07-02";"2019-08-01";"";"";"";"Frankfurt";"indelivery";1001;"2020-02-06"
8003;"energy";"electricity";2600;2740;"2019-07-28";"2020-02-01";"";"";"";"Hamburg";"indelivery";1002;"2020-05-10"
8004;"energy";"electricity";2800;2862;"2018-06-15";"2019-03-01";"";"";"";"Hamburg";"indelivery";1002;"2019-08-14"
8005;"energy";"electricity";2200;2341;"2019-09-24";"2020-02-01";"";"";"";"Kiel";"indelivery";1001;"2020-02-28"
8006;"energy";"gas";8100;8282;"2020-01-04";"2020-02-01";"";"";"";"Bielefeld";"indelivery";2001;"2020-02-15"
8007;"energy";"electricity";2900;2944;"2020-07-22";"2020-10-01";"";"";"";"Wiesbaden";"indelivery";1002;"2020-08-26"
8008;"energy";"gas";10800;10730;"2020-09-12";"2021-11-01";"";"";"";"Frankfurt";"active";2000;"2020-09-29"
8009;"energy";"electricity";2100;2141;"2019-09-04";"2019-12-01";"";"";"";"Berlin";"indelivery";1000;"2020-05-28"
8010;"energy";"electricity";2900;3079;"2018-12-22";"2019-03-01";"";"";"";"Düsseldorf";"indelivery";1000;"2020-07-06"
8011;"energy";"electricity";2200;2126;"2019-11-14";"2020-01-01";"";"";"";"Munich";"indelivery";1002;"2020-03-15"
8012;"energy";"gas";9200;9600;"2018-10-22";"2019-02-01";"";"";"";"Berlin";"indelivery";2000;"2020-04-03"
8013;"energy";"electricity";2000;"";"2018-07-08";"2018-12-01";"2019-05-31";"2019-05-03";"Umzug";"Hamburg";"terminated";1000;"2019-05-03"
8014;"energy";"electricity";2100;2172;"2020-05-07";"2020-07-01";"";"";"";"Düsseldorf";"indelivery";1002;"2020-06-09"
8015;"energy";"electricity";2800;2912;"2018-02-15";"2018-04-01";"";"";"";"Münster";"indelivery";1002;"2018-06-26"
8016;"energy";"electricity";2500;2423;"2019-04-01";"2019-05-01";"";"";"";"Hamburg";"indelivery";1002;"2019-04-13"
8017;"energy";"electricity";2500;2398;"2018-10-17";"2018-12-01";"2020-10-31";"2020-10-02";"Umzug";"Hamburg";"cancelled";1001;"2020-04-03"
8018;"energy";"gas";9100;9237;"2018-12-08";"2019-06-01";"2019-12-31";"2019-12-02";"fristgerecht durch LichtBlick";"Düsseldorf";"terminated";2000;"2019-12-02"
8019;"energy";"electricity";2100;2060;"2019-12-25";"2020-04-01";"2020-11-30";"2020-10-27";"fristgerecht durch Kunde";"Cologne";"cancelled";1002;"2020-07-01"
8020;"energy";"gas";10000;10325;"2020-02-01";"2020-05-01";"";"";"";"Frankfurt";"indelivery";2001;"2020-03-03"
8021;"energy";"electricity";2700;2805;"2018-05-13";"2019-02-01";"";"";"";"Hamburg";"indelivery";1000;"2019-02-07"
8022;"energy";"electricity";2100;"";"2020-05-11";"2020-08-01";"";"";"";"Berlin";"indelivery";1002;"2020-09-18"
8023;"energy";"electricity";2300;2221;"2018-09-11";"2019-04-01";"";"";"";"Rostock";"indelivery";1000;"2019-06-10"
8024;"energy";"electricity";2300;2308;"2019-06-21";"2019-08-01";"";"";"";"Düsseldorf";"indelivery";1000;"2020-02-10"
8025;"energy";"electricity";2400;2399;"2020-05-26";"2020-07-01";"";"";"";"Kiel";"indelivery";1002;"2020-08-13"
8026;"energy";"electricity";2400;2373;"2018-07-07";"2018-11-01";"2020-12-31";"2020-11-28";"fristgerecht durch Kunde";"Kassel";"cancelled";1001;"2019-03-06"
8027;"energy";"electricity";2100;2254;"2019-01-05";"2019-02-01";"";"";"";"Flensburg";"indelivery";1002;"2020-04-22"
8028;"energy";"gas";10000;9774;"2019-07-13";"2019-08-01";"2019-10-31";"2019-09-27";"fristgerecht durch LichtBlick";"Berlin";"terminated";2000;"2019-09-06"
8029;"energy";"gas";11100;11027;"2020-04-29";"2020-07-01";"";"";"";"Freiburg";"indelivery";2000;"2020-06-02"
8030;"energy";"electricity";2500;2425;"2020-04-04";"2020-05-01";"";"";"";"Essen";"indelivery";1002;"2020-09-28"
8031;"energy";"electricity";2300;2313;"2020-04-30";"2020-11-01";"";"";"";"Freiburg";"active";1002;"2020-06-01"
8032;"energy";"electricity";2100;2140;"2018-07-10";"2019-03-01";"2019-03-01";"2020-06-28";"Wiederruf";"Dortmund";"terminated";1002;"2019-03-30"
8033;"energy";"electricity";2800;2640;"2020-02-27";"2020-04-01";"";"";"";"Cologne";"indelivery";1000;"2020-06-11"
8034;"energy";"electricity";2800;2965;"2020-07-23";"2020-10-01";"";"";"";"Frankfurt";"indelivery";1002;"2020-09-06"
8035;"energy";"gas";9200;9670;"2018-09-12";"2019-01-01";"";"";"";"Dresden";"indelivery";2001;"2019-03-01"
8036;"energy";"gas";8700;8674;"2018-10-25";"2019-07-01";"";"";"";"Bielefeld";"indelivery";2000;"2020-02-10"
8037;"energy";"electricity";2700;2625;"2020-05-04";"2020-07-01";"";"";"";"Lübeck";"indelivery";1002;"2020-07-24"
8038;"energy";"gas";8600;8486;"2019-03-27";"2019-09-01";"";"";"";"Karlsruhe";"indelivery";2001;"2019-09-27"
8039;"energy";"gas";8700;8551;"2018-10-25";"2018-11-01";"";"";"";"Heidelberg";"indelivery";2000;"2019-05-23"
8040;"energy";"gas";7900;8184;"2018-04-10";"2018-10-01";"";"";"";"Berlin";"indelivery";2000;"2019-01-15"
8041;"energy";"electricity";2000;2068;"2020-04-05";"2020-10-01";"";"";"";"Munich";"indelivery";1000;"2020-08-10"
8042;"energy";"electricity";2100;2259;"2020-01-10";"2020-02-01";"";"";"";"Hamburg";"indelivery";1001;"2020-07-26"
8043;"energy";"electricity";2200;"";"2019-03-07";"2019-05-01";"";"";"";"Düsseldorf";"indelivery";1000;"2020-05-10"
8044;"energy";"electricity";2700;2661;"2018-08-21";"2018-11-01";"";"";"";"Essen";"indelivery";1002;"2019-09-27"
8045;"energy";"electricity";2500;2360;"2020-03-18";"2020-05-01";"";"";"";"Munich";"indelivery";1001;"2020-06-30"
8046;"energy";"gas";11400;11733;"2018-11-28";"2019-03-01";"";"";"";"Berlin";"indelivery";2001;"2019-03-09"
8047;"energy";"electricity";2700;2843;"2019-10-19";"2020-05-01";"";"";"";"Dortmund";"indelivery";1002;"2020-03-28"
8048;"energy";"gas";8900;8453;"2020-04-20";"2021-03-01";"";"";"";"Cologne";"active";2001;"2020-08-13"
8049;"energy";"electricity";2700;2704;"2020-07-19";"2020-08-01";"";"";"";"Wiesbaden";"indelivery";1002;"2020-09-15"
8050;"energy";"gas";10900;10794;"2019-01-13";"2019-05-01";"";"";"";"Düsseldorf";"indelivery";2001;"2020-08-18"
8051;"energy";"electricity";2900;2742;"2018-01-27";"2018-04-01";"2019-02-28";"2019-01-24";"fristgerecht durch Kunde";"Saarbrücken";"terminated";1000;"2019-01-24"
8052;"energy";"gas";11000;11146;"2018-05-18";"2018-09-01";"";"";"";"Cologne";"indelivery";2001;"2019-02-04"
8053;"energy";"electricity";2300;2190;"2019-04-16";"2019-05-01";"2019-06-30";"2019-05-30";"Umzug";"Munich";"terminated";1000;"2019-05-30"
8054;"energy";"electricity";2800;2983;"2020-05-27";"2021-01-01";"";"";"";"Berlin";"active";1001;"2020-06-06"
8055;"energy";"electricity";2700;2743;"2019-01-10";"2019-02-01";"";"";"";"Münster";"indelivery";1000;"2020-04-04"
8056;"energy";"electricity";2100;2235;"2020-07-11";"2021-06-01";"";"";"";"Dresden";"active";1002;"2020-09-11"
8057;"energy";"electricity";2100;2035;"2018-03-14";"2018-05-01";"";"";"";"Dortmund";"indelivery";1001;"2019-07-08"
8058;"energy";"electricity";2300;2270;"2018-12-17";"2019-06-01";"";"";"";"Munich";"indelivery";1002;"2020-03-06"
8059;"energy";"electricity";3000;2855;"2019-11-23";"2020-02-01";"";"";"";"Karlsruhe";"indelivery";1002;"2020-04-21"
8060;"energy";"electricity";2600;2756;"2019-10-05";"2020-01-01";"";"";"";"Freiburg";"indelivery";1000;"2020-04-21"
8061;"energy";"electricity";2300;2183;"2018-11-17";"2018-12-01";"";"";"";"Hamburg";"indelivery";1000;"2019-01-09"
8062;"energy";"gas";11000;10635;"2018-06-16";"2019-03-01";"";"";"";"Ulm";"indelivery";2001;"2020-04-15"
8063;"energy";"electricity";2300;2293;"2020-02-01";"2020-04-01";"";"";"";"Dresden";"indelivery";1002;"2020-06-29"
8064;"energy";"electricity";2200;2254;"2020-02-05";"2020-04-01";"";"";"";"Lübeck";"indelivery";1002;"2020-05-15"
8065;"energy";"electricity";2800;2846;"2019-09-06";"2019-11-01";"";"";"";"Bielefeld";"indelivery";1001;"2019-10-26"
8066;"energy";"gas";9500;9318;"2020-02-02";"2020-05-01";"";"";"";"Hamburg";"indelivery";2001;"2020-08-26"
8067;"energy";"electricity";2000;2072;"2019-11-27";"2020-01-01";"";"";"";"Hamburg";"indelivery";1000;"2020-07-15"
8068;"energy";"electricity";2200;2140;"2019-06-29";"2020-04-01";"";"";"";"Hamburg";"indelivery";1000;"2020-06-25"
8069;"energy";"electricity";2900;2781;"2019-07-06";"2019-12-01";"";"";"";"Wismar";"indelivery";1000;"2020-07-08"
8070;"energy";"electricity";2200;2142;"2019-01-24";"2019-03-01";"";"";"";"Munich";"indelivery";1002;"2020-05-28"
8071;"energy";"electricity";2200;2211;"2018-03-22";"2018-05-01";"2018-05-01";"2020-08-24";"Wiederruf";"Cologne";"terminated";1001;"2018-06-25"
8072;"energy";"electricity";2200;2131;"2018-05-19";"2018-10-01";"";"";"";"Berlin";"indelivery";1001;"2019-11-27"
8073;"energy";"gas";8600;8590;"2020-01-01";"2020-06-01";"";"";"";"Duisburg";"indelivery";2001;"2020-08-13"
8074;"energy";"electricity";2400;2311;"2018-11-10";"2019-02-01";"";"";"";"Berlin";"indelivery";1002;"2020-06-04"
8075;"energy";"electricity";2400;"";"2019-11-28";"2019-12-01";"";"";"";"Kiel";"indelivery";1002;"2020-01-27"
8076;"energy";"electricity";2800;2849;"2018-10-06";"2018-12-01";"";"";"";"Bremen";"indelivery";1001;"2019-05-11"
8077;"energy";"electricity";2600;2519;"2020-09-23";"2020-11-01";"";"";"";"Hamburg";"active";1002;"2020-09-24"
8078;"energy";"electricity";2700;2697;"2018-05-07";"2018-06-01";"";"";"";"Duisburg";"indelivery";1002;"2019-03-20"
8079;"energy";"electricity";2100;2147;"2020-05-18";"2020-07-01";"";"";"";"Berlin";"indelivery";1002;"2020-09-21"
8080;"energy";"gas";12000;12626;"2018-08-07";"2019-01-01";"";"";"";"Jena";"indelivery";2001;"2018-08-21"
8081;"energy";"gas";10100;10456;"2018-04-26";"2018-07-01";"";"";"";"Lübeck";"indelivery";2000;"2018-10-22"
8082;"energy";"electricity";2500;2526;"2018-03-14";"2018-07-01";"";"";"";"Munich";"indelivery";1001;"2020-03-16"
8083;"energy";"electricity";2900;"";"2019-08-07";"2020-01-01";"";"";"";"Hamburg";"indelivery";1001;"2020-07-16"
8084;"energy";"electricity";2500;2388;"2020-08-27";"2021-04-01";"";"";"";"Marienberg";"active";1002;"2020-09-01"
8085;"energy";"electricity";2700;2597;"2018-07-02";"2018-08-01";"";"";"";"Berlin";"indelivery";1002;"2020-08-08"
8086;"energy";"electricity";2200;2157;"2018-03-17";"2019-06-01";"";"";"";"Wiesbaden";"indelivery";1002;"2019-08-15"
8087;"energy";"gas";8700;9064;"2019-05-06";"2019-07-01";"";"";"";"Hamburg";"indelivery";2000;"2019-09-29"
8088;"energy";"electricity";2500;"";"2020-09-24";"2021-05-01";"";"";"";"Cologne";"active";1000;"2020-09-25"
8089;"energy";"electricity";1900;2035;"2018-11-09";"2018-12-01";"";"";"";"Berlin";"indelivery";1002;"2019-07-18"
8090;"energy";"electricity";2700;2688;"2019-07-31";"2019-10-01";"";"";"";"Berlin";"indelivery";1001;"2020-05-02"
8091;"energy";"electricity";2400;"";"2020-07-15";"2020-10-01";"";"";"";"Braunschweig";"indelivery";1002;"2020-09-25"
8092;"energy";"electricity";2800;2701;"2018-04-17";"2018-07-01";"";"";"";"Göttingen";"indelivery";1000;"2018-08-27"
8093;"energy";"electricity";2600;2607;"2020-03-21";"2020-06-01";"2020-09-30";"2020-09-02";"Umzug";"Essen";"terminated";1001;"2020-09-02"
8094;"energy";"electricity";2200;2195;"2019-02-20";"2019-03-01";"";"";"";"Essen";"indelivery";1001;"2020-09-15"
8095;"energy";"electricity";2500;2537;"2019-05-14";"2019-07-01";"";"";"";"Rostock";"indelivery";1002;"2019-12-28"
8096;"energy";"gas";8300;8258;"2019-03-13";"2019-04-01";"";"";"";"Cologne";"indelivery";2000;"2020-08-27"
8097;"energy";"electricity";3000;3202;"2019-03-27";"2019-08-01";"";"";"";"Koblenz";"indelivery";1001;"2020-05-25"
8098;"energy";"electricity";2100;"";"2019-03-08";"2019-05-01";"2019-06-30";"2019-06-02";"fristgerecht durch Kunde";"Hannover";"terminated";1001;"2019-06-02"
8099;"energy";"electricity";2100;2203;"2018-09-08";"2018-12-01";"";"";"";"Hannover";"indelivery";1000;"2019-03-01"
8100;"energy";"gas";11300;10716;"2018-02-12";"2018-05-01";"";"";"";"Berlin";"indelivery";2000;"2019-11-03"
8101;"energy";"electricity";3000;3037;"2019-10-29";"2020-01-01";"2020-08-31";"2020-07-30";"fristgerecht durch Kunde";"Vechta";"terminated";1000;"2020-02-04"
8102;"energy";"electricity";2400;2512;"2019-05-24";"2019-06-01";"";"";"";"Dresden";"indelivery";1000;"2020-07-22"
8103;"energy";"gas";9600;9594;"2020-02-03";"2020-04-01";"";"";"";"Bremen";"indelivery";2001;"2020-03-01"
8104;"energy";"electricity";2100;2073;"2019-06-21";"2019-09-01";"";"";"";"Hamburg";"indelivery";1000;"2020-06-26"
8105;"energy";"electricity";2500;2461;"2018-01-17";"2018-04-01";"";"";"";"Augsburg";"indelivery";1001;"2020-01-17"
8106;"energy";"electricity";2800;2972;"2019-07-06";"2019-09-01";"";"";"";"Berlin";"indelivery";1000;"2020-09-07"
8107;"energy";"electricity";2700;2771;"2018-11-02";"2019-05-01";"";"";"";"Birkenfeld";"indelivery";1001;"2020-04-16"
8108;"energy";"electricity";2700;2615;"2020-03-11";"2020-05-01";"";"";"";"Hamburg";"indelivery";1001;"2020-04-01"
8109;"energy";"electricity";2400;2417;"2019-02-15";"2019-05-01";"";"";"";"Münster";"indelivery";1000;"2020-04-07"
8110;"energy";"electricity";2800;2641;"2018-10-29";"2019-02-01";"2019-12-31";"2019-12-02";"Umzug";"Berlin";"terminated";1001;"2019-11-07"
8111;"energy";"electricity";3000;"";"2019-01-01";"2019-03-01";"";"";"";"Saarbrücken";"indelivery";1002;"2020-04-20"
8112;"energy";"electricity";2500;2393;"2019-01-27";"2019-04-01";"";"";"";"Munich";"indelivery";1000;"2020-01-03"
8113;"energy";"electricity";2300;2273;"2019-01-13";"2019-03-01";"";"";"";"Heidenheim";"indelivery";1001;"2020-03-28"
8114;"energy";"electricity";2800;3075;"2018-11-13";"2019-03-01";"";"";"";"Potsdam";"indelivery";1001;"2020-02-25"
8115;"energy";"electricity";2700;2553;"2020-08-14";"2021-01-01";"";"";"";"Bonn";"active";1001;"2020-09-24"
8116;"energy";"electricity";2200;2348;"2018-02-15";"2018-04-01";"2020-11-30";"2020-11-02";"fristgerecht durch Kunde";"Schwerin";"cancelled";1002;"2019-06-18"
8117;"energy";"electricity";2400;2320;"2020-05-17";"2020-10-01";"";"";"";"Potsdam";"indelivery";1001;"2020-08-18"
8118;"energy";"gas";9700;9660;"2018-02-16";"2018-05-01";"2020-11-30";"2020-10-25";"Umzug";"Freiburg";"cancelled";2001;"2018-03-12"
8119;"energy";"electricity";2700;2652;"2018-01-30";"2018-09-01";"";"";"";"Jena";"indelivery";1002;"2020-08-21"
8120;"energy";"gas";10900;11315;"2018-04-09";"2018-06-01";"2019-10-31";"2019-10-02";"fristgerecht durch Kunde";"Berlin";"terminated";2001;"2018-04-18"
8121;"energy";"gas";8500;8313;"2018-07-15";"2018-10-01";"";"";"";"Düsseldorf";"indelivery";2001;"2019-05-17"
8122;"energy";"electricity";2600;2529;"2019-09-14";"2019-10-01";"";"";"";"Berlin";"indelivery";1002;"2019-12-11"
8123;"energy";"electricity";2100;"";"2019-08-31";"2019-10-01";"";"";"";"Augsburg";"indelivery";1000;"2020-02-12"
8124;"energy";"electricity";2200;2206;"2019-03-29";"2019-07-01";"";"";"";"Wuppertal";"indelivery";1001;"2020-03-17"
8125;"energy";"electricity";2300;2241;"2018-05-28";"2018-09-01";"2019-09-30";"2019-08-26";"fristgerecht durch LichtBlick";"Hamburg";"terminated";1001;"2019-08-26"
8126;"energy";"electricity";2200;2140;"2019-05-10";"2019-07-01";"";"";"";"Berlin";"indelivery";1001;"2020-08-20"
8127;"energy";"electricity";2900;"";"2019-06-06";"2019-08-01";"";"";"";"Mannheim";"indelivery";1001;"2020-07-11"
8128;"energy";"electricity";2400;2502;"2018-09-30";"2019-03-01";"2020-04-30";"2020-04-01";"fristgerecht durch LichtBlick";"Düsseldorf";"terminated";1002;"2020-02-28"
8129;"energy";"electricity";2500;2642;"2018-04-03";"2018-06-01";"";"";"";"Erfurt";"indelivery";1000;"2019-03-13"
8130;"energy";"electricity";2400;2302;"2018-05-20";"2018-07-01";"";"";"";"Düsseldorf";"indelivery";1001;"2020-05-15"
8131;"energy";"gas";9000;8670;"2018-04-10";"2018-05-01";"2019-07-31";"2019-07-02";"Umzug";"Hamburg";"terminated";2001;"2019-07-02"
8132;"energy";"electricity";2200;2335;"2020-06-03";"2020-07-01";"";"";"";"Düsseldorf";"indelivery";1000;"2020-06-17"
8133;"energy";"electricity";2200;2257;"2018-11-06";"2018-12-01";"";"";"";"Duisburg";"indelivery";1001;"2020-03-08"
8134;"energy";"electricity";2300;2385;"2019-10-08";"2019-11-01";"";"";"";"Cottbus";"indelivery";1000;"2020-06-07"
8135;"energy";"electricity";2000;2106;"2018-07-29";"2019-03-01";"2019-03-01";"2020-02-01";"Wiederruf";"Berlin";"terminated";1000;"2020-02-01"
8136;"energy";"electricity";2900;"";"2018-03-14";"2018-05-01";"";"";"";"Duisburg";"indelivery";1001;"2020-04-02"
8137;"energy";"electricity";2200;2061;"2020-06-15";"2020-12-01";"";"";"";"Mainz";"active";1002;"2020-09-08"
8138;"energy";"electricity";2900;3084;"2020-05-05";"2020-09-01";"2020-11-30";"2020-11-01";"Umzug";"Mainz";"cancelled";1001;"2020-07-18"
8139;"energy";"electricity";2100;2067;"2018-02-13";"2018-05-01";"2018-09-30";"2018-09-01";"fristgerecht durch Kunde";"Bielefeld";"terminated";1000;"2018-09-01"
8140;"energy";"electricity";2600;2798;"2019-11-30";"2020-06-01";"";"";"";"Oldenburg";"indelivery";1002;"2020-06-24"
8141;"energy";"electricity";2300;2487;"2019-11-26";"2020-02-01";"";"";"";"Dortmund";"indelivery";1002;"2020-01-08"
8142;"energy";"electricity";2100;2259;"2020-09-20";"2021-06-01";"";"";"";"Berlin";"active";1002;"2020-09-23"
8143;"energy";"electricity";2600;2788;"2018-12-05";"2019-04-01";"2020-11-30";"2020-10-30";"Umzug";"Berlin";"cancelled";1002;"2020-06-10"
8144;"energy";"electricity";2500;2458;"2019-05-30";"2019-11-01";"2019-11-01";"2020-04-02";"Wiederruf";"Duisburg";"terminated";1001;"2019-10-01"
8145;"energy";"electricity";2800;2678;"2018-04-26";"2018-06-01";"";"";"";"Lübeck";"indelivery";1000;"2018-10-01"
8146;"energy";"electricity";2000;2016;"2018-08-05";"2018-12-01";"2019-09-30";"2019-08-31";"fristgerecht durch LichtBlick";"Jena";"terminated";1001;"2018-11-28"
8147;"energy";"gas";10700;11086;"2019-10-26";"2019-12-01";"";"";"";"Wuppertal";"indelivery";2000;"2020-07-14"
8148;"energy";"electricity";3000;3206;"2020-04-01";"2020-08-01";"";"";"";"Gelsenkirchen";"indelivery";1002;"2020-08-03"
8149;"energy";"electricity";3000;3217;"2019-02-02";"2019-04-01";"";"";"";"Osnabrück";"indelivery";1002;"2020-09-27"
8150;"energy";"electricity";2500;2624;"2019-11-08";"2020-03-01";"";"";"";"Hamburg";"indelivery";1000;"2020-08-31"
8151;"energy";"electricity";2300;2252;"2018-10-27";"2018-11-01";"";"";"";"Frankfurt";"indelivery";1000;"2020-07-23"
8152;"energy";"gas";9200;9177;"2020-01-17";"2020-05-01";"";"";"";"Berlin";"indelivery";2000;"2020-07-15"
8153;"energy";"electricity";2500;"";"2018-03-05";"2018-06-01";"";"";"";"Munich";"indelivery";1002;"2020-03-03"
8154;"energy";"electricity";2300;2280;"2018-12-22";"2019-03-01";"";"";"";"Ingolstadt";"indelivery";1001;"2019-04-11"
8155;"energy";"electricity";2700;2581;"2020-09-22";"2020-10-01";"";"";"";"Bielefeld";"indelivery";1001;"2020-09-30"
8156;"energy";"electricity";2400;2510;"2019-02-20";"2019-04-01";"";"";"";"Karlstadt";"indelivery";1002;"2019-11-16"
8157;"energy";"electricity";2700;2571;"2018-02-14";"2018-03-01";"";"";"";"Mainz";"indelivery";1002;"2018-11-07"
8158;"energy";"electricity";2100;2020;"2018-10-18";"2018-12-01";"";"";"";"Stuttgart";"indelivery";1001;"2019-11-14"
8159;"energy";"electricity";2000;2118;"2018-07-24";"2019-03-01";"";"";"";"Berlin";"indelivery";1001;"2020-02-14"
8160;"energy";"electricity";2200;2172;"2018-10-26";"2018-11-01";"2019-09-30";"2019-09-02";"fristgerecht durch LichtBlick";"Berlin";"terminated";1001;"2018-11-13"
8161;"energy";"electricity";2600;2552;"2020-08-21";"2020-11-01";"";"";"";"Berlin";"active";1002;"2020-08-29"
8162;"energy";"electricity";2300;"";"2018-09-20";"2018-10-01";"";"";"";"Bremen";"indelivery";1001;"2020-02-24"
8163;"energy";"gas";8600;8369;"2018-12-26";"2019-01-01";"";"";"";"Erfurt";"indelivery";2001;"2020-09-26"
8164;"energy";"electricity";2300;2248;"2019-06-05";"2019-07-01";"";"";"";"Münster";"indelivery";1001;"2019-06-24"
8165;"energy";"electricity";2500;2477;"2019-11-14";"2020-01-01";"2020-04-30";"2020-03-31";"fristgerecht durch LichtBlick";"Berlin";"terminated";1000;"2020-02-14"
8166;"energy";"electricity";2400;2503;"2018-11-27";"2019-03-01";"";"";"";"Düsseldorf";"indelivery";1002;"2020-05-15"
8167;"energy";"electricity";2300;2438;"2018-03-09";"2018-07-01";"";"";"";"Frankfurt";"indelivery";1002;"2019-09-11"
8168;"energy";"electricity";2700;2683;"2019-03-24";"2019-06-01";"";"";"";"Hamburg";"indelivery";1002;"2020-07-28"
8169;"energy";"electricity";2700;"";"2018-05-23";"2018-07-01";"2019-08-31";"2019-08-03";"fristgerecht durch LichtBlick";"Hamburg";"terminated";1001;"2019-07-20"
8170;"energy";"electricity";2700;2724;"2020-02-25";"2020-08-01";"";"";"";"Berlin";"indelivery";1001;"2020-04-12"
8171;"energy";"electricity";2400;"";"2020-09-22";"2021-02-01";"";"";"";"Cottbus";"active";1001;"2020-09-29"
8172;"energy";"gas";9500;9601;"2019-01-09";"2019-03-01";"";"";"";"Munich";"indelivery";2000;"2019-01-15"
8173;"energy";"electricity";2700;2733;"2019-04-18";"2020-08-01";"";"";"";"Siegburg";"indelivery";1000;"2020-08-26"
8174;"energy";"electricity";2300;2371;"2020-03-09";"2020-06-01";"";"";"";"Dresden";"indelivery";1002;"2020-09-19"
8175;"energy";"electricity";2800;2693;"2018-06-23";"2018-08-01";"2019-06-30";"2019-05-31";"fristgerecht durch Kunde";"Hamburg";"terminated";1000;"2019-05-31"
8176;"energy";"electricity";2600;2643;"2020-03-13";"2020-08-01";"";"";"";"Duisburg";"indelivery";1000;"2020-07-13"
8177;"energy";"electricity";2100;2063;"2018-03-22";"2018-06-01";"";"";"";"Leipzig";"indelivery";1001;"2019-03-13"
8178;"energy";"electricity";2300;2395;"2018-07-23";"2018-09-01";"";"";"";"Dortmund";"indelivery";1000;"2018-11-13"
8179;"energy";"electricity";2100;2212;"2019-02-18";"2019-03-01";"";"";"";"Braunschweig";"indelivery";1001;"2020-05-05"
8180;"energy";"electricity";2800;2870;"2020-02-08";"2020-04-01";"";"";"";"Fürth";"indelivery";1001;"2020-09-25"
8181;"energy";"electricity";2800;2685;"2018-10-31";"2019-03-01";"2020-07-31";"2020-07-03";"fristgerecht durch Kunde";"Frankfurt";"terminated";1001;"2019-02-17"
8182;"energy";"electricity";2300;2395;"2020-04-18";"2020-09-01";"";"";"";"Dortmund";"indelivery";1001;"2020-08-06"
8183;"energy";"electricity";2000;1921;"2019-06-22";"2019-11-01";"";"";"";"Wuppertal";"indelivery";1002;"2019-10-06"
8184;"energy";"electricity";2000;2009;"2019-11-27";"2020-01-01";"";"";"";"Münster";"indelivery";1000;"2020-04-19"
8185;"energy";"electricity";2400;2500;"2020-09-01";"2020-10-01";"";"";"";"Karlsruhe";"indelivery";1001;"2020-09-19"
8186;"energy";"electricity";2000;2081;"2018-10-03";"2018-11-01";"2018-11-01";"2020-10-01";"Wiederruf";"Leipzig";"terminated";1001;"2020-06-12"
8187;"energy";"electricity";2500;2417;"2018-06-28";"2018-10-01";"2020-11-30";"2020-10-30";"fristgerecht durch LichtBlick";"Bonn";"cancelled";1000;"2020-05-27"
8188;"energy";"electricity";2100;"";"2020-08-05";"2020-10-01";"";"";"";"Hamburg";"indelivery";1001;"2020-09-22"
8189;"energy";"electricity";2900;2841;"2018-05-15";"2019-03-01";"";"";"";"Bremen";"indelivery";1001;"2019-05-04"
8190;"energy";"electricity";2100;2116;"2020-05-28";"2020-08-01";"";"";"";"Dortmund";"indelivery";1001;"2020-06-11"
8191;"energy";"electricity";2400;2407;"2018-09-03";"2018-11-01";"2019-12-31";"2019-12-03";"fristgerecht durch LichtBlick";"Magdeburg";"terminated";1000;"2019-08-06"
8192;"energy";"gas";7700;7476;"2018-03-21";"2018-04-01";"";"";"";"Berlin";"indelivery";2001;"2018-10-24"
8193;"energy";"electricity";2600;2620;"2019-08-28";"2019-12-01";"2020-07-31";"2020-07-03";"fristgerecht durch Kunde";"Dresden";"terminated";1001;"2020-07-03"
8194;"energy";"electricity";2400;2612;"2019-12-20";"2020-03-01";"";"";"";"Hamburg";"indelivery";1000;"2020-07-12"
8195;"energy";"gas";8200;7853;"2020-06-20";"2020-11-01";"";"";"";"Wuppertal";"active";2000;"2020-09-04"
8196;"energy";"electricity";2600;2688;"2018-07-22";"2018-09-01";"2019-05-31";"2019-04-29";"Umzug";"Munich";"terminated";1001;"2019-04-29"
8197;"energy";"electricity";2800;2940;"2019-03-05";"2019-05-01";"";"";"";"Hamburg";"indelivery";1000;"2020-05-18"
8198;"energy";"electricity";2200;2214;"2018-05-23";"2018-10-01";"";"";"";"Bremen";"indelivery";1002;"2020-05-14"
8199;"energy";"electricity";2800;2744;"2020-02-06";"2020-09-01";"2020-12-31";"2020-12-01";"Umzug";"Marienberg";"cancelled";1000;"2020-03-07"
8200;"energy";"electricity";2700;2899;"2020-02-18";"2020-05-01";"";"";"";"Frankfurt";"indelivery";1000;"2020-09-10"
8201;"energy";"gas";11100;11178;"2019-05-24";"2019-07-01";"2020-10-31";"2020-10-02";"fristgerecht durch Kunde";"Frankfurt";"cancelled";2001;"2019-10-27"
8202;"energy";"electricity";2000;1912;"2018-05-15";"2018-10-01";"";"";"";"Munich";"indelivery";1000;"2020-08-30"
8203;"energy";"electricity";2700;"";"2018-04-03";"2019-02-01";"2019-07-31";"2019-07-02";"fristgerecht durch Kunde";"Cologne";"terminated";1000;"2019-07-02"
8204;"energy";"electricity";2300;2218;"2018-12-18";"2019-01-01";"";"";"";"Hamburg";"indelivery";1001;"2019-01-20"
8205;"energy";"electricity";2100;2154;"2020-06-05";"2021-01-01";"";"";"";"Berlin";"active";1001;"2020-07-31"
8206;"energy";"electricity";2900;2873;"2018-08-02";"2018-10-01";"2019-08-31";"2019-08-02";"fristgerecht durch Kunde";"Dresden";"terminated";1001;"2019-08-02"
8207;"energy";"electricity";2500;2645;"2020-02-09";"2020-07-01";"";"";"";"Wuppertal";"indelivery";1002;"2020-08-12"
8208;"energy";"electricity";2200;2333;"2018-09-12";"2019-05-01";"2020-07-31";"2020-07-03";"fristgerecht durch LichtBlick";"Dortmund";"terminated";1002;"2019-02-04"
8209;"energy";"electricity";2400;2284;"2019-09-27";"2019-12-01";"";"";"";"Karlsruhe";"indelivery";1001;"2020-05-19"
8210;"energy";"electricity";2200;2125;"2018-07-04";"2018-09-01";"2019-10-31";"2019-10-01";"fristgerecht durch LichtBlick";"Osnabrück";"terminated";1001;"2019-10-01"
8211;"energy";"electricity";2000;1933;"2018-09-05";"2019-06-01";"";"";"";"Berlin";"indelivery";1000;"2019-06-16"
8212;"energy";"electricity";2800;2844;"2019-09-11";"2020-01-01";"";"";"";"Berlin";"indelivery";1000;"2020-02-10"
8213;"energy";"electricity";2700;2781;"2019-05-18";"2019-08-01";"2019-08-01";"2020-11-02";"Wiederruf";"Rostock";"terminated";1002;"2019-09-10"
8214;"energy";"electricity";2100;2099;"2019-08-04";"2020-03-01";"";"";"";"Hannover";"indelivery";1002;"2019-08-31"
8215;"energy";"electricity";2400;2596;"2018-09-03";"2018-12-01";"2020-09-30";"2020-09-02";"Umzug";"Bad Oldesloe";"terminated";1001;"2020-01-17"
8216;"energy";"electricity";2100;2177;"2018-07-14";"2018-09-01";"2019-11-30";"2019-10-31";"Umzug";"Hamburg";"terminated";1000;"2019-04-28"
8217;"energy";"electricity";2300;2394;"2020-01-27";"2020-03-01";"";"";"";"Duisburg";"indelivery";1000;"2020-01-31"
8218;"energy";"gas";10300;10108;"2018-03-01";"2018-08-01";"";"";"";"Hamburg";"indelivery";2000;"2019-10-23"
8219;"energy";"electricity";2600;2692;"2018-04-23";"2018-10-01";"2020-12-31";"2020-11-28";"fristgerecht durch Kunde";"Stuttgart";"cancelled";1002;"2020-01-30"
8220;"energy";"electricity";2400;2387;"2018-06-25";"2018-08-01";"";"";"";"Berlin";"indelivery";1000;"2018-12-03"
8221;"energy";"electricity";2000;2106;"2020-03-03";"2020-10-01";"";"";"";"Hamburg";"indelivery";1002;"2020-03-14"
8222;"energy";"electricity";2500;2619;"2020-03-03";"2020-09-01";"";"";"";"Jena";"indelivery";1000;"2020-08-07"
8223;"energy";"electricity";2000;1916;"2020-05-20";"2021-05-01";"";"";"";"Düsseldorf";"active";1001;"2020-09-10"
8224;"energy";"electricity";2800;2632;"2018-12-27";"2019-01-01";"";"";"";"Potsdam";"indelivery";1001;"2019-08-05"
8225;"energy";"gas";8800;9257;"2019-11-26";"2020-01-01";"";"";"";"Düsseldorf";"indelivery";2000;"2020-06-09"
8226;"energy";"electricity";2900;2753;"2019-01-28";"2019-02-01";"";"";"";"Essen";"indelivery";1000;"2019-11-15"
8227;"energy";"gas";8900;9530;"2018-08-13";"2018-10-01";"2019-11-30";"2019-11-01";"fristgerecht durch Kunde";"Kiel";"terminated";2001;"2019-09-28"
8228;"energy";"electricity";2900;2996;"2019-04-13";"2019-07-01";"";"";"";"Hannover";"indelivery";1000;"2020-01-23"
8229;"energy";"electricity";2600;2665;"2018-02-02";"2018-11-01";"2019-02-28";"2019-01-28";"Umzug";"Hamburg";"terminated";1000;"2018-10-29"
8230;"energy";"electricity";2100;2092;"2019-09-17";"2020-04-01";"";"";"";"Osnabrück";"indelivery";1002;"2020-02-12"
8231;"energy";"electricity";2200;2228;"2020-09-30";"2020-11-01";"";"";"";"Berlin";"active";1000;"2020-09-30"
8232;"energy";"electricity";2500;2554;"2019-12-03";"2020-03-01";"";"";"";"Ingolstadt";"indelivery";1001;"2019-12-03"
8233;"energy";"electricity";2400;2602;"2020-09-23";"2021-01-01";"";"";"";"Dresden";"active";1000;"2020-09-26"
8234;"energy";"electricity";2300;2391;"2018-11-10";"2019-02-01";"2019-10-31";"2019-09-29";"Umzug";"Hannover";"terminated";1001;"2019-09-29"
8235;"energy";"electricity";2500;2574;"2018-05-17";"2018-11-01";"2020-10-31";"2020-09-27";"fristgerecht durch Kunde";"Magdeburg";"cancelled";1001;"2020-06-01"
8236;"energy";"electricity";2600;2542;"2018-12-23";"2019-03-01";"2019-03-01";"2019-07-29";"Wiederruf";"Osnabrück";"terminated";1001;"2019-07-29"
8237;"energy";"electricity";2100;"";"2019-07-11";"2020-01-01";"";"";"";"Eisenach";"indelivery";1000;"2020-09-26"
8238;"energy";"electricity";2000;1945;"2018-01-17";"2018-07-01";"2019-04-30";"2019-04-02";"fristgerecht durch Kunde";"Berlin";"terminated";1000;"2018-11-07"
8239;"energy";"electricity";3000;2990;"2020-04-20";"2020-06-01";"2020-07-31";"2020-07-02";"fristgerecht durch Kunde";"Oldenburg";"terminated";1000;"2020-05-19"
8240;"energy";"electricity";2100;2104;"2020-07-13";"2020-12-01";"";"";"";"Marienberg";"active";1002;"2020-08-19"
8241;"energy";"electricity";2300;"";"2018-04-07";"2018-06-01";"";"";"";"Verden";"indelivery";1000;"2018-05-28"
8242;"energy";"electricity";2500;2602;"2018-06-29";"2018-07-01";"2018-08-31";"2018-08-01";"fristgerecht durch Kunde";"Dortmund";"terminated";1000;"2018-07-26"
8243;"energy";"gas";8300;8557;"2020-05-08";"2020-07-01";"";"";"";"Munich";"indelivery";2001;"2020-08-28"
8244;"energy";"electricity";2300;2530;"2018-02-22";"2018-05-01";"2020-08-31";"2020-08-02";"fristgerecht durch Kunde";"Hannover";"terminated";1001;"2018-10-01"
8245;"energy";"electricity";2600;2593;"2018-03-14";"2018-07-01";"2019-12-31";"2019-12-02";"fristgerecht durch LichtBlick";"Dortmund";"terminated";1000;"2018-04-15"
8246;"energy";"electricity";2800;2931;"2018-06-04";"2019-01-01";"";"";"";"Marienberg";"indelivery";1001;"2019-12-26"
8247;"energy";"electricity";2500;2661;"2020-04-28";"2020-06-01";"";"";"";"Schwerin";"indelivery";1000;"2020-07-27"
8248;"energy";"electricity";3000;3131;"2018-06-14";"2019-01-01";"";"";"";"Recklinghausen";"indelivery";1000;"2018-10-24"
8249;"energy";"gas";11000;11367;"2019-01-24";"2019-05-01";"";"";"";"Wuppertal";"indelivery";2001;"2019-11-25"
8250;"energy";"gas";11200;11491;"2019-07-14";"2020-09-01";"";"";"";"Duisburg";"indelivery";2001;"2020-02-20"
8251;"energy";"electricity";2000;1966;"2018-09-07";"2019-02-01";"";"";"";"Hamburg";"indelivery";1001;"2019-08-23"
8252;"energy";"electricity";2500;2395;"2018-02-09";"2018-03-01";"";"";"";"Mannheim";"indelivery";1000;"2018-10-30"
8253;"energy";"electricity";2300;2411;"2019-06-28";"2019-07-01";"";"";"";"Dortmund";"indelivery";1001;"2020-02-03"
8254;"energy";"gas";8000;7712;"2019-07-11";"2019-11-01";"";"";"";"Stuttgart";"indelivery";2001;"2020-06-17"
8255;"energy";"electricity";2100;2232;"2018-04-15";"2018-06-01";"";"";"";"Bielefeld";"indelivery";1000;"2020-07-18"
8256;"energy";"electricity";2500;2567;"2019-12-24";"2020-02-01";"";"";"";"Flensburg";"indelivery";1002;"2020-08-04"
8257;"energy";"electricity";2300;2443;"2018-04-09";"2018-05-01";"";"";"";"Hamburg";"indelivery";1002;"2019-12-18"
8258;"energy";"electricity";2300;2304;"2020-06-26";"2020-11-01";"";"";"";"Hamburg";"active";1000;"2020-09-15"
8259;"energy";"electricity";2200;2216;"2018-08-28";"2018-10-01";"2019-06-30";"2019-06-02";"fristgerecht durch Kunde";"Berlin";"terminated";1002;"2019-06-02"
8260;"energy";"electricity";2700;"";"2018-05-09";"2019-02-01";"";"";"";"Duisburg";"indelivery";1000;"2020-03-26"
8261;"energy";"gas";11400;12143;"2020-02-17";"2020-05-01";"";"";"";"Munich";"indelivery";2001;"2020-09-24"
8262;"energy";"electricity";2700;2746;"2020-09-17";"2020-10-01";"";"";"";"Jena";"indelivery";1001;"2020-09-30"
8263;"energy";"electricity";2600;2470;"2019-09-08";"2020-02-01";"";"";"";"Hamburg";"indelivery";1001;"2019-10-07"
8264;"energy";"electricity";2500;2540;"2020-03-23";"2021-01-01";"";"";"";"Berlin";"active";1002;"2020-08-18"
8265;"energy";"electricity";2300;2193;"2019-07-18";"2020-10-01";"";"";"";"Calw";"indelivery";1002;"2020-05-18"
8266;"energy";"electricity";2100;2169;"2019-08-28";"2019-10-01";"";"";"";"Wuppertal";"indelivery";1002;"2020-01-13"
8267;"energy";"electricity";2600;2658;"2019-04-23";"2019-09-01";"";"";"";"Dresden";"indelivery";1002;"2020-03-02"
8268;"energy";"electricity";2500;2409;"2020-08-12";"2020-12-01";"";"";"";"Marienberg";"active";1002;"2020-09-27"
8269;"energy";"electricity";2100;2060;"2020-07-23";"2020-12-01";"";"";"";"Flensburg";"active";1002;"2020-08-02"
8270;"energy";"gas";8900;9177;"2019-07-30";"2019-08-01";"";"";"";"Marienberg";"indelivery";2000;"2019-08-23"
8271;"energy";"electricity";2100;2218;"2019-08-15";"2019-09-01";"2019-10-31";"2019-10-01";"fristgerecht durch LichtBlick";"Marienberg";"terminated";1002;"2019-10-01"
8272;"energy";"electricity";2200;2311;"2020-02-09";"2020-09-01";"";"";"";"Essen";"indelivery";1002;"2020-08-22"
8273;"energy";"electricity";2600;2682;"2018-03-24";"2018-09-01";"2018-09-01";"2019-09-02";"Wiederruf";"Hamburg";"terminated";1001;"2018-03-29"
8274;"energy";"electricity";2500;2393;"2018-02-28";"2018-06-01";"2018-06-01";"2018-08-02";"Wiederruf";"Berlin";"terminated";1000;"2018-08-02"
8275;"energy";"electricity";2500;2421;"2019-07-02";"2020-01-01";"";"";"";"Hannover";"indelivery";1001;"2020-07-29"
8276;"energy";"electricity";2400;2532;"2019-12-03";"2020-01-01";"2020-03-31";"2020-03-03";"fristgerecht durch Kunde";"Hamburg";"terminated";1002;"2020-03-03"
8277;"energy";"electricity";3100;3113;"2018-06-30";"2019-05-01";"";"";"";"Heinsberg";"indelivery";1000;"2020-03-30"
8278;"energy";"electricity";2000;"";"2018-02-17";"2018-11-01";"2019-02-28";"2019-01-27";"fristgerecht durch Kunde";"Berlin";"terminated";1001;"2019-01-27"
8279;"energy";"electricity";2800;2873;"2018-05-27";"2018-08-01";"";"";"";"Cologne";"indelivery";1000;"2020-06-02"
8280;"energy";"electricity";2900;2845;"2020-05-20";"2020-08-01";"";"";"";"Cochem";"indelivery";1002;"2020-07-05"
8281;"energy";"electricity";2500;2600;"2018-09-01";"2018-10-01";"2018-10-01";"2020-06-02";"Wiederruf";"Düsseldorf";"terminated";1001;"2019-11-25"
8282;"energy";"electricity";2300;2363;"2018-05-18";"2018-07-01";"2018-08-31";"2018-07-22";"fristgerecht durch Kunde";"Düsseldorf";"terminated";1002;"2018-07-22"
8283;"energy";"electricity";2300;2367;"2020-09-01";"2021-04-01";"";"";"";"Dortmund";"active";1000;"2020-09-14"
8284;"energy";"electricity";2100;2154;"2020-02-28";"2021-02-01";"";"";"";"Munich";"active";1001;"2020-06-29"
8285;"energy";"gas";10700;11297;"2020-01-11";"2020-03-01";"";"";"";"Duisburg";"indelivery";2001;"2020-01-19"
8286;"energy";"electricity";2600;2531;"2019-11-13";"2020-03-01";"";"";"";"Hamburg";"indelivery";1001;"2020-08-15"
8287;"energy";"electricity";2800;2640;"2018-09-13";"2019-01-01";"";"";"";"Düsseldorf";"indelivery";1001;"2020-04-11"
8288;"energy";"electricity";2600;2572;"2020-01-26";"2020-09-01";"";"";"";"Leipzig";"indelivery";1002;"2020-08-04"
8289;"energy";"electricity";2200;2300;"2019-08-28";"2020-02-01";"";"";"";"Duisburg";"indelivery";1002;"2019-10-19"
8290;"energy";"electricity";2900;2878;"2019-03-30";"2019-05-01";"";"";"";"Rastatt";"indelivery";1000;"2020-06-04"
8291;"energy";"gas";8300;8573;"2020-03-30";"2020-04-01";"2020-08-31";"2020-07-28";"fristgerecht durch Kunde";"Osnabrück";"terminated";2000;"2020-07-28"
8292;"energy";"electricity";2400;2521;"2018-08-21";"2018-09-01";"";"";"";"Munich";"indelivery";1002;"2019-02-09"
8293;"energy";"electricity";2000;2068;"2020-06-28";"2021-02-01";"";"";"";"Munich";"active";1002;"2020-07-03"
8294;"energy";"electricity";2800;2855;"2019-10-21";"2019-11-01";"";"";"";"Dortmund";"indelivery";1001;"2020-01-08"
8295;"energy";"electricity";2800;2691;"2020-06-29";"2021-01-01";"";"";"";"Mainz";"active";1002;"2020-07-10"
8296;"energy";"electricity";2800;2793;"2019-06-22";"2019-09-01";"";"";"";"Hannover";"indelivery";1000;"2019-07-15"
8297;"energy";"electricity";2200;2399;"2018-04-07";"2018-06-01";"";"";"";"Marienberg";"indelivery";1000;"2018-04-24"
8298;"energy";"electricity";2400;2410;"2020-03-27";"2020-12-01";"";"";"";"Dortmund";"active";1001;"2020-07-06"
8299;"energy";"electricity";2600;2535;"2019-01-23";"2019-02-01";"2019-02-01";"2019-07-31";"Wiederruf";"Gießen";"terminated";1002;"2019-07-31"
8300;"energy";"electricity";2400;2453;"2019-06-23";"2019-09-01";"";"";"";"Mannheim";"indelivery";1000;"2020-09-10"
8301;"energy";"electricity";2000;2111;"2018-05-11";"2018-09-01";"";"";"";"Berlin";"indelivery";1002;"2019-11-23"
8302;"energy";"electricity";2400;2565;"2018-09-06";"2019-01-01";"";"";"";"Berlin";"indelivery";1001;"2019-07-22"
8303;"energy";"gas";9000;8602;"2019-10-10";"2020-01-01";"";"";"";"Hamburg";"indelivery";2000;"2020-05-24"
8304;"energy";"electricity";2500;2662;"2018-03-24";"2018-07-01";"2019-12-31";"2019-12-03";"fristgerecht durch LichtBlick";"Stuttgart";"terminated";1002;"2018-04-11"
8305;"energy";"electricity";2900;2902;"2020-09-03";"2020-12-01";"";"";"";"Duisburg";"active";1000;"2020-09-10"
8306;"energy";"electricity";2500;2392;"2018-11-07";"2019-02-01";"";"";"";"Bielefeld";"indelivery";1002;"2018-11-23"
8307;"energy";"gas";8800;8745;"2019-01-14";"2019-11-01";"";"";"";"Hofeck";"indelivery";2001;"2019-09-07"
8308;"energy";"electricity";2900;3010;"2019-12-23";"2020-02-01";"";"";"";"Dortmund";"indelivery";1002;"2020-05-08"
8309;"energy";"electricity";2500;2468;"2019-04-27";"2019-06-01";"2020-12-31";"2020-11-30";"fristgerecht durch Kunde";"Hamburg";"cancelled";1002;"2019-12-30"
8310;"energy";"electricity";3000;3045;"2019-02-25";"2019-06-01";"";"";"";"Koblenz";"indelivery";1001;"2019-08-08"
8311;"energy";"gas";9800;10550;"2019-05-10";"2019-09-01";"";"";"";"Dortmund";"indelivery";2000;"2019-06-25"
8312;"energy";"gas";9100;9573;"2020-01-16";"2020-06-01";"";"";"";"Lauf";"indelivery";2001;"2020-06-28"
8313;"energy";"gas";8600;8714;"2020-04-30";"2020-06-01";"2020-12-31";"2020-12-02";"fristgerecht durch Kunde";"Kirchheimbolanden";"cancelled";2001;"2020-09-12"
8314;"energy";"electricity";2600;2728;"2018-05-11";"2018-07-01";"2019-02-28";"2019-01-31";"fristgerecht durch LichtBlick";"Olpe";"terminated";1001;"2019-01-31"
8315;"energy";"electricity";3000;3035;"2018-04-20";"2018-05-01";"";"";"";"Cottbus";"indelivery";1002;"2018-10-20"
8316;"energy";"electricity";2600;2727;"2019-07-22";"2020-07-01";"";"";"";"Göttingen";"indelivery";1000;"2020-02-20"
8317;"energy";"electricity";2500;2445;"2019-08-31";"2020-03-01";"";"";"";"Altchemnitz";"indelivery";1001;"2020-04-08"
8318;"energy";"electricity";2800;"";"2018-09-28";"2019-09-01";"";"";"";"Berlin";"indelivery";1002;"2018-10-02"
8319;"energy";"electricity";2200;2322;"2018-05-03";"2018-08-01";"";"";"";"Dresden";"indelivery";1001;"2018-09-22"
8320;"energy";"electricity";2800;2767;"2018-05-01";"2018-05-01";"";"";"";"Hannover";"indelivery";1002;"2020-05-12"
8321;"energy";"electricity";2200;"";"2018-04-26";"2019-07-01";"2019-07-01";"2019-11-02";"Wiederruf";"Goslar";"terminated";1000;"2019-11-02"
8322;"energy";"electricity";2700;2600;"2019-10-01";"2019-11-01";"2020-04-30";"2020-04-01";"fristgerecht durch Kunde";"Bremerhaven";"terminated";1000;"2020-02-17"
8323;"energy";"electricity";2000;1960;"2019-05-05";"2019-07-01";"";"";"";"Munich";"indelivery";1000;"2020-01-20"
8324;"energy";"electricity";2600;"";"2018-04-29";"2018-06-01";"2020-03-31";"2020-03-03";"Umzug";"Duisburg";"terminated";1002;"2018-07-19"
8325;"energy";"electricity";2200;2099;"2020-02-01";"2020-03-01";"";"";"";"Freiburg";"indelivery";1001;"2020-09-08"
8326;"energy";"electricity";2900;"";"2019-10-14";"2019-11-01";"";"";"";"Kiel";"indelivery";1001;"2020-07-24"
8327;"energy";"electricity";2100;1997;"2018-06-02";"2018-07-01";"2019-10-31";"2019-10-02";"fristgerecht durch Kunde";"Berlin";"terminated";1002;"2019-06-08"
8328;"energy";"electricity";3000;2847;"2018-03-20";"2018-07-01";"";"";"";"Ingolstadt";"indelivery";1001;"2019-01-23"
8329;"energy";"electricity";2000;2135;"2018-10-02";"2019-05-01";"";"";"";"Hamburg";"indelivery";1001;"2018-10-04"
8330;"energy";"gas";9100;8903;"2020-02-24";"2020-04-01";"";"";"";"Düsseldorf";"indelivery";2001;"2020-02-28"
8331;"energy";"electricity";2800;2720;"2020-07-30";"2020-09-01";"";"";"";"Siegen";"indelivery";1000;"2020-08-05"
8332;"energy";"electricity";2100;2190;"2020-03-23";"2021-02-01";"";"";"";"Hamburg";"active";1001;"2020-09-10"
8333;"energy";"electricity";2000;2136;"2018-01-28";"2018-05-01";"2018-10-31";"2018-10-02";"Umzug";"Berlin";"terminated";1000;"2018-09-17"
8334;"energy";"electricity";2300;2237;"2019-12-28";"2020-07-01";"";"";"";"Dortmund";"indelivery";1002;"2020-04-17"
8335;"energy";"electricity";2900;2897;"2018-08-26";"2018-09-01";"2020-12-31";"2020-11-24";"Umzug";"Gießen";"cancelled";1001;"2018-12-09"
8336;"energy";"electricity";2200;2267;"2020-04-15";"2021-01-01";"";"";"";"Ansbach";"active";1002;"2020-09-25"
8337;"energy";"electricity";2900;3026;"2019-02-05";"2019-04-01";"";"";"";"Dortmund";"indelivery";1001;"2019-11-24"
8338;"energy";"gas";8800;9134;"2018-02-16";"2018-07-01";"";"";"";"Leipzig";"indelivery";2001;"2019-01-17"
8339;"energy";"gas";8700;9326;"2018-12-21";"2019-02-01";"";"";"";"Bremen";"indelivery";2000;"2020-02-23"
8340;"energy";"electricity";2100;2110;"2020-04-18";"2020-06-01";"";"";"";"Munich";"indelivery";1002;"2020-09-04"
8341;"energy";"gas";10300;9815;"2019-03-03";"2019-07-01";"";"";"";"Rosenheim";"indelivery";2001;"2020-08-22"
8342;"energy";"gas";8400;8037;"2019-02-04";"2019-10-01";"";"";"";"Lübeck";"indelivery";2001;"2020-02-18"
8343;"energy";"electricity";2100;2264;"2020-06-03";"2020-10-01";"";"";"";"Heidelberg";"indelivery";1000;"2020-07-17"
8344;"energy";"electricity";2300;2227;"2020-03-26";"2020-04-01";"2020-06-30";"2020-05-29";"fristgerecht durch LichtBlick";"Saarbrücken";"terminated";1001;"2020-05-22"
8345;"energy";"electricity";2100;"";"2019-09-03";"2019-11-01";"";"";"";"Berlin";"indelivery";1001;"2019-10-29"
8346;"energy";"electricity";2200;2170;"2019-09-15";"2020-03-01";"";"";"";"Leipzig";"indelivery";1000;"2020-04-21"
8347;"energy";"gas";10100;9731;"2018-02-27";"2018-06-01";"";"";"";"Dresden";"indelivery";2001;"2019-06-19"
8348;"energy";"gas";11100;11770;"2018-07-07";"2018-08-01";"";"";"";"Marienberg";"indelivery";2000;"2020-09-09"
8349;"energy";"electricity";2400;2596;"2018-10-02";"2020-01-01";"";"";"";"Essen";"indelivery";1001;"2019-01-16"
8350;"energy";"electricity";2200;2318;"2018-10-27";"2019-02-01";"2019-05-31";"2019-05-01";"Umzug";"Flensburg";"terminated";1002;"2019-05-01"
8351;"energy";"electricity";2600;2567;"2020-03-30";"2020-06-01";"";"";"";"Wiesbaden";"indelivery";1002;"2020-09-25"
8352;"energy";"gas";10100;10117;"2018-03-10";"2018-05-01";"2020-12-31";"2020-12-03";"fristgerecht durch Kunde";"Wiesbaden";"cancelled";2001;"2018-10-28"
8353;"energy";"electricity";2300;2389;"2018-05-02";"2019-02-01";"";"";"";"Berlin";"indelivery";1002;"2019-10-20"
8354;"energy";"electricity";2100;2061;"2018-08-24";"2018-10-01";"";"";"";"Gera";"indelivery";1000;"2020-08-23"
8355;"energy";"electricity";2700;2830;"2020-05-03";"2020-08-01";"";"";"";"Duisburg";"indelivery";1001;"2020-05-08"
8356;"energy";"electricity";2100;1968;"2019-10-03";"2020-06-01";"";"";"";"Stuttgart";"indelivery";1000;"2020-07-11"
8357;"energy";"electricity";2000;2045;"2019-03-14";"2019-05-01";"";"";"";"Dresden";"indelivery";1000;"2019-12-09"
8358;"energy";"electricity";2300;2390;"2018-02-18";"2019-01-01";"";"";"";"Berlin";"indelivery";1000;"2018-10-31"
8359;"energy";"electricity";3000;3153;"2019-09-15";"2019-11-01";"";"";"";"Freiburg";"indelivery";1001;"2020-03-28"
8360;"energy";"electricity";2400;2496;"2018-01-29";"2018-04-01";"";"";"";"Munich";"indelivery";1000;"2018-05-28"
8361;"energy";"gas";10500;"";"2018-04-11";"2018-07-01";"";"";"";"Munich";"indelivery";2001;"2020-02-24"
8362;"energy";"electricity";2600;"";"2019-04-18";"2019-07-01";"2019-09-30";"2019-08-31";"fristgerecht durch LichtBlick";"Hannover";"terminated";1000;"2019-07-29"
8363;"energy";"electricity";2400;2390;"2019-11-25";"2020-04-01";"";"";"";"Mannheim";"indelivery";1000;"2020-03-18"
8364;"energy";"electricity";2100;1993;"2020-04-28";"2020-07-01";"";"";"";"Frankfurt";"indelivery";1001;"2020-08-24"
8365;"energy";"electricity";2800;"";"2018-09-08";"2019-01-01";"";"";"";"Bremerhaven";"indelivery";1002;"2020-09-08"
8366;"energy";"electricity";2600;"";"2018-01-12";"2018-02-01";"2020-07-31";"2020-07-03";"fristgerecht durch Kunde";"Cologne";"terminated";1001;"2018-12-04"
8367;"energy";"electricity";2600;2590;"2018-05-11";"2018-09-01";"2019-12-31";"2019-12-02";"fristgerecht durch LichtBlick";"Berlin";"terminated";1000;"2018-07-28"
8368;"energy";"gas";11100;11904;"2018-08-25";"2019-01-01";"";"";"";"Frankfurt";"indelivery";2001;"2020-08-20"
8369;"energy";"electricity";2800;2771;"2020-09-09";"2020-11-01";"";"";"";"Wuppertal";"active";1000;"2020-09-11"
8370;"energy";"gas";10900;11137;"2019-11-30";"2020-02-01";"";"";"";"Berlin";"indelivery";2000;"2020-05-13"
8371;"energy";"electricity";2800;2891;"2018-10-27";"2018-12-01";"";"";"";"Erfurt";"indelivery";1002;"2018-11-03"
8372;"energy";"electricity";3000;2851;"2020-08-05";"2020-09-01";"";"";"";"Coburg";"indelivery";1000;"2020-08-22"
8373;"energy";"electricity";2700;2717;"2018-04-15";"2018-08-01";"";"";"";"Leipzig";"indelivery";1001;"2019-10-28"
8374;"energy";"electricity";2300;2414;"2018-05-13";"2018-10-01";"2019-06-30";"2019-06-02";"fristgerecht durch Kunde";"Frankfurt";"terminated";1001;"2018-06-12"
8375;"energy";"electricity";2600;2443;"2018-05-14";"2018-08-01";"";"";"";"Munich";"indelivery";1002;"2019-03-28"
8376;"energy";"electricity";2400;2442;"2018-03-08";"2018-05-01";"";"";"";"Bremerhaven";"indelivery";1001;"2020-03-29"
8377;"energy";"electricity";2800;2895;"2019-09-05";"2020-02-01";"";"";"";"Cologne";"indelivery";1000;"2020-03-03"
8378;"energy";"electricity";1900;1950;"2018-01-06";"2018-02-01";"";"";"";"Hamburg";"indelivery";1000;"2020-09-05"
8379;"energy";"electricity";2000;"";"2018-05-15";"2018-06-01";"";"";"";"Erfurt";"indelivery";1001;"2019-04-22"
8380;"energy";"electricity";2100;2199;"2019-01-12";"2019-05-01";"";"";"";"Rastatt";"indelivery";1000;"2019-10-14"
8381;"energy";"electricity";2500;2713;"2019-01-09";"2019-04-01";"";"";"";"Augsburg";"indelivery";1000;"2019-06-24"
8382;"energy";"electricity";2000;2107;"2018-03-08";"2018-06-01";"2020-09-30";"2020-09-01";"fristgerecht durch Kunde";"Jena";"terminated";1000;"2018-07-07"
8383;"energy";"electricity";2400;2295;"2019-04-22";"2019-09-01";"";"";"";"Senftenberg";"indelivery";1000;"2020-08-15"
8384;"energy";"electricity";2600;2723;"2018-08-02";"2018-12-01";"";"";"";"Stuttgart";"indelivery";1000;"2018-08-19"
8385;"energy";"electricity";2600;2741;"2020-03-11";"2020-04-01";"";"";"";"Hannover";"indelivery";1001;"2020-09-03"
8386;"energy";"electricity";2700;2791;"2018-10-02";"2018-12-01";"2019-07-31";"2019-06-30";"fristgerecht durch LichtBlick";"Essen";"terminated";1000;"2019-06-01"
8387;"energy";"electricity";2000;2015;"2020-07-05";"2020-11-01";"";"";"";"Munich";"active";1002;"2020-09-21"
8388;"energy";"electricity";2800;2761;"2020-04-19";"2020-12-01";"";"";"";"Pfaffenhofen";"active";1000;"2020-06-06"
8389;"energy";"electricity";2800;2645;"2019-12-20";"2020-02-01";"";"";"";"Rostock";"indelivery";1000;"2020-08-19"
8390;"energy";"electricity";2900;2796;"2020-05-23";"2020-07-01";"";"";"";"Bremen";"indelivery";1001;"2020-06-05"
8391;"energy";"electricity";2100;2172;"2018-11-06";"2019-02-01";"2019-06-30";"2019-06-02";"Umzug";"Karlsruhe";"terminated";1001;"2019-06-02"
8392;"energy";"electricity";3100;3273;"2020-07-24";"2020-09-01";"";"";"";"Ebersberg";"indelivery";1001;"2020-09-18"
8393;"energy";"gas";10200;10113;"2019-10-25";"2019-11-01";"2019-11-01";"2020-12-02";"Wiederruf";"Wuppertal";"terminated";2000;"2020-05-03"
8394;"energy";"electricity";2100;2097;"2020-03-27";"2020-05-01";"";"";"";"Rostock";"indelivery";1001;"2020-08-25"
8395;"energy";"electricity";2700;2891;"2018-03-31";"2018-07-01";"";"";"";"Stuttgart";"indelivery";1001;"2020-03-28"
8396;"energy";"electricity";2700;2812;"2019-05-17";"2019-10-01";"";"";"";"Berlin";"indelivery";1000;"2019-10-08"
8397;"energy";"electricity";2600;2655;"2018-04-28";"2018-08-01";"";"";"";"Bonn";"indelivery";1002;"2020-08-04"
8398;"energy";"electricity";2100;2189;"2020-08-21";"2020-10-01";"";"";"";"Frankfurt";"indelivery";1000;"2020-08-26"
8399;"energy";"electricity";2700;2648;"2018-06-19";"2018-07-01";"";"";"";"Kassel";"indelivery";1002;"2018-09-23"
8400;"energy";"electricity";3100;3127;"2018-07-19";"2018-08-01";"2019-12-31";"2019-12-03";"Umzug";"Sömmerda";"terminated";1000;"2018-10-21"
8401;"energy";"electricity";2000;1992;"2020-03-19";"2020-06-01";"";"";"";"Berlin";"indelivery";1000;"2020-08-15"
8402;"energy";"electricity";2600;2778;"2020-04-29";"2020-06-01";"";"";"";"Dresden";"indelivery";1000;"2020-08-06"
8403;"energy";"electricity";2300;2322;"2019-06-08";"2020-01-01";"";"";"";"Hamburg";"indelivery";1002;"2020-06-29"
8404;"energy";"electricity";2300;2201;"2018-01-23";"2018-03-01";"2020-05-31";"2020-05-03";"fristgerecht durch Kunde";"Hamburg";"terminated";1000;"2019-05-22"
8405;"energy";"electricity";1900;2083;"2018-01-27";"2018-05-01";"2018-05-01";"2018-08-01";"Wiederruf";"Munich";"terminated";1000;"2018-08-01"
8406;"energy";"electricity";2000;2133;"2018-12-21";"2019-02-01";"";"";"";"Braunschweig";"indelivery";1002;"2019-05-19"
8407;"energy";"gas";8700;8896;"2019-12-01";"2020-05-01";"";"";"";"Berlin";"indelivery";2000;"2020-08-21"
8408;"energy";"electricity";2300;2370;"2019-08-23";"2019-10-01";"";"";"";"Munich";"indelivery";1002;"2020-08-19"
8409;"energy";"electricity";2300;2229;"2020-09-07";"2021-01-01";"";"";"";"Berlin";"active";1002;"2020-09-21"
8410;"energy";"electricity";2400;2370;"2018-05-05";"2018-10-01";"2018-10-01";"2018-12-02";"Wiederruf";"Hamburg";"terminated";1002;"2018-12-02"
8411;"energy";"electricity";2500;2544;"2019-05-12";"2019-11-01";"";"";"";"Flensburg";"indelivery";1001;"2020-08-11"
8412;"energy";"electricity";2300;2302;"2018-11-18";"2019-07-01";"";"";"";"Berlin";"indelivery";1000;"2019-12-21"
8413;"energy";"electricity";2700;2894;"2018-10-08";"2018-12-01";"";"";"";"Leipzig";"indelivery";1001;"2018-11-04"
8414;"energy";"electricity";2600;2632;"2020-01-03";"2020-09-01";"";"";"";"Osnabrück";"indelivery";1001;"2020-02-08"
8415;"energy";"electricity";2200;2323;"2018-09-25";"2019-03-01";"";"";"";"Kassel";"indelivery";1000;"2020-03-11"
8416;"energy";"electricity";2100;2019;"2020-03-15";"2020-07-01";"";"";"";"Osnabrück";"indelivery";1001;"2020-09-08"
8417;"energy";"gas";10600;10391;"2019-08-17";"2020-04-01";"";"";"";"Leipzig";"indelivery";2000;"2019-12-03"
8418;"energy";"electricity";2400;2495;"2018-12-27";"2019-05-01";"";"";"";"Heidelberg";"indelivery";1002;"2019-03-30"
8419;"energy";"electricity";2700;2542;"2019-05-23";"2019-08-01";"";"";"";"Bonn";"indelivery";1001;"2020-09-16"
8420;"energy";"gas";9300;"";"2020-05-27";"2020-09-01";"";"";"";"Bremen";"indelivery";2000;"2020-09-13"
8421;"energy";"electricity";2400;2290;"2019-09-19";"2019-10-01";"";"";"";"Essen";"indelivery";1001;"2020-09-09"
8422;"energy";"electricity";2100;2025;"2018-04-29";"2018-06-01";"";"";"";"Marienberg";"indelivery";1001;"2018-07-22"
8423;"energy";"electricity";2900;2848;"2020-09-21";"2021-01-01";"";"";"";"Hannover";"active";1000;"2020-09-25"
8424;"energy";"electricity";2300;2387;"2019-05-18";"2019-07-01";"";"";"";"Stuttgart";"indelivery";1001;"2019-06-09"
8425;"energy";"electricity";2100;2184;"2020-07-15";"2021-01-01";"";"";"";"Hamburg";"active";1002;"2020-09-13"
8426;"energy";"electricity";2000;2060;"2018-09-12";"2019-04-01";"";"";"";"Düsseldorf";"indelivery";1002;"2019-12-30"
8427;"energy";"electricity";2300;2331;"2020-04-26";"2020-07-01";"";"";"";"Augsburg";"indelivery";1000;"2020-05-30"
8428;"energy";"electricity";2100;2177;"2020-05-21";"2020-07-01";"";"";"";"Cologne";"indelivery";1002;"2020-06-01"
8429;"energy";"electricity";2400;2271;"2019-11-14";"2020-09-01";"";"";"";"Dortmund";"indelivery";1000;"2020-07-04"
8430;"energy";"gas";7600;7899;"2018-11-17";"2019-06-01";"";"";"";"Berlin";"indelivery";2000;"2020-05-29"
8431;"energy";"electricity";3000;"";"2019-01-12";"2019-02-01";"";"";"";"Duisburg";"indelivery";1001;"2019-12-19"
8432;"energy";"electricity";2800;3018;"2018-12-02";"2019-01-01";"2019-06-30";"2019-06-02";"fristgerecht durch Kunde";"Frankfurt";"terminated";1002;"2019-03-15"
8433;"energy";"electricity";2100;2062;"2020-04-30";"2020-08-01";"";"";"";"Regen";"indelivery";1000;"2020-09-23"
8434;"energy";"electricity";2100;2259;"2019-03-13";"2020-01-01";"";"";"";"Mannheim";"indelivery";1002;"2019-09-27"
8435;"energy";"electricity";2600;2541;"2018-01-29";"2018-02-01";"2019-12-31";"2019-11-29";"fristgerecht durch Kunde";"Marienberg";"terminated";1001;"2018-04-13"
8436;"energy";"electricity";2400;2618;"2019-01-17";"2019-02-01";"";"";"";"Würzburg";"indelivery";1001;"2019-01-25"
8437;"energy";"electricity";2300;2246;"2019-12-20";"2020-01-01";"";"";"";"Höxter";"indelivery";1002;"2020-06-01"
8438;"energy";"electricity";2700;2741;"2019-07-18";"2019-09-01";"";"";"";"Gera";"indelivery";1000;"2020-06-05"
8439;"energy";"gas";11000;11826;"2019-01-26";"2019-05-01";"";"";"";"Munich";"indelivery";2000;"2019-08-11"
8440;"energy";"electricity";2700;2900;"2018-06-17";"2018-11-01";"2019-07-31";"2019-07-03";"fristgerecht durch LichtBlick";"Dortmund";"terminated";1001;"2019-07-03"
8441;"energy";"electricity";2200;2096;"2019-08-11";"2019-11-01";"";"";"";"Duisburg";"indelivery";1001;"2020-01-02"
8442;"energy";"electricity";2600;2700;"2018-03-29";"2018-07-01";"2020-05-31";"2020-05-02";"fristgerecht durch LichtBlick";"Hamburg";"terminated";1002;"2019-07-23"
8443;"energy";"electricity";2700;2696;"2019-03-28";"2019-06-01";"";"";"";"Hamburg";"indelivery";1002;"2020-01-23"
8444;"energy";"electricity";2800;2693;"2020-02-07";"2020-08-01";"";"";"";"Dortmund";"indelivery";1000;"2020-05-28"
8445;"energy";"electricity";2600;2673;"2020-08-17";"2021-03-01";"";"";"";"Hamburg";"active";1001;"2020-08-20"
8446;"energy";"electricity";2400;2448;"2020-06-27";"2020-08-01";"";"";"";"Berlin";"indelivery";1002;"2020-09-14"
8447;"energy";"electricity";2800;3045;"2019-10-06";"2019-12-01";"";"";"";"Berlin";"indelivery";1000;"2020-08-05"
8448;"energy";"gas";9500;9968;"2018-10-13";"2019-04-01";"";"";"";"Frankfurt";"indelivery";2000;"2018-11-04"
8449;"energy";"electricity";2200;2379;"2019-10-23";"2020-03-01";"2020-04-30";"2020-04-02";"fristgerecht durch Kunde";"Munich";"terminated";1002;"2020-04-02"
8450;"energy";"electricity";2100;2241;"2018-08-15";"2019-03-01";"";"";"";"Peine";"indelivery";1002;"2018-12-14"
8451;"energy";"electricity";2200;2083;"2018-11-28";"2019-01-01";"";"";"";"Stuttgart";"indelivery";1000;"2019-07-06"
8452;"energy";"gas";10000;10102;"2018-02-21";"2018-05-01";"";"";"";"Fulda";"indelivery";2001;"2020-07-15"
8453;"energy";"electricity";2300;2491;"2019-05-06";"2020-01-01";"";"";"";"Frankfurt";"indelivery";1001;"2020-04-09"
8454;"energy";"electricity";2300;2282;"2018-05-09";"2019-03-01";"";"";"";"Frankfurt";"indelivery";1002;"2020-08-17"
8455;"energy";"electricity";2800;2987;"2018-01-25";"2018-03-01";"2018-08-31";"2018-08-02";"fristgerecht durch Kunde";"Künzelsau";"terminated";1000;"2018-08-02"
8456;"energy";"electricity";2500;2603;"2018-05-03";"2018-06-01";"";"";"";"Dortmund";"indelivery";1001;"2019-02-20"
8457;"energy";"gas";9400;8912;"2018-07-11";"2018-12-01";"";"";"";"Freiburg";"indelivery";2000;"2020-04-28"
8458;"energy";"electricity";2500;"";"2018-05-18";"2018-12-01";"2018-12-01";"2020-03-01";"Wiederruf";"Kassel";"terminated";1000;"2019-11-25"
8459;"energy";"electricity";2500;2368;"2018-04-27";"2018-07-01";"";"";"";"Hamburg";"indelivery";1002;"2018-08-20"
8460;"energy";"electricity";2900;2956;"2018-12-28";"2019-03-01";"";"";"";"Cologne";"indelivery";1000;"2019-01-04"
8461;"energy";"electricity";2400;2370;"2019-05-19";"2019-06-01";"2020-07-31";"2020-06-30";"Umzug";"Essen";"terminated";1002;"2019-10-20"
8462;"energy";"electricity";2900;2849;"2020-02-20";"2020-05-01";"";"";"";"Oldenburg";"indelivery";1002;"2020-06-28"
8463;"energy";"electricity";2600;2464;"2020-05-25";"2020-09-01";"";"";"";"Gifhorn";"indelivery";1002;"2020-07-18"
8464;"energy";"electricity";2000;1917;"2019-02-26";"2019-04-01";"";"";"";"Berlin";"indelivery";1000;"2019-03-28"
8465;"energy";"electricity";2700;2597;"2020-05-18";"2020-08-01";"2020-08-01";"2020-12-03";"Wiederruf";"Dresden";"terminated";1001;"2020-06-29"
8466;"energy";"electricity";2200;2140;"2020-02-05";"2020-03-01";"2020-07-31";"2020-07-02";"Umzug";"Hamburg";"terminated";1002;"2020-07-02"
8467;"energy";"electricity";2000;2192;"2018-12-01";"2019-01-01";"";"";"";"Berlin";"indelivery";1000;"2019-04-28"
8468;"energy";"electricity";2500;2553;"2020-01-22";"2020-06-01";"";"";"";"Leipzig";"indelivery";1002;"2020-06-03"
8469;"energy";"electricity";2400;2581;"2019-09-22";"2020-02-01";"2020-03-31";"2020-02-27";"fristgerecht durch Kunde";"Wuppertal";"terminated";1000;"2019-12-11"
8470;"energy";"electricity";2300;2167;"2020-04-19";"2020-06-01";"";"";"";"Berlin";"indelivery";1002;"2020-09-11"
8471;"energy";"electricity";2100;2162;"2018-04-02";"2018-07-01";"2018-07-01";"2018-12-03";"Wiederruf";"Wiesbaden";"terminated";1001;"2018-12-03"
8472;"energy";"electricity";2400;2373;"2019-12-18";"2020-05-01";"";"";"";"Bremerhaven";"indelivery";1002;"2020-02-03"
8473;"energy";"electricity";2200;2140;"2019-03-25";"2019-12-01";"";"";"";"Mannheim";"indelivery";1000;"2020-07-06"
8474;"energy";"electricity";2100;2119;"2019-09-07";"2020-01-01";"";"";"";"Wuppertal";"indelivery";1002;"2020-03-28"
8475;"energy";"electricity";2700;2892;"2018-10-10";"2018-11-01";"2019-04-30";"2019-04-01";"fristgerecht durch Kunde";"Berlin";"terminated";1000;"2019-04-01"
8476;"energy";"electricity";2400;2405;"2018-09-03";"2019-01-01";"2019-12-31";"2019-12-03";"fristgerecht durch Kunde";"Leipzig";"terminated";1001;"2019-12-03"
8477;"energy";"electricity";2500;2670;"2018-08-06";"2019-02-01";"";"";"";"Munich";"indelivery";1002;"2020-08-02"
8478;"energy";"electricity";2300;2271;"2018-06-24";"2019-05-01";"";"";"";"Regensburg";"indelivery";1000;"2019-05-29"
8479;"energy";"electricity";2100;1990;"2018-05-01";"2018-06-01";"";"";"";"Bonn";"indelivery";1000;"2019-04-02"
8480;"energy";"electricity";2800;2838;"2018-12-27";"2019-12-01";"";"";"";"Meppen";"indelivery";1001;"2020-05-04"
8481;"energy";"electricity";2900;2852;"2020-05-04";"2020-08-01";"";"";"";"Lübeck";"indelivery";1001;"2020-07-04"
8482;"energy";"electricity";2500;2483;"2018-10-18";"2020-01-01";"";"";"";"Munich";"indelivery";1000;"2018-12-30"
8483;"energy";"electricity";2900;2920;"2020-01-23";"2020-02-01";"";"";"";"Potsdam";"indelivery";1002;"2020-03-27"
8484;"energy";"electricity";2100;2143;"2018-11-25";"2019-02-01";"2019-02-01";"2020-10-28";"Wiederruf";"Bonn";"terminated";1002;"2019-11-15"
8485;"energy";"electricity";2300;2304;"2019-07-10";"2019-10-01";"";"";"";"Berlin";"indelivery";1001;"2020-04-17"
8486;"energy";"electricity";2300;2477;"2018-04-28";"2018-07-01";"";"";"";"Dortmund";"indelivery";1002;"2020-03-14"
8487;"energy";"electricity";2700;2882;"2018-06-20";"2018-07-01";"";"";"";"Bremen";"indelivery";1002;"2020-05-16"
8488;"energy";"electricity";2900;3076;"2018-02-02";"2018-03-01";"";"";"";"Lübeck";"indelivery";1001;"2020-09-03"
8489;"energy";"electricity";2600;2674;"2018-01-29";"2018-02-01";"";"";"";"Marienberg";"indelivery";1000;"2018-08-27"
8490;"energy";"electricity";2300;2316;"2018-11-20";"2019-03-01";"";"";"";"Hamburg";"indelivery";1000;"2020-05-04"
8491;"energy";"gas";10600;10382;"2018-10-30";"2019-05-01";"";"";"";"Gera";"indelivery";2001;"2020-04-07"
8492;"energy";"electricity";2700;2578;"2019-01-26";"2019-03-01";"";"";"";"Mainz";"indelivery";1001;"2019-04-24"
8493;"energy";"electricity";2900;2800;"2020-02-13";"2020-08-01";"";"";"";"Düsseldorf";"indelivery";1000;"2020-04-28"
8494;"energy";"electricity";2900;2789;"2020-02-08";"2020-05-01";"";"";"";"Amberg";"indelivery";1000;"2020-05-26"
8495;"energy";"electricity";2600;2560;"2019-08-26";"2020-01-01";"2020-04-30";"2020-04-02";"Umzug";"Leverkusen";"terminated";1002;"2019-11-18"
8496;"energy";"electricity";2300;2176;"2018-05-21";"2018-07-01";"";"";"";"Oranienburg";"indelivery";1002;"2019-06-24"
8497;"energy";"electricity";2700;2889;"2019-04-29";"2019-07-01";"";"";"";"Düsseldorf";"indelivery";1001;"2020-02-10"
8498;"energy";"electricity";2600;2649;"2018-02-18";"2018-10-01";"2019-06-30";"2019-06-01";"Umzug";"Bottrop";"terminated";1000;"2018-12-12"
8499;"energy";"electricity";2200;2311;"2019-08-13";"2020-01-01";"";"";"";"Hamburg";"indelivery";1001;"2020-09-15"
8500;"energy";"electricity";2600;2542;"2018-02-22";"2018-03-01";"";"";"";"Dortmund";"indelivery";1000;"2019-07-01"
8501;"energy";"electricity";2700;"";"2019-04-10";"2019-10-01";"";"";"";"Dortmund";"indelivery";1001;"2020-09-20"
8502;"energy";"electricity";2600;2696;"2020-02-12";"2020-04-01";"";"";"";"Hannover";"indelivery";1002;"2020-09-20"
8503;"energy";"electricity";2200;2290;"2018-09-18";"2018-11-01";"";"";"";"Munich";"indelivery";1000;"2019-10-19"
8504;"energy";"gas";8400;7999;"2019-05-14";"2020-03-01";"";"";"";"Leipzig";"indelivery";2001;"2020-06-05"
8505;"energy";"gas";11500;12096;"2018-02-20";"2018-06-01";"2018-06-01";"2020-02-01";"Wiederruf";"Braunschweig";"terminated";2001;"2018-07-17"
8506;"energy";"electricity";2800;3035;"2018-03-03";"2018-07-01";"";"";"";"Herzberg";"indelivery";1000;"2018-07-16"
8507;"energy";"electricity";2000;2029;"2020-08-14";"2020-10-01";"";"";"";"Munich";"indelivery";1000;"2020-09-06"
8508;"energy";"electricity";2800;"";"2019-10-31";"2020-09-01";"";"";"";"Stuttgart";"indelivery";1000;"2020-06-22"
8509;"energy";"electricity";2100;2060;"2020-07-11";"2020-09-01";"";"";"";"Düsseldorf";"indelivery";1002;"2020-09-26"
8510;"energy";"electricity";2800;2976;"2019-07-09";"2019-09-01";"";"";"";"Berlin";"indelivery";1001;"2020-04-17"
8511;"energy";"gas";11000;10568;"2020-01-17";"2020-02-01";"2020-07-31";"2020-07-01";"fristgerecht durch Kunde";"Dortmund";"terminated";2000;"2020-05-20"
8512;"energy";"electricity";2800;2852;"2020-04-11";"2020-07-01";"";"";"";"Marienberg";"indelivery";1000;"2020-06-16"
8513;"energy";"electricity";2900;2911;"2019-04-01";"2019-05-01";"";"";"";"Duisburg";"indelivery";1001;"2020-07-17"
8514;"energy";"electricity";2000;2034;"2020-08-13";"2020-12-01";"";"";"";"Dresden";"active";1000;"2020-09-12"
8515;"energy";"electricity";2400;"";"2020-01-21";"2020-03-01";"2020-09-30";"2020-08-29";"fristgerecht durch LichtBlick";"Hamburg";"terminated";1000;"2020-06-02"
8516;"energy";"electricity";2800;2815;"2020-09-22";"2021-04-01";"";"";"";"Munich";"active";1000;"2020-09-30"
8517;"energy";"electricity";2700;2734;"2018-11-03";"2019-02-01";"2020-10-31";"2020-09-30";"fristgerecht durch Kunde";"Cologne";"cancelled";1002;"2019-04-12"
8518;"energy";"electricity";2700;2882;"2019-06-22";"2019-08-01";"";"";"";"Freiburg";"indelivery";1001;"2019-11-18"
8519;"energy";"electricity";2700;2813;"2020-01-05";"2021-01-01";"";"";"";"Leipzig";"active";1002;"2020-02-27"
8520;"energy";"electricity";2800;2634;"2018-07-19";"2018-11-01";"2020-02-29";"2020-02-01";"Umzug";"Hamburg";"terminated";1002;"2019-09-09"
8521;"energy";"electricity";1900;1975;"2020-07-24";"2020-10-01";"";"";"";"Cologne";"indelivery";1000;"2020-08-02"
8522;"energy";"electricity";2500;2483;"2019-11-26";"2020-03-01";"";"";"";"Saarbrücken";"indelivery";1002;"2020-01-13"
8523;"energy";"gas";11700;"";"2020-02-01";"2020-04-01";"";"";"";"Altchemnitz";"indelivery";2000;"2020-06-25"
8524;"energy";"electricity";2700;2890;"2018-02-17";"2018-07-01";"2019-04-30";"2019-03-31";"Umzug";"Wuppertal";"terminated";1001;"2019-03-31"
8525;"energy";"electricity";2900;2839;"2019-11-19";"2020-01-01";"2020-05-31";"2020-05-03";"fristgerecht durch Kunde";"Essen";"terminated";1001;"2019-12-17"
8526;"energy";"electricity";2400;2345;"2018-01-07";"2018-04-01";"";"";"";"Freiburg";"indelivery";1002;"2018-01-28"
8527;"energy";"electricity";2300;2452;"2018-05-28";"2018-08-01";"";"";"";"Amberg";"indelivery";1000;"2018-08-23"
8528;"energy";"gas";9300;9682;"2020-01-29";"2020-07-01";"2020-11-30";"2020-11-02";"fristgerecht durch Kunde";"Hamburg";"cancelled";2000;"2020-08-22"
8529;"energy";"electricity";2500;2438;"2018-08-15";"2018-12-01";"";"";"";"Stuttgart";"indelivery";1001;"2018-11-25"
8530;"energy";"electricity";2000;2094;"2019-04-03";"2020-09-01";"";"";"";"Jena";"indelivery";1000;"2019-07-08"
8531;"energy";"gas";9000;9116;"2018-10-18";"2019-02-01";"";"";"";"Gera";"indelivery";2001;"2019-11-02"
8532;"energy";"electricity";2300;"";"2019-03-17";"2019-04-01";"";"";"";"Frankfurt";"indelivery";1000;"2020-08-23"
8533;"energy";"electricity";2300;2315;"2019-07-27";"2019-10-01";"";"";"";"Stuttgart";"indelivery";1001;"2019-10-11"
8534;"energy";"electricity";2600;2541;"2019-07-07";"2019-08-01";"";"";"";"Munich";"indelivery";1002;"2019-12-08"
8535;"energy";"gas";9600;9793;"2020-09-30";"2020-11-01";"";"";"";"Wuppertal";"active";2001;"2020-09-30"
8536;"energy";"electricity";2100;2077;"2019-07-27";"2019-09-01";"";"";"";"Berlin";"indelivery";1001;"2020-09-21"
8537;"energy";"electricity";2200;2180;"2018-06-30";"2019-01-01";"";"";"";"Kassel";"indelivery";1002;"2018-12-28"
8538;"energy";"electricity";2300;2390;"2018-07-14";"2018-10-01";"2018-10-01";"2020-10-30";"Wiederruf";"Neu-Ulm";"terminated";1000;"2020-01-25"
8539;"energy";"electricity";2900;2806;"2020-06-27";"2020-07-01";"";"";"";"Dortmund";"indelivery";1000;"2020-09-09"
8540;"energy";"electricity";2100;2003;"2019-04-08";"2020-02-01";"";"";"";"Hamburg";"indelivery";1002;"2020-05-27"
8541;"energy";"electricity";2800;2854;"2018-09-01";"2018-10-01";"";"";"";"Leipzig";"indelivery";1001;"2019-07-01"
8542;"energy";"electricity";2800;2755;"2020-05-04";"2020-08-01";"";"";"";"Würzburg";"indelivery";1000;"2020-06-24"
8543;"energy";"electricity";2800;2903;"2020-03-09";"2020-07-01";"";"";"";"Frankfurt";"indelivery";1001;"2020-08-01"
8544;"energy";"electricity";2600;2533;"2020-07-25";"2020-10-01";"";"";"";"Ingolstadt";"indelivery";1002;"2020-09-19"
8545;"energy";"electricity";2100;2240;"2020-04-02";"2020-06-01";"";"";"";"Düsseldorf";"indelivery";1002;"2020-09-05"
8546;"energy";"electricity";2700;2769;"2019-03-20";"2019-07-01";"";"";"";"Augsburg";"indelivery";1001;"2020-08-15"
8547;"energy";"electricity";2700;2856;"2019-07-23";"2020-01-01";"2020-10-31";"2020-10-02";"fristgerecht durch LichtBlick";"Munich";"cancelled";1002;"2020-01-09"
8548;"energy";"electricity";2500;2647;"2018-03-16";"2018-06-01";"";"";"";"Siegburg";"indelivery";1000;"2020-06-07"
8549;"energy";"gas";8200;8145;"2019-12-18";"2020-01-01";"2020-07-31";"2020-07-03";"fristgerecht durch Kunde";"Wuppertal";"terminated";2001;"2020-07-03"
8550;"energy";"electricity";2400;2514;"2019-01-31";"2019-03-01";"";"";"";"Berlin";"indelivery";1001;"2019-07-22"
8551;"energy";"electricity";2800;2769;"2018-04-09";"2018-07-01";"";"";"";"Hamburg";"indelivery";1001;"2019-03-06"
8552;"energy";"electricity";2600;2671;"2019-11-14";"2020-05-01";"";"";"";"Bielefeld";"indelivery";1002;"2020-06-04"
8553;"energy";"electricity";2400;2507;"2019-07-07";"2020-07-01";"";"";"";"Hamburg";"indelivery";1001;"2020-02-24"
8554;"energy";"electricity";2400;2532;"2018-03-07";"2018-04-01";"2018-04-01";"2018-07-02";"Wiederruf";"Hamburg";"terminated";1002;"2018-07-02"
8555;"energy";"electricity";2900;2896;"2019-01-07";"2019-04-01";"";"";"";"Marienberg";"indelivery";1002;"2020-06-16"
8556;"energy";"electricity";2800;2782;"2020-01-30";"2020-02-01";"";"";"";"Heidelberg";"indelivery";1000;"2020-06-17"
8557;"energy";"electricity";2200;2223;"2020-01-02";"2020-04-01";"";"";"";"Duisburg";"indelivery";1001;"2020-05-26"
8558;"energy";"electricity";2500;2645;"2019-08-31";"2019-10-01";"";"";"";"Berlin";"indelivery";1000;"2020-03-12"
8559;"energy";"electricity";2500;2506;"2018-04-17";"2018-10-01";"";"";"";"Saalfeld";"indelivery";1000;"2019-01-13"
8560;"energy";"gas";10400;10586;"2019-09-04";"2019-11-01";"2020-07-31";"2020-07-01";"fristgerecht durch Kunde";"Hamburg";"terminated";2001;"2019-12-11"
8561;"energy";"gas";10800;11271;"2020-07-23";"2021-01-01";"";"";"";"Berlin";"active";2000;"2020-09-30"
8562;"energy";"electricity";2900;2903;"2018-12-12";"2019-04-01";"";"";"";"Ulm";"indelivery";1002;"2019-09-30"
8563;"energy";"electricity";2900;3119;"2018-08-17";"2018-09-01";"";"";"";"Duisburg";"indelivery";1001;"2019-07-22"
8564;"energy";"electricity";2600;"";"2019-01-11";"2019-02-01";"2019-02-01";"2020-04-02";"Wiederruf";"Rosenheim";"terminated";1000;"2019-07-30"
8565;"energy";"electricity";2700;2548;"2018-01-30";"2018-07-01";"";"";"";"Homberg";"indelivery";1002;"2018-03-07"
8566;"energy";"electricity";2100;2231;"2020-04-28";"2020-06-01";"";"";"";"Frankfurt";"indelivery";1002;"2020-05-27"
8567;"energy";"electricity";2200;2193;"2019-09-28";"2019-11-01";"";"";"";"Wolfenbüttel";"indelivery";1001;"2020-09-04"
8568;"energy";"electricity";2700;2652;"2020-04-01";"2020-11-01";"";"";"";"Cologne";"active";1002;"2020-08-11"
8569;"energy";"gas";11800;12707;"2020-01-26";"2020-06-01";"";"";"";"Freiberg";"indelivery";2001;"2020-03-03"
8570;"energy";"electricity";2800;2993;"2019-06-20";"2019-08-01";"";"";"";"Düsseldorf";"indelivery";1002;"2019-10-29"
8571;"energy";"electricity";2100;2060;"2020-05-10";"2020-08-01";"";"";"";"Wiesbaden";"indelivery";1000;"2020-06-16"
8572;"energy";"electricity";2500;2649;"2019-11-21";"2020-02-01";"2020-10-31";"2020-10-01";"fristgerecht durch LichtBlick";"Cottbus";"cancelled";1000;"2020-08-22"
8573;"energy";"electricity";2700;"";"2020-05-28";"2020-06-01";"";"";"";"Rostock";"indelivery";1001;"2020-05-29"
8574;"energy";"electricity";2100;2113;"2019-06-06";"2019-07-01";"";"";"";"Jena";"indelivery";1001;"2020-02-17"
8575;"energy";"electricity";2100;2176;"2019-10-27";"2020-09-01";"";"";"";"Stuttgart";"indelivery";1001;"2020-02-23"
8576;"energy";"electricity";2100;2191;"2018-09-01";"2018-10-01";"";"";"";"Berlin";"indelivery";1000;"2020-06-09"
8577;"energy";"electricity";2100;2149;"2020-01-24";"2020-08-01";"";"";"";"Mainz";"indelivery";1000;"2020-04-14"
8578;"energy";"electricity";2300;2425;"2018-09-09";"2018-11-01";"2020-09-30";"2020-08-31";"Umzug";"Göttingen";"terminated";1002;"2018-09-27"
8579;"energy";"electricity";2700;2672;"2020-09-11";"2021-01-01";"";"";"";"Freiburg";"active";1001;"2020-09-16"
8580;"energy";"electricity";2300;2413;"2020-07-09";"2021-02-01";"";"";"";"Duisburg";"active";1002;"2020-07-30"
8581;"energy";"electricity";3000;3086;"2019-11-10";"2020-01-01";"";"";"";"Koblenz";"indelivery";1002;"2020-01-30"
8582;"energy";"electricity";2600;2487;"2018-03-28";"2018-06-01";"";"";"";"Mannheim";"indelivery";1002;"2018-06-19"
8583;"energy";"electricity";2700;2659;"2020-01-26";"2020-02-01";"";"";"";"Stuttgart";"indelivery";1002;"2020-07-25"
8584;"energy";"electricity";3000;2963;"2019-11-14";"2020-05-01";"";"";"";"Rostock";"indelivery";1002;"2019-12-22"
8585;"energy";"electricity";2600;2708;"2018-03-11";"2018-07-01";"2018-10-31";"2018-10-02";"fristgerecht durch Kunde";"Münster";"terminated";1002;"2018-10-02"
8586;"energy";"gas";11300;11474;"2018-05-29";"2018-08-01";"";"";"";"Hamburg";"indelivery";2001;"2019-09-05"
8587;"energy";"gas";9500;9034;"2020-03-18";"2020-08-01";"";"";"";"Dresden";"indelivery";2000;"2020-07-17"
8588;"energy";"electricity";2200;2278;"2020-08-11";"2020-10-01";"";"";"";"Gießen";"indelivery";1000;"2020-09-13"
8589;"energy";"electricity";2000;2121;"2019-03-22";"2019-06-01";"";"";"";"Koblenz";"indelivery";1002;"2020-08-30"
8590;"energy";"electricity";2900;2968;"2018-12-01";"2019-01-01";"2019-06-30";"2019-05-30";"fristgerecht durch Kunde";"Forchheim";"terminated";1002;"2019-05-30"
8591;"energy";"electricity";2500;2354;"2019-02-28";"2019-07-01";"2020-02-29";"2020-01-31";"fristgerecht durch LichtBlick";"Mannheim";"terminated";1001;"2019-10-28"
8592;"energy";"electricity";2100;2093;"2018-08-06";"2018-09-01";"2019-06-30";"2019-06-01";"fristgerecht durch LichtBlick";"Göttingen";"terminated";1000;"2019-06-01"
8593;"energy";"electricity";2500;2700;"2019-09-26";"2019-10-01";"";"";"";"Kusel";"indelivery";1001;"2020-07-27"
8594;"energy";"electricity";2300;2236;"2019-03-05";"2019-06-01";"2020-09-30";"2020-09-01";"fristgerecht durch LichtBlick";"Lübeck";"terminated";1001;"2020-08-29"
8595;"energy";"electricity";2300;2208;"2018-12-01";"2019-03-01";"";"";"";"Saalfeld";"indelivery";1002;"2020-03-08"
8596;"energy";"electricity";2000;1982;"2018-11-01";"2018-12-01";"";"";"";"Munich";"indelivery";1002;"2019-09-04"
8597;"energy";"electricity";3000;3116;"2020-02-21";"2020-04-01";"";"";"";"Erlangen";"indelivery";1001;"2020-06-20"
8598;"energy";"electricity";2600;2715;"2019-08-15";"2019-12-01";"";"";"";"Waldshut-Tiengen";"indelivery";1002;"2020-01-21"
8599;"energy";"gas";11400;10917;"2019-09-15";"2019-10-01";"";"";"";"Wuppertal";"indelivery";2000;"2019-12-02"
8600;"energy";"electricity";2300;2220;"2018-08-21";"2018-12-01";"";"";"";"Hamburg";"indelivery";1001;"2019-10-10"
8601;"energy";"electricity";2500;2398;"2020-05-27";"2020-07-01";"";"";"";"Berlin";"indelivery";1002;"2020-07-28"
8602;"energy";"gas";10000;9546;"2019-05-28";"2019-12-01";"";"";"";"Berlin";"indelivery";2001;"2020-02-16"
8603;"energy";"electricity";2200;2071;"2018-06-02";"2018-11-01";"2019-07-31";"2019-07-02";"fristgerecht durch LichtBlick";"Freiburg";"terminated";1001;"2019-07-02"
8604;"energy";"gas";10300;10590;"2020-05-19";"2020-06-01";"";"";"";"Münster";"indelivery";2000;"2020-09-25"
8605;"energy";"electricity";2700;"";"2019-03-25";"2019-10-01";"";"";"";"Hamburg";"indelivery";1002;"2019-04-15"
8606;"energy";"electricity";2000;1968;"2018-12-13";"2019-04-01";"";"";"";"Karlsruhe";"indelivery";1002;"2019-10-21"
8607;"energy";"electricity";2300;2399;"2020-01-11";"2020-02-01";"";"";"";"Berlin";"indelivery";1000;"2020-07-18"
8608;"energy";"gas";10800;10514;"2018-10-09";"2019-05-01";"";"";"";"Dresden";"indelivery";2001;"2020-08-10"
8609;"energy";"electricity";3000;2922;"2019-12-04";"2020-01-01";"";"";"";"Tauberbischofsheim";"indelivery";1000;"2020-07-20"
8610;"energy";"electricity";2300;2496;"2019-09-17";"2020-02-01";"";"";"";"Hannover";"indelivery";1002;"2020-08-08"
8611;"energy";"electricity";2700;2638;"2018-01-20";"2018-04-01";"2019-02-28";"2019-01-31";"fristgerecht durch Kunde";"Hannover";"terminated";1000;"2019-01-31"
8612;"energy";"gas";10000;"";"2019-09-14";"2020-01-01";"2020-01-01";"2020-03-01";"Wiederruf";"Bonn";"terminated";2001;"2020-03-01"
8613;"energy";"electricity";2400;2278;"2019-04-21";"2019-09-01";"";"";"";"Karlsruhe";"indelivery";1000;"2020-04-24"
8614;"energy";"electricity";2700;2782;"2020-03-10";"2020-06-01";"2020-06-01";"2020-09-24";"Wiederruf";"Essen";"terminated";1001;"2020-08-14"
8615;"energy";"electricity";2100;2144;"2018-05-19";"2018-08-01";"2019-01-31";"2019-01-03";"Umzug";"Berlin";"terminated";1001;"2019-01-03"
8616;"energy";"electricity";2700;2910;"2020-04-12";"2020-07-01";"";"";"";"Berlin";"indelivery";1000;"2020-08-06"
8617;"energy";"electricity";2700;2849;"2018-03-04";"2018-07-01";"2018-07-01";"2019-01-02";"Wiederruf";"Fürth";"terminated";1001;"2019-01-02"
8618;"energy";"electricity";2500;2628;"2020-08-28";"2020-11-01";"";"";"";"Munich";"active";1000;"2020-09-24"
8619;"energy";"electricity";2700;2918;"2018-10-09";"2019-01-01";"";"";"";"Bad Kissingen";"indelivery";1000;"2019-06-10"
8620;"energy";"gas";10700;10470;"2020-04-19";"2020-06-01";"";"";"";"Gera";"indelivery";2001;"2020-05-01"
8621;"energy";"electricity";2600;2438;"2018-02-11";"2018-03-01";"";"";"";"Essen";"indelivery";1002;"2018-06-04"
8622;"energy";"gas";9300;8857;"2018-02-03";"2018-05-01";"";"";"";"Saarbrücken";"indelivery";2000;"2019-03-25"
8623;"energy";"gas";9600;9853;"2018-03-31";"2019-04-01";"";"";"";"Kassel";"indelivery";2000;"2019-12-12"
8624;"energy";"electricity";2600;2810;"2019-05-08";"2020-03-01";"";"";"";"Hamburg";"indelivery";1000;"2020-08-06"
8625;"energy";"electricity";2100;2110;"2020-03-16";"2021-01-01";"";"";"";"Dresden";"active";1001;"2020-09-05"
8626;"energy";"gas";10400;11168;"2020-04-17";"2020-06-01";"";"";"";"Hamburg";"indelivery";2000;"2020-08-04"
8627;"energy";"electricity";2700;2856;"2018-09-30";"2019-03-01";"2019-07-31";"2019-06-30";"Umzug";"Braunschweig";"terminated";1002;"2019-06-30"
8628;"energy";"electricity";2700;2629;"2019-08-26";"2019-10-01";"";"";"";"Hamburg";"indelivery";1002;"2020-04-26"
8629;"energy";"electricity";2700;2722;"2020-09-24";"2020-12-01";"";"";"";"Würzburg";"active";1001;"2020-09-25"
8630;"energy";"electricity";2800;2966;"2018-08-19";"2019-01-01";"";"";"";"Dresden";"indelivery";1001;"2019-01-20"
8631;"energy";"electricity";2500;2557;"2018-06-02";"2018-08-01";"";"";"";"Cologne";"indelivery";1000;"2019-11-05"
8632;"energy";"gas";8400;8393;"2019-03-16";"2019-06-01";"";"";"";"Frankfurt";"indelivery";2000;"2019-11-24"
8633;"energy";"gas";10500;10938;"2020-04-06";"2020-10-01";"";"";"";"Duisburg";"indelivery";2001;"2020-04-15"
8634;"energy";"electricity";2300;2405;"2019-03-22";"2019-10-01";"";"";"";"Berlin";"indelivery";1001;"2020-05-17"
8635;"energy";"electricity";2000;"";"2018-11-23";"2019-02-01";"2019-02-01";"2020-10-31";"Wiederruf";"Berlin";"terminated";1002;"2020-01-05"
8636;"energy";"electricity";2200;2129;"2020-06-03";"2020-08-01";"";"";"";"Cologne";"indelivery";1000;"2020-09-23"
8637;"energy";"electricity";2200;2215;"2020-03-31";"2020-10-01";"";"";"";"Kiel";"indelivery";1000;"2020-09-05"
8638;"energy";"electricity";2100;2175;"2020-01-23";"2020-02-01";"";"";"";"Hamburg";"indelivery";1001;"2020-03-02"
8639;"energy";"electricity";2400;2573;"2018-01-20";"2018-06-01";"2018-06-01";"2019-06-01";"Wiederruf";"Marienberg";"terminated";1002;"2019-06-01"
8640;"energy";"electricity";2000;"";"2019-12-04";"2020-02-01";"";"";"";"Munich";"indelivery";1000;"2020-03-06"
8641;"energy";"electricity";2100;1972;"2019-11-02";"2020-09-01";"";"";"";"Hamburg";"indelivery";1000;"2020-05-06"
8642;"energy";"electricity";2300;2346;"2020-04-21";"2020-05-01";"";"";"";"Munich";"indelivery";1001;"2020-08-07"
8643;"energy";"electricity";2300;2176;"2019-10-08";"2019-11-01";"";"";"";"Karlsruhe";"indelivery";1001;"2020-05-22"
8644;"energy";"electricity";2500;2563;"2018-09-09";"2019-05-01";"2020-07-31";"2020-07-02";"fristgerecht durch LichtBlick";"Osnabrück";"terminated";1000;"2019-08-12"
8645;"energy";"electricity";2200;2255;"2019-08-02";"2019-10-01";"";"";"";"Osnabrück";"indelivery";1001;"2019-08-09"
8646;"energy";"electricity";2800;2662;"2019-05-26";"2019-10-01";"";"";"";"Düsseldorf";"indelivery";1001;"2020-07-06"
8647;"energy";"gas";10800;11594;"2020-04-22";"2020-11-01";"";"";"";"Berlin";"active";2000;"2020-08-19"
8648;"energy";"electricity";2100;2228;"2019-08-01";"2019-08-01";"";"";"";"Bielefeld";"indelivery";1000;"2019-08-23"
8649;"energy";"electricity";2400;2497;"2019-06-11";"2020-08-01";"";"";"";"Flensburg";"indelivery";1000;"2020-03-31"
8650;"energy";"electricity";2900;"";"2019-10-27";"2020-05-01";"";"";"";"Cologne";"indelivery";1002;"2020-06-27"
8651;"energy";"electricity";2000;1986;"2018-08-19";"2019-03-01";"";"";"";"Bielefeld";"indelivery";1001;"2019-12-13"
8652;"energy";"electricity";2800;2965;"2019-05-27";"2019-07-01";"";"";"";"Berlin";"indelivery";1000;"2020-02-03"
8653;"energy";"electricity";2200;2236;"2020-09-01";"2021-01-01";"";"";"";"Koblenz";"active";1001;"2020-09-07"
8654;"energy";"electricity";2400;"";"2019-12-02";"2020-01-01";"";"";"";"Bielefeld";"indelivery";1002;"2020-04-16"
8655;"energy";"electricity";2800;2740;"2019-03-13";"2019-09-01";"2019-09-01";"2020-07-03";"Wiederruf";"Munich";"terminated";1000;"2020-03-20"
8656;"energy";"electricity";2400;2630;"2020-06-08";"2020-09-01";"";"";"";"Frankfurt";"indelivery";1000;"2020-07-14"
8657;"energy";"electricity";2300;2476;"2018-03-17";"2018-09-01";"";"";"";"Göttingen";"indelivery";1002;"2018-04-24"
8658;"energy";"electricity";2400;2483;"2018-09-03";"2018-10-01";"";"";"";"Würzburg";"indelivery";1002;"2020-05-23"
8659;"energy";"electricity";2600;2485;"2020-07-17";"2020-09-01";"";"";"";"Berlin";"indelivery";1000;"2020-09-11"
8660;"energy";"electricity";2500;2500;"2018-02-25";"2018-06-01";"";"";"";"Mannheim";"indelivery";1000;"2018-08-05"
8661;"energy";"electricity";2800;2927;"2020-09-14";"2020-12-01";"";"";"";"Hofheim";"active";1002;"2020-09-29"
8662;"energy";"gas";8600;9236;"2019-11-04";"2020-03-01";"2020-03-01";"2020-08-31";"Wiederruf";"Oldenburg";"terminated";2000;"2020-03-31"
8663;"energy";"electricity";2700;2913;"2019-10-12";"2020-06-01";"2020-09-30";"2020-08-29";"Umzug";"Hamburg";"terminated";1001;"2020-05-06"
8664;"energy";"electricity";2100;2228;"2019-07-03";"2019-09-01";"2019-09-01";"2019-09-26";"Wiederruf";"Gera";"terminated";1000;"2019-07-04"
8665;"energy";"electricity";2300;2328;"2019-03-31";"2019-05-01";"2019-05-01";"2019-10-30";"Wiederruf";"Bremen";"terminated";1002;"2019-10-30"
8666;"energy";"electricity";2100;2066;"2018-01-31";"2018-04-01";"";"";"";"Duisburg";"indelivery";1001;"2020-03-09"
8667;"energy";"electricity";2100;2239;"2019-01-22";"2019-04-01";"";"";"";"Cologne";"indelivery";1001;"2020-05-25"
8668;"energy";"electricity";2300;2440;"2020-07-13";"2020-11-01";"";"";"";"Wuppertal";"active";1001;"2020-08-06"
8669;"energy";"gas";8800;9346;"2020-07-30";"2021-06-01";"";"";"";"Karlsruhe";"active";2001;"2020-09-28"
8670;"energy";"electricity";2500;2589;"2019-04-16";"2019-07-01";"";"";"";"Berlin";"indelivery";1001;"2019-08-26"
8671;"energy";"electricity";2500;2701;"2019-12-13";"2020-04-01";"";"";"";"Berlin";"indelivery";1000;"2020-08-07"
8672;"energy";"electricity";2400;2402;"2020-07-28";"2021-05-01";"";"";"";"Leipzig";"active";1001;"2020-08-07"
8673;"energy";"electricity";2500;2469;"2020-07-20";"2020-10-01";"";"";"";"Braunschweig";"indelivery";1001;"2020-07-29"
8674;"energy";"electricity";2600;2764;"2020-08-01";"2020-11-01";"";"";"";"Hamburg";"active";1002;"2020-09-25"
8675;"energy";"gas";11200;11156;"2020-09-07";"2021-03-01";"";"";"";"Bremen";"active";2000;"2020-09-08"
8676;"energy";"electricity";2800;2771;"2019-09-08";"2020-04-01";"";"";"";"Fürth";"indelivery";1000;"2020-07-28"
8677;"energy";"gas";9000;9274;"2019-03-08";"2019-08-01";"2020-08-31";"2020-08-03";"Umzug";"Karlsruhe";"terminated";2000;"2019-07-12"
8678;"energy";"electricity";2000;1944;"2018-07-09";"2018-09-01";"";"";"";"Essen";"indelivery";1001;"2019-06-12"
8679;"energy";"electricity";2800;"";"2018-04-10";"2018-11-01";"";"";"";"Berlin";"indelivery";1001;"2019-07-12"
8680;"energy";"gas";8900;9329;"2018-04-30";"2018-12-01";"2019-07-31";"2019-07-01";"Umzug";"Bremen";"terminated";2001;"2019-04-11"
8681;"energy";"electricity";2700;2830;"2020-04-21";"2020-05-01";"2020-08-31";"2020-08-01";"fristgerecht durch Kunde";"Frankfurt";"terminated";1000;"2020-05-13"
8682;"energy";"electricity";2800;2919;"2018-10-08";"2019-02-01";"";"";"";"Osnabrück";"indelivery";1000;"2019-09-17"
8683;"energy";"electricity";2700;2807;"2019-08-14";"2020-01-01";"";"";"";"Augsburg";"indelivery";1000;"2020-02-19"
8684;"energy";"electricity";2700;2713;"2020-02-15";"2020-09-01";"";"";"";"Altchemnitz";"indelivery";1000;"2020-08-16"
8685;"energy";"gas";9200;9536;"2019-11-01";"2020-01-01";"2020-04-30";"2020-04-02";"Umzug";"Saarbrücken";"terminated";2000;"2020-04-02"
8686;"energy";"electricity";3000;2855;"2018-12-06";"2019-02-01";"2020-07-31";"2020-06-30";"fristgerecht durch Kunde";"Ingolstadt";"terminated";1001;"2019-03-06"
8687;"energy";"electricity";2000;"";"2018-09-23";"2018-11-01";"";"";"";"Cologne";"indelivery";1002;"2019-07-25"
8688;"energy";"electricity";2100;2209;"2018-10-16";"2019-08-01";"";"";"";"Munich";"indelivery";1001;"2019-09-04"
8689;"energy";"gas";10500;10461;"2018-11-29";"2019-05-01";"";"";"";"Berlin";"indelivery";2000;"2020-02-25"
8690;"energy";"electricity";2000;2122;"2019-09-01";"2019-12-01";"";"";"";"Dresden";"indelivery";1002;"2020-09-23"
8691;"energy";"electricity";2100;2252;"2019-06-12";"2019-09-01";"";"";"";"Fürth";"indelivery";1001;"2020-08-12"
8692;"energy";"electricity";3000;3169;"2019-05-08";"2019-11-01";"";"";"";"Altchemnitz";"indelivery";1000;"2020-05-11"
8693;"energy";"electricity";2400;2362;"2018-10-04";"2019-01-01";"";"";"";"Mannheim";"indelivery";1000;"2020-07-13"
8694;"energy";"electricity";2300;2243;"2018-09-23";"2018-11-01";"2019-03-31";"2019-03-03";"fristgerecht durch LichtBlick";"Berlin";"terminated";1001;"2019-03-03"
8695;"energy";"electricity";2800;"";"2019-04-30";"2019-06-01";"";"";"";"Bremen";"indelivery";1000;"2020-03-28"
8696;"energy";"electricity";2500;2449;"2019-07-19";"2019-09-01";"2019-11-30";"2019-11-02";"fristgerecht durch Kunde";"Münster";"terminated";1002;"2019-11-02"
8697;"energy";"electricity";2000;1891;"2020-03-16";"2021-01-01";"";"";"";"Berlin";"active";1000;"2020-09-13"
8698;"energy";"electricity";2500;2501;"2019-12-14";"2020-04-01";"";"";"";"Stuttgart";"indelivery";1002;"2020-02-01"
8699;"energy";"electricity";2800;2766;"2020-09-26";"2020-12-01";"";"";"";"Frankfurt";"active";1001;"2020-09-27"
8700;"energy";"electricity";2300;2345;"2019-05-31";"2020-04-01";"";"";"";"Munich";"indelivery";1002;"2019-09-17"
8701;"energy";"gas";9300;9807;"2018-11-21";"2019-01-01";"2020-10-31";"2020-10-02";"Umzug";"Hamburg";"cancelled";2000;"2019-02-18"
8702;"energy";"electricity";2400;2477;"2020-02-27";"2020-05-01";"";"";"";"Frankfurt";"indelivery";1002;"2020-07-04"
8703;"energy";"electricity";2100;2054;"2020-04-15";"2020-12-01";"";"";"";"Hamburg";"active";1002;"2020-08-09"
8704;"energy";"electricity";2600;2635;"2019-11-22";"2019-12-01";"";"";"";"Dortmund";"indelivery";1000;"2020-01-28"
8705;"energy";"electricity";2900;3018;"2018-11-04";"2020-04-01";"";"";"";"Erfurt";"indelivery";1002;"2019-12-23"
8706;"energy";"electricity";2700;2692;"2019-10-23";"2020-04-01";"";"";"";"Mainz";"indelivery";1002;"2020-04-23"
8707;"energy";"gas";8100;7969;"2019-03-11";"2019-05-01";"";"";"";"Duisburg";"indelivery";2001;"2019-03-25"
8708;"energy";"electricity";2800;2863;"2018-10-18";"2019-01-01";"";"";"";"Munich";"indelivery";1001;"2019-12-16"
8709;"energy";"electricity";2900;2801;"2019-02-26";"2019-05-01";"";"";"";"Bremerhaven";"indelivery";1002;"2020-03-30"
8710;"energy";"electricity";3000;2882;"2018-11-23";"2019-02-01";"";"";"";"Erfurt";"indelivery";1002;"2020-03-04"
8711;"energy";"electricity";2600;2513;"2020-03-02";"2020-05-01";"";"";"";"Homberg";"indelivery";1002;"2020-06-23"
8712;"energy";"gas";11400;11562;"2019-10-09";"2020-04-01";"";"";"";"Essen";"indelivery";2000;"2020-05-06"
8713;"energy";"electricity";2100;"";"2020-08-15";"2021-01-01";"";"";"";"Essen";"active";1001;"2020-09-08"
8714;"energy";"electricity";2700;2805;"2018-03-10";"2018-05-01";"";"";"";"Berlin";"indelivery";1002;"2019-10-18"
8715;"energy";"electricity";2700;2551;"2018-01-28";"2018-05-01";"2018-11-30";"2018-11-01";"Umzug";"Essen";"terminated";1001;"2018-10-12"
8716;"energy";"electricity";2900;3023;"2020-06-25";"2020-11-01";"";"";"";"Mainz";"active";1002;"2020-08-16"
8717;"energy";"electricity";2700;"";"2020-08-05";"2020-10-01";"";"";"";"Stralsund";"indelivery";1000;"2020-09-03"
8718;"energy";"electricity";2200;2153;"2019-12-25";"2020-03-01";"";"";"";"Berlin";"indelivery";1002;"2020-01-18"
8719;"energy";"electricity";2600;2553;"2020-01-30";"2021-01-01";"";"";"";"Wuppertal";"active";1000;"2020-04-10"
8720;"energy";"electricity";2100;2025;"2020-08-10";"2020-11-01";"";"";"";"Jena";"active";1002;"2020-08-14"
8721;"energy";"electricity";2600;2814;"2020-06-07";"2020-10-01";"2020-12-31";"2020-12-02";"Umzug";"Wuppertal";"cancelled";1000;"2020-09-07"
8722;"energy";"electricity";2200;2222;"2019-04-26";"2019-07-01";"";"";"";"Leipzig";"indelivery";1000;"2020-07-29"
8723;"energy";"electricity";2900;2977;"2018-11-11";"2019-03-01";"";"";"";"Berlin";"indelivery";1001;"2019-07-29"
8724;"energy";"electricity";2400;2395;"2019-10-09";"2019-12-01";"";"";"";"Berlin";"indelivery";1002;"2020-06-21"
8725;"energy";"gas";9600;10091;"2020-03-13";"2020-05-01";"";"";"";"Düsseldorf";"indelivery";2001;"2020-04-08"
8726;"energy";"gas";9500;10177;"2019-02-10";"2019-11-01";"";"";"";"Cologne";"indelivery";2001;"2019-12-12"
8727;"energy";"electricity";2300;2211;"2018-10-17";"2018-12-01";"2020-06-30";"2020-05-30";"fristgerecht durch Kunde";"Marienberg";"terminated";1001;"2018-11-24"
8728;"energy";"electricity";2900;2804;"2019-08-10";"2020-04-01";"";"";"";"Kiel";"indelivery";1000;"2019-12-19"
8729;"energy";"electricity";2000;2160;"2020-06-23";"2020-09-01";"";"";"";"Cottbus";"indelivery";1001;"2020-07-27"
8730;"energy";"electricity";2900;3114;"2020-02-10";"2020-07-01";"";"";"";"Dresden";"indelivery";1001;"2020-03-06"
8731;"energy";"electricity";2700;2705;"2019-07-06";"2019-10-01";"";"";"";"Bielefeld";"indelivery";1000;"2019-11-20"
8732;"energy";"electricity";2200;2116;"2020-03-25";"2020-08-01";"";"";"";"Berlin";"indelivery";1001;"2020-04-23"
8733;"energy";"electricity";2100;2042;"2020-01-01";"2020-03-01";"";"";"";"Oldenburg";"indelivery";1000;"2020-06-25"
8734;"energy";"electricity";2200;2132;"2019-12-04";"2020-06-01";"";"";"";"Jena";"indelivery";1001;"2020-01-15"
8735;"energy";"electricity";2800;2811;"2018-07-14";"2018-09-01";"2020-07-31";"2020-07-01";"fristgerecht durch Kunde";"Dortmund";"terminated";1002;"2020-04-29"
8736;"energy";"gas";9700;"";"2018-03-19";"2018-08-01";"2020-11-30";"2020-11-02";"fristgerecht durch Kunde";"Hamburg";"cancelled";2001;"2019-01-15"
8737;"energy";"electricity";2200;2194;"2018-03-05";"2018-04-01";"";"";"";"Forchheim";"indelivery";1000;"2020-05-15"
8738;"energy";"gas";8300;8829;"2018-07-11";"2018-12-01";"2019-09-30";"2019-09-02";"fristgerecht durch Kunde";"Frankfurt";"terminated";2000;"2019-09-02"
8739;"energy";"electricity";2700;2884;"2018-07-29";"2018-09-01";"";"";"";"Bonn";"indelivery";1000;"2019-01-19"
8740;"energy";"electricity";2300;"";"2019-05-19";"2020-05-01";"";"";"";"Berlin";"indelivery";1001;"2020-03-06"
8741;"energy";"electricity";2400;"";"2020-09-17";"2020-12-01";"";"";"";"Wuppertal";"active";1000;"2020-09-22"
8742;"energy";"electricity";2600;2593;"2018-01-31";"2018-07-01";"";"";"";"Wuppertal";"indelivery";1002;"2020-01-11"
8743;"energy";"gas";11200;11851;"2018-05-02";"2018-09-01";"";"";"";"Dresden";"indelivery";2000;"2019-09-04"
8744;"energy";"electricity";2900;2882;"2019-03-30";"2019-06-01";"";"";"";"Karlsruhe";"indelivery";1000;"2019-05-05"
8745;"energy";"electricity";2700;2548;"2019-06-30";"2019-07-01";"2020-09-30";"2020-08-31";"fristgerecht durch LichtBlick";"Kiel";"terminated";1001;"2019-07-11"
8746;"energy";"electricity";2100;2110;"2019-10-26";"2020-01-01";"";"";"";"Würzburg";"indelivery";1002;"2020-03-29"
8747;"energy";"electricity";2700;2829;"2018-04-07";"2018-08-01";"";"";"";"Kiel";"indelivery";1000;"2019-03-02"
8748;"energy";"electricity";2100;2096;"2019-03-24";"2019-06-01";"2019-07-31";"2019-06-28";"fristgerecht durch LichtBlick";"Berlin";"terminated";1002;"2019-05-28"
8749;"energy";"electricity";2200;2214;"2020-04-03";"2020-05-01";"2020-08-31";"2020-08-01";"fristgerecht durch Kunde";"Cologne";"terminated";1000;"2020-07-19"
8750;"energy";"electricity";2300;2253;"2020-04-29";"2020-08-01";"";"";"";"Freiburg";"indelivery";1000;"2020-06-09"
8751;"energy";"gas";8100;8205;"2018-06-07";"2018-09-01";"";"";"";"Mannheim";"indelivery";2000;"2020-09-04"
8752;"energy";"electricity";2800;2719;"2020-09-04";"2021-07-01";"";"";"";"Hamburg";"active";1001;"2020-09-26"
8753;"energy";"electricity";2200;2308;"2019-05-13";"2019-08-01";"";"";"";"Frankfurt";"indelivery";1001;"2020-03-17"
8754;"energy";"electricity";2300;2274;"2019-05-18";"2019-08-01";"";"";"";"Hamburg";"indelivery";1001;"2020-09-24"
8755;"energy";"gas";11700;11707;"2018-08-02";"2018-12-01";"";"";"";"Freiburg";"indelivery";2000;"2019-05-23"
8756;"energy";"electricity";2800;2911;"2018-02-27";"2018-08-01";"";"";"";"Braunschweig";"indelivery";1002;"2019-10-25"
8757;"energy";"electricity";2300;2285;"2018-08-31";"2019-01-01";"";"";"";"Duisburg";"indelivery";1000;"2020-03-04"
8758;"energy";"electricity";2700;"";"2018-07-08";"2019-03-01";"";"";"";"Cologne";"indelivery";1000;"2020-08-23"
8759;"energy";"electricity";2900;3039;"2018-11-14";"2019-01-01";"";"";"";"Saarbrücken";"indelivery";1002;"2020-06-10"
8760;"energy";"gas";8600;8684;"2018-02-01";"2018-05-01";"";"";"";"Schwerin";"indelivery";2000;"2020-09-24"
8761;"energy";"electricity";2100;2028;"2018-03-29";"2018-11-01";"";"";"";"Hamburg";"indelivery";1001;"2020-06-10"
8762;"energy";"electricity";2200;2121;"2018-10-02";"2018-11-01";"";"";"";"Bonn";"indelivery";1001;"2018-12-28"
8763;"energy";"electricity";2000;2078;"2018-02-10";"2018-06-01";"";"";"";"Cologne";"indelivery";1000;"2018-02-20"
8764;"energy";"electricity";2800;3014;"2019-07-28";"2019-09-01";"";"";"";"Berlin";"indelivery";1001;"2020-04-30"
8765;"energy";"electricity";2100;2081;"2018-08-09";"2018-11-01";"";"";"";"Cologne";"indelivery";1001;"2020-06-10"
8766;"energy";"electricity";2000;2057;"2018-05-03";"2018-06-01";"";"";"";"Berlin";"indelivery";1000;"2020-09-29"
8767;"energy";"electricity";2400;2317;"2020-04-09";"2020-06-01";"";"";"";"Hannover";"indelivery";1000;"2020-08-20"
8768;"energy";"electricity";2700;2628;"2018-11-07";"2019-02-01";"";"";"";"Emden";"indelivery";1001;"2019-07-12"
8769;"energy";"electricity";2400;2322;"2020-09-26";"2021-05-01";"";"";"";"Berlin";"active";1000;"2020-09-26"
8770;"energy";"electricity";2700;2758;"2019-07-30";"2020-02-01";"";"";"";"Düsseldorf";"indelivery";1000;"2019-12-30"
8771;"energy";"electricity";2300;2489;"2018-01-31";"2018-04-01";"2019-09-30";"2019-09-02";"fristgerecht durch Kunde";"Berlin";"terminated";1002;"2019-03-21"
8772;"energy";"electricity";2400;2320;"2018-02-21";"2018-10-01";"";"";"";"Bremen";"indelivery";1002;"2020-08-16"
8773;"energy";"electricity";2600;2468;"2018-10-20";"2018-12-01";"";"";"";"Dortmund";"indelivery";1002;"2019-10-06"
8774;"energy";"electricity";3000;"";"2020-09-12";"2020-10-01";"";"";"";"Hamburg";"indelivery";1000;"2020-09-17"
8775;"energy";"electricity";2500;2417;"2019-10-11";"2020-08-01";"";"";"";"Essen";"indelivery";1002;"2020-04-18"
8776;"energy";"electricity";2600;2623;"2018-04-17";"2018-10-01";"2019-07-31";"2019-07-03";"fristgerecht durch LichtBlick";"Berlin";"terminated";1001;"2019-07-03"
8777;"energy";"electricity";2500;2608;"2018-09-16";"2018-10-01";"2018-11-30";"2018-11-02";"Umzug";"Dortmund";"terminated";1000;"2018-11-02"
8778;"energy";"electricity";2100;"";"2019-04-09";"2019-08-01";"";"";"";"Potsdam";"indelivery";1000;"2019-05-23"
8779;"energy";"electricity";2300;2329;"2020-09-24";"2020-11-01";"";"";"";"Ingelheim";"active";1002;"2020-09-24"
8780;"energy";"electricity";2300;2347;"2018-07-15";"2019-07-01";"2020-11-30";"2020-11-02";"fristgerecht durch LichtBlick";"Frankfurt";"cancelled";1001;"2018-11-24"
8781;"energy";"gas";11100;11312;"2019-06-06";"2019-08-01";"2020-08-31";"2020-08-03";"fristgerecht durch LichtBlick";"Hamburg";"terminated";2001;"2020-06-14"
8782;"energy";"electricity";2800;3013;"2020-02-05";"2020-05-01";"";"";"";"Düsseldorf";"indelivery";1002;"2020-08-27"
8783;"energy";"electricity";2800;3054;"2019-05-14";"2019-08-01";"";"";"";"Wiesbaden";"indelivery";1000;"2020-09-29"
8784;"energy";"electricity";2600;2777;"2019-03-12";"2019-10-01";"2020-09-30";"2020-09-01";"fristgerecht durch Kunde";"Cologne";"terminated";1001;"2020-04-21"
8785;"energy";"electricity";2700;2692;"2019-05-04";"2019-10-01";"";"";"";"Essen";"indelivery";1002;"2020-09-29"
8786;"energy";"electricity";2300;2286;"2019-08-06";"2019-12-01";"2020-10-31";"2020-10-02";"fristgerecht durch Kunde";"Dortmund";"cancelled";1002;"2020-06-06"
8787;"energy";"electricity";3000;2917;"2019-10-14";"2019-11-01";"";"";"";"Erfurt";"indelivery";1000;"2020-02-21"
8788;"energy";"electricity";2900;3030;"2019-11-16";"2020-02-01";"";"";"";"Braunschweig";"indelivery";1001;"2020-09-14"
8789;"energy";"electricity";2600;2643;"2019-08-29";"2019-09-01";"";"";"";"Hamburg";"indelivery";1002;"2019-09-23"
8790;"energy";"electricity";2100;2177;"2020-09-03";"2020-10-01";"";"";"";"Bielefeld";"indelivery";1002;"2020-09-06"
8791;"energy";"gas";9700;10294;"2019-02-06";"2019-03-01";"";"";"";"Dortmund";"indelivery";2000;"2019-02-20"
8792;"energy";"gas";10300;9925;"2018-05-08";"2018-09-01";"2018-09-01";"2020-04-01";"Wiederruf";"Munich";"terminated";2000;"2020-04-01"
8793;"energy";"electricity";2700;2910;"2019-06-23";"2019-08-01";"";"";"";"Göttingen";"indelivery";1001;"2020-04-22"
8794;"energy";"electricity";2900;2922;"2018-06-01";"2018-07-01";"2020-01-31";"2020-01-02";"fristgerecht durch Kunde";"Düsseldorf";"terminated";1001;"2019-02-28"
8795;"energy";"electricity";2500;2455;"2020-08-03";"2020-09-01";"";"";"";"Berlin";"indelivery";1001;"2020-09-15"
8796;"energy";"electricity";2100;2088;"2018-08-17";"2018-10-01";"2019-07-31";"2019-07-03";"Umzug";"Essen";"terminated";1001;"2019-04-20"
8797;"energy";"electricity";2700;2672;"2018-02-15";"2018-10-01";"";"";"";"Berlin";"indelivery";1001;"2019-06-15"
8798;"energy";"electricity";2500;2483;"2020-09-23";"2020-12-01";"";"";"";"Ingolstadt";"active";1002;"2020-09-29"
8799;"energy";"electricity";2700;2632;"2020-01-28";"2020-03-01";"";"";"";"Münster";"indelivery";1002;"2020-02-17"
8800;"energy";"electricity";2800;"";"2018-08-14";"2018-10-01";"";"";"";"Berlin";"indelivery";1002;"2018-12-31"
8801;"energy";"electricity";2000;"";"2019-09-27";"2019-12-01";"";"";"";"Dresden";"indelivery";1000;"2019-12-23"
8802;"energy";"electricity";2400;2368;"2018-05-16";"2018-08-01";"2020-10-31";"2020-10-03";"Umzug";"Mainz";"cancelled";1000;"2019-05-25"
8803;"energy";"electricity";2500;2709;"2018-08-08";"2018-09-01";"";"";"";"Berlin";"indelivery";1001;"2019-05-13"
8804;"energy";"electricity";2500;2607;"2018-11-13";"2019-01-01";"2019-06-30";"2019-06-02";"fristgerecht durch Kunde";"Berlin";"terminated";1001;"2019-02-22"
8805;"energy";"electricity";2200;2388;"2020-06-16";"2021-04-01";"";"";"";"Bielefeld";"active";1002;"2020-09-20"
8806;"energy";"electricity";2500;2420;"2018-08-10";"2019-06-01";"";"";"";"Cologne";"indelivery";1001;"2018-10-13"
8807;"energy";"electricity";2300;2403;"2018-04-27";"2018-10-01";"";"";"";"Freiburg";"indelivery";1002;"2020-08-03"
8808;"energy";"electricity";2900;"";"2019-12-14";"2020-01-01";"";"";"";"Wuppertal";"indelivery";1001;"2019-12-29"
8809;"energy";"electricity";2100;2235;"2018-01-26";"2018-04-01";"";"";"";"Berlin";"indelivery";1000;"2019-12-03"
8810;"energy";"electricity";2700;2615;"2019-04-11";"2019-07-01";"";"";"";"Herne";"indelivery";1001;"2019-09-12"
8811;"energy";"electricity";2800;2958;"2020-01-01";"2020-07-01";"";"";"";"Stuttgart";"indelivery";1002;"2020-01-27"
8812;"energy";"electricity";3000;3201;"2018-12-09";"2019-01-01";"2019-01-01";"2019-06-02";"Wiederruf";"Augsburg";"terminated";1002;"2018-12-26"
8813;"energy";"electricity";2900;2956;"2020-09-30";"2021-04-01";"";"";"";"Düsseldorf";"active";1002;"2020-09-30"
8814;"energy";"electricity";2800;2651;"2019-10-05";"2020-03-01";"";"";"";"Mannheim";"indelivery";1001;"2019-11-25"
8815;"energy";"electricity";2700;2603;"2019-12-05";"2020-04-01";"";"";"";"Hamburg";"indelivery";1000;"2020-07-22"
8816;"energy";"electricity";2400;2304;"2018-03-02";"2018-07-01";"2019-05-31";"2019-04-21";"Umzug";"Bremen";"terminated";1000;"2019-04-21"
8817;"energy";"electricity";2100;2318;"2020-04-23";"2020-10-01";"";"";"";"Berlin";"indelivery";1001;"2020-05-17"
8818;"energy";"gas";11000;11693;"2020-03-12";"2020-04-01";"";"";"";"Gera";"indelivery";2000;"2020-07-03"
8819;"energy";"electricity";2400;2430;"2019-01-06";"2019-03-01";"";"";"";"Berlin";"indelivery";1001;"2019-12-14"
8820;"energy";"electricity";2100;2003;"2020-05-04";"2020-06-01";"";"";"";"Essen";"indelivery";1001;"2020-08-23"
8821;"energy";"electricity";2400;2577;"2020-01-08";"2020-05-01";"";"";"";"Berlin";"indelivery";1000;"2020-06-15"
8822;"energy";"electricity";2400;2585;"2018-03-07";"2018-06-01";"";"";"";"Erfurt";"indelivery";1002;"2018-06-01"
8823;"energy";"gas";8200;8154;"2019-01-31";"2019-03-01";"";"";"";"Erfurt";"indelivery";2000;"2020-05-20"
8824;"energy";"gas";10500;10495;"2019-03-17";"2019-05-01";"";"";"";"Stuttgart";"indelivery";2001;"2020-09-02"
8825;"energy";"electricity";2900;2761;"2018-11-15";"2019-01-01";"";"";"";"Munich";"indelivery";1001;"2020-01-02"
8826;"energy";"electricity";2700;2578;"2020-06-05";"2020-10-01";"";"";"";"Hamburg";"indelivery";1002;"2020-08-21"
8827;"energy";"electricity";2400;2487;"2019-09-13";"2019-11-01";"";"";"";"Dortmund";"indelivery";1000;"2019-12-12"
8828;"energy";"electricity";2900;2898;"2020-01-05";"2020-08-01";"";"";"";"Hannover";"indelivery";1002;"2020-05-20"
8829;"energy";"electricity";2900;2911;"2020-04-04";"2020-10-01";"";"";"";"Berlin";"indelivery";1002;"2020-05-30"
8830;"energy";"electricity";3000;2930;"2020-07-09";"2021-09-01";"";"";"";"Saarbrücken";"active";1000;"2020-07-19"
8831;"energy";"electricity";2000;2036;"2019-08-13";"2019-10-01";"";"";"";"Cologne";"indelivery";1000;"2019-10-19"
8832;"energy";"electricity";2500;2490;"2018-05-30";"2018-07-01";"";"";"";"Hannover";"indelivery";1001;"2020-09-16"
8833;"energy";"electricity";2400;2544;"2019-11-07";"2020-04-01";"";"";"";"Munich";"indelivery";1001;"2020-05-30"
8834;"energy";"electricity";2500;2630;"2019-05-07";"2019-08-01";"";"";"";"Berlin";"indelivery";1002;"2019-10-29"
8835;"energy";"electricity";2900;3026;"2018-11-12";"2018-12-01";"";"";"";"Munich";"indelivery";1002;"2019-06-21"
8836;"energy";"electricity";2100;2206;"2019-06-05";"2019-08-01";"";"";"";"Stuttgart";"indelivery";1000;"2020-08-12"
8837;"energy";"electricity";2500;2596;"2018-12-15";"2019-01-01";"";"";"";"Hamburg";"indelivery";1001;"2020-09-26"
8838;"energy";"electricity";2200;2074;"2018-05-08";"2019-02-01";"";"";"";"Berlin";"indelivery";1001;"2018-08-26"
8839;"energy";"gas";8300;8183;"2018-05-17";"2018-10-01";"";"";"";"Saarbrücken";"indelivery";2001;"2020-03-18"
8840;"energy";"electricity";2600;2757;"2020-07-10";"2020-09-01";"";"";"";"Rostock";"indelivery";1001;"2020-07-15"
8841;"energy";"electricity";2100;2085;"2020-08-04";"2021-01-01";"";"";"";"Flensburg";"active";1000;"2020-09-14"
8842;"energy";"electricity";2600;2534;"2019-10-20";"2020-01-01";"2020-02-29";"2020-01-21";"fristgerecht durch LichtBlick";"Bremen";"terminated";1002;"2020-01-21"
8843;"energy";"electricity";2100;2084;"2018-12-08";"2019-05-01";"";"";"";"Münster";"indelivery";1001;"2019-04-02"
8844;"energy";"electricity";2200;2327;"2020-02-22";"2020-05-01";"";"";"";"Duisburg";"indelivery";1002;"2020-05-09"
8845;"energy";"electricity";2900;2758;"2020-02-13";"2020-04-01";"";"";"";"Recklinghausen";"indelivery";1001;"2020-05-08"
8846;"energy";"electricity";2800;2991;"2019-11-05";"2020-01-01";"";"";"";"Freiburg";"indelivery";1000;"2019-12-26"
8847;"energy";"gas";11300;11222;"2018-01-28";"2018-04-01";"";"";"";"Essen";"indelivery";2001;"2020-03-31"
8848;"energy";"electricity";2000;2013;"2018-12-21";"2019-02-01";"2020-08-31";"2020-07-24";"fristgerecht durch Kunde";"Stuttgart";"terminated";1000;"2019-04-22"
8849;"energy";"electricity";3000;3027;"2019-01-02";"2019-04-01";"";"";"";"Miesbach";"indelivery";1000;"2019-04-25"
8850;"energy";"electricity";2700;"";"2020-07-03";"2020-08-01";"";"";"";"Wiesbaden";"indelivery";1001;"2020-07-29"
8851;"energy";"electricity";2600;2599;"2018-07-15";"2019-07-01";"";"";"";"Berlin";"indelivery";1002;"2019-01-10"
8852;"energy";"electricity";2800;2753;"2020-02-15";"2020-08-01";"";"";"";"Siegen";"indelivery";1002;"2020-08-03"
8853;"energy";"gas";9500;10185;"2018-08-03";"2019-03-01";"2019-07-31";"2019-07-02";"fristgerecht durch LichtBlick";"Munich";"terminated";2000;"2019-07-02"
8854;"energy";"electricity";2400;2503;"2019-04-15";"2019-07-01";"";"";"";"Berlin";"indelivery";1001;"2020-05-20"
8855;"energy";"electricity";2400;2365;"2020-06-11";"2021-02-01";"";"";"";"Magdeburg";"active";1002;"2020-06-26"
8856;"energy";"gas";11200;11831;"2019-06-05";"2019-08-01";"";"";"";"Düsseldorf";"indelivery";2000;"2019-09-17"
8857;"energy";"gas";10500;10108;"2019-06-07";"2020-05-01";"";"";"";"Cologne";"indelivery";2001;"2020-02-25"
8858;"energy";"electricity";2800;2940;"2018-03-19";"2018-05-01";"";"";"";"Munich";"indelivery";1001;"2020-07-03"
8859;"energy";"electricity";2800;2681;"2018-08-04";"2018-09-01";"2019-05-31";"2019-04-30";"Umzug";"Dortmund";"terminated";1002;"2018-08-31"
8860;"energy";"electricity";2100;2040;"2020-05-04";"2020-10-01";"";"";"";"Gießen";"indelivery";1000;"2020-09-04"
8861;"energy";"electricity";2500;2530;"2018-03-31";"2018-08-01";"2018-08-01";"2019-11-02";"Wiederruf";"Aalen";"terminated";1000;"2019-11-02"
8862;"energy";"gas";11300;11692;"2019-03-29";"2019-09-01";"";"";"";"Frankfurt";"indelivery";2001;"2019-06-08"
8863;"energy";"electricity";2800;"";"2020-07-20";"2020-09-01";"";"";"";"Augsburg";"indelivery";1001;"2020-08-16"
8864;"energy";"electricity";2500;2456;"2019-12-20";"2020-04-01";"";"";"";"Magdeburg";"indelivery";1001;"2020-03-09"
8865;"energy";"electricity";2400;2305;"2019-12-16";"2020-04-01";"";"";"";"Hannover";"indelivery";1000;"2020-05-10"
8866;"energy";"electricity";2600;2552;"2020-08-08";"2020-10-01";"";"";"";"Essen";"indelivery";1001;"2020-08-23"
8867;"energy";"electricity";2900;2864;"2019-12-21";"2020-01-01";"";"";"";"Dortmund";"indelivery";1002;"2020-04-11"
8868;"energy";"electricity";2200;2341;"2018-05-24";"2019-01-01";"";"";"";"Düsseldorf";"indelivery";1002;"2020-05-06"
8869;"energy";"electricity";2100;2145;"2019-03-22";"2019-06-01";"";"";"";"Munich";"indelivery";1001;"2020-04-24"
8870;"energy";"electricity";2400;2522;"2018-11-09";"2019-02-01";"";"";"";"Helmstedt";"indelivery";1001;"2020-02-17"
8871;"energy";"electricity";2800;2783;"2018-10-08";"2019-06-01";"";"";"";"Bremen";"indelivery";1002;"2020-03-11"
8872;"energy";"electricity";2100;2100;"2018-06-27";"2018-08-01";"2018-08-01";"2018-10-27";"Wiederruf";"Osnabrück";"terminated";1001;"2018-10-27"
8873;"energy";"electricity";1900;1907;"2020-03-29";"2020-06-01";"";"";"";"Berlin";"indelivery";1000;"2020-05-16"
8874;"energy";"gas";10000;10287;"2018-11-19";"2019-01-01";"2019-01-01";"2020-09-02";"Wiederruf";"Berlin";"terminated";2001;"2020-01-01"
8875;"energy";"electricity";2300;2437;"2019-07-05";"2019-10-01";"";"";"";"Bielefeld";"indelivery";1002;"2020-03-16"
8876;"energy";"electricity";2400;2484;"2018-07-30";"2018-12-01";"";"";"";"Munich";"indelivery";1000;"2018-12-01"
8877;"energy";"gas";9400;9000;"2018-05-18";"2018-07-01";"";"";"";"Cologne";"indelivery";2001;"2020-05-05"
8878;"energy";"electricity";2000;1903;"2019-09-18";"2019-11-01";"";"";"";"Berlin";"indelivery";1002;"2020-09-12"
8879;"energy";"electricity";2800;2808;"2019-09-11";"2019-11-01";"";"";"";"Marienberg";"indelivery";1002;"2019-11-28"
8880;"energy";"electricity";2400;2549;"2018-05-13";"2018-07-01";"";"";"";"Dortmund";"indelivery";1002;"2019-12-22"
8881;"energy";"electricity";3000;3100;"2019-07-11";"2019-08-01";"";"";"";"Bremen";"indelivery";1000;"2020-05-05"
8882;"energy";"electricity";2800;2939;"2018-12-05";"2019-05-01";"2020-06-30";"2020-05-26";"Umzug";"Dresden";"terminated";1001;"2020-05-17"
8883;"energy";"electricity";2000;"";"2018-07-26";"2018-09-01";"";"";"";"Hamburg";"indelivery";1002;"2019-03-10"
8884;"energy";"electricity";1900;2032;"2019-11-27";"2020-02-01";"2020-10-31";"2020-09-28";"fristgerecht durch LichtBlick";"Cologne";"cancelled";1002;"2020-06-23"
8885;"energy";"electricity";2800;2890;"2020-09-09";"2021-04-01";"";"";"";"Rathenow";"active";1002;"2020-09-11"
8886;"energy";"electricity";2000;2107;"2019-04-28";"2019-06-01";"";"";"";"Dresden";"indelivery";1001;"2019-05-07"
8887;"energy";"electricity";2600;"";"2019-03-30";"2019-05-01";"";"";"";"Heppenheim";"indelivery";1001;"2019-08-07"
8888;"energy";"electricity";2300;2324;"2020-07-18";"2020-08-01";"2020-08-01";"2020-09-28";"Wiederruf";"Cologne";"terminated";1002;"2020-08-21"
8889;"energy";"electricity";2700;2866;"2020-07-12";"2021-01-01";"";"";"";"Essen";"active";1001;"2020-07-19"
8890;"energy";"gas";9600;9537;"2019-11-29";"2020-01-01";"";"";"";"Mannheim";"indelivery";2000;"2020-07-28"
8891;"energy";"electricity";2100;2200;"2018-06-14";"2018-11-01";"";"";"";"Dresden";"indelivery";1002;"2018-08-23"
8892;"energy";"electricity";2500;2403;"2018-12-02";"2019-04-01";"";"";"";"Berlin";"indelivery";1002;"2020-04-28"
8893;"energy";"electricity";2800;2772;"2018-12-04";"2019-01-01";"";"";"";"Berlin";"indelivery";1000;"2020-04-28"
8894;"energy";"electricity";3000;3130;"2018-03-04";"2018-04-01";"";"";"";"Mannheim";"indelivery";1000;"2019-03-07"
8895;"energy";"electricity";2600;2521;"2018-03-02";"2018-10-01";"";"";"";"Fürth";"indelivery";1001;"2019-03-26"
8896;"energy";"electricity";3000;2839;"2020-04-05";"2020-12-01";"";"";"";"Wiesbaden";"active";1000;"2020-08-05"
8897;"energy";"electricity";2600;"";"2018-01-31";"2018-04-01";"";"";"";"Hamburg";"indelivery";1001;"2018-03-20"
8898;"energy";"electricity";2700;2527;"2018-11-24";"2019-04-01";"";"";"";"Leipzig";"indelivery";1002;"2019-05-31"
8899;"energy";"electricity";2300;2302;"2019-10-22";"2020-01-01";"";"";"";"Berlin";"indelivery";1002;"2020-03-01"
8900;"energy";"electricity";2400;2384;"2020-04-28";"2020-06-01";"";"";"";"Regen";"indelivery";1000;"2020-09-17"
8901;"energy";"electricity";2000;2140;"2019-04-22";"2019-06-01";"";"";"";"Munich";"indelivery";1001;"2019-11-26"
8902;"energy";"electricity";2900;2803;"2019-03-28";"2019-05-01";"";"";"";"Leipzig";"indelivery";1002;"2020-01-31"
8903;"energy";"gas";10300;10532;"2018-11-10";"2019-06-01";"";"";"";"Berlin";"indelivery";2001;"2019-12-15"
8904;"energy";"electricity";2700;2905;"2018-05-14";"2018-07-01";"";"";"";"Kiel";"indelivery";1000;"2018-05-15"
8905;"energy";"electricity";2500;2426;"2019-02-10";"2019-03-01";"2020-04-30";"2020-03-31";"Umzug";"Berlin";"terminated";1000;"2019-03-18"
8906;"energy";"electricity";2000;1976;"2019-01-28";"2019-12-01";"";"";"";"Munich";"indelivery";1001;"2020-05-14"
8907;"energy";"gas";8600;8782;"2019-03-04";"2019-07-01";"";"";"";"Berlin";"indelivery";2000;"2020-08-20"
8908;"energy";"electricity";2300;2353;"2019-01-29";"2019-07-01";"2019-07-01";"2020-04-27";"Wiederruf";"Cologne";"terminated";1002;"2020-04-20"
8909;"energy";"electricity";3000;3146;"2020-04-13";"2020-12-01";"";"";"";"Gera";"active";1002;"2020-07-02"
8910;"energy";"electricity";2900;3134;"2019-07-06";"2019-08-01";"2019-10-31";"2019-10-02";"fristgerecht durch LichtBlick";"Schwerin";"terminated";1001;"2019-10-02"
8911;"energy";"electricity";2400;2310;"2019-10-03";"2019-12-01";"";"";"";"Frankfurt";"indelivery";1002;"2020-06-14"
8912;"energy";"electricity";2700;"";"2019-03-22";"2019-06-01";"";"";"";"Berlin";"indelivery";1001;"2020-08-02"
8913;"energy";"electricity";2500;2671;"2018-02-12";"2018-06-01";"";"";"";"Munich";"indelivery";1000;"2018-08-05"
8914;"energy";"electricity";2000;2070;"2018-05-21";"2018-06-01";"";"";"";"Berlin";"indelivery";1002;"2019-07-22"
8915;"energy";"electricity";2400;2580;"2020-01-15";"2020-03-01";"";"";"";"Marienberg";"indelivery";1001;"2020-06-12"
8916;"energy";"electricity";2600;2586;"2018-12-24";"2019-08-01";"";"";"";"Berlin";"indelivery";1001;"2020-06-17"
8917;"energy";"electricity";2300;2387;"2019-06-13";"2020-04-01";"2020-04-01";"2020-07-31";"Wiederruf";"Berlin";"terminated";1002;"2019-12-27"
8918;"energy";"electricity";2700;2778;"2020-07-14";"2020-10-01";"";"";"";"Pinneberg";"indelivery";1001;"2020-09-24"
8919;"energy";"electricity";2100;2292;"2019-10-09";"2020-01-01";"";"";"";"Essen";"indelivery";1002;"2020-07-01"
8920;"energy";"electricity";2200;2143;"2020-07-01";"2021-08-01";"";"";"";"Berlin";"active";1001;"2020-08-06"
8921;"energy";"electricity";2300;2370;"2020-07-21";"2020-10-01";"";"";"";"Hamburg";"indelivery";1001;"2020-07-27"
8922;"energy";"electricity";2000;2177;"2020-05-01";"2020-08-01";"";"";"";"Dresden";"indelivery";1000;"2020-05-02"
8923;"energy";"electricity";2300;2217;"2018-07-22";"2018-10-01";"";"";"";"Karlsruhe";"indelivery";1000;"2020-06-21"
8924;"energy";"electricity";2400;2492;"2018-07-08";"2018-10-01";"";"";"";"Gera";"indelivery";1002;"2019-01-05"
8925;"energy";"electricity";2900;2814;"2019-06-18";"2019-08-01";"";"";"";"Karlsruhe";"indelivery";1002;"2020-03-14"
8926;"energy";"electricity";2300;2375;"2019-02-21";"2019-04-01";"";"";"";"Essen";"indelivery";1001;"2019-06-18"
8927;"energy";"electricity";2000;2131;"2020-05-06";"2020-08-01";"";"";"";"Frankfurt";"indelivery";1002;"2020-06-14"
8928;"energy";"electricity";2800;2981;"2019-04-02";"2019-06-01";"2019-12-31";"2019-12-02";"fristgerecht durch Kunde";"Karlsruhe";"terminated";1002;"2019-12-02"
8929;"energy";"electricity";2400;2402;"2020-03-07";"2020-11-01";"";"";"";"Wilhelmshaven";"active";1001;"2020-05-04"
8930;"energy";"electricity";2300;2312;"2019-01-01";"2019-03-01";"";"";"";"Berlin";"indelivery";1001;"2020-08-06"
8931;"energy";"gas";8000;8477;"2020-02-01";"2020-05-01";"";"";"";"Berlin";"indelivery";2001;"2020-04-22"
8932;"energy";"electricity";2900;2989;"2018-03-27";"2018-05-01";"2019-02-28";"2019-01-24";"fristgerecht durch LichtBlick";"Bielefeld";"terminated";1002;"2019-01-24"
8933;"energy";"gas";11200;11503;"2018-11-17";"2019-01-01";"";"";"";"Leipzig";"indelivery";2001;"2020-01-24"
8934;"energy";"gas";9900;10695;"2019-10-15";"2020-02-01";"";"";"";"Düsseldorf";"indelivery";2000;"2020-09-16"
8935;"energy";"electricity";2500;2429;"2020-06-25";"2020-08-01";"";"";"";"Augsburg";"indelivery";1000;"2020-07-19"
8936;"energy";"gas";11000;10460;"2019-11-18";"2020-01-01";"";"";"";"Dresden";"indelivery";2001;"2020-01-27"
8937;"energy";"gas";11700;"";"2020-04-03";"2020-09-01";"";"";"";"Siegburg";"indelivery";2000;"2020-06-24"
8938;"energy";"electricity";2500;2474;"2018-12-07";"2019-06-01";"";"";"";"Bremen";"indelivery";1002;"2019-09-28"
8939;"energy";"electricity";2800;2711;"2019-10-04";"2020-02-01";"";"";"";"Wiesbaden";"indelivery";1002;"2020-03-14"
8940;"energy";"electricity";2500;2601;"2019-06-07";"2019-10-01";"";"";"";"Lübeck";"indelivery";1000;"2019-12-21"
8941;"energy";"gas";9400;9037;"2019-07-27";"2019-10-01";"";"";"";"Hamburg";"indelivery";2000;"2019-10-15"
8942;"energy";"electricity";2400;2346;"2019-05-06";"2019-07-01";"";"";"";"Tauberbischofsheim";"indelivery";1000;"2020-06-29"
8943;"energy";"electricity";2600;2775;"2018-11-05";"2019-01-01";"";"";"";"Essen";"indelivery";1000;"2018-12-13"
8944;"energy";"electricity";2400;2439;"2019-01-28";"2019-04-01";"";"";"";"Berlin";"indelivery";1002;"2019-07-05"
8945;"energy";"electricity";2400;"";"2018-03-09";"2018-07-01";"";"";"";"Berlin";"indelivery";1002;"2020-05-12"
8946;"energy";"electricity";2200;2151;"2018-01-28";"2018-06-01";"2019-07-31";"2019-06-26";"fristgerecht durch Kunde";"Magdeburg";"terminated";1000;"2019-06-26"
8947;"energy";"electricity";2400;2422;"2018-09-26";"2019-02-01";"";"";"";"Stuttgart";"indelivery";1000;"2019-12-14"
8948;"energy";"electricity";1900;1881;"2020-02-27";"2020-06-01";"";"";"";"Munich";"indelivery";1000;"2020-09-12"
8949;"energy";"electricity";2400;2510;"2018-07-21";"2018-11-01";"";"";"";"Frankfurt";"indelivery";1002;"2020-09-12"
8950;"energy";"gas";11100;10850;"2020-01-06";"2020-04-01";"";"";"";"Braunschweig";"indelivery";2000;"2020-04-26"
8951;"energy";"electricity";2500;2590;"2018-09-13";"2019-04-01";"";"";"";"Berlin";"indelivery";1001;"2019-07-16"
8952;"energy";"electricity";2700;2620;"2019-06-02";"2019-08-01";"2020-01-31";"2019-12-31";"Umzug";"Husum";"terminated";1001;"2019-12-31"
8953;"energy";"electricity";2900;3063;"2018-07-27";"2019-01-01";"";"";"";"Munich";"indelivery";1000;"2018-08-09"
8954;"energy";"gas";9300;9163;"2018-07-26";"2019-08-01";"";"";"";"Cologne";"indelivery";2001;"2019-03-07"
8955;"energy";"electricity";2200;2308;"2019-06-15";"2019-08-01";"";"";"";"Rostock";"indelivery";1000;"2020-08-10"
8956;"energy";"electricity";2000;2108;"2020-09-30";"2021-01-01";"";"";"";"Cologne";"active";1000;"2020-09-30"
8957;"energy";"electricity";2700;2611;"2018-11-19";"2018-12-01";"2019-02-28";"2019-01-30";"Umzug";"Berlin";"terminated";1001;"2019-01-30"
8958;"energy";"electricity";2100;2055;"2018-06-05";"2018-10-01";"";"";"";"Bonn";"indelivery";1001;"2018-10-05"
8959;"energy";"electricity";2700;2657;"2020-08-07";"2020-10-01";"2020-12-31";"2020-11-30";"fristgerecht durch LichtBlick";"Dortmund";"cancelled";1000;"2020-09-07"
8960;"energy";"gas";9700;10090;"2019-09-22";"2020-04-01";"2020-07-31";"2020-07-02";"Umzug";"Gera";"terminated";2001;"2019-11-15"
8961;"energy";"electricity";2900;2764;"2018-03-18";"2018-05-01";"";"";"";"Berlin";"indelivery";1002;"2019-09-26"
8962;"energy";"electricity";2300;2408;"2018-04-29";"2018-05-01";"2018-06-30";"2018-06-02";"Umzug";"Erfurt";"terminated";1000;"2018-06-02"
8963;"energy";"electricity";2500;"";"2018-06-23";"2018-08-01";"2020-01-31";"2020-01-02";"fristgerecht durch LichtBlick";"Heilbronn";"terminated";1000;"2019-08-07"
8964;"energy";"electricity";2500;2655;"2019-07-25";"2019-09-01";"2020-01-31";"2020-01-02";"Umzug";"Hamburg";"terminated";1001;"2020-01-02"
8965;"energy";"electricity";2400;"";"2019-01-13";"2019-03-01";"2019-06-30";"2019-06-02";"fristgerecht durch LichtBlick";"Mannheim";"terminated";1001;"2019-06-02"
8966;"energy";"gas";10000;10609;"2020-05-25";"2021-02-01";"";"";"";"Marienberg";"active";2000;"2020-07-01"
8967;"energy";"electricity";2200;2223;"2019-10-24";"2019-12-01";"";"";"";"Berlin";"indelivery";1000;"2020-05-04"
8968;"energy";"electricity";2400;2488;"2020-09-01";"2021-03-01";"";"";"";"Berlin";"active";1000;"2020-09-04"
8969;"energy";"electricity";2800;2901;"2018-04-09";"2018-10-01";"2020-06-30";"2020-06-02";"Umzug";"Düsseldorf";"terminated";1000;"2019-03-29"
8970;"energy";"gas";11400;11144;"2018-04-09";"2018-06-01";"";"";"";"Dresden";"indelivery";2001;"2019-11-06"
8971;"energy";"electricity";2200;2260;"2019-04-13";"2019-05-01";"";"";"";"Hannover";"indelivery";1002;"2019-05-17"
8972;"energy";"gas";11600;11609;"2020-02-28";"2021-03-01";"";"";"";"Heidelberg";"active";2001;"2020-09-18"
8973;"energy";"electricity";2400;2450;"2019-10-24";"2020-06-01";"2020-09-30";"2020-09-01";"fristgerecht durch Kunde";"Osnabrück";"terminated";1000;"2020-05-06"
8974;"energy";"gas";10900;10389;"2018-11-02";"2019-04-01";"";"";"";"Limburg";"indelivery";2001;"2020-04-21"
8975;"energy";"electricity";2900;2858;"2019-10-26";"2020-01-01";"";"";"";"Dresden";"indelivery";1002;"2020-08-30"
8976;"energy";"electricity";2100;2000;"2020-08-18";"2021-02-01";"";"";"";"Cologne";"active";1002;"2020-08-20"
8977;"energy";"electricity";2200;2222;"2020-04-08";"2020-07-01";"";"";"";"Emden";"indelivery";1001;"2020-06-24"
8978;"energy";"electricity";2300;2243;"2018-08-20";"2018-09-01";"";"";"";"Essen";"indelivery";1002;"2019-03-03"
8979;"energy";"electricity";2700;2929;"2018-05-07";"2018-11-01";"2020-02-29";"2020-01-30";"fristgerecht durch Kunde";"Berlin";"terminated";1001;"2018-09-03"
8980;"energy";"electricity";2100;1997;"2018-02-20";"2018-06-01";"";"";"";"Bremen";"indelivery";1000;"2018-09-02"
8981;"energy";"electricity";2200;2363;"2020-06-19";"2020-09-01";"";"";"";"Frankfurt";"indelivery";1002;"2020-07-19"
8982;"energy";"electricity";2900;3001;"2018-11-17";"2019-09-01";"";"";"";"Leipzig";"indelivery";1002;"2020-01-26"
8983;"energy";"gas";9800;9619;"2018-03-27";"2019-02-01";"";"";"";"Berlin";"indelivery";2001;"2020-03-05"
8984;"energy";"electricity";2400;2550;"2020-02-06";"2020-09-01";"";"";"";"Marienberg";"indelivery";1000;"2020-05-06"
8985;"energy";"electricity";2300;2223;"2020-07-12";"2020-08-01";"";"";"";"Berlin";"indelivery";1002;"2020-07-18"
8986;"energy";"electricity";2800;2987;"2019-07-15";"2019-12-01";"2020-12-31";"2020-12-01";"fristgerecht durch LichtBlick";"Hamburg";"cancelled";1001;"2019-11-03"
8987;"energy";"electricity";2500;2679;"2019-08-09";"2019-10-01";"2020-03-31";"2020-03-03";"fristgerecht durch Kunde";"Berlin";"terminated";1001;"2019-09-15"
8988;"energy";"electricity";2200;2188;"2020-09-15";"2020-11-01";"";"";"";"Frankfurt";"active";1001;"2020-09-28"
8989;"energy";"electricity";2800;2782;"2019-01-16";"2020-07-01";"2020-10-31";"2020-10-01";"fristgerecht durch Kunde";"Lüdenscheid";"cancelled";1001;"2020-06-15"
8990;"energy";"gas";11600;11967;"2020-01-28";"2020-03-01";"";"";"";"Hannover";"indelivery";2000;"2020-04-10"
8991;"energy";"electricity";2400;2337;"2020-04-27";"2020-08-01";"";"";"";"Berlin";"indelivery";1000;"2020-07-24"
8992;"energy";"electricity";2200;2221;"2019-06-10";"2019-12-01";"";"";"";"Kiel";"indelivery";1001;"2020-09-02"
8993;"energy";"electricity";3000;2924;"2019-12-16";"2020-02-01";"";"";"";"Münster";"indelivery";1002;"2020-04-08"
8994;"energy";"electricity";2000;1982;"2019-01-29";"2019-07-01";"";"";"";"Berlin";"indelivery";1002;"2019-02-24"
8995;"energy";"electricity";2900;2889;"2019-02-24";"2019-04-01";"";"";"";"Coburg";"indelivery";1002;"2020-07-02"
8996;"energy";"electricity";2400;2284;"2018-12-17";"2019-03-01";"";"";"";"Berlin";"indelivery";1000;"2019-05-07"
8997;"energy";"electricity";2600;2753;"2018-10-09";"2018-12-01";"";"";"";"Rostock";"indelivery";1002;"2019-10-26"
8998;"energy";"electricity";2200;"";"2018-10-03";"2019-07-01";"";"";"";"Berlin";"indelivery";1002;"2019-12-03"
8999;"energy";"electricity";2100;2128;"2018-11-13";"2019-05-01";"2019-05-01";"2019-10-02";"Wiederruf";"Hamburg";"terminated";1000;"2019-08-28"
9000;"energy";"electricity";2800;2874;"2018-03-16";"2018-07-01";"2019-01-31";"2019-01-03";"fristgerecht durch Kunde";"Dortmund";"terminated";1000;"2019-01-03"
9001;"energy";"electricity";2600;2747;"2018-06-28";"2018-10-01";"2019-05-31";"2019-05-02";"fristgerecht durch Kunde";"Berlin";"terminated";1002;"2019-02-22"
9002;"energy";"electricity";2600;2666;"2018-10-02";"2018-12-01";"";"";"";"Munich";"indelivery";1000;"2020-01-29"
9003;"energy";"electricity";2900;2872;"2020-06-10";"2020-09-01";"";"";"";"Stuttgart";"indelivery";1000;"2020-07-25"
9004;"energy";"gas";9600;9135;"2018-11-28";"2019-02-01";"2019-08-31";"2019-08-01";"fristgerecht durch LichtBlick";"Frankfurt";"terminated";2001;"2019-02-28"
9005;"energy";"gas";9100;9608;"2019-04-20";"2019-06-01";"";"";"";"Oldenburg";"indelivery";2001;"2020-07-29"
9006;"energy";"gas";11100;11446;"2018-05-26";"2018-06-01";"";"";"";"Cologne";"indelivery";2001;"2018-10-08"
9007;"energy";"electricity";2000;"";"2020-03-22";"2020-04-01";"";"";"";"Essen";"indelivery";1000;"2020-06-04"
9008;"energy";"electricity";2100;2161;"2019-12-31";"2020-02-01";"";"";"";"Magdeburg";"indelivery";1001;"2020-01-30"
9009;"energy";"electricity";2300;2253;"2020-07-25";"2020-08-01";"";"";"";"Cologne";"indelivery";1001;"2020-08-30"
9010;"energy";"electricity";2900;2838;"2019-08-22";"2020-08-01";"";"";"";"Schwerin";"indelivery";1002;"2019-11-29"
9011;"energy";"electricity";2700;2564;"2020-01-02";"2020-06-01";"";"";"";"Hamburg";"indelivery";1002;"2020-05-23"
9012;"energy";"electricity";2600;2725;"2019-11-13";"2020-06-01";"";"";"";"Pirmasens";"indelivery";1002;"2020-02-26"
9013;"energy";"electricity";2400;"";"2018-11-22";"2019-05-01";"";"";"";"Marienberg";"indelivery";1002;"2019-08-22"
9014;"energy";"gas";9700;10269;"2020-08-16";"2020-11-01";"";"";"";"Offenburg";"active";2001;"2020-09-26"
9015;"energy";"electricity";2800;2837;"2020-09-22";"2021-03-01";"";"";"";"Düsseldorf";"active";1000;"2020-09-23"
9016;"energy";"electricity";2700;2649;"2019-11-27";"2020-05-01";"";"";"";"Berlin";"indelivery";1000;"2020-03-31"
9017;"energy";"electricity";2700;2764;"2019-03-04";"2019-08-01";"";"";"";"Ingolstadt";"indelivery";1000;"2020-05-24"
9018;"energy";"electricity";2400;2450;"2018-09-26";"2018-11-01";"";"";"";"Magdeburg";"indelivery";1002;"2019-08-03"
9019;"energy";"electricity";2800;2654;"2020-08-11";"2021-02-01";"";"";"";"Berlin";"active";1001;"2020-08-16"
9020;"energy";"gas";11000;11047;"2020-03-04";"2020-08-01";"";"";"";"Stuttgart";"indelivery";2000;"2020-09-11"
9021;"energy";"gas";10300;10931;"2020-04-13";"2020-06-01";"";"";"";"Berlin";"indelivery";2000;"2020-05-12"
9022;"energy";"electricity";3000;3066;"2018-03-07";"2018-07-01";"";"";"";"Heinsberg";"indelivery";1000;"2019-03-24"
9023;"energy";"electricity";2400;2489;"2018-04-06";"2018-10-01";"";"";"";"Gotha";"indelivery";1000;"2019-05-19"
9024;"energy";"electricity";2400;2485;"2020-05-23";"2020-12-01";"";"";"";"Leipzig";"active";1002;"2020-07-30"
9025;"energy";"electricity";2200;2154;"2018-06-23";"2018-09-01";"";"";"";"Stuttgart";"indelivery";1001;"2019-11-14"
9026;"energy";"electricity";2100;2221;"2020-06-28";"2020-11-01";"";"";"";"Munich";"active";1000;"2020-09-19"
9027;"energy";"electricity";2700;2611;"2018-06-09";"2018-11-01";"";"";"";"Cologne";"indelivery";1001;"2019-09-16"
9028;"energy";"electricity";2500;2473;"2018-10-26";"2018-11-01";"";"";"";"Berlin";"indelivery";1001;"2019-07-04"
9029;"energy";"electricity";2300;2348;"2018-04-11";"2018-07-01";"";"";"";"Berlin";"indelivery";1002;"2018-09-09"
9030;"energy";"electricity";2000;2113;"2019-06-16";"2019-11-01";"";"";"";"Stuttgart";"indelivery";1000;"2020-08-15"
9031;"energy";"electricity";2400;2397;"2018-03-02";"2018-05-01";"";"";"";"Mainz";"indelivery";1001;"2018-11-16"
9032;"energy";"electricity";3200;3378;"2020-09-06";"2020-11-01";"";"";"";"Beeskow";"active";1001;"2020-09-21"
9033;"energy";"electricity";2100;2210;"2018-03-11";"2018-08-01";"";"";"";"Bielefeld";"indelivery";1000;"2018-08-17"
9034;"energy";"electricity";2100;2022;"2018-09-25";"2018-12-01";"";"";"";"Düsseldorf";"indelivery";1000;"2020-04-30"
9035;"energy";"electricity";2600;2577;"2020-05-21";"2020-06-01";"";"";"";"Oldenburg";"indelivery";1002;"2020-08-23"
9036;"energy";"electricity";2100;2142;"2019-03-14";"2019-08-01";"";"";"";"Würzburg";"indelivery";1000;"2020-03-21"
9037;"energy";"electricity";2200;2268;"2019-08-22";"2019-10-01";"";"";"";"Marienberg";"indelivery";1002;"2020-08-04"
9038;"energy";"gas";8500;8552;"2018-07-08";"2018-10-01";"";"";"";"Berlin";"indelivery";2000;"2019-06-12"
9039;"energy";"electricity";2200;2204;"2019-02-24";"2019-06-01";"";"";"";"Karlsruhe";"indelivery";1001;"2020-07-11"
9040;"energy";"electricity";2100;2191;"2018-08-03";"2018-09-01";"";"";"";"Hamburg";"indelivery";1000;"2018-11-14"
9041;"energy";"electricity";2300;2393;"2019-06-12";"2019-08-01";"";"";"";"Berlin";"indelivery";1001;"2020-05-18"
9042;"energy";"electricity";2000;2170;"2018-09-16";"2018-11-01";"";"";"";"Wuppertal";"indelivery";1002;"2019-08-26"
9043;"energy";"electricity";2800;2928;"2018-08-03";"2019-01-01";"2019-01-01";"2019-08-02";"Wiederruf";"Dortmund";"terminated";1001;"2019-08-02"
9044;"energy";"gas";8100;"";"2018-12-04";"2019-02-01";"2019-02-01";"2019-07-03";"Wiederruf";"Essen";"terminated";2001;"2019-07-03"
9045;"energy";"electricity";2400;2524;"2018-03-11";"2018-05-01";"";"";"";"Essen";"indelivery";1001;"2018-12-16"
9046;"energy";"gas";9000;9668;"2020-02-03";"2020-05-01";"";"";"";"Cologne";"indelivery";2001;"2020-04-04"
9047;"energy";"electricity";2400;2624;"2019-12-09";"2020-07-01";"";"";"";"Dortmund";"indelivery";1002;"2020-02-20"
9048;"energy";"electricity";2700;2640;"2018-12-04";"2019-04-01";"";"";"";"Hamburg";"indelivery";1001;"2019-07-23"
9049;"energy";"electricity";2700;2634;"2018-10-05";"2019-04-01";"";"";"";"Braunschweig";"indelivery";1001;"2020-01-14"
9050;"energy";"electricity";2700;2714;"2018-12-24";"2019-10-01";"";"";"";"Saarbrücken";"indelivery";1000;"2019-01-04"
9051;"energy";"electricity";2100;"";"2019-10-06";"2019-12-01";"";"";"";"Altchemnitz";"indelivery";1001;"2020-02-23"
9052;"energy";"electricity";2600;2738;"2018-10-14";"2018-11-01";"";"";"";"Frankfurt";"indelivery";1000;"2020-09-20"
9053;"energy";"electricity";2400;2503;"2018-08-12";"2018-11-01";"";"";"";"Stuttgart";"indelivery";1000;"2020-02-10"
9054;"energy";"electricity";2700;2927;"2018-08-26";"2018-12-01";"";"";"";"Berlin";"indelivery";1002;"2020-03-15"
9055;"energy";"gas";8500;8327;"2020-04-24";"2020-05-01";"";"";"";"Stuttgart";"indelivery";2000;"2020-09-20"
9056;"energy";"gas";10100;10856;"2018-05-22";"2018-12-01";"";"";"";"Berlin";"indelivery";2000;"2020-07-12"
9057;"energy";"electricity";2100;2191;"2018-10-30";"2019-09-01";"";"";"";"Munich";"indelivery";1001;"2019-09-10"
9058;"energy";"electricity";2100;2209;"2020-02-29";"2020-07-01";"";"";"";"Wuppertal";"indelivery";1000;"2020-07-12"
9059;"energy";"electricity";2900;2915;"2019-10-04";"2021-01-01";"";"";"";"Berlin";"active";1000;"2020-02-23"
9060;"energy";"electricity";2200;2175;"2020-09-11";"2020-12-01";"";"";"";"Stuttgart";"active";1001;"2020-09-28"
9061;"energy";"electricity";2700;2620;"2018-04-05";"2018-06-01";"";"";"";"Hamburg";"indelivery";1000;"2019-12-14"
9062;"energy";"electricity";2400;2442;"2019-03-02";"2019-05-01";"2020-03-31";"2020-03-02";"Umzug";"Cologne";"terminated";1001;"2019-08-02"
9063;"energy";"electricity";2900;2867;"2018-07-17";"2018-08-01";"2018-08-01";"2020-07-25";"Wiederruf";"Munich";"terminated";1000;"2019-01-06"
9064;"energy";"electricity";2800;2747;"2018-04-23";"2018-08-01";"2020-10-31";"2020-09-29";"fristgerecht durch Kunde";"Sonthofen";"cancelled";1001;"2018-07-30"
9065;"energy";"electricity";2100;2152;"2019-02-24";"2019-07-01";"";"";"";"Bremen";"indelivery";1002;"2019-07-18"
9066;"energy";"electricity";3000;3229;"2019-10-09";"2020-02-01";"";"";"";"Naumburg";"indelivery";1002;"2019-11-05"
9067;"energy";"electricity";2500;2345;"2020-01-29";"2020-03-01";"";"";"";"Cologne";"indelivery";1001;"2020-04-19"
9068;"energy";"electricity";2100;2156;"2019-06-05";"2019-08-01";"2019-12-31";"2019-12-03";"fristgerecht durch Kunde";"Frankfurt";"terminated";1001;"2019-12-03"
9069;"energy";"electricity";2900;2752;"2019-03-20";"2019-05-01";"";"";"";"Würzburg";"indelivery";1001;"2019-04-06"
9070;"energy";"gas";9000;9425;"2018-02-04";"2018-12-01";"";"";"";"Wuppertal";"indelivery";2001;"2019-02-14"
9071;"energy";"electricity";3100;3186;"2019-11-29";"2020-02-01";"";"";"";"Westerstede";"indelivery";1002;"2020-09-21"
9072;"energy";"electricity";2800;2882;"2019-03-03";"2019-10-01";"";"";"";"Pfaffenhofen";"indelivery";1000;"2019-09-20"
9073;"energy";"electricity";2300;2444;"2018-04-12";"2018-07-01";"";"";"";"Stuttgart";"indelivery";1002;"2020-02-09"
9074;"energy";"electricity";2800;2886;"2020-01-11";"2020-05-01";"";"";"";"Duisburg";"indelivery";1002;"2020-06-30"
9075;"energy";"electricity";2000;2123;"2019-10-29";"2020-01-01";"";"";"";"Dresden";"indelivery";1002;"2020-03-13"
9076;"energy";"electricity";2700;2808;"2018-07-13";"2018-08-01";"2019-04-30";"2019-03-30";"fristgerecht durch LichtBlick";"Frankfurt";"terminated";1002;"2019-03-30"
9077;"energy";"electricity";2700;2685;"2019-11-29";"2020-01-01";"";"";"";"Wuppertal";"indelivery";1000;"2020-09-11"
9078;"energy";"electricity";2200;2304;"2019-08-08";"2020-01-01";"2020-02-29";"2020-02-01";"Umzug";"Apolda";"terminated";1001;"2020-02-01"
9079;"energy";"electricity";2700;2852;"2020-04-23";"2020-08-01";"2020-08-01";"2020-09-27";"Wiederruf";"Hannover";"terminated";1000;"2020-05-23"
9080;"energy";"electricity";2200;2374;"2018-11-04";"2019-06-01";"";"";"";"Greifswald";"indelivery";1000;"2018-11-08"
9081;"energy";"electricity";2100;2129;"2020-05-06";"2020-07-01";"";"";"";"Marienberg";"indelivery";1000;"2020-06-17"
9082;"energy";"electricity";2900;2832;"2019-03-01";"2019-03-01";"2019-09-30";"2019-08-29";"Umzug";"Berlin";"terminated";1000;"2019-08-29"
9083;"energy";"electricity";2600;2526;"2018-11-30";"2019-02-01";"";"";"";"Bremen";"indelivery";1001;"2019-05-02"
9084;"energy";"electricity";2700;2672;"2018-08-07";"2018-10-01";"";"";"";"Berlin";"indelivery";1002;"2019-08-22"
9085;"energy";"electricity";2100;2005;"2019-03-26";"2019-05-01";"";"";"";"Stralsund";"indelivery";1001;"2020-09-29"
9086;"energy";"electricity";2200;2230;"2020-01-15";"2020-08-01";"";"";"";"Wolfenbüttel";"indelivery";1001;"2020-03-02"
9087;"energy";"electricity";2500;2406;"2019-12-08";"2020-02-01";"";"";"";"Berlin";"indelivery";1001;"2020-02-15"
9088;"energy";"electricity";2700;2815;"2020-06-14";"2020-09-01";"";"";"";"Saarbrücken";"indelivery";1000;"2020-07-02"
9089;"energy";"gas";11300;11729;"2018-10-09";"2019-11-01";"";"";"";"Berlin";"indelivery";2000;"2019-03-15"
9090;"energy";"electricity";2200;"";"2019-07-15";"2019-09-01";"";"";"";"Cologne";"indelivery";1002;"2020-07-02"
9091;"energy";"electricity";2200;2234;"2020-03-03";"2020-05-01";"";"";"";"Mannheim";"indelivery";1000;"2020-05-16"
9092;"energy";"electricity";2300;2273;"2019-08-04";"2020-01-01";"";"";"";"Freiberg";"indelivery";1000;"2019-11-10"
9093;"energy";"electricity";2600;2587;"2020-08-31";"2020-11-01";"";"";"";"Munich";"active";1000;"2020-09-09"
9094;"energy";"electricity";2100;2126;"2018-03-30";"2018-11-01";"";"";"";"Flensburg";"indelivery";1002;"2018-07-26"
9095;"energy";"electricity";2600;2517;"2018-02-11";"2018-04-01";"2018-06-30";"2018-06-02";"Umzug";"Berlin";"terminated";1002;"2018-06-02"
9096;"energy";"electricity";2100;2073;"2018-03-20";"2018-07-01";"";"";"";"Bremerhaven";"indelivery";1000;"2019-10-23"
9097;"energy";"electricity";2700;2677;"2018-11-11";"2019-02-01";"";"";"";"Saarbrücken";"indelivery";1000;"2019-03-03"
9098;"energy";"electricity";2800;2993;"2019-04-09";"2020-04-01";"";"";"";"Bremen";"indelivery";1000;"2020-08-15"
9099;"energy";"electricity";2300;2211;"2019-09-16";"2020-04-01";"";"";"";"Cologne";"indelivery";1000;"2020-08-16"
9100;"energy";"electricity";2400;2515;"2020-06-24";"2020-10-01";"";"";"";"Düsseldorf";"indelivery";1001;"2020-08-22"
9101;"energy";"gas";8800;9268;"2019-03-20";"2019-06-01";"";"";"";"Bonn";"indelivery";2001;"2020-08-12"
9102;"energy";"electricity";2300;"";"2020-07-31";"2020-09-01";"";"";"";"Braunschweig";"indelivery";1000;"2020-08-17"
9103;"energy";"electricity";2900;3100;"2020-07-31";"2020-08-01";"";"";"";"Duisburg";"indelivery";1001;"2020-08-23"
9104;"energy";"electricity";2600;"";"2018-10-22";"2018-11-01";"";"";"";"Berlin";"indelivery";1002;"2018-12-15"
9105;"energy";"electricity";2800;2900;"2018-07-25";"2018-10-01";"";"";"";"Marienberg";"indelivery";1001;"2018-10-24"
9106;"energy";"electricity";2500;2683;"2018-03-17";"2018-06-01";"2019-01-31";"2019-01-02";"fristgerecht durch LichtBlick";"Bremen";"terminated";1002;"2019-01-02"
9107;"energy";"electricity";2100;2008;"2019-10-26";"2019-11-01";"";"";"";"Dortmund";"indelivery";1001;"2020-03-05"
9108;"energy";"electricity";2800;2671;"2020-05-16";"2021-01-01";"";"";"";"Magdeburg";"active";1000;"2020-07-18"
9109;"energy";"electricity";2900;2975;"2018-09-24";"2018-11-01";"2019-06-30";"2019-05-30";"Umzug";"Bremen";"terminated";1001;"2018-10-27"
9110;"energy";"electricity";2400;2303;"2018-03-11";"2018-06-01";"2018-10-31";"2018-10-02";"fristgerecht durch LichtBlick";"Munich";"terminated";1000;"2018-10-02"
9111;"energy";"electricity";2600;2533;"2020-09-25";"2020-11-01";"";"";"";"Berlin";"active";1001;"2020-09-26"
9112;"energy";"electricity";2700;2535;"2019-04-18";"2019-07-01";"";"";"";"Jena";"indelivery";1002;"2020-07-05"
9113;"energy";"electricity";1900;1877;"2019-07-03";"2020-02-01";"";"";"";"Berlin";"indelivery";1002;"2019-09-11"
9114;"energy";"gas";8600;8727;"2019-03-21";"2019-08-01";"";"";"";"Marienberg";"indelivery";2000;"2019-07-12"
9115;"energy";"gas";9400;"";"2018-12-06";"2019-04-01";"";"";"";"Berlin";"indelivery";2001;"2019-12-12"
9116;"energy";"gas";10900;11258;"2020-08-06";"2020-11-01";"";"";"";"Dortmund";"active";2000;"2020-09-08"
9117;"energy";"electricity";2100;2097;"2019-06-29";"2019-11-01";"";"";"";"Bremen";"indelivery";1000;"2020-06-29"
9118;"energy";"electricity";2000;2141;"2019-11-15";"2020-01-01";"";"";"";"Hamburg";"indelivery";1000;"2020-06-05"
9119;"energy";"electricity";2300;2263;"2019-11-26";"2019-12-01";"";"";"";"Hamburg";"indelivery";1002;"2020-09-27"
9120;"energy";"electricity";2100;2246;"2018-07-23";"2018-09-01";"";"";"";"Hamburg";"indelivery";1000;"2018-09-08"
9121;"energy";"electricity";2400;2564;"2019-08-19";"2020-01-01";"";"";"";"Erfurt";"indelivery";1001;"2020-08-30"
9122;"energy";"electricity";2300;2394;"2018-02-05";"2018-05-01";"";"";"";"Berlin";"indelivery";1002;"2020-03-04"
9123;"energy";"electricity";2600;2727;"2019-10-26";"2020-01-01";"";"";"";"Cologne";"indelivery";1001;"2020-07-16"
9124;"energy";"electricity";2900;2788;"2020-03-25";"2020-07-01";"";"";"";"Berlin";"indelivery";1000;"2020-04-25"
9125;"energy";"electricity";2600;2795;"2019-11-13";"2020-09-01";"";"";"";"Duisburg";"indelivery";1001;"2020-06-20"
9126;"energy";"electricity";2500;2672;"2018-02-07";"2018-12-01";"2019-01-31";"2018-12-31";"Umzug";"Hamburg";"terminated";1001;"2018-10-08"
9127;"energy";"electricity";2400;2364;"2018-11-22";"2019-08-01";"";"";"";"Bamberg";"indelivery";1000;"2020-06-30"
9128;"energy";"electricity";2500;2525;"2019-03-18";"2019-06-01";"2019-09-30";"2019-09-02";"fristgerecht durch Kunde";"Duisburg";"terminated";1001;"2019-09-02"
9129;"energy";"electricity";2200;2177;"2020-08-07";"2021-04-01";"";"";"";"Wiesbaden";"active";1002;"2020-09-24"
9130;"energy";"electricity";2000;1904;"2019-06-11";"2019-10-01";"";"";"";"Berlin";"indelivery";1000;"2020-04-14"
9131;"energy";"gas";10900;10564;"2020-08-20";"2021-04-01";"";"";"";"Essen";"active";2001;"2020-09-24"
9132;"energy";"electricity";2100;2191;"2018-12-18";"2019-01-01";"";"";"";"Hamburg";"indelivery";1001;"2020-06-21"
9133;"energy";"electricity";2500;2487;"2019-05-03";"2020-01-01";"";"";"";"Hamburg";"indelivery";1002;"2019-12-15"
9134;"energy";"gas";8600;8988;"2018-02-28";"2018-03-01";"2019-08-31";"2019-08-01";"fristgerecht durch LichtBlick";"Duisburg";"terminated";2000;"2018-03-26"
9135;"energy";"electricity";2900;3072;"2018-08-23";"2019-07-01";"";"";"";"Bielefeld";"indelivery";1000;"2020-08-14"
9136;"energy";"gas";10700;10206;"2019-02-11";"2020-03-01";"";"";"";"Lübeck";"indelivery";2001;"2020-05-25"
9137;"energy";"gas";8300;8636;"2019-12-05";"2020-11-01";"";"";"";"Duisburg";"active";2000;"2019-12-18"
9138;"energy";"gas";9500;9555;"2018-09-29";"2019-08-01";"";"";"";"Cologne";"indelivery";2000;"2019-08-05"
9139;"energy";"gas";8200;7814;"2019-06-16";"2020-06-01";"";"";"";"Hamburg";"indelivery";2001;"2019-10-14"
9140;"energy";"gas";9500;9364;"2020-09-17";"2022-01-01";"";"";"";"Hamburg";"active";2000;"2020-09-18"
9141;"energy";"electricity";2600;2500;"2018-08-02";"2019-07-01";"";"";"";"Frankfurt";"indelivery";1002;"2020-06-28"
9142;"energy";"electricity";2200;2244;"2020-03-03";"2020-12-01";"";"";"";"Essen";"active";1000;"2020-03-07"
9143;"energy";"electricity";2200;2246;"2019-04-07";"2020-01-01";"";"";"";"Düsseldorf";"indelivery";1001;"2019-10-30"
9144;"energy";"electricity";2400;2538;"2018-05-24";"2018-07-01";"";"";"";"Hamburg";"indelivery";1000;"2019-02-25"
9145;"energy";"electricity";2600;2706;"2018-09-30";"2018-10-01";"";"";"";"Dortmund";"indelivery";1002;"2018-11-13"
9146;"energy";"electricity";2300;2480;"2018-05-05";"2018-08-01";"2018-11-30";"2018-11-02";"Umzug";"Oldenburg";"terminated";1001;"2018-11-02"
9147;"energy";"electricity";2400;2479;"2020-07-16";"2020-08-01";"";"";"";"Marienberg";"indelivery";1000;"2020-08-05"
9148;"energy";"electricity";2500;2637;"2020-01-19";"2020-03-01";"";"";"";"Kassel";"indelivery";1000;"2020-07-21"
9149;"energy";"gas";10200;10764;"2019-10-07";"2020-08-01";"2020-10-31";"2020-10-01";"fristgerecht durch LichtBlick";"Regensburg";"cancelled";2000;"2020-07-27"
9150;"energy";"electricity";2300;2184;"2019-12-05";"2020-01-01";"2020-07-31";"2020-07-01";"fristgerecht durch Kunde";"Rotenburg";"terminated";1001;"2020-07-01"
9151;"energy";"electricity";2500;2449;"2018-06-29";"2018-11-01";"2019-01-31";"2019-01-01";"fristgerecht durch LichtBlick";"Cologne";"terminated";1001;"2019-01-01"
9152;"energy";"electricity";2700;"";"2019-02-06";"2019-06-01";"";"";"";"Hamburg";"indelivery";1002;"2019-03-30"
9153;"energy";"electricity";2400;2497;"2020-03-20";"2020-05-01";"";"";"";"Leipzig";"indelivery";1000;"2020-06-18"
9154;"energy";"electricity";2900;2951;"2019-05-17";"2020-03-01";"";"";"";"Berlin";"indelivery";1002;"2020-06-10"
9155;"energy";"electricity";2700;2616;"2019-07-10";"2019-11-01";"2020-01-31";"2020-01-03";"Umzug";"Düsseldorf";"terminated";1001;"2019-08-08"
9156;"energy";"electricity";2400;2430;"2019-03-03";"2019-12-01";"2019-12-01";"2020-01-25";"Wiederruf";"Leipzig";"terminated";1002;"2020-01-25"
9157;"energy";"gas";11900;12366;"2018-09-26";"2018-11-01";"";"";"";"Lübben";"indelivery";2001;"2020-05-25"
9158;"energy";"electricity";2400;2469;"2020-07-04";"2021-03-01";"";"";"";"Cologne";"active";1000;"2020-08-25"
9159;"energy";"electricity";2500;2584;"2018-02-24";"2018-05-01";"2019-05-31";"2019-04-29";"fristgerecht durch Kunde";"Essen";"terminated";1001;"2019-04-29"
9160;"energy";"electricity";2800;2704;"2020-04-28";"2020-08-01";"";"";"";"Wiesbaden";"indelivery";1001;"2020-08-27"
9161;"energy";"electricity";2500;2412;"2019-04-17";"2020-03-01";"";"";"";"Hamburg";"indelivery";1000;"2020-07-28"
9162;"energy";"electricity";2200;2320;"2018-08-04";"2018-11-01";"";"";"";"Hamburg";"indelivery";1002;"2018-12-16"
9163;"energy";"electricity";3000;2952;"2019-03-04";"2020-03-01";"";"";"";"Braunschweig";"indelivery";1001;"2020-01-24"
9164;"energy";"electricity";2200;2143;"2018-05-21";"2018-07-01";"";"";"";"Forst";"indelivery";1000;"2019-06-05"
9165;"energy";"electricity";2300;2336;"2018-03-15";"2018-07-01";"";"";"";"Goslar";"indelivery";1001;"2018-03-19"
9166;"energy";"electricity";2900;2815;"2020-05-31";"2020-06-01";"";"";"";"Cologne";"indelivery";1000;"2020-07-07"
9167;"energy";"gas";11300;11860;"2020-01-08";"2020-04-01";"";"";"";"Bielefeld";"indelivery";2000;"2020-02-13"
9168;"energy";"electricity";2400;2336;"2018-09-05";"2018-12-01";"";"";"";"Dresden";"indelivery";1000;"2018-12-04"
9169;"energy";"electricity";2600;2720;"2019-08-22";"2019-12-01";"";"";"";"Wiesbaden";"indelivery";1001;"2020-01-01"
9170;"energy";"electricity";2900;3031;"2019-07-27";"2019-08-01";"";"";"";"Oldenburg";"indelivery";1001;"2020-04-10"
9171;"energy";"electricity";2900;2727;"2019-03-06";"2019-10-01";"";"";"";"Dresden";"indelivery";1000;"2020-02-28"
9172;"energy";"electricity";2500;2652;"2019-09-16";"2020-02-01";"";"";"";"Flensburg";"indelivery";1002;"2020-05-12"
9173;"energy";"electricity";3100;3045;"2020-08-05";"2020-10-01";"";"";"";"Worms";"indelivery";1002;"2020-09-01"
9174;"energy";"electricity";2800;2635;"2018-06-19";"2018-08-01";"2018-12-31";"2018-11-29";"Umzug";"Hamburg";"terminated";1000;"2018-11-29"
9175;"energy";"electricity";2200;2094;"2020-04-26";"2020-07-01";"";"";"";"Hamburg";"indelivery";1000;"2020-08-04"
9176;"energy";"electricity";2900;2862;"2020-04-06";"2020-08-01";"";"";"";"Münster";"indelivery";1001;"2020-04-24"
9177;"energy";"gas";8700;8899;"2018-07-29";"2018-08-01";"";"";"";"Munich";"indelivery";2000;"2020-01-10"
9178;"energy";"electricity";2500;2634;"2019-08-16";"2019-12-01";"";"";"";"Düsseldorf";"indelivery";1001;"2019-11-22"
9179;"energy";"electricity";2100;2086;"2018-12-17";"2019-05-01";"2019-05-01";"2020-10-03";"Wiederruf";"Leipzig";"terminated";1000;"2020-06-11"
9180;"energy";"gas";8200;8598;"2020-04-05";"2020-10-01";"";"";"";"Jena";"indelivery";2001;"2020-07-05"
9181;"energy";"gas";10900;11710;"2020-06-02";"2020-08-01";"";"";"";"Leipzig";"indelivery";2000;"2020-09-12"
9182;"energy";"electricity";1900;1970;"2019-09-01";"2020-07-01";"";"";"";"Hamburg";"indelivery";1001;"2020-09-26"
9183;"energy";"gas";11800;11516;"2018-04-15";"2018-06-01";"";"";"";"Bonn";"indelivery";2000;"2020-03-15"
9184;"energy";"electricity";2600;2807;"2019-03-28";"2020-09-01";"";"";"";"Hamburg";"indelivery";1000;"2019-05-09"
9185;"energy";"electricity";2400;2425;"2018-05-30";"2018-10-01";"";"";"";"Nordhausen";"indelivery";1001;"2018-08-04"
9186;"energy";"electricity";2800;2627;"2019-08-10";"2019-09-01";"";"";"";"Hamburg";"indelivery";1000;"2020-05-28"
9187;"energy";"gas";8300;8833;"2020-07-04";"2020-10-01";"";"";"";"Berlin";"indelivery";2000;"2020-08-31"
9188;"energy";"electricity";2900;3088;"2019-10-20";"2020-02-01";"";"";"";"Munich";"indelivery";1000;"2020-09-27"
9189;"energy";"electricity";2300;"";"2018-09-07";"2019-01-01";"2020-08-31";"2020-07-31";"fristgerecht durch Kunde";"Heidelberg";"terminated";1002;"2020-02-03"
9190;"energy";"electricity";2900;2765;"2019-12-04";"2020-04-01";"";"";"";"Rostock";"indelivery";1002;"2020-04-09"
9191;"energy";"electricity";2700;2855;"2020-09-29";"2021-02-01";"";"";"";"Essen";"active";1002;"2020-09-30"
9192;"energy";"electricity";2200;2175;"2018-06-04";"2018-08-01";"";"";"";"Berlin";"indelivery";1000;"2019-02-14"
9193;"energy";"electricity";2200;2206;"2019-12-31";"2020-02-01";"";"";"";"Berlin";"indelivery";1000;"2020-03-05"
9194;"energy";"electricity";2000;2192;"2020-07-16";"2020-09-01";"";"";"";"Leipzig";"indelivery";1001;"2020-08-13"
9195;"energy";"electricity";2500;2544;"2019-09-18";"2020-02-01";"";"";"";"Frankfurt";"indelivery";1002;"2020-03-28"
9196;"energy";"electricity";2700;2765;"2020-06-24";"2020-09-01";"2020-11-30";"2020-11-02";"fristgerecht durch Kunde";"Marienberg";"cancelled";1000;"2020-09-04"
9197;"energy";"gas";10400;10636;"2018-01-19";"2018-04-01";"2019-12-31";"2019-12-02";"fristgerecht durch LichtBlick";"Cologne";"terminated";2000;"2018-12-10"
9198;"energy";"gas";8400;8715;"2020-07-02";"2020-09-01";"";"";"";"Frankfurt";"indelivery";2001;"2020-08-28"
9199;"energy";"electricity";2200;2322;"2019-03-23";"2019-06-01";"";"";"";"Freiburg";"indelivery";1002;"2019-04-06"
9200;"energy";"electricity";2000;2139;"2019-09-04";"2020-06-01";"";"";"";"Cottbus";"indelivery";1000;"2019-10-22"
9201;"energy";"electricity";2900;2932;"2020-06-12";"2021-01-01";"";"";"";"Marienberg";"active";1002;"2020-09-04"
9202;"energy";"electricity";2000;1996;"2018-01-26";"2018-02-01";"2018-02-01";"2018-04-02";"Wiederruf";"Berlin";"terminated";1001;"2018-02-22"
9203;"energy";"electricity";2300;2413;"2019-07-09";"2020-01-01";"2020-10-31";"2020-10-03";"fristgerecht durch Kunde";"Hamburg";"cancelled";1001;"2019-08-04"
9204;"energy";"electricity";2800;2666;"2018-03-29";"2018-05-01";"";"";"";"Berlin";"indelivery";1002;"2018-04-07"
9205;"energy";"electricity";2200;2248;"2020-04-19";"2020-05-01";"2020-05-01";"2020-09-01";"Wiederruf";"Bremerhaven";"terminated";1001;"2020-08-06"
9206;"energy";"electricity";2000;2064;"2020-02-22";"2020-08-01";"";"";"";"Berlin";"indelivery";1001;"2020-03-21"
9207;"energy";"electricity";2800;2667;"2018-10-29";"2019-06-01";"";"";"";"Karlsruhe";"indelivery";1001;"2019-12-02"
9208;"energy";"electricity";2500;2463;"2019-08-10";"2019-12-01";"";"";"";"Mainz";"indelivery";1001;"2019-08-25"
9209;"energy";"electricity";2100;2046;"2020-06-14";"2020-09-01";"";"";"";"Bremerhaven";"indelivery";1001;"2020-08-07"
9210;"energy";"electricity";2800;2794;"2019-09-03";"2019-10-01";"";"";"";"Marienberg";"indelivery";1000;"2019-12-18"
9211;"energy";"electricity";2400;2507;"2018-03-04";"2018-08-01";"2020-06-30";"2020-05-31";"Umzug";"Lübben";"terminated";1000;"2018-12-06"
9212;"energy";"gas";11000;11438;"2019-10-23";"2020-02-01";"";"";"";"Erfurt";"indelivery";2001;"2020-05-13"
9213;"energy";"electricity";2600;2599;"2018-03-07";"2018-05-01";"";"";"";"Munich";"indelivery";1000;"2019-07-12"
9214;"energy";"electricity";2300;2358;"2020-02-08";"2020-04-01";"";"";"";"Munich";"indelivery";1000;"2020-06-11"
9215;"energy";"electricity";2600;2698;"2020-05-26";"2020-12-01";"";"";"";"Hamburg";"active";1000;"2020-08-01"
9216;"energy";"electricity";2100;1995;"2018-01-16";"2018-03-01";"2019-05-31";"2019-04-28";"fristgerecht durch Kunde";"Munich";"terminated";1000;"2018-06-12"
9217;"energy";"gas";8000;7895;"2018-10-15";"2019-02-01";"2019-12-31";"2019-12-02";"fristgerecht durch LichtBlick";"Berlin";"terminated";2001;"2018-11-08"
9218;"energy";"electricity";2200;2149;"2019-01-16";"2019-02-01";"";"";"";"Münster";"indelivery";1001;"2020-05-18"
9219;"energy";"electricity";2600;2784;"2018-03-27";"2018-06-01";"2018-12-31";"2018-11-28";"Umzug";"Mainz";"terminated";1001;"2018-11-28"
9220;"energy";"electricity";2600;2600;"2018-07-20";"2018-12-01";"";"";"";"Hannover";"indelivery";1000;"2020-06-14"
9221;"energy";"electricity";2200;2097;"2018-03-07";"2018-06-01";"";"";"";"Cologne";"indelivery";1002;"2018-11-24"
9222;"energy";"gas";8800;"";"2019-02-24";"2019-05-01";"";"";"";"Göttingen";"indelivery";2000;"2020-06-19"
9223;"energy";"gas";11600;11290;"2018-02-24";"2018-08-01";"";"";"";"Wuppertal";"indelivery";2001;"2019-08-17"
9224;"energy";"electricity";2800;2887;"2018-04-04";"2018-05-01";"";"";"";"Hamburg";"indelivery";1002;"2020-08-14"
9225;"energy";"electricity";2200;2145;"2020-03-30";"2020-06-01";"";"";"";"Erfurt";"indelivery";1002;"2020-09-05"
9226;"energy";"electricity";2100;"";"2019-12-27";"2020-03-01";"";"";"";"Frankfurt";"indelivery";1002;"2020-05-13"
9227;"energy";"electricity";2400;2530;"2018-02-13";"2018-06-01";"2018-11-30";"2018-11-01";"fristgerecht durch Kunde";"Berlin";"terminated";1002;"2018-04-20"
9228;"energy";"electricity";2800;2817;"2018-10-23";"2019-03-01";"";"";"";"Braunschweig";"indelivery";1001;"2019-02-24"
9229;"energy";"electricity";2300;2396;"2019-06-11";"2019-10-01";"2020-03-31";"2020-03-02";"fristgerecht durch Kunde";"Berlin";"terminated";1000;"2019-09-24"
9230;"energy";"gas";9300;9052;"2019-02-13";"2020-01-01";"";"";"";"Groß-Gerau";"indelivery";2000;"2020-04-11"
9231;"energy";"electricity";2000;2179;"2019-07-16";"2019-11-01";"";"";"";"Frankfurt";"indelivery";1002;"2019-09-13"
9232;"energy";"electricity";2500;2440;"2020-09-20";"2020-12-01";"";"";"";"Parchim";"active";1002;"2020-09-28"
9233;"energy";"electricity";2900;"";"2018-11-26";"2018-12-01";"";"";"";"Wiesbaden";"indelivery";1002;"2019-06-23"
9234;"energy";"electricity";2500;2438;"2019-04-01";"2019-07-01";"";"";"";"Heidelberg";"indelivery";1000;"2019-04-03"
9235;"energy";"electricity";2400;2566;"2018-11-10";"2019-01-01";"";"";"";"Braunschweig";"indelivery";1001;"2020-09-02"
9236;"energy";"electricity";2400;"";"2018-04-27";"2019-02-01";"";"";"";"Saarbrücken";"indelivery";1002;"2020-02-19"
9237;"energy";"electricity";2500;2508;"2019-09-29";"2020-04-01";"";"";"";"Gelsenkirchen";"indelivery";1002;"2020-02-27"
9238;"energy";"electricity";2000;1997;"2018-04-08";"2018-09-01";"";"";"";"Mannheim";"indelivery";1000;"2018-08-17"
9239;"energy";"electricity";2100;2190;"2018-12-17";"2019-05-01";"2020-12-31";"2020-12-02";"fristgerecht durch LichtBlick";"Berlin";"cancelled";1000;"2020-02-12"
9240;"energy";"gas";7800;"";"2019-03-29";"2019-05-01";"";"";"";"Frankfurt";"indelivery";2000;"2019-08-23"
9241;"energy";"gas";9200;9866;"2018-02-19";"2018-09-01";"";"";"";"Münster";"indelivery";2000;"2020-05-26"
9242;"energy";"electricity";2500;2572;"2020-06-06";"2020-11-01";"";"";"";"Hamburg";"active";1002;"2020-08-06"
9243;"energy";"electricity";1900;1932;"2018-11-14";"2019-03-01";"";"";"";"Berlin";"indelivery";1001;"2019-09-14"
9244;"energy";"electricity";2700;2841;"2019-09-19";"2019-11-01";"";"";"";"Duisburg";"indelivery";1001;"2019-12-12"
9245;"energy";"gas";7600;7559;"2019-11-12";"2020-02-01";"";"";"";"Frankfurt";"indelivery";2001;"2020-03-11"
9246;"energy";"gas";9700;9513;"2018-06-08";"2018-09-01";"2019-05-31";"2019-05-03";"fristgerecht durch Kunde";"Stuttgart";"terminated";2001;"2019-05-03"
9247;"energy";"gas";11400;11599;"2019-06-21";"2019-10-01";"";"";"";"Hannover";"indelivery";2000;"2019-08-02"
9248;"energy";"electricity";2800;2967;"2018-09-24";"2018-11-01";"";"";"";"Berlin";"indelivery";1001;"2019-08-22"
9249;"energy";"electricity";2300;2309;"2019-01-16";"2019-06-01";"2020-12-31";"2020-12-01";"fristgerecht durch LichtBlick";"Stuttgart";"cancelled";1000;"2019-11-18"
9250;"energy";"electricity";2700;2865;"2018-12-07";"2019-02-01";"";"";"";"Hamburg";"indelivery";1002;"2020-08-01"
9251;"energy";"electricity";1900;"";"2020-02-08";"2020-04-01";"2020-09-30";"2020-08-30";"fristgerecht durch Kunde";"Berlin";"terminated";1002;"2020-08-04"
9252;"energy";"electricity";2400;2527;"2018-04-23";"2018-06-01";"";"";"";"Oldenburg";"indelivery";1002;"2018-07-31"
9253;"energy";"electricity";2300;2312;"2019-07-04";"2020-01-01";"2020-01-01";"2020-09-30";"Wiederruf";"Hamburg";"terminated";1000;"2020-01-31"
9254;"energy";"electricity";2200;2338;"2019-05-12";"2019-09-01";"";"";"";"Hamburg";"indelivery";1001;"2019-08-15"
9255;"energy";"gas";10300;10824;"2018-07-14";"2018-09-01";"";"";"";"Bielefeld";"indelivery";2000;"2019-11-11"
9256;"energy";"gas";8800;"";"2020-02-22";"2020-03-01";"";"";"";"Heidelberg";"indelivery";2000;"2020-07-12"
9257;"energy";"electricity";3000;2956;"2018-04-04";"2018-06-01";"";"";"";"Augsburg";"indelivery";1000;"2019-12-12"
9258;"energy";"electricity";2700;2828;"2020-07-11";"2020-09-01";"";"";"";"Munich";"indelivery";1001;"2020-09-24"
9259;"energy";"electricity";2600;2699;"2019-03-26";"2019-04-01";"";"";"";"Flensburg";"indelivery";1001;"2020-04-06"
9260;"energy";"electricity";2700;2840;"2020-08-25";"2020-10-01";"";"";"";"Cologne";"indelivery";1000;"2020-09-14"
9261;"energy";"electricity";2400;2544;"2019-11-16";"2020-01-01";"";"";"";"Lübeck";"indelivery";1000;"2019-11-23"
9262;"energy";"electricity";2600;"";"2018-10-26";"2019-01-01";"";"";"";"Erfurt";"indelivery";1000;"2019-02-28"
9263;"energy";"electricity";2600;2516;"2020-02-15";"2020-03-01";"";"";"";"Cologne";"indelivery";1000;"2020-03-13"
9264;"energy";"gas";10300;10912;"2018-02-20";"2018-10-01";"2020-07-31";"2020-07-02";"fristgerecht durch LichtBlick";"Stuttgart";"terminated";2000;"2020-07-02"
9265;"energy";"electricity";2200;2113;"2018-04-22";"2018-08-01";"";"";"";"Duisburg";"indelivery";1001;"2019-09-29"
9266;"energy";"electricity";2300;2181;"2018-01-15";"2018-02-01";"";"";"";"Hamburg";"indelivery";1001;"2018-12-23"
9267;"energy";"electricity";2800;2736;"2018-01-17";"2018-03-01";"";"";"";"Dresden";"indelivery";1002;"2020-06-02"
9268;"energy";"electricity";2700;2597;"2020-06-18";"2020-08-01";"";"";"";"Oldenburg";"indelivery";1002;"2020-09-04"
9269;"energy";"electricity";2300;2487;"2019-03-11";"2019-04-01";"";"";"";"Hamburg";"indelivery";1002;"2019-11-15"
9270;"energy";"electricity";2200;2404;"2018-10-25";"2019-01-01";"";"";"";"Frankfurt";"indelivery";1002;"2018-12-16"
9271;"energy";"electricity";2800;2863;"2019-05-23";"2019-12-01";"";"";"";"Leipzig";"indelivery";1002;"2019-05-24"
9272;"energy";"electricity";2000;2071;"2019-03-28";"2019-04-01";"";"";"";"Munich";"indelivery";1002;"2020-01-17"
9273;"energy";"electricity";2400;2457;"2018-11-07";"2019-06-01";"";"";"";"Frankfurt";"indelivery";1000;"2019-10-25"
9274;"energy";"electricity";1900;1789;"2020-05-07";"2020-07-01";"";"";"";"Munich";"indelivery";1002;"2020-05-17"
9275;"energy";"electricity";2100;2206;"2020-03-20";"2020-08-01";"";"";"";"Lübeck";"indelivery";1001;"2020-05-27"
9276;"energy";"electricity";2000;1934;"2018-01-03";"2018-03-01";"";"";"";"Magdeburg";"indelivery";1000;"2020-06-06"
9277;"energy";"gas";9500;10181;"2019-12-25";"2020-11-01";"";"";"";"Bremen";"active";2001;"2020-08-31"
9278;"energy";"electricity";2600;2543;"2019-05-24";"2019-07-01";"";"";"";"Pinneberg";"indelivery";1001;"2020-02-29"
9279;"energy";"electricity";2300;2261;"2018-05-31";"2018-06-01";"";"";"";"Frankfurt";"indelivery";1000;"2018-08-14"
9280;"energy";"electricity";2500;2608;"2020-09-20";"2020-12-01";"";"";"";"Karlsruhe";"active";1001;"2020-09-20"
9281;"energy";"electricity";2300;2406;"2019-05-23";"2020-03-01";"";"";"";"Bielefeld";"indelivery";1001;"2020-04-06"
9282;"energy";"electricity";2200;2318;"2018-01-05";"2018-03-01";"";"";"";"Leipzig";"indelivery";1002;"2019-06-03"
9283;"energy";"electricity";2300;2358;"2019-04-02";"2019-07-01";"";"";"";"Cologne";"indelivery";1002;"2020-08-10"
9284;"energy";"electricity";2100;2183;"2019-10-21";"2019-12-01";"";"";"";"Flensburg";"indelivery";1001;"2020-02-04"
9285;"energy";"electricity";2100;2137;"2020-04-09";"2020-07-01";"";"";"";"Erfurt";"indelivery";1001;"2020-06-16"
9286;"energy";"electricity";2300;2451;"2020-03-08";"2020-10-01";"";"";"";"Bonn";"indelivery";1001;"2020-04-30"
9287;"energy";"electricity";2700;2546;"2019-09-28";"2019-11-01";"2020-11-30";"2020-10-25";"Umzug";"Ulm";"cancelled";1000;"2020-06-08"
9288;"energy";"electricity";2700;2824;"2019-08-25";"2020-01-01";"";"";"";"Berlin";"indelivery";1001;"2020-01-13"
9289;"energy";"electricity";2400;2429;"2019-11-06";"2020-03-01";"";"";"";"Berlin";"indelivery";1000;"2020-08-25"
9290;"energy";"gas";9400;9405;"2018-10-05";"2019-06-01";"2019-06-01";"2019-07-03";"Wiederruf";"Cologne";"terminated";2001;"2019-07-03"
9291;"energy";"electricity";2000;1979;"2018-07-18";"2018-08-01";"";"";"";"Duisburg";"indelivery";1002;"2018-09-22"
9292;"energy";"electricity";2100;2261;"2019-04-30";"2019-06-01";"";"";"";"Berlin";"indelivery";1002;"2020-05-08"
9293;"energy";"gas";10800;11499;"2018-12-10";"2019-02-01";"";"";"";"Munich";"indelivery";2001;"2019-09-27"
9294;"energy";"electricity";2900;"";"2019-09-16";"2019-11-01";"";"";"";"Augsburg";"indelivery";1002;"2020-09-18"
9295;"energy";"electricity";2700;2796;"2018-04-18";"2018-11-01";"";"";"";"Berlin";"indelivery";1002;"2018-08-27"
9296;"energy";"electricity";2600;2629;"2019-05-07";"2019-08-01";"2020-01-31";"2020-01-02";"fristgerecht durch LichtBlick";"Augsburg";"terminated";1002;"2020-01-02"
9297;"energy";"electricity";2600;2691;"2019-07-26";"2019-10-01";"2019-10-01";"2020-04-29";"Wiederruf";"Hamburg";"terminated";1001;"2019-08-07"
9298;"energy";"electricity";2400;2489;"2020-03-30";"2020-06-01";"";"";"";"Karlsruhe";"indelivery";1002;"2020-04-01"
9299;"energy";"electricity";2100;2072;"2019-11-24";"2020-01-01";"";"";"";"Munich";"indelivery";1002;"2020-09-07"
9300;"energy";"electricity";1900;1984;"2018-02-04";"2018-05-01";"";"";"";"Munich";"indelivery";1002;"2019-09-20"
9301;"energy";"electricity";2700;2737;"2020-08-24";"2021-01-01";"";"";"";"Wuppertal";"active";1002;"2020-09-16"
9302;"energy";"gas";11600;12059;"2018-12-17";"2019-02-01";"";"";"";"Leipzig";"indelivery";2001;"2020-07-31"
9303;"energy";"gas";8800;9270;"2018-01-05";"2018-03-01";"";"";"";"Wolfsburg";"indelivery";2000;"2020-02-22"
9304;"energy";"electricity";2500;"";"2020-08-23";"2020-10-01";"";"";"";"Hamburg";"indelivery";1001;"2020-09-18"
9305;"energy";"electricity";3000;2946;"2019-03-05";"2019-04-01";"";"";"";"Regensburg";"indelivery";1000;"2019-04-20"
9306;"energy";"electricity";1900;1854;"2019-07-31";"2019-08-01";"";"";"";"Hamburg";"indelivery";1001;"2020-04-10"
9307;"energy";"electricity";2500;2663;"2020-05-02";"2021-04-01";"";"";"";"Berlin";"active";1000;"2020-07-16"
9308;"energy";"gas";8800;8799;"2020-03-01";"2020-06-01";"";"";"";"Munich";"indelivery";2000;"2020-08-15"
9309;"energy";"electricity";2200;2403;"2018-04-13";"2018-05-01";"2020-10-31";"2020-09-29";"Umzug";"Düsseldorf";"cancelled";1000;"2020-09-27"
9310;"energy";"electricity";2200;2165;"2018-09-15";"2019-04-01";"";"";"";"Berlin";"indelivery";1001;"2018-12-27"
9311;"energy";"electricity";2900;2914;"2018-03-31";"2018-04-01";"";"";"";"Freising";"indelivery";1002;"2019-05-07"
9312;"energy";"gas";9300;9754;"2020-09-01";"2021-03-01";"";"";"";"Emden";"active";2001;"2020-09-10"
9313;"energy";"electricity";2100;2106;"2020-03-31";"2020-07-01";"";"";"";"Potsdam";"indelivery";1002;"2020-08-03"
9314;"energy";"electricity";2900;3030;"2018-01-31";"2018-05-01";"2018-11-30";"2018-10-30";"fristgerecht durch Kunde";"Bremen";"terminated";1000;"2018-10-30"
9315;"energy";"electricity";2000;2072;"2018-02-04";"2018-03-01";"";"";"";"Dresden";"indelivery";1000;"2019-07-24"
9316;"energy";"gas";10100;10559;"2019-01-20";"2019-04-01";"";"";"";"Kiel";"indelivery";2000;"2019-09-15"
9317;"energy";"gas";8100;"";"2018-05-01";"2018-07-01";"";"";"";"Altchemnitz";"indelivery";2000;"2019-02-13"
9318;"energy";"electricity";2400;2410;"2018-08-14";"2018-11-01";"";"";"";"Freudenstadt";"indelivery";1000;"2019-10-28"
9319;"energy";"electricity";3000;2878;"2018-11-23";"2020-01-01";"";"";"";"Heidelberg";"indelivery";1000;"2018-12-23"
9320;"energy";"electricity";2000;"";"2018-08-14";"2019-04-01";"2020-08-31";"2020-07-29";"fristgerecht durch LichtBlick";"Berlin";"terminated";1001;"2019-02-25"
9321;"energy";"gas";9000;8833;"2018-08-25";"2018-12-01";"";"";"";"Frankfurt";"indelivery";2000;"2019-10-05"
9322;"energy";"electricity";2500;2657;"2019-06-17";"2019-09-01";"";"";"";"Ulm";"indelivery";1001;"2020-06-16"
9323;"energy";"gas";10700;10379;"2020-05-17";"2020-06-01";"";"";"";"Köthen";"indelivery";2000;"2020-09-09"
9324;"energy";"electricity";2700;2754;"2019-04-02";"2020-03-01";"";"";"";"Berlin";"indelivery";1002;"2019-07-23"
9325;"energy";"electricity";2700;2867;"2019-12-18";"2020-06-01";"";"";"";"Dresden";"indelivery";1000;"2020-04-27"
9326;"energy";"electricity";2100;2247;"2018-07-09";"2018-11-01";"2019-08-31";"2019-07-31";"fristgerecht durch LichtBlick";"Osnabrück";"terminated";1000;"2019-07-31"
9327;"energy";"electricity";2400;2517;"2020-07-08";"2021-03-01";"";"";"";"Düsseldorf";"active";1001;"2020-08-05"
9328;"energy";"electricity";2800;2745;"2019-10-08";"2020-05-01";"";"";"";"Leipzig";"indelivery";1001;"2019-10-09"
9329;"energy";"gas";8300;8408;"2020-09-17";"2021-05-01";"";"";"";"Duisburg";"active";2001;"2020-09-29"
9330;"energy";"electricity";3000;3169;"2020-04-28";"2020-05-01";"";"";"";"Bremerhaven";"indelivery";1000;"2020-08-10"
9331;"energy";"electricity";2300;2317;"2020-07-27";"2020-09-01";"";"";"";"Hamburg";"indelivery";1002;"2020-09-13"
9332;"energy";"electricity";2000;2042;"2018-12-12";"2019-01-01";"";"";"";"Stuttgart";"indelivery";1000;"2019-03-19"
9333;"energy";"electricity";2700;2571;"2018-11-16";"2018-12-01";"";"";"";"Bielefeld";"indelivery";1002;"2019-02-02"
9334;"energy";"electricity";2800;2944;"2018-02-17";"2018-07-01";"";"";"";"Weiden";"indelivery";1000;"2018-04-17"
9335;"energy";"gas";11500;11864;"2018-10-31";"2019-01-01";"";"";"";"Berlin";"indelivery";2000;"2020-01-21"
9336;"energy";"electricity";2000;2080;"2020-09-12";"2021-01-01";"";"";"";"Passau";"active";1001;"2020-09-19"
9337;"energy";"electricity";2400;2408;"2020-03-23";"2020-05-01";"2020-05-01";"2020-09-01";"Wiederruf";"Göttingen";"terminated";1002;"2020-04-05"
9338;"energy";"electricity";2500;2515;"2019-04-03";"2019-06-01";"";"";"";"Bonn";"indelivery";1000;"2020-06-18"
9339;"energy";"electricity";2900;3058;"2019-04-01";"2019-05-01";"";"";"";"Berlin";"indelivery";1002;"2020-04-03"
9340;"energy";"gas";9500;9962;"2018-04-04";"2018-09-01";"";"";"";"Lübeck";"indelivery";2000;"2019-11-23"
9341;"energy";"electricity";2600;2713;"2019-05-31";"2019-07-01";"";"";"";"Essen";"indelivery";1001;"2020-07-18"
9342;"energy";"electricity";2000;2055;"2018-12-05";"2019-05-01";"";"";"";"Berlin";"indelivery";1000;"2019-08-13"
9343;"energy";"electricity";2100;"";"2018-11-30";"2019-03-01";"";"";"";"Wuppertal";"indelivery";1002;"2019-09-02"
9344;"energy";"electricity";2400;2499;"2018-07-07";"2019-02-01";"";"";"";"Marienberg";"indelivery";1000;"2019-07-13"
9345;"energy";"gas";9600;9720;"2018-08-17";"2019-05-01";"";"";"";"Dresden";"indelivery";2001;"2019-09-10"
9346;"energy";"electricity";2500;"";"2018-06-24";"2018-09-01";"";"";"";"Westerstede";"indelivery";1002;"2020-04-25"
9347;"energy";"electricity";2500;2716;"2018-01-11";"2018-03-01";"";"";"";"Mainz";"indelivery";1001;"2018-05-18"
9348;"energy";"electricity";2800;2933;"2020-03-23";"2020-11-01";"";"";"";"Berlin";"active";1000;"2020-05-29"
9349;"energy";"electricity";2600;2458;"2020-03-19";"2020-08-01";"";"";"";"Munich";"indelivery";1000;"2020-05-14"
9350;"energy";"electricity";2600;2663;"2018-05-11";"2018-09-01";"2018-09-01";"2019-03-03";"Wiederruf";"Flensburg";"terminated";1002;"2019-03-03"
9351;"energy";"electricity";2300;2376;"2019-07-19";"2019-09-01";"";"";"";"Donauwörth";"indelivery";1002;"2019-09-27"
9352;"energy";"electricity";2100;2103;"2019-11-23";"2020-04-01";"";"";"";"Frankfurt";"indelivery";1002;"2020-04-21"
9353;"energy";"electricity";2900;3041;"2018-11-05";"2019-01-01";"";"";"";"Passau";"indelivery";1002;"2020-04-15"
9354;"energy";"electricity";2200;2267;"2018-07-09";"2018-11-01";"";"";"";"Eisenach";"indelivery";1000;"2019-08-02"
9355;"energy";"gas";8200;8577;"2019-08-19";"2019-10-01";"";"";"";"Dresden";"indelivery";2001;"2020-03-15"
9356;"energy";"electricity";2700;2632;"2018-12-20";"2019-03-01";"2020-02-29";"2020-01-31";"fristgerecht durch Kunde";"Hamburg";"terminated";1000;"2019-12-18"
9357;"energy";"electricity";2000;2173;"2020-05-21";"2020-07-01";"";"";"";"Berlin";"indelivery";1000;"2020-08-11"
9358;"energy";"electricity";2000;1914;"2020-08-30";"2020-12-01";"";"";"";"Frankfurt";"active";1002;"2020-09-06"
9359;"energy";"electricity";2400;2483;"2019-06-18";"2019-07-01";"";"";"";"Leipzig";"indelivery";1002;"2019-12-28"
9360;"energy";"electricity";2700;2585;"2020-05-30";"2020-09-01";"";"";"";"Dortmund";"indelivery";1002;"2020-07-17"
9361;"energy";"electricity";2600;2478;"2018-09-26";"2018-11-01";"";"";"";"Berlin";"indelivery";1002;"2020-08-19"
9362;"energy";"electricity";2600;2785;"2019-03-25";"2019-05-01";"";"";"";"Regen";"indelivery";1000;"2019-08-02"
9363;"energy";"electricity";2000;2048;"2018-12-16";"2019-11-01";"";"";"";"Munich";"indelivery";1000;"2019-02-08"
9364;"energy";"electricity";2400;2358;"2020-04-27";"2020-07-01";"";"";"";"Mainz";"indelivery";1001;"2020-09-27"
9365;"energy";"gas";9900;9982;"2019-10-06";"2019-12-01";"";"";"";"Hamburg";"indelivery";2001;"2020-04-06"
9366;"energy";"electricity";2500;2413;"2019-08-30";"2019-11-01";"";"";"";"Marienberg";"indelivery";1001;"2020-01-18"
9367;"energy";"electricity";2700;2799;"2019-08-26";"2019-10-01";"";"";"";"Augsburg";"indelivery";1002;"2020-04-25"
9368;"energy";"gas";8100;8325;"2020-09-27";"2020-12-01";"";"";"";"Berlin";"active";2001;"2020-09-27"
9369;"energy";"electricity";2000;1950;"2018-12-01";"2018-12-01";"";"";"";"Frankfurt";"indelivery";1001;"2019-10-08"
9370;"energy";"electricity";2300;2311;"2019-08-06";"2019-11-01";"";"";"";"Lübeck";"indelivery";1001;"2020-06-21"
9371;"energy";"electricity";2600;2732;"2018-06-16";"2018-08-01";"";"";"";"Munich";"indelivery";1000;"2020-01-20"
9372;"energy";"electricity";2500;2518;"2020-09-13";"2020-10-01";"";"";"";"Hamburg";"indelivery";1001;"2020-09-24"
9373;"energy";"electricity";2400;2500;"2019-01-18";"2019-05-01";"";"";"";"Munich";"indelivery";1000;"2020-07-26"
9374;"energy";"electricity";2600;2567;"2020-02-23";"2020-08-01";"";"";"";"Marienberg";"indelivery";1002;"2020-05-19"
9375;"energy";"electricity";2600;2474;"2020-03-19";"2020-08-01";"";"";"";"Essen";"indelivery";1002;"2020-04-25"
9376;"energy";"electricity";2100;2272;"2018-05-26";"2018-08-01";"";"";"";"Altchemnitz";"indelivery";1001;"2019-09-02"
9377;"energy";"electricity";2700;2760;"2020-02-12";"2020-03-01";"2020-05-31";"2020-05-03";"Umzug";"Munich";"terminated";1000;"2020-05-03"
9378;"energy";"electricity";2600;2567;"2019-08-24";"2019-11-01";"";"";"";"Frankfurt";"indelivery";1001;"2020-08-03"
9379;"energy";"electricity";2000;1968;"2020-08-28";"2020-12-01";"";"";"";"Frankfurt";"active";1002;"2020-08-30"
9380;"energy";"electricity";2700;"";"2019-05-21";"2019-07-01";"";"";"";"Munich";"indelivery";1000;"2019-11-08"
9381;"energy";"electricity";2100;2235;"2020-06-22";"2020-11-01";"";"";"";"Magdeburg";"active";1002;"2020-07-14"
9382;"energy";"electricity";2500;2450;"2018-01-03";"2018-04-01";"2019-03-31";"2019-03-03";"fristgerecht durch LichtBlick";"Hamburg";"terminated";1000;"2019-02-09"
9383;"energy";"electricity";2600;2790;"2018-08-12";"2019-01-01";"";"";"";"Stuttgart";"indelivery";1001;"2019-09-19"
9384;"energy";"gas";9000;9271;"2018-01-04";"2018-02-01";"2018-12-31";"2018-11-30";"fristgerecht durch LichtBlick";"Marienberg";"terminated";2001;"2018-11-30"
9385;"energy";"electricity";2400;2402;"2020-03-17";"2021-03-01";"";"";"";"Bremen";"active";1000;"2020-07-14"
9386;"energy";"electricity";2500;2546;"2019-09-02";"2019-11-01";"2019-11-01";"2020-01-03";"Wiederruf";"Munich";"terminated";1002;"2020-01-03"
9387;"energy";"electricity";2800;2819;"2018-11-20";"2018-12-01";"";"";"";"Cologne";"indelivery";1002;"2019-02-19"
9388;"energy";"electricity";2600;2725;"2019-07-26";"2019-11-01";"";"";"";"Berlin";"indelivery";1002;"2020-04-05"
9389;"energy";"electricity";2800;2850;"2019-02-24";"2019-06-01";"2019-06-01";"2020-05-31";"Wiederruf";"Munich";"terminated";1000;"2019-06-12"
9390;"energy";"electricity";2600;2552;"2018-10-09";"2019-02-01";"";"";"";"Warendorf";"indelivery";1002;"2019-05-24"
9391;"energy";"electricity";1900;1851;"2020-01-05";"2020-08-01";"";"";"";"Hamburg";"indelivery";1000;"2020-01-12"
9392;"energy";"electricity";2300;2320;"2020-04-13";"2020-09-01";"";"";"";"Berlin";"indelivery";1000;"2020-06-08"
9393;"energy";"electricity";2800;"";"2018-05-29";"2018-07-01";"";"";"";"Seelow";"indelivery";1001;"2018-06-12"
9394;"energy";"electricity";2100;"";"2018-10-29";"2019-03-01";"2020-01-31";"2019-12-29";"fristgerecht durch LichtBlick";"Essen";"terminated";1000;"2019-10-20"
9395;"energy";"electricity";2400;2497;"2020-09-13";"2020-10-01";"";"";"";"Frankfurt";"indelivery";1002;"2020-09-21"
9396;"energy";"electricity";2300;2376;"2020-06-04";"2020-10-01";"";"";"";"Stuttgart";"indelivery";1000;"2020-08-25"
9397;"energy";"electricity";2700;2734;"2019-12-12";"2020-05-01";"";"";"";"Berlin";"indelivery";1000;"2020-01-03"
9398;"energy";"electricity";2100;2207;"2019-08-17";"2019-10-01";"";"";"";"Munich";"indelivery";1000;"2019-12-12"
9399;"energy";"electricity";2800;"";"2020-06-05";"2020-07-01";"";"";"";"Heidelberg";"indelivery";1002;"2020-06-07"
9400;"energy";"electricity";2300;2248;"2019-09-11";"2019-11-01";"";"";"";"Meppen";"indelivery";1000;"2019-10-12"
9401;"energy";"gas";11700;"";"2020-07-12";"2020-09-01";"";"";"";"Frankfurt";"indelivery";2000;"2020-09-11"
9402;"energy";"electricity";2000;2112;"2019-04-28";"2019-05-01";"";"";"";"Berlin";"indelivery";1002;"2019-12-10"
9403;"energy";"electricity";2000;1976;"2019-02-27";"2019-03-01";"";"";"";"Hamburg";"indelivery";1001;"2020-05-14"
9404;"energy";"electricity";2000;1986;"2019-06-16";"2020-01-01";"2020-12-31";"2020-12-03";"fristgerecht durch Kunde";"Leipzig";"cancelled";1002;"2019-11-09"
9405;"energy";"electricity";2700;2874;"2019-05-28";"2019-06-01";"";"";"";"Düsseldorf";"indelivery";1001;"2019-10-02"
9406;"energy";"electricity";2600;2674;"2018-08-20";"2019-01-01";"";"";"";"Bremen";"indelivery";1000;"2020-06-10"
9407;"energy";"electricity";2400;2338;"2019-10-13";"2020-04-01";"";"";"";"Dresden";"indelivery";1000;"2020-01-18"
9408;"energy";"electricity";2100;1957;"2018-07-08";"2018-12-01";"";"";"";"Fürth";"indelivery";1000;"2019-04-15"
9409;"energy";"electricity";1900;1861;"2020-01-02";"2020-07-01";"";"";"";"Berlin";"indelivery";1000;"2020-03-01"
9410;"energy";"gas";8500;8123;"2020-06-06";"2020-07-01";"";"";"";"Cologne";"indelivery";2001;"2020-07-23"
9411;"energy";"electricity";2200;2083;"2018-02-19";"2018-04-01";"";"";"";"Stuttgart";"indelivery";1000;"2019-07-01"
9412;"energy";"gas";8900;9340;"2020-06-20";"2020-07-01";"";"";"";"Bremerhaven";"indelivery";2001;"2020-09-15"
9413;"energy";"electricity";2700;2788;"2019-05-05";"2019-09-01";"";"";"";"Bonn";"indelivery";1002;"2019-06-08"
9414;"energy";"electricity";2100;2078;"2018-02-23";"2018-11-01";"";"";"";"Frankfurt";"indelivery";1002;"2020-04-26"
9415;"energy";"electricity";2400;2479;"2019-05-29";"2019-10-01";"";"";"";"Berlin";"indelivery";1002;"2020-07-17"
9416;"energy";"electricity";2400;2491;"2019-12-12";"2020-01-01";"2020-11-30";"2020-10-29";"fristgerecht durch Kunde";"Leipzig";"cancelled";1000;"2020-05-31"
9417;"energy";"electricity";3000;"";"2020-09-23";"2021-01-01";"";"";"";"Altchemnitz";"active";1001;"2020-09-24"
9418;"energy";"electricity";2700;2713;"2018-10-19";"2019-02-01";"";"";"";"Munich";"indelivery";1002;"2020-09-17"
9419;"energy";"electricity";2900;3137;"2019-10-25";"2020-01-01";"";"";"";"Saarbrücken";"indelivery";1001;"2020-03-01"
9420;"energy";"electricity";2700;2670;"2018-02-13";"2019-07-01";"";"";"";"Bielefeld";"indelivery";1000;"2019-10-01"
9421;"energy";"gas";9400;9609;"2019-04-14";"2019-07-01";"";"";"";"Stralsund";"indelivery";2000;"2020-02-19"
9422;"energy";"electricity";2200;2268;"2018-02-19";"2018-03-01";"";"";"";"Dresden";"indelivery";1002;"2019-10-30"
9423;"energy";"gas";9400;9226;"2019-06-11";"2020-02-01";"";"";"";"Duisburg";"indelivery";2000;"2020-02-25"
9424;"energy";"electricity";2800;2685;"2019-06-09";"2019-12-01";"";"";"";"Mannheim";"indelivery";1001;"2019-11-02"
9425;"energy";"electricity";2500;2500;"2019-05-19";"2019-10-01";"2020-01-31";"2020-01-02";"Umzug";"Duisburg";"terminated";1002;"2019-10-29"
9426;"energy";"gas";10700;10973;"2019-06-21";"2019-07-01";"2019-09-30";"2019-09-02";"fristgerecht durch Kunde";"Bitburg";"terminated";2001;"2019-09-02"
9427;"energy";"electricity";2700;2733;"2018-03-05";"2018-04-01";"";"";"";"Berlin";"indelivery";1000;"2019-04-29"
9428;"energy";"electricity";2300;2245;"2018-12-06";"2019-12-01";"";"";"";"Berlin";"indelivery";1000;"2019-01-17"
9429;"energy";"electricity";2800;2965;"2019-08-15";"2019-10-01";"";"";"";"Düsseldorf";"indelivery";1001;"2019-12-16"
9430;"energy";"electricity";2700;2758;"2019-12-29";"2020-04-01";"2020-04-01";"2020-05-03";"Wiederruf";"Braunschweig";"terminated";1001;"2020-05-03"
9431;"energy";"electricity";2800;2765;"2019-12-29";"2020-01-01";"2020-03-31";"2020-02-27";"Umzug";"Berlin";"terminated";1001;"2020-02-27"
9432;"energy";"electricity";2000;"";"2020-09-10";"2021-05-01";"";"";"";"Rosenheim";"active";1001;"2020-09-29"
9433;"energy";"electricity";2300;2345;"2020-05-27";"2020-08-01";"";"";"";"Lübeck";"indelivery";1001;"2020-07-22"
9434;"energy";"electricity";1900;1981;"2019-05-16";"2019-06-01";"";"";"";"Stuttgart";"indelivery";1001;"2019-07-03"
9435;"energy";"electricity";2900;2861;"2019-10-04";"2020-05-01";"";"";"";"Wiesbaden";"indelivery";1002;"2020-05-07"
9436;"energy";"electricity";2300;2393;"2019-02-11";"2019-07-01";"";"";"";"Hamburg";"indelivery";1001;"2020-04-10"
9437;"energy";"electricity";2000;1882;"2018-05-17";"2018-09-01";"2018-12-31";"2018-12-01";"Umzug";"Frankfurt";"terminated";1002;"2018-12-01"
9438;"energy";"electricity";2700;2713;"2019-01-05";"2019-05-01";"";"";"";"Berlin";"indelivery";1002;"2019-10-16"
9439;"energy";"gas";10600;11169;"2019-03-15";"2019-08-01";"2019-08-01";"2020-04-01";"Wiederruf";"Wiesbaden";"terminated";2001;"2019-04-21"
9440;"energy";"electricity";2700;2678;"2019-11-23";"2020-05-01";"";"";"";"Berlin";"indelivery";1002;"2020-01-30"
9441;"energy";"electricity";2200;2144;"2018-10-19";"2019-01-01";"2020-07-31";"2020-07-01";"Umzug";"Stralsund";"terminated";1000;"2020-07-01"
9442;"energy";"electricity";2700;2943;"2019-09-17";"2019-10-01";"2019-10-01";"2020-07-03";"Wiederruf";"Bremen";"terminated";1001;"2019-11-11"
9443;"energy";"electricity";2100;2153;"2018-05-09";"2018-07-01";"2018-09-30";"2018-09-02";"Umzug";"Offenburg";"terminated";1000;"2018-09-02"
9444;"energy";"electricity";2700;2912;"2020-01-14";"2020-06-01";"";"";"";"Duisburg";"indelivery";1001;"2020-02-25"
9445;"energy";"electricity";2800;2761;"2019-05-21";"2019-11-01";"2020-05-31";"2020-04-28";"fristgerecht durch LichtBlick";"Stuttgart";"terminated";1002;"2019-12-15"
9446;"energy";"electricity";2300;2206;"2018-06-03";"2018-10-01";"2019-05-31";"2019-05-02";"fristgerecht durch LichtBlick";"Bonn";"terminated";1002;"2019-01-03"
9447;"energy";"gas";9100;8735;"2018-11-15";"2019-01-01";"";"";"";"Limburg";"indelivery";2000;"2020-02-16"
9448;"energy";"gas";8200;8208;"2020-04-29";"2021-08-01";"";"";"";"Bremen";"active";2000;"2020-08-05"
9449;"energy";"electricity";2900;2955;"2020-09-05";"2020-12-01";"";"";"";"Düsseldorf";"active";1002;"2020-09-12"
9450;"energy";"electricity";2700;2665;"2019-08-15";"2020-02-01";"";"";"";"Bremen";"indelivery";1002;"2020-05-27"
9451;"energy";"electricity";2400;2450;"2020-08-19";"2021-01-01";"";"";"";"Munich";"active";1000;"2020-08-30"
9452;"energy";"electricity";2700;2717;"2020-05-04";"2020-07-01";"";"";"";"Marienberg";"indelivery";1002;"2020-08-28"
9453;"energy";"gas";11100;11492;"2020-08-18";"2020-10-01";"";"";"";"Hamburg";"indelivery";2001;"2020-09-25"
9454;"energy";"gas";8000;7819;"2018-12-27";"2019-03-01";"";"";"";"Hamburg";"indelivery";2001;"2020-09-20"
9455;"energy";"gas";9600;10268;"2018-07-23";"2018-09-01";"";"";"";"Fürth";"indelivery";2000;"2020-09-19"
9456;"energy";"electricity";2300;2368;"2020-06-20";"2020-08-01";"";"";"";"Groß-Gerau";"indelivery";1000;"2020-08-15"
9457;"energy";"electricity";2700;2656;"2019-10-10";"2020-06-01";"2020-10-31";"2020-10-02";"Umzug";"Münster";"cancelled";1000;"2020-08-08"
9458;"energy";"electricity";3100;3102;"2020-08-29";"2020-10-01";"";"";"";"Schwäbisch Hall";"indelivery";1000;"2020-09-06"
9459;"energy";"electricity";2800;3056;"2018-11-25";"2019-08-01";"";"";"";"Lübeck";"indelivery";1002;"2020-09-22"
9460;"energy";"gas";10800;11496;"2020-09-11";"2021-05-01";"";"";"";"Frankfurt";"active";2001;"2020-09-29"
9461;"energy";"electricity";2100;2132;"2018-03-01";"2018-08-01";"";"";"";"Marienberg";"indelivery";1000;"2019-04-17"
9462;"energy";"electricity";2800;3005;"2020-08-08";"2020-12-01";"";"";"";"Dortmund";"active";1001;"2020-08-16"
9463;"energy";"electricity";2000;1997;"2018-09-04";"2018-12-01";"2019-05-31";"2019-05-03";"fristgerecht durch LichtBlick";"Münster";"terminated";1002;"2019-05-03"
9464;"energy";"gas";12600;13491;"2020-02-28";"2020-03-01";"";"";"";"Mühlhausen";"indelivery";2000;"2020-09-10"
9465;"energy";"electricity";2400;2421;"2018-06-05";"2018-07-01";"2020-03-31";"2020-03-03";"fristgerecht durch LichtBlick";"Cologne";"terminated";1002;"2018-06-13"
9466;"energy";"electricity";2300;2294;"2020-06-17";"2020-07-01";"";"";"";"Leipzig";"indelivery";1000;"2020-08-20"
9467;"energy";"electricity";2200;2182;"2019-03-07";"2019-05-01";"";"";"";"Berlin";"indelivery";1001;"2019-12-08"
9468;"energy";"electricity";2700;2905;"2018-08-17";"2018-09-01";"";"";"";"Marienberg";"indelivery";1000;"2019-12-30"
9469;"energy";"electricity";2500;2350;"2019-12-01";"2020-02-01";"";"";"";"Munich";"indelivery";1000;"2020-06-27"
9470;"energy";"electricity";2600;2531;"2018-06-29";"2018-08-01";"";"";"";"Hamburg";"indelivery";1000;"2019-10-21"
9471;"energy";"electricity";2700;2575;"2018-01-16";"2018-02-01";"2018-10-31";"2018-10-03";"fristgerecht durch Kunde";"Hamburg";"terminated";1002;"2018-10-03"
9472;"energy";"electricity";2300;"";"2020-04-08";"2020-08-01";"";"";"";"Berlin";"indelivery";1002;"2020-07-12"
9473;"energy";"electricity";2500;2616;"2019-07-15";"2019-08-01";"";"";"";"Karlsruhe";"indelivery";1001;"2020-04-29"
9474;"energy";"electricity";2500;2446;"2020-08-14";"2020-11-01";"";"";"";"Dortmund";"active";1000;"2020-09-15"
9475;"energy";"electricity";2800;2847;"2020-09-16";"2020-11-01";"";"";"";"Marienberg";"active";1001;"2020-09-28"
9476;"energy";"electricity";2800;2949;"2019-06-06";"2019-11-01";"";"";"";"Erfurt";"indelivery";1002;"2019-12-12"
9477;"energy";"electricity";2300;2382;"2019-10-01";"2019-12-01";"";"";"";"Cologne";"indelivery";1000;"2020-09-24"
9478;"energy";"gas";9600;"";"2019-06-16";"2019-07-01";"2019-07-01";"2020-04-02";"Wiederruf";"Wiesbaden";"terminated";2001;"2019-09-25"
9479;"energy";"electricity";2300;2303;"2018-05-15";"2018-06-01";"";"";"";"Münster";"indelivery";1002;"2020-09-14"
9480;"energy";"electricity";1900;2059;"2019-04-15";"2019-05-01";"2019-05-01";"2020-10-29";"Wiederruf";"Hamburg";"terminated";1002;"2020-04-16"
9481;"energy";"electricity";2100;2078;"2019-01-28";"2020-01-01";"";"";"";"Saarbrücken";"indelivery";1000;"2019-04-01"
9482;"energy";"electricity";2200;2229;"2018-05-11";"2018-07-01";"2020-12-31";"2020-12-02";"fristgerecht durch LichtBlick";"Hamburg";"cancelled";1001;"2020-04-02"
9483;"energy";"electricity";2400;2359;"2020-04-20";"2020-08-01";"";"";"";"Berlin";"indelivery";1001;"2020-08-26"
9484;"energy";"electricity";2100;2045;"2019-07-06";"2019-12-01";"";"";"";"Freiburg";"indelivery";1002;"2020-08-27"
9485;"energy";"electricity";2700;2565;"2019-10-10";"2020-01-01";"";"";"";"Berlin";"indelivery";1002;"2019-11-19"
9486;"energy";"gas";10600;10313;"2020-08-06";"2020-10-01";"";"";"";"Berlin";"indelivery";2001;"2020-09-21"
9487;"energy";"electricity";2200;2259;"2020-02-28";"2021-07-01";"";"";"";"Miesbach";"active";1001;"2020-05-11"
9488;"energy";"gas";10800;10919;"2020-07-31";"2020-09-01";"";"";"";"Essen";"indelivery";2000;"2020-09-09"
9489;"energy";"electricity";2300;2208;"2020-01-22";"2020-08-01";"2020-11-30";"2020-11-02";"fristgerecht durch LichtBlick";"Berlin";"cancelled";1001;"2020-01-29"
9490;"energy";"electricity";2900;3130;"2019-12-12";"2020-07-01";"";"";"";"Hannover";"indelivery";1002;"2020-06-23"
9491;"energy";"electricity";2300;2217;"2020-03-24";"2020-11-01";"";"";"";"Dortmund";"active";1001;"2020-07-07"
9492;"energy";"gas";10100;10142;"2020-06-03";"2020-10-01";"";"";"";"Frankfurt";"indelivery";2000;"2020-09-21"
9493;"energy";"electricity";2400;2316;"2019-02-18";"2019-05-01";"";"";"";"Cologne";"indelivery";1001;"2020-08-16"
9494;"energy";"gas";9100;9174;"2019-12-03";"2020-04-01";"";"";"";"Munich";"indelivery";2001;"2020-02-25"
9495;"energy";"electricity";2300;2348;"2018-03-02";"2018-05-01";"";"";"";"Essen";"indelivery";1002;"2018-07-09"
9496;"energy";"gas";11500;11414;"2018-04-13";"2018-06-01";"";"";"";"Stade";"indelivery";2000;"2018-07-31"
9497;"energy";"electricity";2400;2427;"2019-02-27";"2019-11-01";"";"";"";"Braunschweig";"indelivery";1002;"2020-01-04"
9498;"energy";"electricity";2300;2248;"2018-08-19";"2019-06-01";"";"";"";"Erfurt";"indelivery";1002;"2019-12-21"
9499;"energy";"electricity";2500;2415;"2018-09-10";"2018-12-01";"";"";"";"Osnabrück";"indelivery";1001;"2020-06-13"
9500;"energy";"electricity";2100;2063;"2019-02-03";"2019-04-01";"";"";"";"Bremen";"indelivery";1001;"2020-04-04"
9501;"energy";"electricity";2700;2668;"2018-06-23";"2018-12-01";"";"";"";"Berlin";"indelivery";1002;"2018-12-03"
9502;"energy";"electricity";2200;2319;"2019-03-19";"2019-08-01";"";"";"";"Cologne";"indelivery";1000;"2019-11-05"
9503;"energy";"electricity";2300;2266;"2018-01-20";"2018-03-01";"2018-03-01";"2020-07-25";"Wiederruf";"Cologne";"terminated";1001;"2019-10-07"
9504;"energy";"electricity";2900;2783;"2018-09-25";"2019-01-01";"2020-02-29";"2020-01-30";"fristgerecht durch LichtBlick";"Duisburg";"terminated";1002;"2020-01-30"
9505;"energy";"electricity";2200;2342;"2019-10-17";"2019-11-01";"";"";"";"Stuttgart";"indelivery";1000;"2020-07-11"
9506;"energy";"electricity";2500;2427;"2018-04-10";"2018-09-01";"";"";"";"Munich";"indelivery";1000;"2019-03-12"
9507;"energy";"electricity";2300;2231;"2018-01-12";"2018-04-01";"";"";"";"Berlin";"indelivery";1000;"2018-03-31"
9508;"energy";"electricity";3200;"";"2019-02-01";"2019-07-01";"";"";"";"Uelzen";"indelivery";1001;"2020-09-15"
9509;"energy";"electricity";3100;"";"2020-02-08";"2020-03-01";"";"";"";"Bad Tölz";"indelivery";1002;"2020-05-16"
9510;"energy";"electricity";3000;3154;"2020-01-17";"2020-03-01";"2020-04-30";"2020-04-01";"fristgerecht durch Kunde";"Hannover";"terminated";1002;"2020-04-01"
9511;"energy";"electricity";2100;2149;"2018-07-24";"2019-04-01";"";"";"";"Leipzig";"indelivery";1002;"2019-11-26"
9512;"energy";"electricity";2100;2166;"2019-06-28";"2019-11-01";"";"";"";"Duisburg";"indelivery";1000;"2020-03-10"
9513;"energy";"electricity";2200;2284;"2020-05-17";"2020-10-01";"";"";"";"Seelow";"indelivery";1001;"2020-06-21"
9514;"energy";"electricity";2700;2728;"2019-03-10";"2019-10-01";"";"";"";"Stralsund";"indelivery";1000;"2019-04-10"
9515;"energy";"electricity";2800;2858;"2020-03-31";"2020-06-01";"";"";"";"Bremen";"indelivery";1002;"2020-04-18"
9516;"energy";"electricity";3000;2854;"2019-07-31";"2019-09-01";"2020-06-30";"2020-06-02";"fristgerecht durch Kunde";"Hannover";"terminated";1000;"2019-12-02"
9517;"energy";"electricity";3000;2872;"2018-02-22";"2018-10-01";"";"";"";"Mainz";"indelivery";1000;"2018-12-22"
9518;"energy";"electricity";2600;2686;"2018-08-04";"2018-10-01";"2019-03-31";"2019-03-03";"fristgerecht durch Kunde";"Cologne";"terminated";1001;"2019-03-03"
9519;"energy";"electricity";2500;2557;"2018-07-02";"2018-11-01";"";"";"";"Osnabrück";"indelivery";1000;"2020-01-06"
9520;"energy";"electricity";2800;2833;"2019-05-17";"2019-08-01";"";"";"";"Hamburg";"indelivery";1001;"2020-09-27"
9521;"energy";"electricity";2100;2175;"2018-03-06";"2018-08-01";"";"";"";"Berlin";"indelivery";1002;"2019-03-19"
9522;"energy";"electricity";2400;2404;"2019-02-19";"2019-05-01";"2019-05-01";"2019-10-01";"Wiederruf";"Hamburg";"terminated";1002;"2019-03-13"
9523;"energy";"electricity";2700;2601;"2018-01-07";"2018-04-01";"";"";"";"Wuppertal";"indelivery";1001;"2019-01-27"
9524;"energy";"electricity";2400;2539;"2019-06-24";"2019-09-01";"";"";"";"Berlin";"indelivery";1002;"2019-10-15"
9525;"energy";"electricity";2200;2117;"2020-01-14";"2020-03-01";"";"";"";"Karlsruhe";"indelivery";1000;"2020-07-27"
9526;"energy";"gas";9300;9634;"2018-03-19";"2018-10-01";"";"";"";"Bremerhaven";"indelivery";2000;"2019-12-11"
9527;"energy";"electricity";2200;2224;"2019-08-21";"2019-11-01";"";"";"";"Leverkusen";"indelivery";1000;"2019-10-23"
9528;"energy";"electricity";2700;2919;"2019-02-25";"2019-04-01";"";"";"";"Bremen";"indelivery";1000;"2020-02-05"
9529;"energy";"electricity";2200;"";"2020-05-17";"2020-06-01";"";"";"";"Hamburg";"indelivery";1000;"2020-06-25"
9530;"energy";"electricity";2600;2670;"2018-05-22";"2018-07-01";"";"";"";"Hamburg";"indelivery";1001;"2019-08-09"
9531;"energy";"electricity";2800;2762;"2020-06-02";"2020-08-01";"";"";"";"Kassel";"indelivery";1002;"2020-07-23"
9532;"energy";"electricity";2300;2211;"2020-06-15";"2020-08-01";"";"";"";"Hannover";"indelivery";1000;"2020-08-09"
9533;"energy";"electricity";2000;2074;"2019-03-14";"2019-06-01";"2019-10-31";"2019-10-03";"fristgerecht durch Kunde";"Berlin";"terminated";1001;"2019-10-03"
9534;"energy";"electricity";2400;2344;"2020-01-20";"2020-04-01";"";"";"";"Berlin";"indelivery";1002;"2020-07-12"
9535;"energy";"electricity";2600;2719;"2018-05-31";"2018-09-01";"2019-03-31";"2019-03-02";"Umzug";"Dortmund";"terminated";1002;"2018-06-04"
9536;"energy";"electricity";2400;"";"2018-12-19";"2019-05-01";"";"";"";"Berlin";"indelivery";1002;"2019-07-15"
9537;"energy";"electricity";2300;2337;"2020-08-04";"2020-10-01";"";"";"";"Cologne";"indelivery";1002;"2020-08-28"
9538;"energy";"electricity";2400;2541;"2018-12-16";"2019-02-01";"";"";"";"Duisburg";"indelivery";1001;"2019-10-02"
9539;"energy";"electricity";2800;2800;"2019-08-02";"2020-02-01";"";"";"";"Heidelberg";"indelivery";1000;"2019-10-16"
9540;"energy";"electricity";2800;2685;"2018-06-22";"2018-07-01";"";"";"";"Duisburg";"indelivery";1001;"2020-06-04"
9541;"energy";"electricity";2400;2357;"2018-05-11";"2018-07-01";"";"";"";"Stuttgart";"indelivery";1000;"2019-02-19"
9542;"energy";"gas";9400;9589;"2019-04-30";"2019-08-01";"";"";"";"Berlin";"indelivery";2000;"2019-10-02"
9543;"energy";"electricity";2800;2643;"2019-02-21";"2019-05-01";"";"";"";"Cologne";"indelivery";1002;"2020-07-15"
9544;"energy";"electricity";2700;2944;"2018-07-10";"2018-08-01";"";"";"";"Hamburg";"indelivery";1002;"2020-08-20"
9545;"energy";"electricity";2600;2498;"2019-08-14";"2019-09-01";"";"";"";"Ingolstadt";"indelivery";1002;"2019-12-23"
9546;"energy";"electricity";2100;2064;"2020-08-23";"2020-11-01";"";"";"";"Frankfurt";"active";1001;"2020-09-22"
9547;"energy";"electricity";2400;2280;"2019-12-17";"2020-01-01";"";"";"";"Munich";"indelivery";1000;"2020-05-29"
9548;"energy";"gas";9900;9486;"2019-10-07";"2019-12-01";"";"";"";"Lübeck";"indelivery";2000;"2019-11-19"
9549;"energy";"gas";10900;11226;"2018-01-21";"2018-02-01";"";"";"";"Karlsruhe";"indelivery";2000;"2019-04-05"
9550;"energy";"electricity";2500;2470;"2018-12-21";"2019-09-01";"";"";"";"Potsdam";"indelivery";1000;"2020-03-22"
9551;"energy";"electricity";2000;"";"2020-02-29";"2020-03-01";"";"";"";"Berlin";"indelivery";1001;"2020-09-13"
9552;"energy";"electricity";2100;2137;"2020-02-07";"2020-07-01";"";"";"";"Berlin";"indelivery";1002;"2020-05-06"
9553;"energy";"electricity";2700;2857;"2019-08-12";"2019-11-01";"2020-08-31";"2020-08-03";"Umzug";"Altchemnitz";"terminated";1002;"2019-09-11"
9554;"energy";"electricity";2700;2782;"2019-07-22";"2020-04-01";"";"";"";"Stuttgart";"indelivery";1001;"2019-07-26"
9555;"energy";"electricity";2400;2491;"2019-11-08";"2020-10-01";"";"";"";"Dortmund";"indelivery";1000;"2020-09-01"
9556;"energy";"electricity";2800;3000;"2019-05-03";"2019-08-01";"";"";"";"Berlin";"indelivery";1001;"2019-06-13"
9557;"energy";"electricity";2600;2609;"2019-09-10";"2019-10-01";"";"";"";"Potsdam";"indelivery";1000;"2020-06-21"
9558;"energy";"electricity";2900;3071;"2018-08-18";"2018-10-01";"";"";"";"Mannheim";"indelivery";1002;"2019-04-29"
9559;"energy";"electricity";2500;2677;"2019-07-20";"2019-12-01";"";"";"";"Hamburg";"indelivery";1001;"2020-09-04"
9560;"energy";"electricity";2000;2151;"2018-07-22";"2019-02-01";"";"";"";"Kiel";"indelivery";1000;"2018-09-01"
9561;"energy";"electricity";2000;1942;"2018-06-11";"2018-08-01";"";"";"";"Munich";"indelivery";1002;"2019-05-10"
9562;"energy";"electricity";3100;3004;"2020-09-25";"2020-11-01";"";"";"";"Suhl";"active";1001;"2020-09-30"
9563;"energy";"electricity";2800;2951;"2018-02-24";"2018-03-01";"";"";"";"Dortmund";"indelivery";1001;"2018-08-13"
9564;"energy";"electricity";2400;2424;"2020-04-19";"2020-05-01";"";"";"";"Bremen";"indelivery";1002;"2020-08-30"
9565;"energy";"electricity";2100;2020;"2019-02-24";"2019-10-01";"";"";"";"Mannheim";"indelivery";1001;"2020-05-24"
9566;"energy";"electricity";2900;3052;"2020-06-20";"2020-10-01";"";"";"";"Frankfurt";"indelivery";1000;"2020-09-02"
9567;"energy";"electricity";2500;2562;"2018-04-26";"2018-07-01";"";"";"";"Fürth";"indelivery";1002;"2020-01-22"
9568;"energy";"electricity";2300;2281;"2018-08-05";"2018-12-01";"";"";"";"Cologne";"indelivery";1000;"2019-04-05"
9569;"energy";"electricity";2500;2683;"2018-01-13";"2018-07-01";"";"";"";"Essen";"indelivery";1001;"2020-08-22"
9570;"energy";"gas";11100;10727;"2019-06-30";"2020-06-01";"";"";"";"Nordhausen";"indelivery";2000;"2019-08-11"
9571;"energy";"electricity";2600;2540;"2019-07-27";"2019-08-01";"";"";"";"Munich";"indelivery";1000;"2019-11-20"
9572;"energy";"electricity";2900;2954;"2019-03-11";"2019-07-01";"";"";"";"Essen";"indelivery";1000;"2020-04-18"
9573;"energy";"gas";11200;11903;"2018-01-15";"2018-03-01";"";"";"";"Hamburg";"indelivery";2000;"2020-08-31"
9574;"energy";"electricity";2400;2377;"2018-11-04";"2019-03-01";"";"";"";"Hamburg";"indelivery";1002;"2019-12-22"
9575;"energy";"electricity";2400;"";"2019-07-27";"2019-10-01";"";"";"";"Hamburg";"indelivery";1002;"2020-09-26"
9576;"energy";"electricity";2300;"";"2019-11-07";"2020-03-01";"";"";"";"Ulm";"indelivery";1002;"2020-06-14"
9577;"energy";"electricity";2600;2741;"2020-06-05";"2020-08-01";"";"";"";"Altchemnitz";"indelivery";1001;"2020-09-12"
9578;"energy";"gas";10100;10235;"2020-08-20";"2020-09-01";"";"";"";"Leipzig";"indelivery";2001;"2020-09-02"
9579;"energy";"electricity";2600;2822;"2019-02-28";"2019-03-01";"";"";"";"Osnabrück";"indelivery";1002;"2019-10-04"
9580;"energy";"electricity";2900;2976;"2018-06-27";"2018-08-01";"";"";"";"Essen";"indelivery";1000;"2020-05-04"
9581;"energy";"electricity";2600;2651;"2019-03-16";"2019-07-01";"";"";"";"Duisburg";"indelivery";1000;"2019-12-09"
9582;"energy";"electricity";2500;2685;"2019-01-27";"2019-03-01";"";"";"";"Frankfurt";"indelivery";1001;"2019-07-08"
9583;"energy";"gas";9400;9491;"2019-04-22";"2019-08-01";"2020-01-31";"2020-01-02";"fristgerecht durch Kunde";"Gießen";"terminated";2000;"2020-01-02"
9584;"energy";"electricity";2900;2864;"2019-02-11";"2019-10-01";"";"";"";"Dresden";"indelivery";1002;"2019-10-01"
9585;"energy";"electricity";2000;1922;"2019-02-04";"2019-03-01";"";"";"";"Hamburg";"indelivery";1001;"2020-07-13"
9586;"energy";"electricity";2400;2456;"2020-06-06";"2021-04-01";"";"";"";"Marienberg";"active";1002;"2020-09-21"
9587;"energy";"electricity";2500;2410;"2018-04-30";"2018-09-01";"2019-03-31";"2019-03-01";"Umzug";"Karlsruhe";"terminated";1000;"2019-03-01"
9588;"energy";"electricity";2000;2017;"2019-09-23";"2020-01-01";"";"";"";"Hamburg";"indelivery";1001;"2020-08-20"
9589;"energy";"gas";11800;12456;"2018-07-06";"2019-03-01";"";"";"";"Starnberg";"indelivery";2000;"2019-04-01"
9590;"energy";"electricity";2400;"";"2020-07-26";"2020-08-01";"";"";"";"Altchemnitz";"indelivery";1000;"2020-08-28"
9591;"energy";"electricity";2900;"";"2020-07-07";"2021-01-01";"";"";"";"Mühldorf";"active";1000;"2020-08-13"
9592;"energy";"electricity";2000;"";"2019-12-07";"2020-06-01";"";"";"";"Cologne";"indelivery";1001;"2020-03-20"
9593;"energy";"electricity";2100;2058;"2020-05-04";"2020-06-01";"";"";"";"Osnabrück";"indelivery";1001;"2020-05-20"
9594;"energy";"electricity";2400;2465;"2019-12-19";"2020-06-01";"";"";"";"Kassel";"indelivery";1002;"2020-09-13"
9595;"energy";"electricity";2500;"";"2018-10-31";"2019-05-01";"2019-05-01";"2020-11-01";"Wiederruf";"Hamburg";"terminated";1001;"2018-12-03"
9596;"energy";"electricity";2400;2365;"2018-10-24";"2019-02-01";"";"";"";"Oldenburg";"indelivery";1001;"2020-09-22"
9597;"energy";"electricity";2600;2542;"2019-10-27";"2020-06-01";"";"";"";"Saarbrücken";"indelivery";1002;"2020-05-06"
9598;"energy";"electricity";2500;2478;"2019-12-03";"2020-05-01";"";"";"";"Cologne";"indelivery";1001;"2020-08-10"
9599;"energy";"gas";8000;7891;"2019-03-21";"2020-02-01";"";"";"";"Göttingen";"indelivery";2000;"2020-02-15"
9600;"energy";"electricity";2600;2667;"2018-06-07";"2019-02-01";"";"";"";"Jena";"indelivery";1002;"2018-09-30"
9601;"energy";"electricity";2100;2039;"2018-01-20";"2018-05-01";"2018-05-01";"2019-12-30";"Wiederruf";"Cologne";"terminated";1002;"2018-09-17"
9602;"energy";"electricity";2600;2779;"2019-01-14";"2019-04-01";"";"";"";"Freiburg";"indelivery";1002;"2019-12-24"
9603;"energy";"electricity";2700;2795;"2018-09-14";"2019-01-01";"2019-05-31";"2019-05-01";"fristgerecht durch LichtBlick";"Bremerhaven";"terminated";1001;"2019-05-01"
9604;"energy";"electricity";2300;2432;"2018-01-22";"2018-09-01";"2018-09-01";"2019-07-29";"Wiederruf";"Berlin";"terminated";1001;"2019-07-29"
9605;"energy";"electricity";2100;2297;"2020-01-02";"2020-05-01";"";"";"";"Hamburg";"indelivery";1001;"2020-04-15"
9606;"energy";"electricity";2800;2760;"2018-02-14";"2018-06-01";"";"";"";"Munich";"indelivery";1002;"2019-04-05"
9607;"energy";"electricity";1900;1926;"2018-11-19";"2019-01-01";"";"";"";"Stuttgart";"indelivery";1002;"2019-06-23"
9608;"energy";"electricity";2300;2470;"2018-11-05";"2018-12-01";"";"";"";"Wuppertal";"indelivery";1002;"2019-04-10"
9609;"energy";"electricity";2400;2364;"2020-08-27";"2021-05-01";"";"";"";"Hamburg";"active";1000;"2020-09-25"
9610;"energy";"electricity";2400;"";"2018-12-31";"2019-03-01";"";"";"";"Hamburg";"indelivery";1001;"2019-07-28"
9611;"energy";"electricity";2700;2609;"2018-11-14";"2019-11-01";"";"";"";"Leipzig";"indelivery";1001;"2020-03-10"
9612;"energy";"electricity";2100;1979;"2018-07-05";"2018-09-01";"2018-10-31";"2018-09-29";"Umzug";"Marienberg";"terminated";1002;"2018-07-21"
9613;"energy";"electricity";2000;2134;"2019-03-29";"2019-05-01";"";"";"";"Hamburg";"indelivery";1001;"2019-12-01"
9614;"energy";"electricity";2400;2502;"2020-01-05";"2020-11-01";"";"";"";"Kassel";"active";1001;"2020-03-12"
9615;"energy";"electricity";2200;"";"2019-03-31";"2019-08-01";"";"";"";"Leipzig";"indelivery";1000;"2019-10-28"
9616;"energy";"electricity";2800;2987;"2020-04-08";"2020-06-01";"";"";"";"Freiburg";"indelivery";1000;"2020-06-16"
9617;"energy";"gas";9400;10057;"2020-08-10";"2020-09-01";"";"";"";"Berlin";"indelivery";2000;"2020-09-17"
9618;"energy";"electricity";2900;3034;"2020-02-02";"2020-03-01";"2020-12-31";"2020-12-02";"fristgerecht durch Kunde";"Hannover";"cancelled";1001;"2020-04-25"
9619;"energy";"electricity";2700;2897;"2019-06-08";"2019-12-01";"";"";"";"Berlin";"indelivery";1001;"2019-09-11"
9620;"energy";"electricity";2600;"";"2020-09-12";"2021-05-01";"";"";"";"Sankt Wendel";"active";1002;"2020-09-12"
9621;"energy";"electricity";2100;"";"2019-10-08";"2019-11-01";"";"";"";"Leipzig";"indelivery";1000;"2020-02-05"
9622;"energy";"electricity";2500;2507;"2020-04-04";"2020-07-01";"";"";"";"Dortmund";"indelivery";1002;"2020-09-23"
9623;"energy";"electricity";2200;2386;"2020-02-16";"2020-03-01";"";"";"";"Essen";"indelivery";1000;"2020-09-12"
9624;"energy";"electricity";3000;3022;"2019-06-21";"2019-08-01";"";"";"";"Jena";"indelivery";1002;"2019-09-09"
9625;"energy";"gas";11800;"";"2020-01-02";"2020-11-01";"";"";"";"Karlsruhe";"active";2001;"2020-04-08"
9626;"energy";"electricity";2100;2216;"2019-07-29";"2019-08-01";"";"";"";"Schwerin";"indelivery";1000;"2020-02-07"
9627;"energy";"electricity";2300;2348;"2019-06-06";"2019-12-01";"";"";"";"Donauwörth";"indelivery";1002;"2019-07-20"
9628;"energy";"electricity";2100;2214;"2020-09-04";"2020-11-01";"";"";"";"Düsseldorf";"active";1000;"2020-09-05"
9629;"energy";"electricity";2900;3037;"2019-09-01";"2019-11-01";"";"";"";"Stuttgart";"indelivery";1002;"2019-11-13"
9630;"energy";"electricity";2800;2830;"2020-07-11";"2020-08-01";"";"";"";"Duisburg";"indelivery";1000;"2020-09-15"
9631;"energy";"electricity";2400;2461;"2019-06-04";"2019-07-01";"";"";"";"Munich";"indelivery";1002;"2019-06-12"
9632;"energy";"electricity";2100;2210;"2019-08-15";"2019-10-01";"";"";"";"Berlin";"indelivery";1001;"2019-09-29"
9633;"energy";"electricity";2800;2948;"2019-02-21";"2019-05-01";"2019-06-30";"2019-06-01";"Umzug";"Potsdam";"terminated";1002;"2019-06-01"
9634;"energy";"electricity";2100;"";"2019-01-23";"2019-04-01";"2019-04-01";"2019-09-26";"Wiederruf";"Duisburg";"terminated";1000;"2019-05-09"
9635;"energy";"electricity";2500;2470;"2019-06-06";"2019-08-01";"";"";"";"Göttingen";"indelivery";1001;"2019-11-29"
9636;"energy";"electricity";2900;3078;"2018-03-25";"2018-07-01";"";"";"";"Hamburg";"indelivery";1000;"2018-08-10"
9637;"energy";"electricity";2800;2848;"2019-06-05";"2019-08-01";"";"";"";"Traunstein";"indelivery";1000;"2020-04-06"
9638;"energy";"electricity";2400;2360;"2018-11-25";"2019-03-01";"";"";"";"Frankfurt";"indelivery";1002;"2019-12-05"
9639;"energy";"electricity";3100;3079;"2018-04-04";"2018-10-01";"";"";"";"Meißen";"indelivery";1000;"2018-04-25"
9640;"energy";"gas";11000;10840;"2019-07-28";"2019-10-01";"2020-06-30";"2020-05-19";"Umzug";"Marienberg";"terminated";2001;"2019-09-24"
9641;"energy";"electricity";2800;3025;"2019-01-07";"2019-03-01";"";"";"";"Dresden";"indelivery";1002;"2019-08-18"
9642;"energy";"gas";11200;11242;"2018-12-20";"2019-03-01";"";"";"";"Frankfurt";"indelivery";2000;"2019-03-24"
9643;"energy";"electricity";2300;2247;"2018-11-22";"2019-01-01";"2020-11-30";"2020-11-01";"fristgerecht durch LichtBlick";"Bremen";"cancelled";1002;"2019-02-05"
9644;"energy";"electricity";2500;2424;"2018-03-02";"2019-02-01";"2019-02-01";"2020-05-25";"Wiederruf";"Hamburg";"terminated";1000;"2018-08-31"
9645;"energy";"gas";8400;8030;"2019-05-30";"2019-08-01";"";"";"";"Marienberg";"indelivery";2001;"2019-10-02"
9646;"energy";"gas";10400;10556;"2018-11-15";"2019-02-01";"";"";"";"Koblenz";"indelivery";2000;"2019-12-30"
9647;"energy";"electricity";2100;2260;"2019-09-14";"2019-12-01";"2020-01-31";"2019-12-30";"fristgerecht durch Kunde";"Ingolstadt";"terminated";1000;"2019-12-30"
9648;"energy";"electricity";2800;3010;"2019-11-24";"2020-05-01";"";"";"";"Schleswig";"indelivery";1001;"2020-08-03"
9649;"energy";"electricity";2300;2317;"2020-07-01";"2021-12-01";"";"";"";"Cologne";"active";1001;"2020-09-28"
9650;"energy";"gas";11300;11049;"2018-04-28";"2018-08-01";"";"";"";"Gießen";"indelivery";2000;"2018-12-08"
9651;"energy";"electricity";2400;2353;"2018-06-15";"2019-02-01";"";"";"";"Frankfurt";"indelivery";1000;"2019-05-04"
9652;"energy";"electricity";2800;2997;"2018-10-25";"2019-07-01";"2019-10-31";"2019-10-01";"fristgerecht durch LichtBlick";"Hannover";"terminated";1000;"2019-08-14"
9653;"energy";"electricity";2700;2892;"2018-05-06";"2019-01-01";"";"";"";"Güstrow";"indelivery";1000;"2020-01-07"
9654;"energy";"electricity";3000;2968;"2018-11-06";"2019-08-01";"";"";"";"Lübben";"indelivery";1001;"2020-01-04"
9655;"energy";"electricity";2000;2150;"2018-11-20";"2018-12-01";"";"";"";"Frankfurt";"indelivery";1000;"2019-12-12"
9656;"energy";"electricity";2100;2010;"2020-06-22";"2021-05-01";"";"";"";"Cologne";"active";1001;"2020-07-02"
9657;"energy";"gas";8800;9215;"2019-06-08";"2019-07-01";"";"";"";"Berlin";"indelivery";2001;"2019-12-28"
9658;"energy";"electricity";2800;2794;"2020-06-19";"2020-08-01";"";"";"";"Augsburg";"indelivery";1002;"2020-09-06"
9659;"energy";"electricity";2700;2594;"2020-06-29";"2020-09-01";"";"";"";"Cologne";"indelivery";1000;"2020-07-16"
9660;"energy";"gas";8500;8860;"2018-02-05";"2018-04-01";"2018-04-01";"2018-08-03";"Wiederruf";"Hamburg";"terminated";2000;"2018-06-22"
9661;"energy";"electricity";2600;2511;"2019-09-09";"2019-11-01";"";"";"";"Hamburg";"indelivery";1000;"2020-05-27"
9662;"energy";"gas";7500;"";"2019-08-30";"2019-11-01";"";"";"";"Hamburg";"indelivery";2001;"2019-10-05"
9663;"energy";"electricity";2600;2762;"2019-08-21";"2019-11-01";"";"";"";"Düsseldorf";"indelivery";1000;"2019-11-11"
9664;"energy";"electricity";2500;2648;"2019-03-01";"2019-09-01";"";"";"";"Düsseldorf";"indelivery";1002;"2020-03-31"
9665;"energy";"electricity";2700;2892;"2020-05-17";"2020-07-01";"";"";"";"Düsseldorf";"indelivery";1001;"2020-07-01"
9666;"energy";"electricity";3000;2975;"2019-04-18";"2019-08-01";"";"";"";"Kempten";"indelivery";1001;"2020-09-23"
9667;"energy";"electricity";2100;2134;"2020-04-21";"2020-06-01";"";"";"";"Bremen";"indelivery";1000;"2020-08-29"
9668;"energy";"electricity";2700;"";"2019-12-09";"2020-02-01";"";"";"";"Kassel";"indelivery";1000;"2020-07-24"
9669;"energy";"electricity";2700;2867;"2020-02-17";"2020-08-01";"2020-09-30";"2020-08-25";"Umzug";"Hannover";"terminated";1001;"2020-03-24"
9670;"energy";"electricity";2100;2187;"2020-07-14";"2021-03-01";"";"";"";"Düsseldorf";"active";1001;"2020-09-27"
9671;"energy";"electricity";2300;2298;"2018-05-18";"2018-06-01";"";"";"";"Berlin";"indelivery";1000;"2018-10-01"
9672;"energy";"electricity";2300;2306;"2020-09-24";"2021-05-01";"";"";"";"Karlsruhe";"active";1002;"2020-09-29"
9673;"energy";"electricity";2000;2071;"2018-12-22";"2019-01-01";"2020-08-31";"2020-08-03";"Umzug";"Stuttgart";"terminated";1000;"2019-01-20"
9674;"energy";"electricity";2300;2346;"2020-08-19";"2021-03-01";"";"";"";"Bad Reichenhall";"active";1002;"2020-09-27"
9675;"energy";"electricity";2400;2432;"2018-10-07";"2019-01-01";"2019-01-01";"2019-11-30";"Wiederruf";"Wuppertal";"terminated";1000;"2019-01-14"
9676;"energy";"electricity";2500;2502;"2020-07-05";"2021-03-01";"";"";"";"Berlin";"active";1000;"2020-09-21"
9677;"energy";"electricity";2400;2409;"2020-09-10";"2021-02-01";"";"";"";"Saarbrücken";"active";1002;"2020-09-22"
9678;"energy";"electricity";2700;2765;"2019-09-24";"2020-03-01";"";"";"";"Baden-Baden";"indelivery";1002;"2020-03-23"
9679;"energy";"electricity";2300;2198;"2020-03-08";"2020-08-01";"";"";"";"Magdeburg";"indelivery";1001;"2020-04-13"
9680;"energy";"electricity";2800;2985;"2020-09-04";"2021-02-01";"";"";"";"Münster";"active";1000;"2020-09-05"
9681;"energy";"gas";11100;11520;"2020-02-25";"2020-08-01";"";"";"";"Stralsund";"indelivery";2000;"2020-07-11"
9682;"energy";"electricity";2400;2278;"2020-03-19";"2020-06-01";"";"";"";"Altchemnitz";"indelivery";1000;"2020-04-06"
9683;"energy";"gas";9300;9159;"2018-11-25";"2019-01-01";"";"";"";"Munich";"indelivery";2000;"2020-08-30"
9684;"energy";"electricity";2700;2916;"2020-03-24";"2020-05-01";"";"";"";"Berlin";"indelivery";1000;"2020-05-22"
9685;"energy";"gas";11500;11086;"2019-12-09";"2020-02-01";"2020-02-01";"2020-08-03";"Wiederruf";"Bielefeld";"terminated";2000;"2020-08-03"
9686;"energy";"electricity";2200;2189;"2018-05-11";"2018-08-01";"";"";"";"Berlin";"indelivery";1000;"2020-01-11"
9687;"energy";"gas";11700;11649;"2018-06-14";"2018-07-01";"2019-11-30";"2019-10-31";"fristgerecht durch LichtBlick";"Braunschweig";"terminated";2001;"2019-10-31"
9688;"energy";"electricity";2000;1973;"2018-03-06";"2018-05-01";"";"";"";"Hamburg";"indelivery";1000;"2018-08-17"
9689;"energy";"electricity";2500;"";"2018-07-04";"2018-10-01";"";"";"";"Essen";"indelivery";1002;"2019-01-05"
9690;"energy";"gas";7800;7764;"2019-08-12";"2019-11-01";"";"";"";"Frankfurt";"indelivery";2001;"2020-06-23"
9691;"energy";"electricity";2600;2618;"2018-10-19";"2019-02-01";"";"";"";"Münster";"indelivery";1002;"2019-07-24"
9692;"energy";"electricity";2600;2548;"2019-04-15";"2020-02-01";"";"";"";"Dresden";"indelivery";1002;"2020-09-24"
9693;"energy";"electricity";2300;2422;"2018-02-19";"2018-03-01";"";"";"";"Hamburg";"indelivery";1000;"2020-02-23"
9694;"energy";"gas";8600;8766;"2019-08-08";"2019-10-01";"";"";"";"Dresden";"indelivery";2000;"2019-09-06"
9695;"energy";"electricity";2800;2945;"2018-08-22";"2019-03-01";"2020-06-30";"2020-05-28";"Umzug";"Cologne";"terminated";1002;"2020-04-04"
9696;"energy";"electricity";2500;2391;"2019-11-16";"2020-01-01";"";"";"";"Leipzig";"indelivery";1000;"2020-05-11"
9697;"energy";"electricity";2900;2785;"2020-03-10";"2020-10-01";"";"";"";"Heppenheim";"indelivery";1001;"2020-04-23"
9698;"energy";"electricity";2000;"";"2020-07-27";"2020-10-01";"";"";"";"Berlin";"indelivery";1001;"2020-07-28"
9699;"energy";"gas";10900;10751;"2018-10-24";"2019-03-01";"";"";"";"Karlsruhe";"indelivery";2000;"2019-12-31"
9700;"energy";"electricity";2200;2139;"2019-08-14";"2019-10-01";"";"";"";"Munich";"indelivery";1001;"2020-05-30"
9701;"energy";"electricity";2300;2416;"2020-08-02";"2020-10-01";"2020-12-31";"2020-12-03";"Umzug";"Essen";"cancelled";1002;"2020-08-18"
9702;"energy";"electricity";2300;2393;"2019-05-11";"2019-08-01";"";"";"";"Hamburg";"indelivery";1000;"2020-06-04"
9703;"energy";"electricity";2800;"";"2018-04-24";"2018-07-01";"2020-08-31";"2020-08-02";"Umzug";"Berlin";"terminated";1000;"2019-10-18"
9704;"energy";"electricity";2300;2271;"2020-01-28";"2020-02-01";"";"";"";"Berlin";"indelivery";1002;"2020-06-09"
9705;"energy";"electricity";2400;2544;"2020-02-11";"2020-04-01";"2020-04-01";"2020-12-01";"Wiederruf";"Berlin";"terminated";1001;"2020-04-17"
9706;"energy";"electricity";2200;2308;"2018-05-28";"2018-07-01";"";"";"";"Berlin";"indelivery";1001;"2018-10-02"
9707;"energy";"electricity";2000;1942;"2018-10-30";"2018-12-01";"2019-09-30";"2019-08-27";"fristgerecht durch Kunde";"Hamburg";"terminated";1000;"2019-08-27"
9708;"energy";"electricity";2900;3100;"2019-01-12";"2019-05-01";"";"";"";"Magdeburg";"indelivery";1001;"2019-11-25"
9709;"energy";"gas";9800;10302;"2018-04-03";"2018-07-01";"";"";"";"Dresden";"indelivery";2001;"2018-07-21"
9710;"energy";"electricity";2900;2947;"2020-04-27";"2021-03-01";"";"";"";"Freiburg";"active";1001;"2020-06-22"
9711;"energy";"electricity";2500;2648;"2020-05-10";"2020-08-01";"";"";"";"Cologne";"indelivery";1001;"2020-07-03"
9712;"energy";"electricity";2600;2794;"2018-10-15";"2018-12-01";"";"";"";"Magdeburg";"indelivery";1001;"2020-09-08"
9713;"energy";"gas";8800;9201;"2018-08-16";"2018-11-01";"";"";"";"Cologne";"indelivery";2000;"2019-05-04"
9714;"energy";"electricity";3000;2836;"2019-10-29";"2020-01-01";"";"";"";"Leipzig";"indelivery";1002;"2019-12-14"
9715;"energy";"electricity";2300;"";"2018-12-30";"2019-05-01";"";"";"";"Marienberg";"indelivery";1000;"2020-01-26"
9716;"energy";"electricity";2400;"";"2019-09-08";"2019-11-01";"2020-11-30";"2020-10-31";"Umzug";"Altchemnitz";"cancelled";1001;"2020-07-14"
9717;"energy";"gas";11500;11594;"2018-01-12";"2018-02-01";"2019-10-31";"2019-09-28";"Umzug";"Augsburg";"terminated";2001;"2019-05-21"
9718;"energy";"electricity";2000;2013;"2020-01-31";"2020-03-01";"";"";"";"Berlin";"indelivery";1001;"2020-09-06"
9719;"energy";"electricity";2400;2555;"2019-08-07";"2021-01-01";"";"";"";"Berlin";"active";1002;"2019-10-20"
9720;"energy";"electricity";2500;"";"2020-01-22";"2020-03-01";"";"";"";"Freiburg";"indelivery";1000;"2020-08-18"
9721;"energy";"gas";9400;9009;"2018-07-14";"2018-09-01";"";"";"";"Munich";"indelivery";2001;"2019-01-31"
9722;"energy";"electricity";2800;2922;"2020-04-24";"2020-11-01";"";"";"";"Kiel";"active";1002;"2020-05-01"
9723;"energy";"electricity";2100;"";"2018-10-09";"2018-12-01";"";"";"";"Berlin";"indelivery";1001;"2020-04-17"
9724;"energy";"electricity";2600;2820;"2018-02-16";"2018-06-01";"";"";"";"Düsseldorf";"indelivery";1001;"2019-06-07"
9725;"energy";"electricity";2400;"";"2019-12-29";"2020-11-01";"";"";"";"Bielefeld";"active";1002;"2020-07-11"
9726;"energy";"electricity";2400;2399;"2019-03-03";"2019-10-01";"2020-08-31";"2020-08-02";"fristgerecht durch Kunde";"Fürth";"terminated";1000;"2019-06-01"
9727;"energy";"electricity";2200;2085;"2020-06-01";"2020-07-01";"";"";"";"Nordhorn";"indelivery";1000;"2020-08-29"
9728;"energy";"electricity";2800;2672;"2020-04-22";"2020-11-01";"";"";"";"Marienberg";"active";1000;"2020-05-11"
9729;"energy";"electricity";2400;2416;"2020-03-28";"2020-06-01";"";"";"";"Munich";"indelivery";1001;"2020-08-03"
9730;"energy";"electricity";2800;2863;"2018-08-11";"2018-10-01";"";"";"";"Berlin";"indelivery";1001;"2019-08-22"
9731;"energy";"electricity";2600;2624;"2020-04-10";"2020-06-01";"";"";"";"Kiel";"indelivery";1000;"2020-09-18"
9732;"energy";"electricity";2300;2224;"2019-11-02";"2020-04-01";"";"";"";"Cologne";"indelivery";1000;"2020-02-14"
9733;"energy";"electricity";2600;2746;"2019-04-23";"2019-09-01";"";"";"";"Olpe";"indelivery";1001;"2020-05-01"
9734;"energy";"electricity";2200;"";"2020-07-22";"2020-09-01";"";"";"";"Lübeck";"indelivery";1002;"2020-08-16"
9735;"energy";"electricity";2000;1965;"2018-07-14";"2018-08-01";"";"";"";"Heidelberg";"indelivery";1002;"2019-04-09"
9736;"energy";"electricity";2200;2201;"2019-10-30";"2020-09-01";"";"";"";"Berlin";"indelivery";1002;"2020-04-21"
9737;"energy";"electricity";2400;2428;"2018-05-22";"2018-07-01";"";"";"";"Munich";"indelivery";1001;"2019-01-12"
9738;"energy";"electricity";2400;2460;"2019-06-09";"2019-09-01";"";"";"";"Hamburg";"indelivery";1001;"2020-01-03"
9739;"energy";"electricity";2500;2669;"2018-12-06";"2019-02-01";"2020-10-31";"2020-10-03";"fristgerecht durch LichtBlick";"Leipzig";"cancelled";1001;"2019-06-20"
9740;"energy";"electricity";2200;2354;"2018-03-12";"2018-08-01";"2019-04-30";"2019-03-30";"fristgerecht durch LichtBlick";"Braunschweig";"terminated";1000;"2019-03-30"
9741;"energy";"electricity";2700;2831;"2019-06-11";"2019-08-01";"";"";"";"Frankfurt";"indelivery";1000;"2020-02-29"
9742;"energy";"electricity";2900;3038;"2020-04-21";"2020-07-01";"";"";"";"Dresden";"indelivery";1001;"2020-05-19"
9743;"energy";"electricity";2500;2607;"2019-05-23";"2019-06-01";"";"";"";"Erfurt";"indelivery";1002;"2020-06-01"
9744;"energy";"electricity";2100;2146;"2018-03-20";"2018-11-01";"2019-12-31";"2019-12-03";"fristgerecht durch Kunde";"Berlin";"terminated";1002;"2018-11-27"
9745;"energy";"electricity";2400;2430;"2018-11-19";"2019-02-01";"";"";"";"Berlin";"indelivery";1002;"2019-11-23"
9746;"energy";"electricity";2600;"";"2018-10-26";"2019-03-01";"";"";"";"Essen";"indelivery";1002;"2020-03-05"
9747;"energy";"electricity";2100;2054;"2019-08-30";"2020-03-01";"";"";"";"Cologne";"indelivery";1000;"2020-07-28"
9748;"energy";"electricity";2200;2348;"2018-08-10";"2019-01-01";"";"";"";"Berlin";"indelivery";1002;"2019-12-23"
9749;"energy";"electricity";2900;3009;"2020-08-25";"2021-01-01";"";"";"";"Mainz";"active";1002;"2020-08-27"
9750;"energy";"electricity";2300;2287;"2018-05-08";"2018-08-01";"2018-08-01";"2018-08-31";"Wiederruf";"Essen";"terminated";1002;"2018-07-14"
9751;"energy";"electricity";2900;2968;"2018-11-21";"2019-07-01";"";"";"";"Oldenburg";"indelivery";1002;"2019-01-25"
9752;"energy";"electricity";2600;2563;"2020-03-23";"2020-07-01";"";"";"";"Hamburg";"indelivery";1002;"2020-06-24"
9753;"energy";"electricity";2400;2523;"2019-12-29";"2020-02-01";"";"";"";"Leipzig";"indelivery";1001;"2020-06-24"
9754;"energy";"electricity";2500;2596;"2018-10-31";"2019-04-01";"";"";"";"Hamburg";"indelivery";1002;"2019-03-09"
9755;"energy";"gas";11600;12265;"2020-03-14";"2020-04-01";"";"";"";"Magdeburg";"indelivery";2001;"2020-04-02"
9756;"energy";"gas";7500;7834;"2018-03-01";"2018-06-01";"";"";"";"Hamburg";"indelivery";2001;"2019-10-13"
9757;"energy";"gas";9400;"";"2018-02-20";"2018-09-01";"2019-04-30";"2019-03-25";"fristgerecht durch LichtBlick";"Mannheim";"terminated";2001;"2019-03-25"
9758;"energy";"electricity";2000;"";"2020-08-27";"2021-05-01";"";"";"";"Hamburg";"active";1001;"2020-09-30"
9759;"energy";"electricity";2900;2764;"2019-11-30";"2020-01-01";"";"";"";"Offenbach";"indelivery";1001;"2020-08-11"
9760;"energy";"electricity";2700;2686;"2018-06-08";"2018-08-01";"";"";"";"Berlin";"indelivery";1000;"2020-09-30"
9761;"energy";"electricity";2900;3074;"2018-08-11";"2018-10-01";"2019-10-31";"2019-09-28";"Umzug";"Berlin";"terminated";1000;"2019-01-29"
9762;"energy";"gas";11200;11804;"2019-05-13";"2019-10-01";"";"";"";"Würzburg";"indelivery";2001;"2020-04-26"
9763;"energy";"electricity";2800;"";"2019-01-21";"2019-05-01";"";"";"";"Nienburg";"indelivery";1000;"2019-10-15"
9764;"energy";"electricity";2000;2162;"2018-02-08";"2018-03-01";"2018-03-01";"2020-08-30";"Wiederruf";"Munich";"terminated";1000;"2018-04-13"
9765;"energy";"electricity";2700;2735;"2019-11-07";"2020-01-01";"";"";"";"Homburg";"indelivery";1002;"2020-03-30"
9766;"energy";"gas";10300;10975;"2019-04-23";"2019-07-01";"";"";"";"Frankfurt";"indelivery";2000;"2020-07-15"
9767;"energy";"electricity";2000;2132;"2018-01-04";"2018-05-01";"";"";"";"Leipzig";"indelivery";1001;"2018-11-18"
9768;"energy";"electricity";2000;2150;"2018-12-16";"2019-02-01";"2019-02-01";"2019-08-03";"Wiederruf";"Berlin";"terminated";1000;"2019-08-03"
9769;"energy";"electricity";2400;2304;"2019-10-14";"2019-11-01";"";"";"";"Hamburg";"indelivery";1002;"2019-12-19"
9770;"energy";"gas";10300;11062;"2018-07-09";"2019-03-01";"";"";"";"Essen";"indelivery";2001;"2019-05-10"
9771;"energy";"electricity";2200;2186;"2018-06-06";"2019-03-01";"2019-08-31";"2019-08-01";"fristgerecht durch Kunde";"Hannover";"terminated";1001;"2018-11-19"
9772;"energy";"electricity";2900;2964;"2019-12-30";"2020-06-01";"";"";"";"Karlsruhe";"indelivery";1001;"2020-07-30"
9773;"energy";"electricity";2800;2910;"2019-06-26";"2019-09-01";"";"";"";"Mainz";"indelivery";1000;"2019-11-05"
9774;"energy";"gas";9400;9493;"2018-05-04";"2019-05-01";"";"";"";"Koblenz";"indelivery";2001;"2019-10-14"
9775;"energy";"electricity";2900;3010;"2019-08-07";"2019-09-01";"";"";"";"Dortmund";"indelivery";1000;"2020-06-01"
9776;"energy";"electricity";2600;2766;"2020-09-13";"2020-10-01";"";"";"";"Leipzig";"indelivery";1000;"2020-09-14"
9777;"energy";"electricity";2700;2711;"2019-08-21";"2020-04-01";"";"";"";"Bergheim";"indelivery";1000;"2019-08-31"
9778;"energy";"electricity";2300;2178;"2019-02-25";"2019-05-01";"";"";"";"Bielefeld";"indelivery";1000;"2020-05-12"
9779;"energy";"electricity";2900;2860;"2019-10-26";"2020-07-01";"";"";"";"Bielefeld";"indelivery";1000;"2020-09-05"
9780;"energy";"electricity";2700;2650;"2019-10-06";"2020-07-01";"";"";"";"Hamburg";"indelivery";1002;"2020-04-25"
9781;"energy";"electricity";2500;2630;"2019-05-08";"2019-07-01";"";"";"";"Bonn";"indelivery";1001;"2019-07-05"
9782;"energy";"electricity";2000;1952;"2018-09-10";"2019-02-01";"";"";"";"Hamburg";"indelivery";1001;"2020-04-03"
9783;"energy";"electricity";2400;2428;"2019-04-14";"2019-05-01";"";"";"";"Augsburg";"indelivery";1002;"2020-04-09"
9784;"energy";"electricity";2800;2933;"2018-12-17";"2019-03-01";"";"";"";"Regensburg";"indelivery";1001;"2020-02-06"
9785;"energy";"electricity";2100;2151;"2018-11-24";"2019-02-01";"";"";"";"Ingolstadt";"indelivery";1002;"2019-08-24"
9786;"energy";"gas";8800;8987;"2019-02-03";"2019-10-01";"2019-11-30";"2019-10-28";"fristgerecht durch LichtBlick";"Stuttgart";"terminated";2000;"2019-10-03"
9787;"energy";"electricity";2000;1998;"2018-09-09";"2018-11-01";"2020-02-29";"2020-01-31";"fristgerecht durch LichtBlick";"Berlin";"terminated";1001;"2019-07-02"
9788;"energy";"electricity";2200;"";"2018-04-05";"2018-05-01";"";"";"";"Cologne";"indelivery";1000;"2020-01-05"
9789;"energy";"electricity";2800;"";"2019-10-31";"2019-12-01";"";"";"";"Dresden";"indelivery";1002;"2020-05-10"
9790;"energy";"electricity";2000;2107;"2019-03-15";"2019-07-01";"";"";"";"Berlin";"indelivery";1000;"2020-03-12"
9791;"energy";"electricity";2000;2164;"2019-09-04";"2020-01-01";"";"";"";"Leipzig";"indelivery";1001;"2020-09-23"
9792;"energy";"electricity";2300;2377;"2018-02-22";"2018-04-01";"";"";"";"Essen";"indelivery";1002;"2018-10-13"
9793;"energy";"electricity";2100;2215;"2019-05-30";"2019-09-01";"";"";"";"Dortmund";"indelivery";1001;"2020-01-03"
9794;"energy";"electricity";2200;"";"2018-05-05";"2018-07-01";"";"";"";"Berlin";"indelivery";1000;"2018-06-03"
9795;"energy";"electricity";2800;2928;"2020-09-14";"2021-04-01";"";"";"";"Münster";"active";1002;"2020-09-26"
9796;"energy";"electricity";2000;1952;"2019-12-13";"2020-01-01";"";"";"";"Wiesbaden";"indelivery";1000;"2020-04-29"
9797;"energy";"electricity";2400;2272;"2020-01-13";"2020-07-01";"";"";"";"Berlin";"indelivery";1001;"2020-07-05"
9798;"energy";"electricity";2100;1956;"2019-05-11";"2019-08-01";"";"";"";"Frankfurt";"indelivery";1002;"2020-04-14"
9799;"energy";"electricity";2400;2355;"2020-09-26";"2021-10-01";"";"";"";"Berlin";"active";1001;"2020-09-28"
9800;"energy";"electricity";2800;2852;"2019-11-16";"2021-03-01";"";"";"";"Karlsruhe";"active";1002;"2020-03-13"
9801;"energy";"electricity";2600;2816;"2020-02-09";"2020-09-01";"";"";"";"Essen";"indelivery";1000;"2020-06-11"
9802;"energy";"electricity";2400;2287;"2019-06-27";"2019-08-01";"";"";"";"Hamburg";"indelivery";1001;"2019-09-27"
9803;"energy";"gas";11600;11310;"2020-07-22";"2020-10-01";"";"";"";"Magdeburg";"indelivery";2000;"2020-07-31"
9804;"energy";"electricity";2500;"";"2019-05-13";"2020-03-01";"";"";"";"Bremen";"indelivery";1000;"2019-10-13"
9805;"energy";"electricity";2200;2182;"2020-04-06";"2021-05-01";"";"";"";"Hamburg";"active";1002;"2020-05-06"
9806;"energy";"electricity";2900;3091;"2020-02-06";"2020-07-01";"";"";"";"Altchemnitz";"indelivery";1000;"2020-03-25"
9807;"energy";"electricity";2700;2604;"2018-10-03";"2019-01-01";"2019-02-28";"2019-01-29";"fristgerecht durch LichtBlick";"Essen";"terminated";1001;"2019-01-10"
9808;"energy";"electricity";2000;1954;"2019-12-19";"2020-07-01";"";"";"";"Duisburg";"indelivery";1002;"2020-03-12"
9809;"energy";"electricity";2600;2693;"2019-08-20";"2020-04-01";"";"";"";"Leipzig";"indelivery";1002;"2020-08-02"
9810;"energy";"gas";9600;9652;"2019-04-10";"2019-11-01";"2020-08-31";"2020-07-25";"fristgerecht durch Kunde";"Münster";"terminated";2000;"2019-10-07"
9811;"energy";"electricity";2500;2491;"2018-12-25";"2019-04-01";"";"";"";"Schwerin";"indelivery";1002;"2019-06-18"
9812;"energy";"electricity";2600;2667;"2019-07-03";"2019-10-01";"2019-11-30";"2019-10-30";"fristgerecht durch LichtBlick";"Leipzig";"terminated";1002;"2019-10-30"
9813;"energy";"electricity";2600;2547;"2019-05-01";"2019-06-01";"";"";"";"Fürstenfeldbruck";"indelivery";1001;"2019-05-19"
9814;"energy";"gas";9500;9388;"2018-07-03";"2018-08-01";"2019-07-31";"2019-07-01";"Umzug";"Frankfurt";"terminated";2000;"2019-07-01"
9815;"energy";"electricity";2600;2759;"2018-11-15";"2019-03-01";"";"";"";"Schwerin";"indelivery";1000;"2020-07-28"
9816;"energy";"electricity";2900;2886;"2019-04-22";"2019-11-01";"";"";"";"Oldenburg";"indelivery";1000;"2019-08-16"
9817;"energy";"electricity";2400;2366;"2019-04-12";"2019-06-01";"2020-11-30";"2020-11-02";"fristgerecht durch Kunde";"Cologne";"cancelled";1002;"2019-05-15"
9818;"energy";"electricity";2100;2079;"2019-02-12";"2019-04-01";"";"";"";"Apolda";"indelivery";1001;"2019-07-02"
9819;"energy";"gas";9300;9548;"2018-01-30";"2018-03-01";"2018-07-31";"2018-07-03";"fristgerecht durch LichtBlick";"Berlin";"terminated";2000;"2018-07-03"
9820;"energy";"electricity";2400;2526;"2018-09-24";"2019-02-01";"";"";"";"Mannheim";"indelivery";1001;"2020-02-27"
9821;"energy";"electricity";2400;2339;"2019-12-16";"2020-01-01";"";"";"";"Berlin";"indelivery";1000;"2020-06-07"
9822;"energy";"electricity";2100;2180;"2019-01-12";"2019-03-01";"";"";"";"Erding";"indelivery";1001;"2019-12-28"
9823;"energy";"electricity";2800;2973;"2020-05-13";"2020-06-01";"";"";"";"Augsburg";"indelivery";1002;"2020-09-08"
9824;"energy";"electricity";2200;2221;"2018-01-06";"2018-05-01";"";"";"";"Hamburg";"indelivery";1001;"2018-10-01"
9825;"energy";"electricity";2100;2122;"2019-11-09";"2020-04-01";"2020-12-31";"2020-12-03";"Umzug";"Marienberg";"cancelled";1002;"2019-12-15"
9826;"energy";"electricity";2300;2296;"2018-08-05";"2018-11-01";"";"";"";"Duisburg";"indelivery";1001;"2019-04-02"
9827;"energy";"electricity";2900;2910;"2020-06-01";"2020-08-01";"";"";"";"Essen";"indelivery";1000;"2020-07-26"
9828;"energy";"electricity";2000;"";"2018-01-24";"2018-02-01";"2019-06-30";"2019-06-01";"fristgerecht durch Kunde";"Hannover";"terminated";1000;"2019-06-01"
9829;"energy";"electricity";2400;2275;"2018-08-14";"2018-10-01";"";"";"";"Ingolstadt";"indelivery";1001;"2019-07-31"
9830;"energy";"electricity";2800;2878;"2019-05-09";"2019-06-01";"";"";"";"Cologne";"indelivery";1002;"2020-05-24"
9831;"energy";"electricity";2200;2361;"2019-02-08";"2019-04-01";"2019-04-01";"2020-08-01";"Wiederruf";"Rostock";"terminated";1001;"2020-02-04"
9832;"energy";"gas";8700;8597;"2019-11-28";"2020-09-01";"";"";"";"Saarbrücken";"indelivery";2000;"2020-07-14"
9833;"energy";"electricity";2700;2567;"2019-10-16";"2019-11-01";"";"";"";"Regensburg";"indelivery";1002;"2019-11-07"
9834;"energy";"electricity";2700;2543;"2020-09-09";"2021-02-01";"";"";"";"Freiburg";"active";1001;"2020-09-25"
9835;"energy";"electricity";2800;2931;"2019-09-29";"2019-12-01";"";"";"";"Munich";"indelivery";1001;"2019-12-20"
9836;"energy";"electricity";2000;1978;"2018-08-04";"2019-01-01";"";"";"";"Leipzig";"indelivery";1001;"2019-03-21"
9837;"energy";"electricity";2000;2129;"2018-12-02";"2019-01-01";"";"";"";"Leipzig";"indelivery";1002;"2019-06-26"
9838;"energy";"electricity";2200;2349;"2018-07-05";"2019-01-01";"";"";"";"Freiburg";"indelivery";1000;"2019-01-31"
9839;"energy";"electricity";2700;2840;"2020-03-09";"2020-05-01";"";"";"";"Stralsund";"indelivery";1001;"2020-06-17"
9840;"energy";"electricity";2000;1997;"2019-10-22";"2020-04-01";"2020-08-31";"2020-07-29";"fristgerecht durch Kunde";"Munich";"terminated";1001;"2020-05-30"
9841;"energy";"electricity";2100;2112;"2019-11-30";"2019-12-01";"";"";"";"Frankfurt";"indelivery";1002;"2020-03-16"
9842;"energy";"electricity";2300;2329;"2018-05-20";"2018-06-01";"";"";"";"Gera";"indelivery";1001;"2020-08-03"
9843;"energy";"electricity";2600;2787;"2019-09-06";"2020-04-01";"";"";"";"Hamburg";"indelivery";1001;"2020-03-03"
9844;"energy";"electricity";2000;2163;"2019-01-31";"2019-04-01";"";"";"";"Hamburg";"indelivery";1002;"2020-06-26"
9845;"energy";"electricity";2200;2302;"2019-02-11";"2019-04-01";"2019-05-31";"2019-05-01";"Umzug";"Duisburg";"terminated";1000;"2019-05-01"
9846;"energy";"electricity";2500;2408;"2020-07-08";"2020-09-01";"";"";"";"Essen";"indelivery";1000;"2020-09-20"
9847;"energy";"gas";11400;12002;"2020-07-22";"2020-09-01";"";"";"";"Magdeburg";"indelivery";2001;"2020-09-16"
9848;"energy";"electricity";2200;2147;"2020-09-12";"2020-11-01";"";"";"";"Munich";"active";1001;"2020-09-23"
9849;"energy";"electricity";2200;2185;"2020-03-20";"2020-07-01";"";"";"";"Berlin";"indelivery";1001;"2020-09-26"
9850;"energy";"electricity";2800;2857;"2018-01-15";"2018-07-01";"";"";"";"Lübeck";"indelivery";1001;"2019-10-26"
9851;"energy";"electricity";2700;2698;"2020-03-27";"2020-10-01";"";"";"";"Leipzig";"indelivery";1000;"2020-04-28"
9852;"energy";"electricity";2800;2737;"2020-03-07";"2020-07-01";"";"";"";"Freiburg";"indelivery";1002;"2020-05-07"
9853;"energy";"electricity";2500;2546;"2018-07-18";"2018-09-01";"2020-05-31";"2020-05-01";"fristgerecht durch Kunde";"Hamburg";"terminated";1000;"2019-08-22"
9854;"energy";"electricity";2300;2435;"2018-05-13";"2018-06-01";"2020-09-30";"2020-09-02";"Umzug";"Stuttgart";"terminated";1002;"2019-03-02"
9855;"energy";"electricity";2800;"";"2019-10-28";"2019-11-01";"";"";"";"Berlin";"indelivery";1002;"2020-01-20"
9856;"energy";"electricity";2000;2008;"2019-06-27";"2020-03-01";"";"";"";"Berlin";"indelivery";1002;"2020-01-14"
9857;"energy";"electricity";2800;2919;"2018-07-04";"2018-09-01";"";"";"";"Munich";"indelivery";1000;"2018-12-08"
9858;"energy";"electricity";2100;2233;"2020-08-22";"2021-03-01";"";"";"";"Berlin";"active";1000;"2020-09-15"
9859;"energy";"electricity";2300;2195;"2020-09-24";"2021-01-01";"";"";"";"Bremen";"active";1002;"2020-09-28"
9860;"energy";"electricity";2700;"";"2018-07-25";"2018-10-01";"";"";"";"Schwerin";"indelivery";1002;"2019-04-27"
9861;"energy";"electricity";2700;2641;"2019-05-19";"2019-11-01";"";"";"";"Potsdam";"indelivery";1001;"2020-02-06"
9862;"energy";"electricity";2500;"";"2020-06-11";"2020-12-01";"";"";"";"Berlin";"active";1002;"2020-09-18"
9863;"energy";"electricity";3000;3067;"2018-10-14";"2018-12-01";"";"";"";"Hofeck";"indelivery";1001;"2019-08-18"
9864;"energy";"gas";9200;8769;"2019-07-28";"2019-12-01";"";"";"";"Bremen";"indelivery";2000;"2019-08-03"
9865;"energy";"electricity";2500;2688;"2019-06-29";"2019-07-01";"2020-02-29";"2020-01-30";"fristgerecht durch Kunde";"Düsseldorf";"terminated";1000;"2020-01-30"
9866;"energy";"electricity";2800;2891;"2019-02-17";"2019-05-01";"";"";"";"Bremerhaven";"indelivery";1000;"2020-05-25"
9867;"energy";"electricity";2000;2055;"2018-07-24";"2018-08-01";"";"";"";"Wuppertal";"indelivery";1001;"2019-07-21"
9868;"energy";"electricity";2200;"";"2019-09-23";"2019-11-01";"";"";"";"Augsburg";"indelivery";1001;"2020-03-31"
9869;"energy";"electricity";2400;2494;"2018-01-14";"2018-11-01";"";"";"";"Uelzen";"indelivery";1002;"2020-01-09"
9870;"energy";"electricity";2500;2533;"2020-03-18";"2020-09-01";"";"";"";"Gera";"indelivery";1001;"2020-05-17"
9871;"energy";"electricity";2300;2363;"2018-05-04";"2018-11-01";"";"";"";"Wiesbaden";"indelivery";1000;"2020-01-03"
9872;"energy";"electricity";2100;2181;"2019-07-16";"2020-11-01";"";"";"";"Bremen";"active";1002;"2020-05-08"
9873;"energy";"electricity";2200;2186;"2018-03-01";"2018-03-01";"";"";"";"Munich";"indelivery";1000;"2019-06-12"
9874;"energy";"electricity";2100;2108;"2018-03-31";"2018-09-01";"";"";"";"Dortmund";"indelivery";1002;"2020-01-08"
9875;"energy";"electricity";1900;1987;"2018-11-04";"2019-01-01";"";"";"";"Hamburg";"indelivery";1002;"2019-05-29"
9876;"energy";"electricity";2700;2578;"2020-09-22";"2020-12-01";"";"";"";"Berlin";"active";1002;"2020-09-27"
9877;"energy";"electricity";3000;2964;"2019-11-20";"2020-02-01";"";"";"";"Braunschweig";"indelivery";1001;"2020-03-01"
9878;"energy";"gas";11700;11664;"2019-03-26";"2019-06-01";"2020-12-31";"2020-12-03";"fristgerecht durch Kunde";"Karlsruhe";"cancelled";2001;"2020-08-29"
9879;"energy";"electricity";2600;2508;"2018-12-26";"2019-04-01";"";"";"";"Munich";"indelivery";1000;"2020-04-01"
9880;"energy";"electricity";2800;2930;"2018-12-10";"2019-01-01";"";"";"";"Braunschweig";"indelivery";1002;"2019-06-02"
9881;"energy";"electricity";2300;2234;"2020-06-23";"2021-01-01";"";"";"";"Hamburg";"active";1002;"2020-09-24"
9882;"energy";"gas";8400;8957;"2019-06-13";"2019-10-01";"2020-08-31";"2020-08-03";"fristgerecht durch Kunde";"Berlin";"terminated";2001;"2020-07-23"
9883;"energy";"electricity";2600;2602;"2019-01-20";"2019-04-01";"";"";"";"Wuppertal";"indelivery";1001;"2020-05-08"
9884;"energy";"gas";8800;8721;"2018-05-01";"2018-06-01";"";"";"";"Münster";"indelivery";2001;"2020-07-21"
9885;"energy";"electricity";2500;2653;"2020-07-09";"2020-12-01";"";"";"";"Mannheim";"active";1002;"2020-07-29"
9886;"energy";"electricity";2200;2164;"2018-06-21";"2018-09-01";"";"";"";"Dortmund";"indelivery";1000;"2020-08-27"
9887;"energy";"electricity";3100;3208;"2018-03-27";"2018-07-01";"2018-08-31";"2018-08-01";"fristgerecht durch LichtBlick";"Leverkusen";"terminated";1000;"2018-08-01"
9888;"energy";"electricity";2200;2337;"2020-02-12";"2021-01-01";"";"";"";"Bonn";"active";1000;"2020-07-24"
9889;"energy";"electricity";2700;2822;"2019-04-04";"2019-08-01";"";"";"";"Altchemnitz";"indelivery";1001;"2019-12-07"
9890;"energy";"electricity";2300;2241;"2018-10-01";"2018-11-01";"";"";"";"Munich";"indelivery";1002;"2018-11-25"
9891;"energy";"electricity";2500;2643;"2019-12-02";"2020-08-01";"";"";"";"Güstrow";"indelivery";1001;"2020-01-30"
9892;"energy";"electricity";2600;2587;"2019-07-22";"2019-12-01";"";"";"";"Essen";"indelivery";1001;"2019-11-23"
9893;"energy";"electricity";2600;2525;"2020-01-05";"2020-02-01";"";"";"";"Magdeburg";"indelivery";1001;"2020-03-12"
9894;"energy";"electricity";2500;"";"2019-02-23";"2019-03-01";"";"";"";"Karlsruhe";"indelivery";1001;"2019-05-04"
9895;"energy";"electricity";2400;2540;"2019-06-14";"2019-08-01";"";"";"";"Cologne";"indelivery";1001;"2020-06-13"
9896;"energy";"electricity";2000;2026;"2018-03-07";"2018-05-01";"2018-05-01";"2020-03-03";"Wiederruf";"Ingolstadt";"terminated";1001;"2019-06-05"
9897;"energy";"electricity";2700;"";"2020-06-10";"2020-11-01";"";"";"";"Oldenburg";"active";1002;"2020-08-27"
9898;"energy";"electricity";3000;2958;"2018-09-16";"2018-12-01";"";"";"";"Osnabrück";"indelivery";1000;"2018-10-19"
9899;"energy";"electricity";2200;2244;"2019-05-01";"2019-07-01";"";"";"";"Altchemnitz";"indelivery";1001;"2019-11-10"
9900;"energy";"electricity";2100;"";"2020-06-11";"2021-04-01";"";"";"";"Regensburg";"active";1002;"2020-07-10"
9901;"energy";"electricity";2400;2275;"2018-08-30";"2018-10-01";"";"";"";"Dortmund";"indelivery";1001;"2018-12-23"
9902;"energy";"electricity";2300;2430;"2018-06-08";"2018-07-01";"";"";"";"Hamburg";"indelivery";1000;"2018-11-12"
9903;"energy";"electricity";2400;2253;"2018-06-26";"2019-06-01";"2020-12-31";"2020-11-30";"fristgerecht durch Kunde";"Hamburg";"cancelled";1002;"2019-01-27"
9904;"energy";"electricity";2400;2536;"2020-04-11";"2020-07-01";"";"";"";"Northeim";"indelivery";1002;"2020-08-19"
9905;"energy";"electricity";2500;2632;"2019-03-22";"2019-05-01";"2019-05-01";"2020-01-01";"Wiederruf";"Berlin";"terminated";1001;"2019-09-19"
9906;"energy";"electricity";2600;2492;"2019-12-13";"2020-04-01";"";"";"";"Hannover";"indelivery";1000;"2020-06-08"
9907;"energy";"electricity";2700;2865;"2018-02-10";"2018-04-01";"2018-12-31";"2018-12-01";"Umzug";"Augsburg";"terminated";1000;"2018-04-19"
9908;"energy";"electricity";2400;2282;"2018-12-30";"2019-05-01";"2020-10-31";"2020-10-03";"Umzug";"Mannheim";"cancelled";1001;"2019-06-03"
9909;"energy";"electricity";2300;2260;"2018-11-09";"2019-02-01";"";"";"";"Berlin";"indelivery";1002;"2019-03-05"
9910;"energy";"electricity";2400;2559;"2020-07-19";"2020-12-01";"";"";"";"Bielefeld";"active";1000;"2020-08-26"
9911;"energy";"electricity";2100;2199;"2018-06-14";"2018-09-01";"";"";"";"Münster";"indelivery";1000;"2019-07-11"
9912;"energy";"electricity";2800;2773;"2019-09-16";"2019-10-01";"2020-01-31";"2020-01-03";"Umzug";"Wiesbaden";"terminated";1000;"2020-01-03"
9913;"energy";"electricity";2600;2740;"2019-02-12";"2019-04-01";"";"";"";"Stuttgart";"indelivery";1001;"2019-06-26"
9914;"energy";"electricity";2200;2236;"2020-02-24";"2020-05-01";"2020-05-01";"2020-09-30";"Wiederruf";"Bremen";"terminated";1000;"2020-08-31"
9915;"energy";"electricity";2500;2401;"2018-10-31";"2019-01-01";"";"";"";"Berlin";"indelivery";1000;"2019-07-22"
9916;"energy";"electricity";2600;2526;"2019-08-05";"2019-10-01";"";"";"";"Frankfurt";"indelivery";1002;"2019-10-28"
9917;"energy";"electricity";2400;2399;"2018-04-19";"2019-01-01";"";"";"";"Mannheim";"indelivery";1002;"2019-07-03"
9918;"energy";"electricity";2300;2449;"2018-03-07";"2018-07-01";"";"";"";"Kiel";"indelivery";1002;"2018-06-02"
9919;"energy";"electricity";2200;2287;"2019-03-15";"2019-06-01";"";"";"";"Wuppertal";"indelivery";1001;"2019-04-15"
9920;"energy";"electricity";2100;2017;"2020-04-14";"2021-02-01";"";"";"";"Bonn";"active";1002;"2020-08-28"
9921;"energy";"electricity";2500;"";"2019-07-21";"2019-08-01";"";"";"";"Berlin";"indelivery";1000;"2020-09-22"
9922;"energy";"gas";12000;11571;"2020-05-07";"2020-06-01";"";"";"";"Bad Schwalbach";"indelivery";2000;"2020-06-17"
9923;"energy";"electricity";2700;2633;"2018-03-27";"2018-05-01";"";"";"";"Frankfurt";"indelivery";1001;"2020-02-28"
9924;"energy";"gas";9500;9350;"2019-09-12";"2020-04-01";"";"";"";"Osnabrück";"indelivery";2000;"2019-10-01"
9925;"energy";"electricity";2100;2194;"2020-02-21";"2020-10-01";"";"";"";"Hamburg";"indelivery";1002;"2020-08-03"
9926;"energy";"electricity";2400;2435;"2020-03-15";"2020-06-01";"";"";"";"Berlin";"indelivery";1001;"2020-07-01"
9927;"energy";"electricity";2100;"";"2019-01-02";"2019-04-01";"";"";"";"Berlin";"indelivery";1002;"2020-08-29"
9928;"energy";"electricity";2700;2728;"2019-03-31";"2020-01-01";"";"";"";"Freiburg";"indelivery";1001;"2020-06-26"
9929;"energy";"electricity";2100;2110;"2018-06-25";"2018-12-01";"2019-10-31";"2019-09-30";"fristgerecht durch Kunde";"Osnabrück";"terminated";1000;"2018-09-21"
9930;"energy";"electricity";2800;2887;"2020-08-06";"2021-01-01";"";"";"";"Dortmund";"active";1000;"2020-08-24"
9931;"energy";"electricity";2400;2555;"2018-06-11";"2018-07-01";"2020-03-31";"2020-03-02";"fristgerecht durch LichtBlick";"Heilbad Heiligenstadt";"terminated";1001;"2019-12-12"
9932;"energy";"electricity";2100;2094;"2020-02-02";"2020-03-01";"";"";"";"Düsseldorf";"indelivery";1001;"2020-07-20"
9933;"energy";"gas";11700;11746;"2020-06-17";"2020-08-01";"";"";"";"Dortmund";"indelivery";2000;"2020-09-07"
9934;"energy";"gas";11300;"";"2019-01-21";"2019-03-01";"";"";"";"Freiburg";"indelivery";2000;"2019-06-02"
9935;"energy";"electricity";2500;2638;"2019-10-31";"2020-01-01";"2020-01-01";"2020-06-29";"Wiederruf";"Leipzig";"terminated";1000;"2019-12-15"
9936;"energy";"gas";8000;8457;"2019-05-10";"2019-10-01";"";"";"";"Munich";"indelivery";2000;"2019-10-04"
9937;"energy";"electricity";2600;2717;"2019-03-24";"2019-04-01";"";"";"";"Düsseldorf";"indelivery";1000;"2019-11-20"
9938;"energy";"electricity";2800;2736;"2018-11-23";"2018-12-01";"";"";"";"Münster";"indelivery";1001;"2020-01-13"
9939;"energy";"electricity";2500;2599;"2019-08-17";"2020-03-01";"";"";"";"Hamburg";"indelivery";1000;"2019-08-22"
9940;"energy";"electricity";2300;2269;"2020-09-16";"2021-09-01";"";"";"";"Bremen";"active";1000;"2020-09-26"
9941;"energy";"gas";9400;9823;"2019-05-01";"2019-05-01";"";"";"";"Marienberg";"indelivery";2000;"2019-08-21"
9942;"energy";"electricity";2300;2408;"2020-01-05";"2020-05-01";"";"";"";"Stuttgart";"indelivery";1002;"2020-07-31"
9943;"energy";"electricity";2200;2149;"2018-12-06";"2019-05-01";"";"";"";"Munich";"indelivery";1001;"2019-07-29"
9944;"energy";"gas";10600;11346;"2018-02-20";"2018-09-01";"2020-01-31";"2019-12-31";"fristgerecht durch LichtBlick";"Munich";"terminated";2000;"2018-08-11"
9945;"energy";"electricity";2000;2116;"2020-08-05";"2020-10-01";"";"";"";"Frankfurt";"indelivery";1000;"2020-08-15"
9946;"energy";"electricity";2300;2266;"2019-07-15";"2019-10-01";"";"";"";"Hamburg";"indelivery";1000;"2020-08-23"
9947;"energy";"gas";9000;9532;"2018-10-08";"2019-03-01";"";"";"";"Dresden";"indelivery";2001;"2019-07-30"
9948;"energy";"electricity";2400;2366;"2019-02-07";"2020-01-01";"2020-12-31";"2020-12-03";"fristgerecht durch Kunde";"Stuttgart";"cancelled";1001;"2019-03-05"
9949;"energy";"electricity";2900;2916;"2020-08-25";"2020-10-01";"";"";"";"Kiel";"indelivery";1002;"2020-08-26"
9950;"energy";"electricity";2800;3040;"2018-09-23";"2018-11-01";"";"";"";"Hannover";"indelivery";1001;"2018-10-28"
9951;"energy";"electricity";2300;2208;"2019-10-11";"2020-02-01";"";"";"";"Braunschweig";"indelivery";1001;"2020-09-30"
9952;"energy";"gas";11900;12485;"2020-06-16";"2021-02-01";"";"";"";"Essen";"active";2001;"2020-07-10"
9953;"energy";"electricity";2500;2560;"2018-08-18";"2019-02-01";"";"";"";"Fürth";"indelivery";1000;"2019-04-10"
9954;"energy";"electricity";2700;2613;"2019-07-15";"2019-10-01";"";"";"";"Rostock";"indelivery";1002;"2019-08-21"
9955;"energy";"gas";11200;11106;"2020-02-04";"2020-07-01";"";"";"";"Dresden";"indelivery";2000;"2020-02-27"
9956;"energy";"electricity";2300;"";"2020-01-22";"2020-03-01";"2020-03-01";"2020-05-28";"Wiederruf";"Leipzig";"terminated";1001;"2020-05-28"
9957;"energy";"electricity";2300;2401;"2019-10-23";"2019-12-01";"";"";"";"Münster";"indelivery";1002;"2020-03-16"
9958;"energy";"electricity";2200;2358;"2019-09-09";"2019-11-01";"";"";"";"Frankfurt";"indelivery";1002;"2020-05-05"
9959;"energy";"electricity";2700;2751;"2020-08-21";"2021-02-01";"";"";"";"Biberach";"active";1001;"2020-09-20"
9960;"energy";"electricity";2600;2511;"2019-06-06";"2019-08-01";"";"";"";"Hamburg";"indelivery";1002;"2019-12-14"
9961;"energy";"electricity";2300;2245;"2018-08-27";"2018-09-01";"";"";"";"Hamburg";"indelivery";1000;"2019-04-11"
9962;"energy";"electricity";2300;2236;"2019-04-28";"2019-06-01";"";"";"";"Duisburg";"indelivery";1000;"2019-07-08"
9963;"energy";"electricity";3000;3150;"2020-01-21";"2020-03-01";"";"";"";"Berlin";"indelivery";1001;"2020-03-11"
9964;"energy";"electricity";2300;2184;"2020-03-04";"2020-07-01";"";"";"";"Duisburg";"indelivery";1001;"2020-09-11"
9965;"energy";"electricity";2400;2252;"2019-02-07";"2019-07-01";"";"";"";"Hamburg";"indelivery";1000;"2019-09-28"
9966;"energy";"electricity";2900;2846;"2020-08-23";"2020-12-01";"";"";"";"Bautzen";"active";1001;"2020-08-24"
9967;"energy";"electricity";2500;"";"2018-01-25";"2018-02-01";"2018-02-01";"2020-05-28";"Wiederruf";"Hamburg";"terminated";1001;"2020-05-13"
9968;"energy";"electricity";2700;2786;"2018-10-08";"2018-11-01";"2019-08-31";"2019-07-27";"fristgerecht durch Kunde";"Frankfurt";"terminated";1000;"2019-07-27"
9969;"energy";"electricity";2600;"";"2020-06-02";"2020-08-01";"";"";"";"Freiburg";"indelivery";1001;"2020-08-09"
9970;"energy";"electricity";2000;2073;"2018-08-19";"2018-11-01";"2020-08-31";"2020-08-01";"Umzug";"Cologne";"terminated";1000;"2020-01-04"
9971;"energy";"electricity";2800;2986;"2020-06-15";"2020-09-01";"";"";"";"Bonn";"indelivery";1001;"2020-09-11"
9972;"energy";"electricity";2600;2786;"2018-11-13";"2018-12-01";"";"";"";"Frankfurt";"indelivery";1000;"2019-11-03"
9973;"energy";"gas";8500;8461;"2020-06-12";"2021-09-01";"";"";"";"Hamburg";"active";2001;"2020-09-25"
9974;"energy";"electricity";2800;2649;"2019-03-09";"2019-04-01";"";"";"";"Augsburg";"indelivery";1000;"2020-01-23"
9975;"energy";"electricity";2700;2692;"2018-12-29";"2019-08-01";"";"";"";"Berlin";"indelivery";1000;"2019-06-28"
9976;"energy";"electricity";2100;2001;"2020-01-15";"2020-06-01";"";"";"";"Kassel";"indelivery";1001;"2020-02-04"
9977;"energy";"electricity";2500;2346;"2020-03-20";"2020-07-01";"";"";"";"Cologne";"indelivery";1002;"2020-08-16"
9978;"energy";"electricity";2200;2126;"2018-09-23";"2019-02-01";"";"";"";"Stuttgart";"indelivery";1001;"2020-03-22"
9979;"energy";"electricity";2900;2789;"2020-02-16";"2020-04-01";"";"";"";"Neustadt";"indelivery";1001;"2020-05-10"
9980;"energy";"electricity";2700;"";"2020-07-20";"2020-11-01";"";"";"";"Duisburg";"active";1000;"2020-08-27"
9981;"energy";"electricity";2800;2928;"2019-06-26";"2020-02-01";"2020-11-30";"2020-11-02";"Umzug";"Münster";"cancelled";1002;"2020-08-24"
9982;"energy";"electricity";2200;2208;"2020-01-07";"2020-03-01";"";"";"";"Güstrow";"indelivery";1001;"2020-07-28"
9983;"energy";"electricity";2700;2657;"2018-06-01";"2018-08-01";"";"";"";"Munich";"indelivery";1002;"2020-01-07"
9984;"energy";"electricity";2300;2236;"2019-10-25";"2020-05-01";"";"";"";"Cologne";"indelivery";1002;"2020-07-06"
9985;"energy";"electricity";2100;"";"2018-06-21";"2018-09-01";"";"";"";"Potsdam";"indelivery";1000;"2020-07-17"
9986;"energy";"electricity";2500;"";"2019-04-06";"2019-10-01";"";"";"";"Berlin";"indelivery";1001;"2019-08-21"
9987;"energy";"electricity";2700;2781;"2020-02-27";"2020-09-01";"";"";"";"Hamburg";"indelivery";1001;"2020-05-02"
9988;"energy";"electricity";2300;2211;"2020-04-01";"2020-10-01";"";"";"";"Frankfurt";"indelivery";1002;"2020-06-03"
9989;"energy";"electricity";2400;2366;"2019-11-29";"2020-02-01";"";"";"";"Munich";"indelivery";1001;"2020-06-01"
9990;"energy";"electricity";2600;2525;"2019-01-11";"2019-03-01";"";"";"";"Hamburg";"indelivery";1001;"2019-11-19"
9991;"energy";"electricity";2200;2220;"2020-01-21";"2020-05-01";"";"";"";"Hannover";"indelivery";1001;"2020-07-11"
9992;"energy";"electricity";2700;2910;"2018-05-02";"2018-10-01";"";"";"";"Hofeck";"indelivery";1001;"2019-10-17"
9993;"energy";"electricity";2600;2581;"2020-03-07";"2020-07-01";"2020-08-31";"2020-07-31";"fristgerecht durch LichtBlick";"Olpe";"terminated";1002;"2020-07-16"
9994;"energy";"electricity";2400;"";"2019-08-06";"2020-01-01";"";"";"";"Münster";"indelivery";1000;"2020-01-27"
9995;"energy";"electricity";2300;2180;"2020-04-30";"2020-05-01";"";"";"";"Dortmund";"indelivery";1002;"2020-09-09"
9996;"energy";"electricity";2800;2760;"2018-09-26";"2019-09-01";"";"";"";"Magdeburg";"indelivery";1001;"2018-11-09"
9997;"energy";"electricity";2200;2267;"2020-07-11";"2020-09-01";"";"";"";"Berlin";"indelivery";1002;"2020-08-26"
9998;"energy";"gas";10400;9894;"2020-08-08";"2020-11-01";"";"";"";"Berlin";"active";2000;"2020-08-12"
9999;"energy";"electricity";2400;2406;"2018-12-26";"2019-01-01";"";"";"";"Stuttgart";"indelivery";1002;"2019-02-04"
10000;"energy";"electricity";2300;2299;"2018-06-15";"2018-07-01";"";"";"";"Munich";"indelivery";1000;"2019-10-05"
10001;"energy";"electricity";2800;2724;"2018-01-02";"2018-03-01";"";"";"";"Magdeburg";"indelivery";1001;"2018-11-24"
10002;"energy";"electricity";1900;1980;"2020-03-05";"2020-09-01";"";"";"";"Berlin";"indelivery";1000;"2020-03-06"
10003;"energy";"electricity";2800;2972;"2019-09-28";"2020-02-01";"";"";"";"Munich";"indelivery";1001;"2020-06-24"
10004;"energy";"electricity";2600;2770;"2019-02-08";"2019-04-01";"2019-04-01";"2020-01-29";"Wiederruf";"Berlin";"terminated";1000;"2019-04-14"
10005;"energy";"gas";9900;10154;"2019-08-31";"2019-10-01";"";"";"";"Leipzig";"indelivery";2000;"2019-11-22"
10006;"energy";"electricity";2700;2661;"2019-06-22";"2020-01-01";"";"";"";"Berlin";"indelivery";1002;"2020-04-05"
10007;"energy";"electricity";2700;2727;"2019-07-13";"2019-08-01";"";"";"";"Hamburg";"indelivery";1002;"2020-06-03"
10008;"energy";"electricity";2300;2206;"2019-01-10";"2019-02-01";"2020-11-30";"2020-11-02";"Umzug";"Wiesbaden";"cancelled";1001;"2020-04-05"
10009;"energy";"electricity";2700;2790;"2020-01-28";"2020-05-01";"";"";"";"Berlin";"indelivery";1000;"2020-09-17"
10010;"energy";"electricity";2100;2004;"2018-03-13";"2018-08-01";"2018-08-01";"2018-10-03";"Wiederruf";"Munich";"terminated";1002;"2018-10-03"
10011;"energy";"electricity";2300;2313;"2019-06-12";"2019-07-01";"";"";"";"Cologne";"indelivery";1001;"2020-03-24"
10012;"energy";"gas";9400;9632;"2018-02-09";"2018-03-01";"2018-03-01";"2019-06-01";"Wiederruf";"Starnberg";"terminated";2000;"2019-06-01"
10013;"energy";"gas";11400;12109;"2019-03-17";"2019-04-01";"2019-04-01";"2020-10-02";"Wiederruf";"Koblenz";"terminated";2001;"2019-07-11"
10014;"energy";"electricity";3000;2974;"2019-05-13";"2020-02-01";"";"";"";"Dortmund";"indelivery";1000;"2019-10-02"
10015;"energy";"gas";10100;10416;"2018-03-22";"2018-05-01";"2020-09-30";"2020-08-31";"fristgerecht durch Kunde";"Mainz";"terminated";2001;"2020-05-14"
10016;"energy";"electricity";2200;2147;"2019-05-24";"2019-10-01";"";"";"";"Hamburg";"indelivery";1002;"2020-09-11"
10017;"energy";"electricity";2600;2543;"2019-10-31";"2020-05-01";"";"";"";"Berlin";"indelivery";1000;"2020-09-13"
10018;"energy";"electricity";2100;2298;"2020-07-12";"2020-09-01";"";"";"";"Munich";"indelivery";1000;"2020-08-09"
10019;"energy";"electricity";2600;2774;"2018-02-21";"2018-04-01";"2020-03-31";"2020-02-29";"fristgerecht durch LichtBlick";"Balingen";"terminated";1001;"2020-02-29"
10020;"energy";"gas";8300;8673;"2019-05-05";"2019-08-01";"2020-09-30";"2020-09-01";"Umzug";"Leipzig";"terminated";2001;"2020-02-08"
10021;"energy";"gas";10100;"";"2020-02-19";"2020-05-01";"";"";"";"Berlin";"indelivery";2001;"2020-03-31"
10022;"energy";"electricity";2800;2725;"2020-07-26";"2020-09-01";"";"";"";"Hamburg";"indelivery";1000;"2020-08-21"
10023;"energy";"electricity";2100;2252;"2018-10-24";"2019-05-01";"";"";"";"Berlin";"indelivery";1001;"2020-02-09"
10024;"energy";"electricity";2700;2803;"2020-08-18";"2021-01-01";"";"";"";"Freiburg";"active";1002;"2020-09-16"
10025;"energy";"electricity";2300;2428;"2019-02-14";"2019-04-01";"";"";"";"Hamburg";"indelivery";1000;"2020-09-29"
10026;"energy";"electricity";2800;2895;"2020-02-22";"2020-05-01";"";"";"";"Fürth";"indelivery";1001;"2020-09-24"
10027;"energy";"electricity";2700;2863;"2018-05-10";"2018-07-01";"";"";"";"Frankfurt";"indelivery";1000;"2020-03-12"
10028;"energy";"electricity";2600;2581;"2019-11-26";"2020-06-01";"";"";"";"Hamburg";"indelivery";1001;"2020-06-01"
10029;"energy";"electricity";2100;2024;"2019-04-05";"2020-04-01";"";"";"";"Gießen";"indelivery";1001;"2019-08-21"
10030;"energy";"electricity";2200;2325;"2019-12-27";"2020-01-01";"";"";"";"Munich";"indelivery";1000;"2020-08-27"
10031;"energy";"electricity";2200;2170;"2019-04-09";"2020-01-01";"2020-01-01";"2020-10-02";"Wiederruf";"Hamburg";"terminated";1002;"2019-09-04"
10032;"energy";"gas";10200;10296;"2020-02-06";"2020-04-01";"";"";"";"Munich";"indelivery";2001;"2020-03-23"
10033;"energy";"electricity";2900;2744;"2020-05-08";"2021-03-01";"";"";"";"Bremerhaven";"active";1002;"2020-09-25"
10034;"energy";"electricity";2700;2663;"2020-09-13";"2020-12-01";"";"";"";"Cologne";"active";1002;"2020-09-25"
10035;"energy";"electricity";2500;2436;"2019-12-22";"2020-08-01";"";"";"";"Hannover";"indelivery";1001;"2020-06-14"
10036;"energy";"electricity";2000;2114;"2018-06-09";"2019-02-01";"";"";"";"Berlin";"indelivery";1001;"2019-10-30"
10037;"energy";"electricity";2700;2571;"2018-02-13";"2018-03-01";"";"";"";"Stuttgart";"indelivery";1002;"2020-04-08"
10038;"energy";"electricity";2600;"";"2018-08-29";"2018-10-01";"";"";"";"Leipzig";"indelivery";1000;"2019-07-08"
10039;"energy";"gas";11700;11948;"2019-08-17";"2019-11-01";"";"";"";"Duisburg";"indelivery";2001;"2020-03-25"
10040;"energy";"gas";8700;9274;"2018-08-08";"2018-10-01";"2020-07-31";"2020-06-29";"fristgerecht durch LichtBlick";"Leipzig";"terminated";2001;"2019-10-22"
10041;"energy";"electricity";2400;2364;"2020-08-01";"2020-12-01";"";"";"";"Berlin";"active";1001;"2020-09-30"
10042;"energy";"electricity";2600;2722;"2020-01-21";"2020-03-01";"";"";"";"Munich";"indelivery";1000;"2020-08-16"
10043;"energy";"gas";8400;8874;"2018-02-23";"2018-04-01";"";"";"";"Augsburg";"indelivery";2001;"2019-09-25"
10044;"energy";"electricity";2600;2507;"2019-02-22";"2019-04-01";"";"";"";"Berlin";"indelivery";1002;"2020-05-18"
10045;"energy";"electricity";2100;2146;"2019-04-12";"2019-12-01";"";"";"";"Braunschweig";"indelivery";1001;"2019-07-14"
10046;"energy";"electricity";2700;2730;"2019-07-24";"2020-05-01";"";"";"";"Berlin";"indelivery";1001;"2020-02-22"
10047;"energy";"gas";11700;11251;"2018-02-07";"2018-04-01";"2020-12-31";"2020-12-03";"fristgerecht durch LichtBlick";"Marienberg";"cancelled";2001;"2020-03-28"
10048;"energy";"electricity";2100;2052;"2019-05-12";"2019-09-01";"";"";"";"Leipzig";"indelivery";1001;"2019-07-25"
10049;"energy";"electricity";2500;2662;"2018-07-02";"2018-10-01";"";"";"";"Cottbus";"indelivery";1000;"2018-08-09"
10050;"energy";"electricity";2800;2835;"2018-06-17";"2018-09-01";"";"";"";"Essen";"indelivery";1001;"2020-03-06"
10051;"energy";"electricity";2900;2926;"2020-01-15";"2020-09-01";"";"";"";"Dortmund";"indelivery";1002;"2020-07-14"
10052;"energy";"electricity";2000;1948;"2018-01-05";"2018-05-01";"";"";"";"Frankfurt";"indelivery";1000;"2019-08-23"
10053;"energy";"electricity";2000;2043;"2018-04-10";"2018-10-01";"2019-06-30";"2019-05-25";"fristgerecht durch LichtBlick";"Bremen";"terminated";1001;"2018-06-03"
10054;"energy";"electricity";2200;2162;"2018-03-08";"2019-03-01";"";"";"";"Berlin";"indelivery";1000;"2018-11-01"
10055;"energy";"electricity";2500;2647;"2019-12-29";"2020-04-01";"";"";"";"Mainz";"indelivery";1000;"2020-05-01"
10056;"energy";"electricity";2600;2497;"2019-05-02";"2019-06-01";"";"";"";"Münster";"indelivery";1000;"2019-09-11"
10057;"energy";"gas";9700;10038;"2018-03-26";"2018-05-01";"2018-09-30";"2018-08-28";"fristgerecht durch LichtBlick";"Hamburg";"terminated";2001;"2018-07-09"
10058;"energy";"electricity";2700;2732;"2019-10-11";"2020-05-01";"2020-12-31";"2020-11-23";"Umzug";"Cologne";"cancelled";1001;"2020-09-26"
10059;"energy";"electricity";2600;2607;"2020-07-19";"2020-09-01";"";"";"";"Bremen";"indelivery";1001;"2020-09-29"
10060;"energy";"gas";8600;8721;"2019-12-22";"2020-03-01";"";"";"";"Stuttgart";"indelivery";2001;"2020-06-02"
10061;"energy";"electricity";2400;2333;"2019-11-25";"2020-02-01";"";"";"";"Dortmund";"indelivery";1001;"2020-05-22"
10062;"energy";"electricity";2300;2271;"2018-01-08";"2018-05-01";"";"";"";"Cologne";"indelivery";1001;"2019-09-12"
10063;"energy";"electricity";2500;"";"2020-01-22";"2020-03-01";"";"";"";"Berlin";"indelivery";1002;"2020-03-04"
10064;"energy";"electricity";2300;2328;"2020-06-04";"2020-11-01";"";"";"";"Mannheim";"active";1000;"2020-09-03"
10065;"energy";"electricity";2000;2087;"2019-10-04";"2020-01-01";"";"";"";"Hamburg";"indelivery";1002;"2020-07-11"
10066;"energy";"electricity";2000;2099;"2020-06-17";"2021-05-01";"";"";"";"Hamburg";"active";1000;"2020-09-21"
10067;"energy";"electricity";2300;2331;"2019-11-07";"2020-01-01";"2020-03-31";"2020-03-02";"fristgerecht durch Kunde";"Magdeburg";"terminated";1002;"2019-12-23"
10068;"energy";"electricity";2800;2808;"2020-08-10";"2020-11-01";"";"";"";"Kassel";"active";1000;"2020-09-09"
10069;"energy";"electricity";2000;2076;"2019-01-20";"2019-04-01";"2020-08-31";"2020-07-31";"fristgerecht durch Kunde";"Munich";"terminated";1002;"2020-05-03"
10070;"energy";"electricity";2800;2823;"2019-01-20";"2019-09-01";"";"";"";"Ulm";"indelivery";1000;"2020-07-01"
10071;"energy";"electricity";2200;2195;"2018-10-24";"2019-01-01";"";"";"";"Leipzig";"indelivery";1002;"2019-12-18"
10072;"energy";"gas";9500;10103;"2019-04-03";"2019-08-01";"";"";"";"Schwerin";"indelivery";2000;"2019-12-23"
10073;"energy";"electricity";2200;2097;"2020-08-31";"2020-11-01";"";"";"";"Cologne";"active";1000;"2020-09-08"
10074;"energy";"electricity";2800;2823;"2019-06-08";"2019-07-01";"";"";"";"Cologne";"indelivery";1000;"2019-11-15"
10075;"energy";"electricity";2100;2100;"2018-01-24";"2018-03-01";"";"";"";"Essen";"indelivery";1001;"2019-04-12"
10076;"energy";"electricity";2600;2674;"2018-11-13";"2019-04-01";"";"";"";"Dresden";"indelivery";1002;"2019-02-26"
10077;"energy";"electricity";2000;2027;"2018-09-29";"2018-11-01";"";"";"";"Hannover";"indelivery";1002;"2020-08-05"
10078;"energy";"electricity";2800;2729;"2019-10-17";"2020-06-01";"";"";"";"Mainz";"indelivery";1000;"2020-09-20"
10079;"energy";"electricity";2100;2111;"2020-07-26";"2020-10-01";"";"";"";"Regensburg";"indelivery";1002;"2020-08-16"
10080;"energy";"electricity";2800;"";"2018-08-18";"2018-10-01";"";"";"";"Hamburg";"indelivery";1000;"2020-07-24"
10081;"energy";"electricity";2700;2626;"2019-09-04";"2019-10-01";"";"";"";"Dortmund";"indelivery";1002;"2020-04-15"
10082;"energy";"electricity";3000;2883;"2020-03-07";"2021-03-01";"";"";"";"Oldenburg";"active";1002;"2020-05-06"
10083;"energy";"electricity";2200;2317;"2020-03-30";"2020-11-01";"";"";"";"Ludwigshafen";"active";1000;"2020-09-05"
10084;"energy";"gas";11000;11463;"2019-01-30";"2019-03-01";"";"";"";"Berlin";"indelivery";2001;"2019-08-27"
10085;"energy";"electricity";2600;2622;"2018-02-28";"2018-12-01";"";"";"";"Schwerin";"indelivery";1001;"2018-09-09"
10086;"energy";"electricity";2700;2904;"2019-11-25";"2020-08-01";"";"";"";"Munich";"indelivery";1001;"2020-02-08"
10087;"energy";"gas";11800;12387;"2019-10-22";"2019-12-01";"";"";"";"Osnabrück";"indelivery";2000;"2020-04-06"
10088;"energy";"electricity";2700;2587;"2019-10-05";"2019-12-01";"";"";"";"Oldenburg";"indelivery";1001;"2019-12-29"
10089;"energy";"gas";10700;10987;"2019-08-22";"2019-10-01";"2020-05-31";"2020-05-03";"fristgerecht durch LichtBlick";"Munich";"terminated";2000;"2020-05-03"
10090;"energy";"electricity";2600;2742;"2018-12-16";"2019-05-01";"2020-03-31";"2020-03-01";"fristgerecht durch LichtBlick";"Bielefeld";"terminated";1001;"2020-03-01"
10091;"energy";"electricity";2000;1879;"2020-03-04";"2020-05-01";"2020-11-30";"2020-10-29";"fristgerecht durch Kunde";"Stuttgart";"cancelled";1001;"2020-05-23"
10092;"energy";"electricity";2500;2674;"2020-05-25";"2020-08-01";"";"";"";"Hamburg";"indelivery";1001;"2020-09-04"
10093;"energy";"gas";9900;10212;"2018-04-04";"2018-07-01";"2018-11-30";"2018-10-25";"fristgerecht durch Kunde";"Essen";"terminated";2001;"2018-10-25"
10094;"energy";"electricity";2000;2066;"2018-01-31";"2018-03-01";"2018-03-01";"2020-03-01";"Wiederruf";"Frankfurt";"terminated";1001;"2019-06-22"
10095;"energy";"electricity";2500;2662;"2018-10-10";"2018-11-01";"";"";"";"Dresden";"indelivery";1002;"2019-05-21"
10096;"energy";"electricity";2500;2486;"2019-09-21";"2019-10-01";"2019-12-31";"2019-11-29";"fristgerecht durch LichtBlick";"Mannheim";"terminated";1000;"2019-09-28"
10097;"energy";"electricity";2200;2305;"2018-05-23";"2018-07-01";"2019-07-31";"2019-07-02";"fristgerecht durch LichtBlick";"Magdeburg";"terminated";1002;"2019-07-02"
10098;"energy";"electricity";2200;2116;"2019-04-25";"2020-08-01";"";"";"";"Bremen";"indelivery";1000;"2019-09-02"
10099;"energy";"electricity";2400;2489;"2020-04-25";"2020-08-01";"";"";"";"Berlin";"indelivery";1001;"2020-08-05"
10100;"energy";"electricity";2700;2540;"2019-05-23";"2019-06-01";"";"";"";"Essen";"indelivery";1000;"2020-03-05"
10101;"energy";"gas";10700;10422;"2020-09-17";"2021-04-01";"";"";"";"Frankfurt";"active";2001;"2020-09-22"
10102;"energy";"electricity";2700;2850;"2019-03-11";"2019-10-01";"";"";"";"Münster";"indelivery";1002;"2020-09-26"
10103;"energy";"gas";10600;11297;"2020-09-13";"2020-11-01";"";"";"";"Bielefeld";"active";2001;"2020-09-18"
10104;"energy";"gas";10300;11117;"2018-07-09";"2018-09-01";"2019-12-31";"2019-11-30";"fristgerecht durch LichtBlick";"Ingolstadt";"terminated";2000;"2019-11-30"
10105;"energy";"electricity";2200;2095;"2020-01-31";"2020-03-01";"";"";"";"Berlin";"indelivery";1002;"2020-03-19"
10106;"energy";"electricity";2200;2341;"2020-09-21";"2021-02-01";"";"";"";"Duisburg";"active";1000;"2020-09-27"
10107;"energy";"electricity";2400;2498;"2020-01-24";"2020-09-01";"";"";"";"Kelheim";"indelivery";1001;"2020-01-28"
10108;"energy";"electricity";2400;2374;"2018-03-24";"2018-06-01";"";"";"";"Erfurt";"indelivery";1002;"2020-02-26"
10109;"energy";"electricity";2500;2613;"2018-07-27";"2018-11-01";"";"";"";"Berlin";"indelivery";1002;"2019-05-01"
10110;"energy";"electricity";2700;2821;"2019-06-27";"2020-03-01";"";"";"";"Magdeburg";"indelivery";1002;"2020-01-21"
10111;"energy";"electricity";2900;2782;"2019-09-28";"2019-10-01";"2020-01-31";"2020-01-03";"fristgerecht durch LichtBlick";"Potsdam";"terminated";1002;"2019-09-30"
10112;"energy";"electricity";2600;2619;"2019-03-11";"2019-07-01";"";"";"";"Berlin";"indelivery";1000;"2020-05-12"
10113;"energy";"gas";10600;11337;"2019-06-09";"2019-08-01";"";"";"";"Berlin";"indelivery";2001;"2020-06-24"
10114;"energy";"electricity";2500;2529;"2019-09-22";"2019-10-01";"2020-09-30";"2020-09-01";"Umzug";"Munich";"terminated";1001;"2020-01-19"
10115;"energy";"electricity";2100;"";"2018-07-01";"2018-11-01";"2018-11-01";"2020-04-28";"Wiederruf";"Kassel";"terminated";1002;"2019-02-20"
10116;"energy";"electricity";2700;2909;"2018-01-27";"2018-06-01";"";"";"";"Düsseldorf";"indelivery";1001;"2019-08-19"
10117;"energy";"electricity";2100;2116;"2018-11-11";"2019-02-01";"";"";"";"Munich";"indelivery";1001;"2019-09-21"
10118;"energy";"electricity";2700;2691;"2018-07-10";"2018-10-01";"";"";"";"Hamburg";"indelivery";1000;"2019-01-31"
10119;"energy";"electricity";2800;2655;"2019-04-18";"2019-06-01";"";"";"";"Marienberg";"indelivery";1000;"2019-07-26"
10120;"energy";"electricity";2500;2610;"2018-11-18";"2019-03-01";"";"";"";"Northeim";"indelivery";1000;"2019-06-12"
10121;"energy";"electricity";2100;2237;"2020-04-26";"2021-03-01";"";"";"";"Cologne";"active";1000;"2020-08-04"
10122;"energy";"gas";9300;8946;"2018-07-14";"2019-03-01";"";"";"";"Hannover";"indelivery";2001;"2019-11-09"
10123;"energy";"electricity";2000;2029;"2019-01-04";"2019-07-01";"2019-09-30";"2019-08-31";"Umzug";"Munich";"terminated";1002;"2019-03-24"
10124;"energy";"electricity";2300;2392;"2019-07-17";"2019-08-01";"";"";"";"Essen";"indelivery";1002;"2020-07-26"
10125;"energy";"electricity";2900;2954;"2020-06-30";"2020-07-01";"";"";"";"Hannover";"indelivery";1001;"2020-09-23"
10126;"energy";"electricity";2700;2566;"2018-06-24";"2018-11-01";"";"";"";"Berlin";"indelivery";1000;"2020-05-11"
10127;"energy";"electricity";2300;2161;"2019-11-12";"2020-05-01";"";"";"";"Dortmund";"indelivery";1000;"2020-06-02"
10128;"energy";"electricity";2500;2412;"2019-12-19";"2020-04-01";"";"";"";"Berlin";"indelivery";1002;"2020-04-06"
10129;"energy";"electricity";2700;2628;"2020-01-17";"2020-03-01";"";"";"";"Cologne";"indelivery";1001;"2020-02-26"
10130;"energy";"electricity";2400;2573;"2020-03-01";"2020-10-01";"";"";"";"Hamburg";"indelivery";1001;"2020-09-16"
10131;"energy";"electricity";2400;2311;"2018-09-28";"2020-01-01";"";"";"";"Wolfsburg";"indelivery";1000;"2019-06-29"
10132;"energy";"gas";9400;9048;"2019-12-17";"2020-06-01";"";"";"";"Dresden";"indelivery";2001;"2020-08-10"
10133;"energy";"electricity";2100;2243;"2019-11-25";"2020-01-01";"";"";"";"Bonn";"indelivery";1001;"2020-04-18"
10134;"energy";"electricity";2700;2824;"2018-03-05";"2018-06-01";"2018-06-01";"2020-10-03";"Wiederruf";"Berlin";"terminated";1000;"2020-09-01"
10135;"energy";"electricity";2700;2694;"2018-12-06";"2019-02-01";"";"";"";"Munich";"indelivery";1000;"2019-02-04"
10136;"energy";"electricity";2000;2022;"2019-10-03";"2020-01-01";"";"";"";"Hamburg";"indelivery";1000;"2020-09-09"
10137;"energy";"gas";10600;10051;"2020-05-14";"2020-07-01";"";"";"";"Koblenz";"indelivery";2000;"2020-05-25"
10138;"energy";"electricity";2900;3057;"2020-03-21";"2020-08-01";"";"";"";"Osnabrück";"indelivery";1002;"2020-07-27"
10139;"energy";"electricity";2800;2943;"2018-01-14";"2018-10-01";"";"";"";"Düsseldorf";"indelivery";1001;"2020-07-17"
10140;"energy";"electricity";2300;2236;"2019-01-28";"2019-06-01";"";"";"";"Leipzig";"indelivery";1001;"2019-01-29"
10141;"energy";"electricity";2200;2247;"2019-07-06";"2020-05-01";"";"";"";"Dortmund";"indelivery";1002;"2020-09-19"
10142;"energy";"electricity";2800;2806;"2019-01-08";"2019-08-01";"";"";"";"Berlin";"indelivery";1000;"2019-11-20"
10143;"energy";"electricity";2700;2658;"2019-04-16";"2019-07-01";"";"";"";"Dortmund";"indelivery";1001;"2019-08-13"
10144;"energy";"electricity";2400;2393;"2020-07-31";"2020-08-01";"";"";"";"Lübeck";"indelivery";1001;"2020-09-21"
10145;"energy";"electricity";2700;2744;"2020-03-25";"2020-04-01";"";"";"";"Berlin";"indelivery";1000;"2020-07-24"
10146;"energy";"electricity";2200;2087;"2018-02-04";"2018-07-01";"";"";"";"Bremen";"indelivery";1001;"2018-07-27"
10147;"energy";"electricity";2900;3121;"2018-11-05";"2019-10-01";"";"";"";"Lübeck";"indelivery";1001;"2019-05-29"
10148;"energy";"electricity";2900;2843;"2019-04-24";"2019-07-01";"";"";"";"Cham";"indelivery";1000;"2020-08-18"
10149;"energy";"electricity";2300;2287;"2018-11-16";"2019-01-01";"";"";"";"Dresden";"indelivery";1001;"2019-11-28"
10150;"energy";"electricity";2900;3005;"2019-06-27";"2019-09-01";"";"";"";"Düsseldorf";"indelivery";1001;"2020-03-31"
10151;"energy";"gas";9100;9835;"2018-02-26";"2018-04-01";"";"";"";"Bielefeld";"indelivery";2000;"2020-02-01"
10152;"energy";"gas";10700;11504;"2018-12-24";"2019-02-01";"2019-02-01";"2019-10-03";"Wiederruf";"Duisburg";"terminated";2000;"2019-05-25"
10153;"energy";"gas";8500;8073;"2019-10-14";"2019-12-01";"";"";"";"Bielefeld";"indelivery";2001;"2020-02-13"
10154;"energy";"electricity";2000;1936;"2018-04-23";"2018-10-01";"2018-10-01";"2020-06-01";"Wiederruf";"Leipzig";"terminated";1001;"2019-07-03"
10155;"energy";"electricity";2700;2612;"2019-04-03";"2019-07-01";"";"";"";"Duisburg";"indelivery";1002;"2019-04-10"
10156;"energy";"electricity";2800;2761;"2018-03-21";"2019-01-01";"";"";"";"Coburg";"indelivery";1002;"2018-08-28"
10157;"energy";"electricity";2200;2291;"2018-01-27";"2018-06-01";"";"";"";"Berlin";"indelivery";1000;"2018-08-21"
10158;"energy";"gas";9200;9100;"2020-09-26";"2020-10-01";"";"";"";"Berlin";"indelivery";2000;"2020-09-30"
10159;"energy";"electricity";3000;3139;"2019-10-24";"2020-04-01";"";"";"";"Coburg";"indelivery";1001;"2019-12-08"
10160;"energy";"gas";9300;9108;"2019-05-08";"2019-07-01";"";"";"";"Hamburg";"indelivery";2000;"2020-06-21"
10161;"energy";"electricity";2700;2704;"2019-08-16";"2019-09-01";"2020-11-30";"2020-11-02";"fristgerecht durch LichtBlick";"Koblenz";"cancelled";1001;"2020-05-01"
10162;"energy";"gas";8100;7807;"2020-01-18";"2020-03-01";"";"";"";"Augsburg";"indelivery";2000;"2020-07-19"
10163;"energy";"electricity";2700;2684;"2020-05-31";"2020-07-01";"";"";"";"Speyer";"indelivery";1000;"2020-09-02"
10164;"energy";"gas";10800;11325;"2019-08-18";"2019-11-01";"";"";"";"Altchemnitz";"indelivery";2000;"2020-08-02"
10165;"energy";"electricity";2200;2270;"2020-02-27";"2020-04-01";"";"";"";"Berlin";"indelivery";1001;"2020-04-23"
10166;"energy";"electricity";2800;2693;"2018-08-22";"2019-01-01";"2019-08-31";"2019-07-29";"fristgerecht durch LichtBlick";"Stuttgart";"terminated";1000;"2019-07-29"
10167;"energy";"electricity";2500;2429;"2019-04-20";"2019-08-01";"";"";"";"Düsseldorf";"indelivery";1000;"2020-01-27"
10168;"energy";"electricity";2900;2833;"2018-07-14";"2018-08-01";"2018-08-01";"2019-08-31";"Wiederruf";"Bad Fallingbostel";"terminated";1001;"2019-07-02"
10169;"energy";"electricity";2000;2117;"2020-03-24";"2020-05-01";"";"";"";"Berlin";"indelivery";1002;"2020-09-12"
10170;"energy";"electricity";2800;2928;"2019-09-04";"2020-02-01";"";"";"";"Leipzig";"indelivery";1000;"2020-05-07"
10171;"energy";"electricity";2200;"";"2020-07-28";"2021-01-01";"";"";"";"Stuttgart";"active";1002;"2020-09-10"
10172;"energy";"electricity";2200;2098;"2019-05-20";"2019-09-01";"";"";"";"Dortmund";"indelivery";1001;"2020-03-04"
10173;"energy";"electricity";2500;2583;"2020-07-07";"2020-10-01";"";"";"";"Fürth";"indelivery";1002;"2020-08-01"
10174;"energy";"electricity";2300;2359;"2018-08-27";"2019-02-01";"2019-02-01";"2020-11-02";"Wiederruf";"Essen";"terminated";1000;"2018-12-09"
10175;"energy";"electricity";2900;2786;"2019-02-04";"2019-10-01";"";"";"";"Dortmund";"indelivery";1000;"2019-08-06"
10176;"energy";"electricity";2000;2002;"2019-10-17";"2020-03-01";"";"";"";"Karlsruhe";"indelivery";1000;"2020-03-18"
10177;"energy";"electricity";1900;1849;"2019-09-03";"2019-11-01";"";"";"";"Berlin";"indelivery";1001;"2020-09-01"
10178;"energy";"gas";9200;8907;"2018-05-05";"2018-07-01";"";"";"";"Marienberg";"indelivery";2001;"2018-07-09"
10179;"energy";"electricity";2900;3109;"2019-06-24";"2019-10-01";"";"";"";"Frankfurt";"indelivery";1001;"2019-08-31"
10180;"energy";"electricity";2200;2229;"2018-08-01";"2018-12-01";"";"";"";"Homburg";"indelivery";1000;"2019-05-06"
10181;"energy";"electricity";2600;2569;"2020-09-25";"2020-11-01";"";"";"";"Berlin";"active";1000;"2020-09-25"
10182;"energy";"electricity";2400;2351;"2019-11-13";"2020-02-01";"";"";"";"Berlin";"indelivery";1002;"2020-05-31"
10183;"energy";"electricity";2100;2103;"2018-03-13";"2018-04-01";"2018-04-01";"2018-07-30";"Wiederruf";"Mannheim";"terminated";1002;"2018-07-30"
10184;"energy";"electricity";2100;1964;"2019-05-13";"2020-03-01";"";"";"";"Berlin";"indelivery";1002;"2020-05-21"
10185;"energy";"electricity";2600;2754;"2020-08-22";"2020-11-01";"";"";"";"Neustadt";"active";1000;"2020-09-21"
10186;"energy";"electricity";2800;2692;"2018-05-13";"2018-09-01";"";"";"";"Neuwied";"indelivery";1001;"2020-02-03"
10187;"energy";"electricity";2100;2153;"2020-08-01";"2020-09-01";"";"";"";"Marienberg";"indelivery";1002;"2020-08-05"
10188;"energy";"electricity";2400;2413;"2019-09-13";"2019-11-01";"";"";"";"Kleve";"indelivery";1000;"2020-01-03"
10189;"energy";"electricity";2200;2094;"2019-10-03";"2020-03-01";"";"";"";"Duisburg";"indelivery";1002;"2020-02-07"
10190;"energy";"electricity";2400;2446;"2018-07-31";"2018-10-01";"2020-04-30";"2020-03-25";"fristgerecht durch LichtBlick";"Freiburg";"terminated";1000;"2020-03-25"
10191;"energy";"electricity";2500;"";"2019-03-21";"2019-04-01";"2019-08-31";"2019-08-01";"Umzug";"Munich";"terminated";1000;"2019-08-01"
10192;"energy";"electricity";2400;2591;"2020-09-13";"2020-11-01";"";"";"";"Bremen";"active";1001;"2020-09-28"
10193;"energy";"electricity";2900;2981;"2019-05-20";"2019-10-01";"";"";"";"Dresden";"indelivery";1002;"2019-11-22"
10194;"energy";"electricity";2600;2719;"2018-10-31";"2019-05-01";"";"";"";"Leipzig";"indelivery";1001;"2019-02-10"
10195;"energy";"electricity";2700;2672;"2019-05-07";"2019-12-01";"";"";"";"Berlin";"indelivery";1000;"2019-07-02"
10196;"energy";"electricity";2500;2448;"2018-01-18";"2018-05-01";"";"";"";"Dortmund";"indelivery";1002;"2018-07-06"
10197;"energy";"electricity";2200;2220;"2020-08-25";"2020-10-01";"";"";"";"Hamburg";"indelivery";1002;"2020-09-13"
10198;"energy";"electricity";2800;2913;"2019-05-23";"2019-07-01";"";"";"";"Berlin";"indelivery";1000;"2019-06-25"
10199;"energy";"electricity";2500;2509;"2018-05-14";"2019-03-01";"";"";"";"Augsburg";"indelivery";1002;"2019-04-09"
10200;"energy";"electricity";2500;2476;"2020-05-06";"2020-09-01";"";"";"";"Duisburg";"indelivery";1001;"2020-06-17"
10201;"energy";"electricity";2500;2527;"2020-01-22";"2020-03-01";"";"";"";"Cologne";"indelivery";1000;"2020-08-26"
10202;"energy";"gas";11600;11031;"2019-03-28";"2019-04-01";"";"";"";"Münster";"indelivery";2001;"2019-10-24"
10203;"energy";"electricity";2400;2540;"2018-04-18";"2018-06-01";"";"";"";"Karlsruhe";"indelivery";1002;"2018-11-01"
10204;"energy";"electricity";2800;2747;"2018-05-11";"2018-10-01";"";"";"";"Bremen";"indelivery";1001;"2018-07-27"
10205;"energy";"electricity";2700;2889;"2018-08-01";"2018-11-01";"2020-11-30";"2020-11-02";"fristgerecht durch LichtBlick";"Potsdam";"cancelled";1001;"2020-03-05"
10206;"energy";"electricity";2500;2639;"2018-11-17";"2018-12-01";"";"";"";"Lübeck";"indelivery";1000;"2019-10-20"
10207;"energy";"electricity";2200;2190;"2020-01-12";"2020-06-01";"2020-09-30";"2020-08-29";"Umzug";"Karlsruhe";"terminated";1001;"2020-04-17"
10208;"energy";"electricity";2700;2906;"2020-05-11";"2020-09-01";"";"";"";"Berlin";"indelivery";1001;"2020-07-04"
10209;"energy";"gas";9700;10267;"2018-08-19";"2018-10-01";"";"";"";"Berlin";"indelivery";2001;"2019-04-12"
10210;"energy";"gas";10500;10801;"2018-12-09";"2019-02-01";"";"";"";"Berlin";"indelivery";2000;"2019-02-14"
10211;"energy";"electricity";2000;2116;"2019-08-11";"2020-01-01";"";"";"";"Berlin";"indelivery";1002;"2020-06-26"
10212;"energy";"gas";10300;9898;"2020-04-07";"2020-09-01";"";"";"";"Hamburg";"indelivery";2001;"2020-05-28"
10213;"energy";"gas";10800;10308;"2020-01-23";"2020-05-01";"";"";"";"Greifswald";"indelivery";2001;"2020-08-16"
10214;"energy";"electricity";2200;2151;"2018-04-03";"2019-06-01";"";"";"";"Herford";"indelivery";1002;"2018-05-28"
10215;"energy";"electricity";2900;2968;"2019-07-01";"2019-11-01";"";"";"";"Flensburg";"indelivery";1000;"2020-01-26"
10216;"energy";"electricity";2400;2529;"2020-09-11";"2020-10-01";"";"";"";"Frankfurt";"indelivery";1000;"2020-09-30"
10217;"energy";"electricity";2700;2722;"2018-01-08";"2018-12-01";"";"";"";"Gera";"indelivery";1001;"2020-07-25"
10218;"energy";"electricity";2100;2299;"2020-05-31";"2020-07-01";"";"";"";"Berlin";"indelivery";1000;"2020-09-19"
10219;"energy";"gas";10500;10211;"2018-07-08";"2018-12-01";"";"";"";"Neumünster";"indelivery";2000;"2019-02-13"
10220;"energy";"electricity";2800;2822;"2018-06-04";"2018-09-01";"2020-12-31";"2020-12-03";"Umzug";"Münster";"cancelled";1000;"2019-04-13"
10221;"energy";"electricity";2900;2942;"2020-05-10";"2020-07-01";"";"";"";"Meppen";"indelivery";1001;"2020-09-24"
10222;"energy";"electricity";2500;2421;"2019-03-02";"2019-05-01";"2019-08-31";"2019-08-02";"fristgerecht durch LichtBlick";"Cologne";"terminated";1000;"2019-08-02"
10223;"energy";"gas";8400;7962;"2018-05-02";"2018-07-01";"";"";"";"Bremen";"indelivery";2000;"2018-10-17"
10224;"energy";"electricity";2900;2953;"2019-11-22";"2020-03-01";"";"";"";"Frankfurt";"indelivery";1000;"2020-08-15"
10225;"energy";"electricity";2000;"";"2018-03-26";"2018-08-01";"";"";"";"Leipzig";"indelivery";1001;"2018-12-18"
10226;"energy";"electricity";3000;"";"2019-04-14";"2019-06-01";"";"";"";"Braunschweig";"indelivery";1000;"2019-05-05"
10227;"energy";"electricity";2500;2664;"2020-04-06";"2020-07-01";"";"";"";"Berlin";"indelivery";1002;"2020-09-19"
10228;"energy";"electricity";2200;2400;"2018-01-29";"2018-06-01";"2019-03-31";"2019-03-03";"fristgerecht durch Kunde";"Mannheim";"terminated";1001;"2019-03-03"
10229;"energy";"electricity";2900;2978;"2018-07-18";"2018-10-01";"";"";"";"Hannover";"indelivery";1002;"2020-04-05"
10230;"energy";"electricity";2400;2363;"2018-11-21";"2019-02-01";"2020-06-30";"2020-06-02";"Umzug";"Hannover";"terminated";1000;"2019-05-22"
10231;"energy";"electricity";2000;1956;"2019-10-02";"2020-07-01";"";"";"";"Hamburg";"indelivery";1002;"2020-01-05"
10232;"energy";"electricity";2800;"";"2019-04-05";"2019-05-01";"";"";"";"Marienberg";"indelivery";1001;"2020-08-06"
10233;"energy";"electricity";2100;1971;"2018-12-26";"2019-05-01";"";"";"";"Hannover";"indelivery";1000;"2019-10-08"
10234;"energy";"electricity";2200;2358;"2019-10-11";"2019-12-01";"";"";"";"Lübeck";"indelivery";1001;"2019-12-09"
10235;"energy";"electricity";2400;2522;"2019-07-15";"2019-10-01";"2020-10-31";"2020-09-29";"fristgerecht durch Kunde";"Berlin";"cancelled";1000;"2020-01-11"
10236;"energy";"electricity";2200;2133;"2020-08-23";"2020-11-01";"";"";"";"Mainz";"active";1002;"2020-09-19"
10237;"energy";"electricity";2900;2870;"2019-06-07";"2019-09-01";"";"";"";"Mainz";"indelivery";1001;"2020-05-31"
10238;"energy";"electricity";2300;2256;"2020-09-19";"2020-11-01";"";"";"";"Lübeck";"active";1001;"2020-09-21"
10239;"energy";"electricity";2000;2142;"2020-08-09";"2021-01-01";"";"";"";"Berlin";"active";1002;"2020-09-06"
10240;"energy";"electricity";2800;2701;"2019-06-12";"2019-12-01";"";"";"";"Essen";"indelivery";1002;"2019-09-16"
10241;"energy";"electricity";2500;2392;"2018-10-22";"2019-08-01";"";"";"";"Oldenburg";"indelivery";1001;"2019-11-05"
10242;"energy";"electricity";2300;2413;"2019-01-02";"2019-07-01";"";"";"";"Frankfurt";"indelivery";1001;"2019-07-30"
10243;"energy";"electricity";2300;2390;"2019-03-16";"2019-05-01";"";"";"";"Frankfurt";"indelivery";1000;"2019-11-17"
10244;"energy";"electricity";2700;2602;"2018-07-12";"2019-02-01";"";"";"";"Cologne";"indelivery";1002;"2020-08-08"
10245;"energy";"electricity";2100;2133;"2019-03-12";"2019-08-01";"";"";"";"Ratzeburg";"indelivery";1001;"2019-11-03"
10246;"energy";"electricity";2100;2255;"2019-07-06";"2019-08-01";"2019-08-01";"2020-09-01";"Wiederruf";"Cologne";"terminated";1001;"2020-09-01"
10247;"energy";"electricity";2100;2240;"2020-06-09";"2020-07-01";"";"";"";"Leipzig";"indelivery";1000;"2020-08-01"
10248;"energy";"electricity";2400;2313;"2018-02-03";"2018-04-01";"";"";"";"Hannover";"indelivery";1001;"2019-09-11"
10249;"energy";"electricity";2800;2829;"2018-12-10";"2019-03-01";"2020-06-30";"2020-06-02";"fristgerecht durch Kunde";"Wuppertal";"terminated";1002;"2020-06-02"
10250;"energy";"electricity";2600;2710;"2019-11-02";"2020-01-01";"";"";"";"Berlin";"indelivery";1000;"2020-07-18"
10251;"energy";"electricity";2100;2129;"2018-02-16";"2019-01-01";"2019-06-30";"2019-05-23";"fristgerecht durch LichtBlick";"Munich";"terminated";1002;"2019-04-19"
10252;"energy";"electricity";2100;"";"2020-08-22";"2020-11-01";"";"";"";"Ulm";"active";1002;"2020-09-15"
10253;"energy";"electricity";2800;"";"2018-11-03";"2019-01-01";"";"";"";"Bonn";"indelivery";1002;"2019-02-18"
10254;"energy";"gas";10700;11044;"2020-02-28";"2020-05-01";"";"";"";"Esslingen";"indelivery";2000;"2020-08-12"
10255;"energy";"electricity";2900;3091;"2020-03-19";"2020-09-01";"";"";"";"Bielefeld";"indelivery";1000;"2020-06-15"
10256;"energy";"electricity";2700;2848;"2019-08-05";"2019-09-01";"";"";"";"Berlin";"indelivery";1002;"2020-06-20"
10257;"energy";"electricity";2500;2650;"2020-09-13";"2020-12-01";"";"";"";"Friedberg";"active";1000;"2020-09-14"
10258;"energy";"electricity";2300;2453;"2019-05-31";"2019-06-01";"";"";"";"Munich";"indelivery";1001;"2019-09-11"
10259;"energy";"electricity";2000;2074;"2019-11-15";"2020-12-01";"";"";"";"Stuttgart";"active";1000;"2020-09-09"
10260;"energy";"electricity";2500;2597;"2018-05-05";"2018-06-01";"";"";"";"Berlin";"indelivery";1000;"2018-05-09"
10261;"energy";"electricity";2100;2013;"2019-04-05";"2019-08-01";"";"";"";"Berlin";"indelivery";1002;"2019-04-15"
10262;"energy";"electricity";2600;2682;"2020-08-20";"2020-11-01";"";"";"";"Hamburg";"active";1001;"2020-08-20"
10263;"energy";"gas";11300;11108;"2018-07-13";"2018-11-01";"2019-10-31";"2019-10-02";"Umzug";"Cologne";"terminated";2000;"2019-10-02"
10264;"energy";"electricity";2400;2306;"2020-02-29";"2020-07-01";"";"";"";"Dortmund";"indelivery";1000;"2020-04-16"
10265;"energy";"gas";10800;10930;"2018-01-28";"2018-03-01";"";"";"";"Essen";"indelivery";2000;"2018-02-08"
10266;"energy";"electricity";2600;2606;"2019-12-27";"2020-02-01";"";"";"";"Hannover";"indelivery";1001;"2020-01-07"
10267;"energy";"electricity";2500;2580;"2018-10-13";"2018-12-01";"2020-08-31";"2020-08-03";"Umzug";"Leipzig";"terminated";1000;"2020-03-08"
10268;"energy";"electricity";3000;2987;"2019-02-11";"2019-03-01";"";"";"";"Bonn";"indelivery";1000;"2019-09-05"
10269;"energy";"electricity";2400;2540;"2018-03-22";"2018-05-01";"";"";"";"Berlin";"indelivery";1001;"2018-09-30"
10270;"energy";"electricity";2800;2910;"2018-03-13";"2019-01-01";"";"";"";"Bielefeld";"indelivery";1001;"2019-10-20"
10271;"energy";"electricity";2000;2084;"2019-09-18";"2019-12-01";"";"";"";"Munich";"indelivery";1002;"2020-06-12"
10272;"energy";"electricity";2200;2361;"2019-06-01";"2020-01-01";"";"";"";"Erfurt";"indelivery";1000;"2019-08-11"
10273;"energy";"gas";10800;11220;"2018-02-21";"2018-07-01";"";"";"";"Rostock";"indelivery";2001;"2018-10-03"
10274;"energy";"electricity";3000;3134;"2018-09-22";"2018-12-01";"2020-09-30";"2020-08-29";"Umzug";"Essen";"terminated";1002;"2019-01-04"
10275;"energy";"electricity";2900;2824;"2019-06-19";"2020-02-01";"";"";"";"Lübeck";"indelivery";1001;"2019-08-27"
10276;"energy";"electricity";2900;2742;"2019-04-19";"2019-09-01";"2020-06-30";"2020-06-02";"fristgerecht durch LichtBlick";"Wuppertal";"terminated";1002;"2019-09-05"
10277;"energy";"electricity";2500;2433;"2019-10-21";"2019-12-01";"";"";"";"Altchemnitz";"indelivery";1002;"2020-06-16"
10278;"energy";"gas";10500;10560;"2018-06-21";"2018-09-01";"";"";"";"Essen";"indelivery";2000;"2020-04-12"
10279;"energy";"electricity";2700;2723;"2020-06-30";"2020-08-01";"";"";"";"Dresden";"indelivery";1002;"2020-08-24"
10280;"energy";"electricity";2000;2034;"2018-06-12";"2018-07-01";"";"";"";"Berlin";"indelivery";1000;"2018-07-09"
10281;"energy";"electricity";2000;1920;"2019-10-27";"2019-12-01";"";"";"";"Potsdam";"indelivery";1000;"2020-09-01"
10282;"energy";"electricity";2700;2592;"2018-11-26";"2018-12-01";"";"";"";"Cologne";"indelivery";1002;"2019-04-27"
10283;"energy";"electricity";2900;2804;"2019-12-07";"2020-07-01";"";"";"";"Altchemnitz";"indelivery";1000;"2020-02-02"
10284;"energy";"electricity";2200;2375;"2019-11-21";"2020-03-01";"";"";"";"Baden-Baden";"indelivery";1000;"2020-09-14"
10285;"energy";"electricity";2800;2763;"2019-01-10";"2019-03-01";"";"";"";"Oldenburg";"indelivery";1002;"2020-07-25"
10286;"energy";"electricity";2100;2294;"2019-08-25";"2019-09-01";"2020-02-29";"2020-01-29";"fristgerecht durch Kunde";"Berlin";"terminated";1000;"2020-01-29"
10287;"energy";"gas";9000;9126;"2018-03-07";"2018-10-01";"";"";"";"Munich";"indelivery";2001;"2020-01-04"
10288;"energy";"electricity";2000;2113;"2019-10-04";"2020-05-01";"";"";"";"Mainz";"indelivery";1002;"2019-11-13"
10289;"energy";"electricity";2800;2845;"2019-09-06";"2019-12-01";"";"";"";"Bielefeld";"indelivery";1001;"2020-03-11"
10290;"energy";"electricity";2400;2462;"2018-08-15";"2019-02-01";"2019-07-31";"2019-06-27";"fristgerecht durch LichtBlick";"Berlin";"terminated";1001;"2019-06-27"
10291;"energy";"gas";10900;10569;"2019-03-25";"2019-06-01";"2020-06-30";"2020-06-01";"fristgerecht durch LichtBlick";"Marienberg";"terminated";2001;"2019-08-07"
10292;"energy";"electricity";2200;2127;"2019-11-06";"2020-01-01";"";"";"";"Munich";"indelivery";1001;"2020-02-13"
10293;"energy";"gas";9700;9300;"2019-12-06";"2020-04-01";"";"";"";"Munich";"indelivery";2001;"2020-03-04"
10294;"energy";"gas";9000;8872;"2019-04-27";"2020-03-01";"";"";"";"Dortmund";"indelivery";2001;"2020-08-07"
10295;"energy";"electricity";2300;2316;"2018-02-23";"2018-10-01";"2020-09-30";"2020-09-01";"fristgerecht durch Kunde";"Berlin";"terminated";1001;"2020-09-01"
10296;"energy";"electricity";2900;2850;"2019-10-04";"2019-11-01";"";"";"";"Wuppertal";"indelivery";1001;"2020-03-16"
10297;"energy";"electricity";2400;2547;"2018-08-01";"2019-02-01";"";"";"";"Bremen";"indelivery";1001;"2019-07-21"
10298;"energy";"electricity";2000;2060;"2018-12-15";"2019-01-01";"";"";"";"Berlin";"indelivery";1001;"2019-10-29"
10299;"energy";"electricity";2900;3122;"2018-12-09";"2019-02-01";"2020-02-29";"2020-02-01";"fristgerecht durch Kunde";"Altchemnitz";"terminated";1001;"2019-05-20"
10300;"energy";"electricity";2100;2203;"2019-04-20";"2019-05-01";"2019-05-01";"2020-03-25";"Wiederruf";"Cologne";"terminated";1001;"2019-07-16"
10301;"energy";"electricity";3000;3120;"2019-03-04";"2019-05-01";"2019-05-01";"2020-01-28";"Wiederruf";"Bremen";"terminated";1002;"2020-01-07"
10302;"energy";"electricity";2500;2563;"2018-08-04";"2018-10-01";"";"";"";"Berlin";"indelivery";1000;"2019-11-12"
10303;"energy";"electricity";2200;2307;"2020-02-22";"2020-03-01";"";"";"";"Berlin";"indelivery";1002;"2020-08-25"
10304;"energy";"electricity";2500;2704;"2018-06-28";"2018-07-01";"";"";"";"Mainz";"indelivery";1001;"2020-02-22"
10305;"energy";"electricity";2500;2491;"2018-08-02";"2019-01-01";"";"";"";"Oldenburg";"indelivery";1001;"2018-12-17"
10306;"energy";"electricity";2400;2410;"2019-06-21";"2019-10-01";"";"";"";"Braunschweig";"indelivery";1002;"2019-09-26"
10307;"energy";"electricity";2800;3009;"2019-04-30";"2019-12-01";"";"";"";"Hannover";"indelivery";1000;"2019-11-17"
10308;"energy";"electricity";2500;2598;"2019-08-29";"2019-10-01";"";"";"";"Duisburg";"indelivery";1002;"2020-07-03"
10309;"energy";"electricity";2700;2646;"2018-01-09";"2018-03-01";"2018-04-30";"2018-04-01";"Umzug";"Dresden";"terminated";1000;"2018-04-01"
10310;"energy";"electricity";2300;2369;"2019-10-05";"2020-01-01";"";"";"";"Berlin";"indelivery";1001;"2020-03-11"
10311;"energy";"electricity";2100;2084;"2020-01-16";"2020-11-01";"";"";"";"Hamburg";"active";1000;"2020-03-26"
10312;"energy";"electricity";2300;2179;"2019-12-17";"2020-02-01";"";"";"";"Duisburg";"indelivery";1002;"2020-09-21"
10313;"energy";"electricity";2300;2464;"2019-12-22";"2020-07-01";"";"";"";"Munich";"indelivery";1001;"2020-05-02"
10314;"energy";"electricity";2000;1966;"2018-05-20";"2018-10-01";"";"";"";"Mainz";"indelivery";1002;"2018-05-30"
10315;"energy";"electricity";2300;2336;"2018-06-03";"2018-10-01";"";"";"";"Frankfurt";"indelivery";1000;"2018-12-10"
10316;"energy";"electricity";2300;2254;"2020-05-02";"2020-08-01";"";"";"";"Berlin";"indelivery";1002;"2020-05-05"
10317;"energy";"electricity";2100;1970;"2020-03-15";"2020-10-01";"";"";"";"Dortmund";"indelivery";1000;"2020-07-29"
10318;"energy";"electricity";2400;"";"2020-08-22";"2021-05-01";"";"";"";"Berlin";"active";1000;"2020-09-16"
10319;"energy";"electricity";2500;2532;"2018-11-20";"2020-01-01";"";"";"";"Hamburg";"indelivery";1000;"2019-06-01"
10320;"energy";"electricity";2200;2316;"2018-06-13";"2018-10-01";"";"";"";"Potsdam";"indelivery";1002;"2020-08-30"
10321;"energy";"electricity";2000;2105;"2018-02-04";"2018-05-01";"2018-05-01";"2020-11-02";"Wiederruf";"Stuttgart";"terminated";1001;"2020-09-11"
10322;"energy";"electricity";2100;2130;"2018-02-06";"2018-04-01";"";"";"";"Bremerhaven";"indelivery";1002;"2019-03-01"
10323;"energy";"electricity";2200;2146;"2019-01-30";"2020-04-01";"";"";"";"Rostock";"indelivery";1001;"2019-12-28"
10324;"energy";"gas";9800;9817;"2018-07-07";"2019-06-01";"2019-08-31";"2019-08-02";"fristgerecht durch LichtBlick";"Bremen";"terminated";2001;"2019-08-02"
10325;"energy";"electricity";2700;2605;"2020-09-08";"2020-11-01";"";"";"";"Kiel";"active";1000;"2020-09-17"
10326;"energy";"electricity";2100;2013;"2018-08-04";"2018-12-01";"";"";"";"Essen";"indelivery";1000;"2020-05-20"
10327;"energy";"electricity";3000;3182;"2019-08-19";"2019-10-01";"";"";"";"Cottbus";"indelivery";1000;"2020-04-09"
10328;"energy";"electricity";2900;2833;"2018-05-16";"2018-07-01";"2019-08-31";"2019-08-03";"fristgerecht durch LichtBlick";"Bielefeld";"terminated";1001;"2019-07-17"
10329;"energy";"electricity";2100;2012;"2018-02-18";"2018-06-01";"";"";"";"Duisburg";"indelivery";1002;"2020-06-21"
10330;"energy";"electricity";1900;1939;"2018-12-05";"2019-06-01";"";"";"";"Stuttgart";"indelivery";1002;"2019-02-11"
10331;"energy";"electricity";2700;2870;"2018-12-07";"2019-03-01";"";"";"";"Berlin";"indelivery";1002;"2019-01-28"
10332;"energy";"electricity";2300;"";"2020-01-06";"2020-06-01";"";"";"";"Munich";"indelivery";1001;"2020-04-21"
10333;"energy";"electricity";2200;2317;"2019-09-21";"2019-11-01";"";"";"";"Saarbrücken";"indelivery";1001;"2020-06-21"
10334;"energy";"electricity";2200;2122;"2018-01-04";"2018-03-01";"2019-04-30";"2019-03-30";"fristgerecht durch Kunde";"Berlin";"terminated";1002;"2019-03-30"
10335;"energy";"electricity";1900;2010;"2019-05-24";"2019-09-01";"";"";"";"Stuttgart";"indelivery";1001;"2020-08-14"
10336;"energy";"electricity";2000;"";"2019-01-12";"2019-08-01";"";"";"";"Kassel";"indelivery";1000;"2019-03-14"
10337;"energy";"gas";10900;11003;"2019-10-02";"2019-12-01";"";"";"";"Berlin";"indelivery";2001;"2019-11-18"
10338;"energy";"gas";9400;"";"2018-08-07";"2018-12-01";"2019-03-31";"2019-03-03";"fristgerecht durch Kunde";"Stuttgart";"terminated";2000;"2018-12-16"
10339;"energy";"electricity";2900;2964;"2020-02-25";"2020-05-01";"";"";"";"Eberswalde";"indelivery";1001;"2020-03-18"
10340;"energy";"gas";8200;8005;"2019-01-18";"2019-04-01";"";"";"";"Potsdam";"indelivery";2001;"2020-01-16"
10341;"energy";"electricity";2000;2043;"2018-08-12";"2018-10-01";"";"";"";"Stuttgart";"indelivery";1001;"2019-03-05"
10342;"energy";"electricity";2200;2177;"2018-10-24";"2018-12-01";"2019-08-31";"2019-07-27";"fristgerecht durch Kunde";"Berlin";"terminated";1001;"2019-01-25"
10343;"energy";"electricity";2800;"";"2018-09-30";"2019-02-01";"2020-12-31";"2020-11-27";"Umzug";"Essen";"cancelled";1002;"2020-08-20"
10344;"energy";"gas";8000;8582;"2019-10-22";"2019-11-01";"";"";"";"Schwelm";"indelivery";2000;"2020-03-23"
10345;"energy";"electricity";2300;2288;"2018-09-21";"2019-02-01";"";"";"";"Hamburg";"indelivery";1001;"2020-09-09"
10346;"energy";"electricity";2600;2750;"2020-08-21";"2020-09-01";"";"";"";"Heilbad Heiligenstadt";"indelivery";1001;"2020-08-23"
10347;"energy";"electricity";2200;2239;"2020-08-25";"2020-11-01";"";"";"";"Hannover";"active";1001;"2020-09-27"
10348;"energy";"electricity";2900;3118;"2019-04-08";"2019-06-01";"";"";"";"Hannover";"indelivery";1002;"2019-08-29"
10349;"energy";"electricity";2700;2884;"2018-08-07";"2018-10-01";"2020-08-31";"2020-07-31";"Umzug";"Berlin";"terminated";1001;"2018-12-04"
10350;"energy";"gas";9500;9437;"2018-07-07";"2018-08-01";"";"";"";"Bremen";"indelivery";2000;"2020-01-04"
10351;"energy";"electricity";2700;2769;"2018-08-27";"2018-11-01";"";"";"";"Berlin";"indelivery";1002;"2019-10-20"
10352;"energy";"electricity";2800;2840;"2020-03-28";"2020-05-01";"";"";"";"Berlin";"indelivery";1001;"2020-05-14"
10353;"energy";"electricity";2200;2211;"2019-08-25";"2019-11-01";"2020-08-31";"2020-07-29";"fristgerecht durch Kunde";"Cologne";"terminated";1000;"2020-03-23"
10354;"energy";"electricity";2300;2225;"2018-10-13";"2019-01-01";"";"";"";"Essen";"indelivery";1000;"2020-02-05"
10355;"energy";"electricity";2400;2489;"2019-08-22";"2019-10-01";"";"";"";"Hamm";"indelivery";1002;"2020-08-27"
10356;"energy";"electricity";2300;2301;"2020-01-26";"2020-02-01";"";"";"";"Saarbrücken";"indelivery";1001;"2020-06-16"
10357;"energy";"gas";11300;11177;"2020-01-03";"2020-07-01";"2020-11-30";"2020-11-01";"fristgerecht durch Kunde";"Heidelberg";"cancelled";2001;"2020-07-24"
10358;"energy";"electricity";2900;2838;"2018-05-23";"2018-10-01";"";"";"";"Ulm";"indelivery";1002;"2020-04-06"
10359;"energy";"electricity";2800;2969;"2019-04-14";"2019-07-01";"2020-06-30";"2020-06-02";"Umzug";"Stuttgart";"terminated";1001;"2020-05-05"
10360;"energy";"electricity";2400;2422;"2019-07-13";"2019-12-01";"";"";"";"Essen";"indelivery";1001;"2019-09-25"
10361;"energy";"electricity";2700;2820;"2018-10-10";"2019-01-01";"";"";"";"Koblenz";"indelivery";1000;"2020-08-06"
10362;"energy";"electricity";2600;2547;"2018-03-05";"2018-07-01";"";"";"";"Munich";"indelivery";1001;"2020-07-28"
10363;"energy";"electricity";2500;2477;"2019-12-30";"2020-02-01";"";"";"";"Augsburg";"indelivery";1000;"2020-04-02"
10364;"energy";"electricity";2500;2348;"2018-07-10";"2019-02-01";"";"";"";"Stralsund";"indelivery";1001;"2018-11-12"
10365;"energy";"electricity";2600;2685;"2020-01-09";"2020-05-01";"";"";"";"Munich";"indelivery";1000;"2020-08-26"
10366;"energy";"electricity";2700;2696;"2019-05-31";"2019-08-01";"";"";"";"Munich";"indelivery";1000;"2019-09-03"
10367;"energy";"electricity";2100;2192;"2019-04-11";"2019-08-01";"2020-07-31";"2020-07-03";"fristgerecht durch Kunde";"Leipzig";"terminated";1000;"2020-07-03"
10368;"energy";"electricity";2900;2794;"2018-08-26";"2018-10-01";"";"";"";"Rostock";"indelivery";1002;"2020-09-01"
10369;"energy";"electricity";2000;2077;"2020-09-09";"2020-11-01";"";"";"";"Hannover";"active";1001;"2020-09-28"
10370;"energy";"electricity";2700;2654;"2019-04-13";"2020-05-01";"";"";"";"Munich";"indelivery";1001;"2019-12-23"
10371;"energy";"electricity";2800;2822;"2019-07-21";"2020-04-01";"";"";"";"Berlin";"indelivery";1001;"2020-09-19"
10372;"energy";"electricity";2500;2429;"2018-08-09";"2019-11-01";"";"";"";"Erlangen";"indelivery";1002;"2018-10-22"
10373;"energy";"electricity";1900;1956;"2020-01-21";"2020-08-01";"";"";"";"Hamburg";"indelivery";1001;"2020-07-02"
10374;"energy";"electricity";2400;2475;"2020-06-13";"2020-09-01";"";"";"";"Munich";"indelivery";1001;"2020-09-13"
10375;"energy";"electricity";2400;2515;"2018-03-13";"2018-06-01";"";"";"";"Stuttgart";"indelivery";1002;"2018-11-26"
10376;"energy";"electricity";2500;2577;"2020-06-02";"2020-11-01";"";"";"";"Leipzig";"active";1002;"2020-07-19"
10377;"energy";"electricity";2300;2410;"2018-05-25";"2018-07-01";"";"";"";"Marienberg";"indelivery";1001;"2019-06-29"
10378;"energy";"gas";9300;9126;"2019-11-07";"2020-02-01";"";"";"";"Bonn";"indelivery";2001;"2019-12-19"
10379;"energy";"electricity";3000;"";"2019-12-02";"2020-01-01";"2020-01-01";"2020-05-01";"Wiederruf";"Neuruppin";"terminated";1000;"2020-05-01"
10380;"energy";"gas";11600;12332;"2019-01-12";"2019-03-01";"";"";"";"Essen";"indelivery";2001;"2019-01-27"
10381;"energy";"electricity";2300;2417;"2019-06-07";"2020-04-01";"";"";"";"Münster";"indelivery";1001;"2020-01-03"
10382;"energy";"electricity";2500;"";"2019-05-13";"2019-06-01";"";"";"";"Frankfurt";"indelivery";1000;"2019-12-04"
10383;"energy";"gas";8800;9189;"2018-05-01";"2018-09-01";"2020-02-29";"2020-01-30";"fristgerecht durch LichtBlick";"Bonn";"terminated";2001;"2019-01-24"
10384;"energy";"electricity";2700;2718;"2020-06-28";"2020-07-01";"";"";"";"Düsseldorf";"indelivery";1000;"2020-09-15"
10385;"energy";"electricity";2400;2293;"2019-05-28";"2019-07-01";"";"";"";"Munich";"indelivery";1001;"2019-08-20"
10386;"energy";"gas";10900;11243;"2019-05-27";"2019-06-01";"2020-04-30";"2020-04-02";"fristgerecht durch Kunde";"Wilhelmshaven";"terminated";2001;"2019-07-29"
10387;"energy";"electricity";2400;2490;"2019-12-28";"2020-01-01";"";"";"";"Hamburg";"indelivery";1002;"2020-08-05"
10388;"energy";"electricity";2500;2624;"2019-07-28";"2019-11-01";"2020-05-31";"2020-04-30";"fristgerecht durch Kunde";"Essen";"terminated";1001;"2019-08-02"
10389;"energy";"electricity";2200;2285;"2018-05-14";"2018-11-01";"";"";"";"Magdeburg";"indelivery";1001;"2020-03-08"
10390;"energy";"electricity";2100;2118;"2018-03-28";"2018-07-01";"2020-12-31";"2020-12-03";"fristgerecht durch Kunde";"Heidelberg";"cancelled";1001;"2018-04-29"
10391;"energy";"electricity";2800;2781;"2019-09-01";"2019-11-01";"";"";"";"Hamburg";"indelivery";1002;"2020-06-16"
10392;"energy";"gas";8500;8438;"2020-02-07";"2020-04-01";"";"";"";"Frankfurt";"indelivery";2001;"2020-05-16"
10393;"energy";"electricity";2300;2439;"2018-08-03";"2018-10-01";"";"";"";"Karlsruhe";"indelivery";1001;"2018-08-20"
10394;"energy";"electricity";2400;2520;"2020-03-27";"2020-05-01";"";"";"";"Erfurt";"indelivery";1000;"2020-07-31"
10395;"energy";"gas";11100;10725;"2020-01-17";"2020-05-01";"";"";"";"Frankfurt";"indelivery";2001;"2020-09-19"
10396;"energy";"electricity";3000;3070;"2020-06-10";"2020-11-01";"";"";"";"Dortmund";"active";1000;"2020-08-29"
10397;"energy";"electricity";2800;2809;"2018-02-03";"2018-04-01";"";"";"";"Berlin";"indelivery";1000;"2019-09-11"
10398;"energy";"electricity";2300;2357;"2018-08-29";"2019-03-01";"2020-04-30";"2020-03-24";"Umzug";"Berlin";"terminated";1001;"2018-10-02"
10399;"energy";"electricity";2200;2149;"2018-07-12";"2018-09-01";"";"";"";"Rosenheim";"indelivery";1000;"2019-07-12"
10400;"energy";"electricity";2800;2907;"2019-05-23";"2020-03-01";"2020-06-30";"2020-06-02";"fristgerecht durch LichtBlick";"Wiesbaden";"terminated";1001;"2020-01-03"
10401;"energy";"electricity";2500;2401;"2018-08-04";"2019-01-01";"";"";"";"Kiel";"indelivery";1002;"2019-07-26"
10402;"energy";"electricity";2700;2610;"2018-11-19";"2019-07-01";"";"";"";"Augsburg";"indelivery";1001;"2019-11-15"
10403;"energy";"electricity";2400;2415;"2018-06-30";"2018-09-01";"2020-07-31";"2020-07-02";"fristgerecht durch Kunde";"Frankfurt";"terminated";1002;"2020-02-19"
10404;"energy";"electricity";2000;1990;"2019-04-03";"2019-09-01";"";"";"";"Marienberg";"indelivery";1001;"2019-12-12"
10405;"energy";"electricity";2900;3046;"2020-01-09";"2020-10-01";"";"";"";"Bremerhaven";"indelivery";1001;"2020-05-30"
10406;"energy";"electricity";2200;2113;"2018-08-27";"2019-04-01";"";"";"";"Berlin";"indelivery";1002;"2019-02-04"
10407;"energy";"electricity";2400;2548;"2018-06-16";"2019-01-01";"";"";"";"Düsseldorf";"indelivery";1000;"2018-10-07"
10408;"energy";"electricity";2900;2830;"2018-07-18";"2020-01-01";"";"";"";"Münster";"indelivery";1001;"2020-03-27"
10409;"energy";"electricity";2600;2787;"2019-04-19";"2019-08-01";"";"";"";"Stuttgart";"indelivery";1000;"2019-05-13"
10410;"energy";"electricity";2300;2412;"2019-06-13";"2019-10-01";"";"";"";"Marienberg";"indelivery";1000;"2020-08-26"
10411;"energy";"electricity";2700;2751;"2019-02-15";"2019-05-01";"2019-11-30";"2019-11-01";"fristgerecht durch LichtBlick";"Munich";"terminated";1001;"2019-11-01"
10412;"energy";"electricity";2500;2602;"2020-07-04";"2020-09-01";"";"";"";"Cologne";"indelivery";1001;"2020-07-13"
10413;"energy";"electricity";2800;2880;"2018-11-12";"2019-09-01";"";"";"";"Hamburg";"indelivery";1000;"2020-04-14"
10414;"energy";"electricity";2000;2058;"2020-03-03";"2020-09-01";"2020-12-31";"2020-12-01";"fristgerecht durch Kunde";"Berlin";"cancelled";1002;"2020-05-08"
10415;"energy";"electricity";2800;2724;"2020-02-19";"2020-04-01";"";"";"";"Dortmund";"indelivery";1000;"2020-07-28"
10416;"energy";"electricity";2100;2079;"2019-10-13";"2020-05-01";"";"";"";"Munich";"indelivery";1002;"2020-08-04"
10417;"energy";"electricity";2900;3098;"2020-06-23";"2020-08-01";"";"";"";"Hamburg";"indelivery";1002;"2020-09-13"
10418;"energy";"electricity";2700;2746;"2018-09-09";"2019-06-01";"";"";"";"Bielefeld";"indelivery";1002;"2019-05-20"
10419;"energy";"electricity";2300;2391;"2018-09-18";"2018-11-01";"";"";"";"Augsburg";"indelivery";1001;"2020-02-05"
10420;"energy";"electricity";2200;2187;"2019-11-10";"2020-03-01";"";"";"";"Magdeburg";"indelivery";1000;"2020-04-18"
10421;"energy";"electricity";2200;2274;"2019-09-12";"2019-11-01";"2020-02-29";"2020-01-30";"Umzug";"Würzburg";"terminated";1000;"2020-01-30"
10422;"energy";"electricity";2300;2297;"2019-07-13";"2019-09-01";"";"";"";"Cologne";"indelivery";1000;"2019-08-04"
10423;"energy";"gas";9100;8756;"2018-10-15";"2019-01-01";"2020-07-31";"2020-07-02";"fristgerecht durch Kunde";"Bonn";"terminated";2000;"2020-02-09"
10424;"energy";"gas";8600;8472;"2020-09-24";"2020-12-01";"";"";"";"Duisburg";"active";2000;"2020-09-24"
10425;"energy";"electricity";2400;2485;"2018-05-26";"2018-08-01";"";"";"";"Frankfurt";"indelivery";1002;"2019-03-26"
10426;"energy";"electricity";2300;2468;"2018-06-19";"2019-03-01";"";"";"";"Düsseldorf";"indelivery";1000;"2020-08-17"
10427;"energy";"electricity";2400;"";"2019-12-15";"2020-01-01";"";"";"";"Hamburg";"indelivery";1000;"2020-04-29"
10428;"energy";"electricity";2900;3057;"2019-06-27";"2019-12-01";"";"";"";"Leipzig";"indelivery";1002;"2020-09-17"
10429;"energy";"electricity";2900;2996;"2018-11-10";"2018-12-01";"";"";"";"Hamburg";"indelivery";1001;"2019-11-29"
10430;"energy";"electricity";2900;3046;"2018-06-28";"2019-02-01";"";"";"";"Borken";"indelivery";1000;"2020-08-04"
10431;"energy";"electricity";2200;2359;"2020-01-31";"2020-07-01";"";"";"";"Potsdam";"indelivery";1002;"2020-07-09"
10432;"energy";"electricity";2900;2801;"2020-02-22";"2020-06-01";"";"";"";"Ravensburg";"indelivery";1001;"2020-04-24"
10433;"energy";"electricity";2100;2104;"2018-02-06";"2018-04-01";"";"";"";"Hamburg";"indelivery";1002;"2019-08-19"
10434;"energy";"electricity";1900;1863;"2020-01-30";"2020-03-01";"";"";"";"Munich";"indelivery";1001;"2020-08-31"
10435;"energy";"electricity";2400;2488;"2018-12-15";"2019-02-01";"";"";"";"Stuttgart";"indelivery";1002;"2020-01-29"
10436;"energy";"electricity";2300;2165;"2019-04-22";"2020-02-01";"";"";"";"Hamburg";"indelivery";1000;"2020-08-05"
10437;"energy";"electricity";2300;2445;"2018-06-02";"2018-08-01";"";"";"";"Leipzig";"indelivery";1001;"2019-08-19"
10438;"energy";"electricity";2100;2118;"2019-11-19";"2020-08-01";"";"";"";"Leipzig";"indelivery";1001;"2019-12-08"
10439;"energy";"electricity";2700;2833;"2019-11-01";"2019-12-01";"";"";"";"Altchemnitz";"indelivery";1000;"2019-11-02"
10440;"energy";"electricity";2000;1942;"2018-08-10";"2018-10-01";"2020-01-31";"2020-01-01";"Umzug";"Stralsund";"terminated";1000;"2019-04-04"
10441;"energy";"electricity";2900;2921;"2019-02-22";"2019-07-01";"";"";"";"Erfurt";"indelivery";1000;"2020-09-08"
10442;"energy";"gas";10500;10240;"2019-10-08";"2019-11-01";"2020-07-31";"2020-07-03";"Umzug";"Oldenburg";"terminated";2000;"2020-07-03"
10443;"energy";"electricity";2200;2245;"2020-05-08";"2020-07-01";"";"";"";"Potsdam";"indelivery";1002;"2020-09-01"
10444;"energy";"electricity";2800;2816;"2018-12-14";"2019-03-01";"";"";"";"Marienberg";"indelivery";1002;"2019-07-20"
10445;"energy";"electricity";2800;2852;"2018-02-27";"2018-04-01";"";"";"";"Berlin";"indelivery";1001;"2019-11-21"
10446;"energy";"electricity";2800;2806;"2018-01-10";"2018-02-01";"2018-03-31";"2018-03-02";"fristgerecht durch Kunde";"Frankfurt";"terminated";1000;"2018-03-02"
10447;"energy";"electricity";2200;2324;"2019-04-02";"2019-07-01";"";"";"";"Cologne";"indelivery";1002;"2019-08-19"
10448;"energy";"electricity";2800;2795;"2019-01-09";"2019-03-01";"";"";"";"Magdeburg";"indelivery";1000;"2019-07-19"
10449;"energy";"electricity";2500;2600;"2020-09-06";"2020-11-01";"";"";"";"Munich";"active";1001;"2020-09-17"
10450;"energy";"electricity";2800;2938;"2018-04-10";"2018-08-01";"2018-08-01";"2020-08-28";"Wiederruf";"Essen";"terminated";1001;"2019-11-30"
10451;"energy";"electricity";2700;2846;"2019-04-18";"2019-08-01";"2020-03-31";"2020-02-28";"Umzug";"Bielefeld";"terminated";1000;"2020-02-28"
10452;"energy";"electricity";3100;3198;"2019-12-19";"2020-07-01";"";"";"";"Weimar";"indelivery";1002;"2020-06-15"
10453;"energy";"electricity";2800;"";"2019-10-26";"2019-12-01";"";"";"";"Berlin";"indelivery";1002;"2019-12-18"
10454;"energy";"electricity";1900;2000;"2019-08-15";"2020-07-01";"";"";"";"Munich";"indelivery";1001;"2020-04-30"
10455;"energy";"electricity";2400;2441;"2019-01-18";"2019-03-01";"2019-04-30";"2019-04-02";"Umzug";"Wuppertal";"terminated";1002;"2019-04-02"
10456;"energy";"gas";9800;9572;"2019-05-10";"2019-07-01";"";"";"";"Berlin";"indelivery";2000;"2019-06-27"
10457;"energy";"gas";9200;8948;"2018-02-14";"2018-04-01";"2018-05-31";"2018-04-28";"fristgerecht durch Kunde";"Munich";"terminated";2001;"2018-04-28"
10458;"energy";"electricity";2700;2736;"2019-11-12";"2020-02-01";"";"";"";"Berlin";"indelivery";1000;"2020-07-22"
10459;"energy";"electricity";2400;2347;"2019-08-09";"2019-09-01";"";"";"";"Düsseldorf";"indelivery";1000;"2019-11-14"
10460;"energy";"electricity";2600;2742;"2018-11-23";"2019-10-01";"";"";"";"Düsseldorf";"indelivery";1002;"2019-10-24"
10461;"energy";"gas";11900;12570;"2018-04-04";"2018-10-01";"";"";"";"Trier";"indelivery";2001;"2018-11-14"
10462;"energy";"gas";11600;11456;"2020-07-14";"2020-09-01";"";"";"";"Stuttgart";"indelivery";2001;"2020-08-02"
10463;"energy";"electricity";2800;2726;"2019-12-17";"2020-03-01";"";"";"";"Cologne";"indelivery";1002;"2020-02-09"
10464;"energy";"electricity";2400;2360;"2019-06-07";"2020-05-01";"";"";"";"Schwerin";"indelivery";1001;"2019-12-26"
10465;"energy";"electricity";2700;2612;"2018-08-26";"2018-10-01";"2018-10-01";"2019-09-26";"Wiederruf";"Berlin";"terminated";1000;"2019-02-01"
10466;"energy";"gas";8200;8408;"2018-06-20";"2018-07-01";"";"";"";"Altenkirchen";"indelivery";2001;"2018-11-30"
10467;"energy";"electricity";2600;2659;"2019-11-05";"2019-12-01";"";"";"";"Dresden";"indelivery";1000;"2020-05-05"
10468;"energy";"electricity";2500;2408;"2018-02-25";"2018-07-01";"";"";"";"Leipzig";"indelivery";1001;"2018-09-06"
10469;"energy";"electricity";2900;2991;"2019-03-12";"2019-08-01";"";"";"";"Bielefeld";"indelivery";1000;"2020-09-21"
10470;"energy";"electricity";2400;2358;"2018-05-03";"2018-06-01";"";"";"";"Dresden";"indelivery";1002;"2020-04-22"
10471;"energy";"electricity";2300;2401;"2018-06-08";"2018-10-01";"";"";"";"Braunschweig";"indelivery";1001;"2018-08-05"
10472;"energy";"electricity";2200;2406;"2018-09-20";"2018-12-01";"";"";"";"Herne";"indelivery";1000;"2018-12-20"
10473;"energy";"electricity";2400;2457;"2018-04-05";"2018-07-01";"";"";"";"Frankfurt";"indelivery";1002;"2019-10-29"
10474;"energy";"electricity";2900;2917;"2020-05-22";"2020-06-01";"";"";"";"Braunschweig";"indelivery";1000;"2020-05-26"
10475;"energy";"electricity";2400;2506;"2018-01-10";"2018-07-01";"2019-09-30";"2019-09-01";"fristgerecht durch LichtBlick";"Ulm";"terminated";1002;"2019-09-01"
10476;"energy";"electricity";2700;2773;"2018-09-05";"2018-10-01";"";"";"";"Bonn";"indelivery";1001;"2019-10-13"
10477;"energy";"electricity";2400;2536;"2018-01-12";"2018-07-01";"";"";"";"Ulm";"indelivery";1002;"2020-01-20"
10478;"energy";"electricity";2100;2163;"2019-02-21";"2019-08-01";"2019-08-01";"2020-12-01";"Wiederruf";"Aachen";"terminated";1000;"2020-08-14"
10479;"energy";"electricity";2900;2990;"2020-04-22";"2021-03-01";"";"";"";"Braunschweig";"active";1001;"2020-06-20"
10480;"energy";"electricity";2600;2750;"2019-07-13";"2020-04-01";"";"";"";"Aachen";"indelivery";1002;"2019-08-07"
10481;"energy";"electricity";3000;3103;"2019-08-09";"2019-10-01";"2020-05-31";"2020-05-02";"fristgerecht durch Kunde";"Hannover";"terminated";1002;"2020-04-23"
10482;"energy";"electricity";2500;2488;"2020-06-21";"2021-04-01";"";"";"";"Ingolstadt";"active";1002;"2020-09-15"
10483;"energy";"electricity";2800;2711;"2018-09-22";"2018-11-01";"";"";"";"Fürth";"indelivery";1000;"2020-08-27"
10484;"energy";"electricity";2200;2224;"2020-01-28";"2020-11-01";"";"";"";"Berlin";"active";1002;"2020-09-30"
10485;"energy";"electricity";2200;2118;"2020-04-22";"2020-06-01";"";"";"";"Wuppertal";"indelivery";1000;"2020-05-10"
10486;"energy";"electricity";2200;"";"2018-12-19";"2019-05-01";"";"";"";"Herford";"indelivery";1002;"2019-06-21"
10487;"energy";"electricity";2600;2482;"2018-01-10";"2018-09-01";"";"";"";"Bremen";"indelivery";1001;"2018-04-08"
10488;"energy";"electricity";2900;2859;"2019-12-14";"2020-02-01";"";"";"";"Marienberg";"indelivery";1001;"2020-03-25"
10489;"energy";"electricity";2400;2326;"2018-11-26";"2018-12-01";"";"";"";"Fürth";"indelivery";1000;"2020-04-20"
10490;"energy";"electricity";2600;2609;"2019-11-20";"2020-06-01";"";"";"";"Gera";"indelivery";1001;"2020-06-07"
10491;"energy";"electricity";2600;2663;"2018-04-10";"2018-07-01";"";"";"";"Bonn";"indelivery";1000;"2020-09-25"
10492;"energy";"electricity";2500;2607;"2018-07-27";"2019-03-01";"";"";"";"Altchemnitz";"indelivery";1002;"2019-01-03"
10493;"energy";"electricity";2700;2743;"2019-12-03";"2020-09-01";"";"";"";"Frankfurt";"indelivery";1001;"2020-07-12"
10494;"energy";"electricity";2200;2310;"2020-07-24";"2020-11-01";"";"";"";"Marienberg";"active";1000;"2020-09-04"
10495;"energy";"electricity";2200;2161;"2019-03-21";"2019-04-01";"2020-04-30";"2020-03-25";"fristgerecht durch Kunde";"Bielefeld";"terminated";1000;"2019-08-03"
10496;"energy";"electricity";2400;2342;"2019-09-28";"2020-05-01";"";"";"";"Munich";"indelivery";1000;"2020-05-31"
10497;"energy";"gas";8700;9252;"2020-01-16";"2020-08-01";"";"";"";"Munich";"indelivery";2000;"2020-04-24"
10498;"energy";"electricity";2500;2370;"2020-05-04";"2020-07-01";"";"";"";"Stuttgart";"indelivery";1002;"2020-09-17"
10499;"energy";"electricity";2400;"";"2019-10-19";"2019-11-01";"2020-07-31";"2020-07-03";"fristgerecht durch LichtBlick";"Munich";"terminated";1001;"2019-11-19"
10500;"energy";"electricity";2600;2486;"2019-03-06";"2019-05-01";"";"";"";"Düsseldorf";"indelivery";1000;"2019-09-07"
10501;"energy";"electricity";2200;"";"2019-11-24";"2020-05-01";"";"";"";"Bremen";"indelivery";1001;"2020-01-31"
10502;"energy";"electricity";2300;2339;"2019-06-15";"2020-01-01";"";"";"";"Berlin";"indelivery";1000;"2020-04-25"
10503;"energy";"electricity";2100;2190;"2020-02-11";"2020-04-01";"";"";"";"Dresden";"indelivery";1000;"2020-03-05"
10504;"energy";"electricity";2100;2146;"2019-07-21";"2019-09-01";"";"";"";"Berlin";"indelivery";1002;"2019-12-04"
10505;"energy";"electricity";2100;2201;"2018-02-10";"2019-01-01";"";"";"";"Hamburg";"indelivery";1002;"2020-03-01"
10506;"energy";"gas";9600;9408;"2020-05-15";"2020-06-01";"";"";"";"Braunschweig";"indelivery";2001;"2020-08-30"
10507;"energy";"electricity";2600;"";"2018-12-25";"2019-01-01";"";"";"";"Schwerin";"indelivery";1002;"2019-04-17"
10508;"energy";"electricity";2300;2498;"2018-02-09";"2018-05-01";"";"";"";"Dortmund";"indelivery";1002;"2018-06-08"
10509;"energy";"electricity";2200;2204;"2020-07-08";"2020-08-01";"";"";"";"Marienberg";"indelivery";1002;"2020-09-02"
10510;"energy";"electricity";2100;2091;"2019-07-11";"2019-09-01";"2020-12-31";"2020-11-27";"Umzug";"Wiesbaden";"cancelled";1000;"2020-07-04"
10511;"energy";"electricity";2400;2376;"2019-12-13";"2020-01-01";"";"";"";"Dortmund";"indelivery";1000;"2020-09-13"
10512;"energy";"electricity";3000;3084;"2018-09-08";"2019-05-01";"";"";"";"Leipzig";"indelivery";1002;"2019-08-23"
10513;"energy";"electricity";2500;2712;"2019-12-31";"2020-07-01";"";"";"";"Potsdam";"indelivery";1000;"2020-08-26"
10514;"energy";"electricity";2400;2527;"2019-02-12";"2019-07-01";"";"";"";"Hannover";"indelivery";1000;"2019-05-14"
10515;"energy";"electricity";2500;2604;"2019-04-25";"2019-08-01";"";"";"";"Bielefeld";"indelivery";1000;"2019-08-14"
10516;"energy";"electricity";2600;2597;"2020-02-27";"2020-08-01";"";"";"";"Frankfurt";"indelivery";1001;"2020-07-19"
10517;"energy";"electricity";3000;3078;"2020-08-16";"2021-02-01";"";"";"";"Hamburg";"active";1002;"2020-09-17"
10518;"energy";"electricity";2400;2396;"2020-08-25";"2020-11-01";"";"";"";"Stuttgart";"active";1000;"2020-09-25"
10519;"energy";"electricity";2800;2909;"2018-12-21";"2019-02-01";"";"";"";"Dortmund";"indelivery";1002;"2019-10-15"
10520;"energy";"electricity";2600;"";"2019-06-23";"2020-06-01";"";"";"";"Dortmund";"indelivery";1001;"2020-09-28"
10521;"energy";"electricity";2300;2348;"2020-03-01";"2020-07-01";"";"";"";"Hamburg";"indelivery";1002;"2020-09-12"
10522;"energy";"electricity";2200;2372;"2019-06-24";"2019-11-01";"";"";"";"Frankfurt";"indelivery";1002;"2019-12-24"
10523;"energy";"electricity";2500;2565;"2020-03-13";"2020-07-01";"";"";"";"Stuttgart";"indelivery";1000;"2020-07-04"
10524;"energy";"electricity";2600;2618;"2019-04-08";"2019-06-01";"";"";"";"Würzburg";"indelivery";1002;"2020-02-25"
10525;"energy";"electricity";2200;2193;"2019-09-24";"2019-10-01";"";"";"";"Hannover";"indelivery";1001;"2020-01-08"
10526;"energy";"electricity";2300;2257;"2019-03-15";"2019-10-01";"2020-03-31";"2020-03-01";"Umzug";"Wiesbaden";"terminated";1001;"2020-03-01"
10527;"energy";"gas";8300;8151;"2018-08-29";"2018-10-01";"2018-10-01";"2018-12-02";"Wiederruf";"Hamburg";"terminated";2000;"2018-12-02"
10528;"energy";"electricity";2000;2103;"2018-02-19";"2018-07-01";"";"";"";"Wiesbaden";"indelivery";1001;"2019-11-19"
10529;"energy";"electricity";2600;2504;"2020-07-17";"2021-06-01";"";"";"";"Magdeburg";"active";1002;"2020-09-16"
10530;"energy";"gas";11700;11259;"2018-03-16";"2018-08-01";"";"";"";"Freiburg";"indelivery";2001;"2019-03-12"
10531;"energy";"electricity";2100;2170;"2020-02-23";"2020-04-01";"";"";"";"Karlsruhe";"indelivery";1001;"2020-04-21"
10532;"energy";"electricity";2400;2399;"2018-10-11";"2019-04-01";"2020-11-30";"2020-11-02";"fristgerecht durch Kunde";"Mannheim";"cancelled";1000;"2020-02-25"
10533;"energy";"electricity";2800;"";"2019-03-09";"2019-05-01";"";"";"";"Essen";"indelivery";1000;"2019-05-20"
10534;"energy";"electricity";2300;2473;"2018-05-27";"2018-12-01";"";"";"";"Bad Segeberg";"indelivery";1000;"2018-10-04"
10535;"energy";"electricity";2500;2588;"2020-07-14";"2020-12-01";"";"";"";"Berlin";"active";1000;"2020-08-17"
10536;"energy";"electricity";2700;2624;"2019-11-10";"2020-08-01";"";"";"";"Cologne";"indelivery";1000;"2020-07-14"
10537;"energy";"electricity";2500;2411;"2019-06-20";"2019-10-01";"2020-01-31";"2019-12-31";"fristgerecht durch LichtBlick";"Marienberg";"terminated";1001;"2019-12-31"
10538;"energy";"electricity";2000;2131;"2019-05-29";"2020-03-01";"2020-09-30";"2020-08-28";"Umzug";"Cologne";"terminated";1000;"2019-08-21"
10539;"energy";"electricity";2400;2282;"2019-04-12";"2019-07-01";"2020-09-30";"2020-09-02";"Umzug";"Göttingen";"terminated";1001;"2020-04-09"
10540;"energy";"electricity";2500;"";"2020-01-19";"2020-06-01";"";"";"";"Stuttgart";"indelivery";1002;"2020-09-19"
10541;"energy";"electricity";2600;2646;"2018-02-13";"2018-09-01";"";"";"";"Hannover";"indelivery";1001;"2018-11-10"
10542;"energy";"electricity";2000;1968;"2018-05-22";"2018-07-01";"";"";"";"Frankfurt";"indelivery";1002;"2020-09-19"
10543;"energy";"electricity";2400;2336;"2019-03-14";"2019-04-01";"2020-05-31";"2020-04-30";"Umzug";"Leipzig";"terminated";1000;"2019-07-24"
10544;"energy";"electricity";2100;2055;"2019-07-11";"2019-09-01";"2019-09-01";"2020-07-02";"Wiederruf";"Aurich";"terminated";1001;"2020-05-23"
10545;"energy";"electricity";2300;2463;"2019-03-05";"2019-04-01";"";"";"";"Essen";"indelivery";1002;"2019-03-28"
10546;"energy";"electricity";2700;2862;"2019-08-31";"2019-10-01";"";"";"";"Berlin";"indelivery";1001;"2020-02-18"
10547;"energy";"electricity";2600;2693;"2019-05-24";"2019-09-01";"";"";"";"Münster";"indelivery";1000;"2020-07-28"
10548;"energy";"gas";9600;9725;"2018-03-17";"2018-04-01";"2018-04-01";"2020-05-03";"Wiederruf";"Magdeburg";"terminated";2000;"2020-03-24"
10549;"energy";"electricity";2000;1963;"2018-11-25";"2019-03-01";"";"";"";"Essen";"indelivery";1000;"2019-04-01"
10550;"energy";"electricity";2100;2238;"2019-11-07";"2020-03-01";"";"";"";"Braunschweig";"indelivery";1002;"2020-01-17"
10551;"energy";"electricity";2200;2364;"2020-07-19";"2021-05-01";"";"";"";"Dortmund";"active";1001;"2020-08-24"
10552;"energy";"gas";11200;12054;"2020-03-22";"2020-05-01";"";"";"";"Frankfurt";"indelivery";2000;"2020-05-29"
10553;"energy";"electricity";2100;2053;"2019-06-10";"2019-09-01";"";"";"";"Oberhausen";"indelivery";1002;"2020-05-24"
10554;"energy";"electricity";2700;2787;"2018-07-20";"2018-12-01";"";"";"";"Karlsruhe";"indelivery";1000;"2019-11-25"
10555;"energy";"electricity";2400;2412;"2019-05-13";"2019-07-01";"";"";"";"Potsdam";"indelivery";1001;"2019-10-23"
10556;"energy";"electricity";2600;2832;"2018-07-05";"2018-10-01";"2019-04-30";"2019-03-31";"fristgerecht durch Kunde";"Munich";"terminated";1002;"2019-03-31"
10557;"energy";"electricity";2200;2211;"2020-04-15";"2020-08-01";"";"";"";"Lübeck";"indelivery";1002;"2020-08-04"
10558;"energy";"electricity";2800;"";"2018-11-24";"2019-01-01";"2020-11-30";"2020-10-28";"fristgerecht durch LichtBlick";"Berlin";"cancelled";1000;"2019-08-18"
10559;"energy";"electricity";2100;2207;"2020-03-17";"2020-10-01";"";"";"";"Essen";"indelivery";1000;"2020-09-10"
10560;"energy";"gas";9100;9657;"2019-06-17";"2019-08-01";"";"";"";"Berlin";"indelivery";2001;"2020-03-08"
10561;"energy";"electricity";2500;2475;"2019-04-16";"2019-10-01";"";"";"";"Hamburg";"indelivery";1001;"2019-12-21"
10562;"energy";"electricity";2700;"";"2018-08-22";"2019-09-01";"2019-09-01";"2020-07-03";"Wiederruf";"Bremerhaven";"terminated";1002;"2020-03-15"
10563;"energy";"electricity";2100;2159;"2019-10-30";"2020-02-01";"";"";"";"Kiel";"indelivery";1001;"2020-05-13"
10564;"energy";"electricity";2300;2510;"2018-07-19";"2018-09-01";"2019-04-30";"2019-03-29";"fristgerecht durch Kunde";"Dresden";"terminated";1001;"2019-03-29"
10565;"energy";"electricity";2800;2963;"2018-08-11";"2018-10-01";"2019-12-31";"2019-12-03";"fristgerecht durch LichtBlick";"Düsseldorf";"terminated";1000;"2018-09-16"
10566;"energy";"electricity";2800;2907;"2020-04-11";"2021-07-01";"";"";"";"Essen";"active";1000;"2020-08-07"
10567;"energy";"electricity";2400;2460;"2018-08-01";"2018-09-01";"2018-12-31";"2018-11-28";"Umzug";"Munich";"terminated";1001;"2018-11-28"
10568;"energy";"gas";10000;10709;"2018-06-25";"2018-10-01";"2018-10-01";"2020-07-26";"Wiederruf";"Stuttgart";"terminated";2000;"2019-05-09"
10569;"energy";"electricity";2800;"";"2018-01-12";"2018-07-01";"";"";"";"Stuttgart";"indelivery";1000;"2020-09-22"
10570;"energy";"electricity";2100;2238;"2020-03-14";"2020-06-01";"";"";"";"Dortmund";"indelivery";1001;"2020-08-07"
10571;"energy";"electricity";2600;2750;"2020-09-26";"2021-01-01";"";"";"";"Munich";"active";1002;"2020-09-30"
10572;"energy";"gas";10700;10272;"2020-07-09";"2020-09-01";"";"";"";"Kiel";"indelivery";2001;"2020-08-13"
10573;"energy";"electricity";2100;"";"2020-03-10";"2020-04-01";"";"";"";"Stuttgart";"indelivery";1002;"2020-04-02"
10574;"energy";"electricity";2100;2088;"2020-01-19";"2020-03-01";"";"";"";"Wittlich";"indelivery";1002;"2020-01-30"
10575;"energy";"electricity";2700;"";"2018-09-07";"2019-05-01";"";"";"";"Regensburg";"indelivery";1001;"2018-10-10"
10576;"energy";"electricity";2800;2646;"2019-04-19";"2019-06-01";"2020-04-30";"2020-03-31";"fristgerecht durch LichtBlick";"Berlin";"terminated";1001;"2020-03-31"
10577;"energy";"gas";8600;8468;"2019-08-27";"2020-06-01";"";"";"";"Berlin";"indelivery";2000;"2020-06-05"
10578;"energy";"electricity";2100;2148;"2019-04-21";"2019-06-01";"";"";"";"Berlin";"indelivery";1002;"2020-06-24"
10579;"energy";"electricity";2000;2027;"2018-06-20";"2019-03-01";"";"";"";"Stuttgart";"indelivery";1002;"2020-08-29"
10580;"energy";"electricity";2200;2290;"2019-07-21";"2019-12-01";"";"";"";"Essen";"indelivery";1000;"2019-10-11"
10581;"energy";"electricity";2800;2948;"2018-10-24";"2019-01-01";"";"";"";"Dresden";"indelivery";1000;"2018-11-20"
10582;"energy";"electricity";2500;"";"2020-07-17";"2020-08-01";"";"";"";"Cologne";"indelivery";1001;"2020-09-13"
10583;"energy";"electricity";2800;2905;"2019-07-31";"2019-09-01";"2019-09-01";"2020-08-01";"Wiederruf";"Cologne";"terminated";1002;"2019-08-01"
10584;"energy";"electricity";2300;2331;"2020-02-11";"2020-04-01";"2020-09-30";"2020-08-30";"fristgerecht durch LichtBlick";"Frankfurt";"terminated";1001;"2020-08-30"
10585;"energy";"electricity";2600;2542;"2019-10-31";"2020-07-01";"";"";"";"Munich";"indelivery";1002;"2019-12-07"
10586;"energy";"electricity";2700;2657;"2020-08-11";"2020-09-01";"";"";"";"Ulm";"indelivery";1000;"2020-09-13"
10587;"energy";"electricity";2600;"";"2020-09-21";"2020-12-01";"";"";"";"Berlin";"active";1002;"2020-09-28"
10588;"energy";"electricity";2800;2885;"2019-03-02";"2019-05-01";"";"";"";"Mannheim";"indelivery";1001;"2020-07-15"
10589;"energy";"electricity";2700;2740;"2020-09-07";"2020-11-01";"";"";"";"Flensburg";"active";1002;"2020-09-23"
10590;"energy";"electricity";2300;2359;"2020-01-20";"2020-03-01";"2020-07-31";"2020-07-03";"fristgerecht durch Kunde";"Munich";"terminated";1002;"2020-03-17"
10591;"energy";"electricity";2300;2239;"2018-11-22";"2019-07-01";"";"";"";"Magdeburg";"indelivery";1002;"2020-07-16"
10592;"energy";"electricity";2000;2012;"2018-11-30";"2019-02-01";"";"";"";"Frankfurt";"indelivery";1002;"2019-01-30"
10593;"energy";"electricity";2900;2868;"2019-09-10";"2020-01-01";"";"";"";"Düsseldorf";"indelivery";1002;"2020-03-07"
10594;"energy";"electricity";2500;2638;"2020-02-02";"2020-04-01";"";"";"";"Berlin";"indelivery";1001;"2020-07-26"
10595;"energy";"gas";8700;8537;"2019-08-08";"2019-10-01";"2019-10-01";"2020-10-31";"Wiederruf";"Berlin";"terminated";2001;"2019-10-16"
10596;"energy";"electricity";3000;2898;"2020-01-10";"2020-03-01";"";"";"";"Wittmund";"indelivery";1002;"2020-02-03"
10597;"energy";"electricity";2900;2755;"2018-09-03";"2018-10-01";"";"";"";"Magdeburg";"indelivery";1001;"2019-02-19"
10598;"energy";"electricity";3000;3043;"2019-09-28";"2020-01-01";"";"";"";"Donauwörth";"indelivery";1002;"2020-04-27"
10599;"energy";"electricity";3000;3008;"2020-01-28";"2020-03-01";"";"";"";"Dortmund";"indelivery";1002;"2020-05-15"
10600;"energy";"electricity";2400;2547;"2019-05-06";"2019-09-01";"";"";"";"Frankfurt";"indelivery";1001;"2020-02-14"
10601;"energy";"electricity";2300;2332;"2018-10-23";"2019-04-01";"";"";"";"Hamburg";"indelivery";1001;"2019-02-20"
10602;"energy";"electricity";2200;2344;"2018-06-28";"2018-09-01";"2020-03-31";"2020-03-03";"fristgerecht durch LichtBlick";"Bremen";"terminated";1000;"2020-03-03"
10603;"energy";"electricity";2800;2883;"2020-05-15";"2020-12-01";"";"";"";"Berlin";"active";1002;"2020-07-03"
10604;"energy";"electricity";2700;2722;"2018-09-17";"2018-11-01";"";"";"";"Hamburg";"indelivery";1002;"2020-03-22"
10605;"energy";"gas";8500;8197;"2018-01-17";"2018-03-01";"2019-05-31";"2019-05-01";"Umzug";"Bremen";"terminated";2000;"2018-12-19"
10606;"energy";"electricity";2300;2344;"2020-02-27";"2020-06-01";"";"";"";"Hamburg";"indelivery";1002;"2020-08-25"
10607;"energy";"gas";11300;11926;"2018-07-26";"2018-11-01";"";"";"";"Wiesbaden";"indelivery";2000;"2018-09-01"
10608;"energy";"electricity";2600;2821;"2018-06-30";"2018-10-01";"";"";"";"Hamburg";"indelivery";1001;"2019-08-25"
10609;"energy";"electricity";2600;2806;"2020-09-22";"2020-12-01";"";"";"";"Berlin";"active";1001;"2020-09-24"
10610;"energy";"electricity";2000;"";"2019-07-13";"2019-08-01";"";"";"";"Hamburg";"indelivery";1001;"2020-06-19"
10611;"energy";"electricity";2100;2137;"2019-04-01";"2019-07-01";"2019-09-30";"2019-09-02";"fristgerecht durch Kunde";"Berlin";"terminated";1001;"2019-09-02"
10612;"energy";"electricity";2500;2394;"2020-07-02";"2020-08-01";"";"";"";"Duisburg";"indelivery";1001;"2020-07-08"
10613;"energy";"electricity";2400;2584;"2018-02-07";"2019-01-01";"";"";"";"Munich";"indelivery";1001;"2018-07-27"
10614;"energy";"electricity";2200;2234;"2020-01-03";"2020-06-01";"";"";"";"Munich";"indelivery";1002;"2020-09-08"
10615;"energy";"electricity";2100;2006;"2018-09-06";"2018-11-01";"2018-12-31";"2018-12-03";"Umzug";"Munich";"terminated";1001;"2018-12-03"
10616;"energy";"electricity";2400;2537;"2019-05-10";"2019-09-01";"";"";"";"Cottbus";"indelivery";1001;"2019-10-31"
10617;"energy";"electricity";2700;2771;"2019-03-14";"2019-05-01";"";"";"";"Stralsund";"indelivery";1001;"2020-08-30"
10618;"energy";"electricity";2300;2287;"2019-03-24";"2019-05-01";"";"";"";"Leipzig";"indelivery";1002;"2019-07-07"
10619;"energy";"electricity";2000;2151;"2020-02-06";"2020-09-01";"";"";"";"Berlin";"indelivery";1001;"2020-03-28"
10620;"energy";"electricity";2700;2749;"2020-06-05";"2020-10-01";"";"";"";"Günzburg";"indelivery";1001;"2020-09-16"
10621;"energy";"electricity";2800;2978;"2018-08-28";"2018-10-01";"2020-08-31";"2020-08-03";"fristgerecht durch LichtBlick";"Hamburg";"terminated";1002;"2019-05-23"
10622;"energy";"gas";10800;10699;"2019-05-05";"2019-07-01";"";"";"";"Munich";"indelivery";2000;"2020-05-25"
10623;"energy";"gas";11100;10604;"2018-06-03";"2019-03-01";"";"";"";"Augsburg";"indelivery";2000;"2019-08-01"
10624;"energy";"electricity";2600;2553;"2018-04-17";"2018-08-01";"2019-12-31";"2019-11-27";"fristgerecht durch LichtBlick";"Reutlingen";"terminated";1002;"2019-11-27"
10625;"energy";"electricity";2900;3066;"2019-07-20";"2019-08-01";"";"";"";"Cologne";"indelivery";1002;"2019-08-20"
10626;"energy";"electricity";2100;2291;"2020-04-28";"2020-10-01";"";"";"";"Munich";"indelivery";1002;"2020-06-27"
10627;"energy";"electricity";2300;2345;"2020-06-11";"2020-12-01";"";"";"";"Frankfurt";"active";1001;"2020-08-18"
10628;"energy";"electricity";2800;2729;"2019-02-28";"2019-05-01";"";"";"";"Munich";"indelivery";1002;"2019-10-12"
10629;"energy";"electricity";2600;2602;"2018-11-13";"2019-01-01";"2020-01-31";"2019-12-26";"fristgerecht durch Kunde";"Freiberg";"terminated";1002;"2019-12-26"
10630;"energy";"electricity";2200;2206;"2018-09-17";"2019-12-01";"";"";"";"Hamburg";"indelivery";1000;"2019-11-15"
10631;"energy";"gas";8400;8414;"2018-08-31";"2018-11-01";"";"";"";"Munich";"indelivery";2001;"2019-11-04"
10632;"energy";"electricity";2200;2333;"2020-04-08";"2020-12-01";"";"";"";"Dresden";"active";1000;"2020-08-23"
10633;"energy";"electricity";2200;2336;"2019-05-02";"2019-12-01";"";"";"";"Leipzig";"indelivery";1001;"2019-10-09"
10634;"energy";"electricity";3000;2893;"2019-09-09";"2019-11-01";"";"";"";"Düsseldorf";"indelivery";1000;"2020-09-10"
10635;"energy";"electricity";2100;2227;"2020-03-20";"2020-12-01";"";"";"";"Berlin";"active";1001;"2020-06-14"
10636;"energy";"electricity";2200;2364;"2019-10-09";"2020-01-01";"";"";"";"Hamburg";"indelivery";1002;"2020-07-30"
10637;"energy";"electricity";2200;2247;"2018-07-17";"2019-07-01";"";"";"";"Düsseldorf";"indelivery";1000;"2018-09-14"
10638;"energy";"electricity";3000;3110;"2018-01-26";"2018-04-01";"";"";"";"Bremen";"indelivery";1002;"2019-12-02"
10639;"energy";"gas";9500;10237;"2019-01-04";"2019-04-01";"";"";"";"Leipzig";"indelivery";2000;"2020-06-24"
10640;"energy";"electricity";2400;2387;"2019-11-30";"2019-12-01";"2020-12-31";"2020-12-02";"fristgerecht durch Kunde";"Munich";"cancelled";1001;"2020-06-26"
10641;"energy";"electricity";2600;2523;"2020-01-11";"2020-03-01";"";"";"";"Hamburg";"indelivery";1001;"2020-03-01"
10642;"energy";"electricity";2900;3060;"2020-02-29";"2020-08-01";"2020-12-31";"2020-11-28";"fristgerecht durch Kunde";"Gera";"cancelled";1002;"2020-04-03"
10643;"energy";"electricity";2000;2191;"2019-12-17";"2020-05-01";"";"";"";"Wuppertal";"indelivery";1001;"2020-07-13"
10644;"energy";"electricity";2700;2811;"2019-02-05";"2019-04-01";"";"";"";"Hamburg";"indelivery";1000;"2019-04-12"
10645;"energy";"electricity";2600;"";"2018-12-09";"2019-02-01";"2019-02-01";"2020-01-29";"Wiederruf";"Berlin";"terminated";1000;"2019-04-10"
10646;"energy";"electricity";2700;2880;"2019-10-26";"2019-11-01";"2020-11-30";"2020-10-30";"fristgerecht durch Kunde";"Berlin";"cancelled";1001;"2019-11-29"
10647;"energy";"electricity";2900;3036;"2019-08-24";"2019-09-01";"";"";"";"Mainz";"indelivery";1001;"2020-04-17"
10648;"energy";"electricity";2300;2249;"2018-09-13";"2018-10-01";"";"";"";"Sondershausen";"indelivery";1001;"2020-04-19"
10649;"energy";"electricity";2200;2313;"2020-01-03";"2020-03-01";"";"";"";"Munich";"indelivery";1001;"2020-01-18"
10650;"energy";"electricity";2800;3062;"2019-03-30";"2019-06-01";"";"";"";"Kleve";"indelivery";1001;"2019-09-27"
10651;"energy";"electricity";2400;2514;"2018-01-01";"2018-03-01";"";"";"";"Rostock";"indelivery";1002;"2019-01-13"
10652;"energy";"electricity";2100;2266;"2019-09-07";"2019-11-01";"2020-01-31";"2020-01-02";"Umzug";"Wiesbaden";"terminated";1002;"2020-01-02"
10653;"energy";"gas";11100;11749;"2020-02-08";"2020-04-01";"";"";"";"Magdeburg";"indelivery";2001;"2020-06-29"
10654;"energy";"electricity";2600;2659;"2019-11-17";"2020-10-01";"";"";"";"Berlin";"indelivery";1002;"2020-03-28"
10655;"energy";"electricity";2700;"";"2020-02-11";"2020-05-01";"";"";"";"Frankfurt";"indelivery";1000;"2020-06-11"
10656;"energy";"electricity";2100;2214;"2020-04-13";"2020-06-01";"";"";"";"Leipzig";"indelivery";1002;"2020-07-09"
10657;"energy";"electricity";2500;2557;"2020-03-22";"2021-03-01";"";"";"";"Delmenhorst";"active";1001;"2020-08-21"
10658;"energy";"electricity";2800;2631;"2019-02-28";"2020-06-01";"";"";"";"Leipzig";"indelivery";1001;"2019-04-09"
10659;"energy";"electricity";2600;2729;"2019-01-17";"2019-09-01";"";"";"";"Freiburg";"indelivery";1001;"2020-04-12"
10660;"energy";"electricity";2800;2714;"2020-07-02";"2020-11-01";"";"";"";"Hamburg";"active";1000;"2020-08-14"
10661;"energy";"electricity";2200;2143;"2019-07-11";"2019-10-01";"";"";"";"Dillingen";"indelivery";1000;"2019-08-24"
10662;"energy";"electricity";2700;"";"2019-04-24";"2019-08-01";"";"";"";"Berlin";"indelivery";1002;"2019-05-07"
10663;"energy";"electricity";2200;2172;"2019-05-05";"2019-08-01";"";"";"";"Berlin";"indelivery";1001;"2020-09-30"
10664;"energy";"electricity";2100;2069;"2018-08-29";"2018-12-01";"";"";"";"Berlin";"indelivery";1002;"2020-06-27"
10665;"energy";"electricity";2700;2709;"2018-10-29";"2019-01-01";"";"";"";"Berlin";"indelivery";1001;"2019-07-01"
10666;"energy";"electricity";2500;2684;"2018-12-02";"2019-01-01";"";"";"";"Freiburg";"indelivery";1002;"2020-01-02"
10667;"energy";"electricity";2900;2783;"2019-12-08";"2020-02-01";"";"";"";"Duisburg";"indelivery";1002;"2020-03-14"
10668;"energy";"electricity";2100;2069;"2018-10-23";"2018-11-01";"";"";"";"Münster";"indelivery";1002;"2019-03-20"
10669;"energy";"electricity";2000;1960;"2019-02-25";"2019-07-01";"2019-07-01";"2020-11-29";"Wiederruf";"Hamburg";"terminated";1001;"2019-12-29"
10670;"energy";"electricity";2400;2521;"2019-11-30";"2020-03-01";"";"";"";"Hannover";"indelivery";1000;"2020-07-18"
10671;"energy";"electricity";2100;2170;"2020-04-07";"2020-05-01";"";"";"";"Duisburg";"indelivery";1002;"2020-07-03"
10672;"energy";"electricity";2700;2942;"2020-08-18";"2020-09-01";"";"";"";"Munich";"indelivery";1002;"2020-09-26"
10673;"energy";"electricity";3000;"";"2018-11-03";"2019-03-01";"2020-04-30";"2020-03-30";"fristgerecht durch LichtBlick";"Berlin";"terminated";1001;"2020-03-30"
10674;"energy";"electricity";2300;2243;"2018-07-12";"2018-09-01";"";"";"";"Bremen";"indelivery";1000;"2020-01-14"
10675;"energy";"electricity";2000;1970;"2018-11-06";"2019-02-01";"";"";"";"Leipzig";"indelivery";1002;"2019-07-24"
10676;"energy";"gas";8100;8750;"2019-08-11";"2020-03-01";"";"";"";"Essen";"indelivery";2001;"2020-05-13"
10677;"energy";"electricity";2600;2774;"2019-12-23";"2020-05-01";"";"";"";"Munich";"indelivery";1000;"2020-06-02"
10678;"energy";"electricity";2400;2495;"2018-07-31";"2018-10-01";"2020-05-31";"2020-04-30";"fristgerecht durch LichtBlick";"Hamburg";"terminated";1001;"2019-07-04"
10679;"energy";"electricity";2600;"";"2018-09-09";"2019-01-01";"";"";"";"Düsseldorf";"indelivery";1000;"2019-07-03"
10680;"energy";"electricity";2100;2214;"2019-05-27";"2019-12-01";"";"";"";"Ulm";"indelivery";1000;"2020-09-13"
10681;"energy";"gas";9400;9493;"2019-12-24";"2020-02-01";"";"";"";"Münster";"indelivery";2000;"2020-07-15"
10682;"energy";"electricity";2400;2410;"2018-08-07";"2018-10-01";"";"";"";"Stuttgart";"indelivery";1002;"2019-02-10"
10683;"energy";"electricity";2000;2080;"2019-08-05";"2020-04-01";"";"";"";"Bremerhaven";"indelivery";1001;"2020-06-13"
10684;"energy";"electricity";1900;1790;"2020-05-01";"2020-11-01";"";"";"";"Stuttgart";"active";1000;"2020-05-04"
10685;"energy";"electricity";2500;2593;"2020-06-23";"2020-08-01";"";"";"";"Duisburg";"indelivery";1000;"2020-08-25"
10686;"energy";"electricity";2800;2884;"2019-12-10";"2020-05-01";"2020-10-31";"2020-09-29";"fristgerecht durch LichtBlick";"Wuppertal";"cancelled";1000;"2020-02-11"
10687;"energy";"electricity";2600;2625;"2019-07-28";"2020-02-01";"";"";"";"Künzelsau";"indelivery";1001;"2020-09-22"
10688;"energy";"electricity";2700;2914;"2018-10-16";"2019-06-01";"";"";"";"Braunschweig";"indelivery";1002;"2019-10-20"
10689;"energy";"electricity";2300;2440;"2020-03-27";"2020-05-01";"2020-09-30";"2020-08-28";"fristgerecht durch LichtBlick";"Berlin";"terminated";1001;"2020-04-10"
10690;"energy";"electricity";2400;2281;"2018-02-19";"2018-07-01";"2020-09-30";"2020-09-01";"Umzug";"Berlin";"terminated";1002;"2019-01-23"
10691;"energy";"gas";9500;9473;"2018-04-25";"2018-05-01";"";"";"";"Berlin";"indelivery";2000;"2019-10-06"
10692;"energy";"electricity";2200;2179;"2019-11-23";"2019-12-01";"";"";"";"Magdeburg";"indelivery";1000;"2019-12-31"
10693;"energy";"electricity";2600;2490;"2018-06-25";"2018-08-01";"2018-10-31";"2018-10-01";"fristgerecht durch Kunde";"Berlin";"terminated";1001;"2018-10-01"
10694;"energy";"electricity";2900;2932;"2019-08-30";"2019-10-01";"";"";"";"Düsseldorf";"indelivery";1001;"2020-06-12"
10695;"energy";"electricity";2500;2423;"2018-02-13";"2018-07-01";"";"";"";"Rostock";"indelivery";1001;"2020-07-09"
10696;"energy";"electricity";2600;2710;"2020-02-11";"2020-07-01";"";"";"";"Siegburg";"indelivery";1000;"2020-06-22"
10697;"energy";"electricity";2200;2053;"2020-03-26";"2020-08-01";"";"";"";"Cologne";"indelivery";1002;"2020-07-07"
10698;"energy";"electricity";2400;2475;"2020-09-19";"2021-02-01";"";"";"";"Hamburg";"active";1001;"2020-09-20"
10699;"energy";"electricity";2300;2362;"2019-07-19";"2019-09-01";"";"";"";"Husum";"indelivery";1001;"2019-08-28"
10700;"energy";"electricity";2500;2618;"2018-04-08";"2019-07-01";"";"";"";"Dortmund";"indelivery";1002;"2018-09-14"
10701;"energy";"electricity";2200;2282;"2018-10-06";"2019-02-01";"2020-04-30";"2020-03-28";"fristgerecht durch Kunde";"Berlin";"terminated";1002;"2020-03-28"
10702;"energy";"electricity";2500;2399;"2019-04-10";"2019-08-01";"";"";"";"Berlin";"indelivery";1002;"2020-05-25"
10703;"energy";"electricity";2200;2167;"2018-05-26";"2018-11-01";"";"";"";"Cologne";"indelivery";1001;"2020-04-14"
10704;"energy";"electricity";2100;2104;"2020-04-06";"2020-08-01";"";"";"";"Stuttgart";"indelivery";1001;"2020-09-26"
10705;"energy";"electricity";2000;2062;"2019-04-20";"2019-08-01";"2019-10-31";"2019-09-30";"fristgerecht durch Kunde";"Hannover";"terminated";1002;"2019-09-30"
10706;"energy";"electricity";2400;2340;"2020-03-14";"2020-07-01";"";"";"";"Dresden";"indelivery";1001;"2020-07-24"
10707;"energy";"electricity";2500;2507;"2018-03-27";"2018-05-01";"2019-06-30";"2019-06-02";"fristgerecht durch Kunde";"Marienberg";"terminated";1000;"2019-04-23"
10708;"energy";"gas";11400;11395;"2018-11-22";"2018-12-01";"";"";"";"Leipzig";"indelivery";2001;"2019-11-20"
10709;"energy";"electricity";2600;2828;"2019-01-14";"2019-03-01";"";"";"";"Berlin";"indelivery";1001;"2020-06-28"
10710;"energy";"electricity";2700;2647;"2018-04-18";"2018-05-01";"2019-02-28";"2019-01-29";"fristgerecht durch LichtBlick";"Leipzig";"terminated";1002;"2018-09-29"
10711;"energy";"electricity";2800;2784;"2020-01-22";"2020-09-01";"";"";"";"Munich";"indelivery";1001;"2020-03-26"
10712;"energy";"electricity";2800;2627;"2020-01-03";"2020-06-01";"";"";"";"Jena";"indelivery";1000;"2020-01-14"
10713;"energy";"electricity";2900;2878;"2019-11-08";"2020-05-01";"";"";"";"Bonn";"indelivery";1000;"2020-05-19"
10714;"energy";"electricity";2600;"";"2020-09-23";"2020-11-01";"";"";"";"Hamburg";"active";1002;"2020-09-26"
10715;"energy";"electricity";2400;2337;"2018-12-25";"2019-11-01";"";"";"";"Kassel";"indelivery";1002;"2020-06-30"
10716;"energy";"electricity";2200;2346;"2019-09-20";"2019-11-01";"2020-01-31";"2020-01-03";"fristgerecht durch LichtBlick";"Frankfurt";"terminated";1001;"2020-01-03"
10717;"energy";"electricity";2200;2329;"2020-09-01";"2020-12-01";"";"";"";"Berlin";"active";1002;"2020-09-26"
10718;"energy";"gas";8000;7916;"2019-08-09";"2019-11-01";"";"";"";"Munich";"indelivery";2001;"2020-09-12"
10719;"energy";"electricity";2500;2420;"2019-02-13";"2019-06-01";"";"";"";"Munich";"indelivery";1001;"2020-05-27"
10720;"energy";"gas";9600;9798;"2019-05-04";"2019-07-01";"";"";"";"Berlin";"indelivery";2001;"2019-07-11"
10721;"energy";"electricity";2600;2590;"2020-07-22";"2020-10-01";"";"";"";"Cologne";"indelivery";1000;"2020-08-25"
10722;"energy";"electricity";3000;3084;"2018-04-03";"2018-07-01";"";"";"";"Dresden";"indelivery";1002;"2019-09-04"
10723;"energy";"electricity";2300;2424;"2019-11-29";"2020-03-01";"";"";"";"Bonn";"indelivery";1000;"2020-07-03"
10724;"energy";"gas";10900;10417;"2018-11-29";"2019-01-01";"";"";"";"Rostock";"indelivery";2001;"2020-04-02"
10725;"energy";"electricity";2400;2471;"2018-09-16";"2018-10-01";"";"";"";"Munich";"indelivery";1002;"2018-10-04"
10726;"energy";"electricity";2200;2100;"2020-01-04";"2020-03-01";"";"";"";"Braunschweig";"indelivery";1000;"2020-02-12"
10727;"energy";"gas";8300;8423;"2018-09-11";"2018-10-01";"";"";"";"Gießen";"indelivery";2000;"2020-03-30"
10728;"energy";"electricity";2400;2418;"2018-12-04";"2019-02-01";"";"";"";"Munich";"indelivery";1001;"2019-01-12"
10729;"energy";"electricity";2800;2895;"2018-12-16";"2019-02-01";"";"";"";"Bitburg";"indelivery";1000;"2020-08-08"
10730;"energy";"electricity";2600;2633;"2020-01-09";"2020-03-01";"";"";"";"Hamburg";"indelivery";1001;"2020-08-01"
10731;"energy";"electricity";2100;"";"2018-04-01";"2018-10-01";"2019-05-31";"2019-05-01";"fristgerecht durch LichtBlick";"Berlin";"terminated";1001;"2018-07-17"
10732;"energy";"electricity";3000;3145;"2020-05-30";"2020-11-01";"";"";"";"Freiburg";"active";1002;"2020-08-09"
10733;"energy";"electricity";2800;2933;"2018-06-06";"2018-10-01";"";"";"";"Frankfurt";"indelivery";1000;"2019-06-20"
10734;"energy";"gas";9700;9486;"2020-03-28";"2020-04-01";"";"";"";"Hamburg";"indelivery";2000;"2020-04-25"
10735;"energy";"electricity";2500;2607;"2018-08-22";"2018-11-01";"";"";"";"Hamburg";"indelivery";1001;"2020-03-20"
10736;"energy";"gas";11600;11789;"2019-09-01";"2019-11-01";"";"";"";"Gera";"indelivery";2001;"2020-04-20"
10737;"energy";"electricity";2700;"";"2020-08-31";"2020-12-01";"";"";"";"Munich";"active";1000;"2020-09-24"
10738;"energy";"electricity";2000;2049;"2020-07-14";"2020-09-01";"";"";"";"Berlin";"indelivery";1000;"2020-08-07"
10739;"energy";"electricity";2500;2443;"2019-06-01";"2019-08-01";"";"";"";"Dresden";"indelivery";1000;"2020-08-15"
10740;"energy";"electricity";2000;1945;"2020-02-18";"2020-09-01";"";"";"";"Stuttgart";"indelivery";1001;"2020-05-17"
10741;"energy";"electricity";2300;"";"2019-08-29";"2019-10-01";"";"";"";"Cologne";"indelivery";1001;"2019-10-24"
10742;"energy";"electricity";2500;2577;"2019-07-29";"2019-10-01";"2020-07-31";"2020-07-02";"Umzug";"Hannover";"terminated";1000;"2019-10-31"
10743;"energy";"electricity";2700;2810;"2018-03-24";"2018-04-01";"";"";"";"Hamburg";"indelivery";1000;"2018-12-15"
10744;"energy";"electricity";3000;3081;"2018-05-14";"2018-08-01";"";"";"";"Flensburg";"indelivery";1000;"2020-09-30"
10745;"energy";"electricity";2800;"";"2018-07-09";"2018-08-01";"";"";"";"Hamburg";"indelivery";1001;"2019-11-13"
10746;"energy";"electricity";2700;2738;"2020-07-02";"2020-08-01";"";"";"";"Kassel";"indelivery";1000;"2020-08-11"
10747;"energy";"gas";10900;11218;"2019-08-24";"2020-03-01";"";"";"";"Meschede";"indelivery";2001;"2020-06-23"
10748;"energy";"gas";9000;9096;"2019-03-17";"2019-05-01";"2019-05-01";"2020-10-03";"Wiederruf";"Cologne";"terminated";2001;"2020-02-02"
10749;"energy";"electricity";2600;2559;"2018-05-02";"2018-08-01";"2018-12-31";"2018-12-01";"Umzug";"Hamburg";"terminated";1001;"2018-12-01"
10750;"energy";"electricity";2600;"";"2020-08-05";"2021-01-01";"";"";"";"Frankfurt";"active";1002;"2020-08-21"
10751;"energy";"electricity";2800;2717;"2018-04-16";"2018-06-01";"";"";"";"Cologne";"indelivery";1000;"2020-07-19"
10752;"energy";"electricity";2100;2115;"2019-02-05";"2019-11-01";"";"";"";"Karlsruhe";"indelivery";1002;"2020-07-10"
10753;"energy";"electricity";2200;2273;"2019-04-12";"2019-08-01";"";"";"";"Cologne";"indelivery";1000;"2019-09-23"
10754;"energy";"gas";11400;11218;"2019-07-24";"2019-08-01";"";"";"";"Magdeburg";"indelivery";2001;"2019-12-21"
10755;"energy";"gas";10600;10561;"2018-05-04";"2018-07-01";"";"";"";"Munich";"indelivery";2000;"2018-10-04"
10756;"energy";"electricity";2600;2758;"2018-07-27";"2018-08-01";"";"";"";"Berlin";"indelivery";1000;"2019-04-04"
10757;"energy";"electricity";2800;2657;"2019-08-05";"2020-02-01";"";"";"";"Magdeburg";"indelivery";1002;"2020-09-28"
10758;"energy";"gas";10300;11013;"2018-07-23";"2019-03-01";"2019-03-01";"2019-12-03";"Wiederruf";"Stuttgart";"terminated";2001;"2019-12-03"
10759;"energy";"electricity";2900;2932;"2019-05-23";"2019-09-01";"";"";"";"Kiel";"indelivery";1001;"2019-05-28"
10760;"energy";"electricity";2600;2554;"2020-07-20";"2020-09-01";"";"";"";"Weilheim";"indelivery";1002;"2020-07-24"
10761;"energy";"gas";8200;"";"2019-09-23";"2019-10-01";"";"";"";"Duisburg";"indelivery";2000;"2020-08-13"
10762;"energy";"electricity";2100;2077;"2020-01-29";"2020-10-01";"";"";"";"Berlin";"indelivery";1000;"2020-06-07"
10763;"energy";"electricity";2100;1969;"2020-02-28";"2020-05-01";"";"";"";"Dortmund";"indelivery";1000;"2020-06-07"
10764;"energy";"electricity";2100;2052;"2020-04-23";"2020-07-01";"";"";"";"Munich";"indelivery";1001;"2020-07-03"
10765;"energy";"electricity";2000;2141;"2018-01-19";"2018-03-01";"";"";"";"Fürth";"indelivery";1000;"2018-09-25"
10766;"energy";"gas";11200;"";"2018-04-07";"2018-10-01";"2019-02-28";"2019-01-23";"Umzug";"Dresden";"terminated";2000;"2019-01-23"
10767;"energy";"electricity";2200;2228;"2018-12-20";"2019-08-01";"2020-08-31";"2020-07-29";"fristgerecht durch LichtBlick";"Dortmund";"terminated";1001;"2019-12-26"
10768;"energy";"electricity";1900;1914;"2019-11-16";"2020-01-01";"";"";"";"Berlin";"indelivery";1002;"2020-09-27"
10769;"energy";"electricity";2600;"";"2018-06-28";"2018-08-01";"";"";"";"Bremen";"indelivery";1000;"2020-05-23"
10770;"energy";"electricity";2700;"";"2020-09-19";"2020-11-01";"";"";"";"Berlin";"active";1002;"2020-09-30"
10771;"energy";"electricity";2500;2504;"2020-06-22";"2020-08-01";"";"";"";"Duisburg";"indelivery";1002;"2020-06-25"
10772;"energy";"electricity";2500;2432;"2018-06-16";"2019-01-01";"";"";"";"Berlin";"indelivery";1000;"2020-05-18"
10773;"energy";"electricity";2400;2435;"2018-06-08";"2018-08-01";"2020-03-31";"2020-02-29";"fristgerecht durch Kunde";"Dortmund";"terminated";1002;"2018-07-10"
10774;"energy";"electricity";2200;2298;"2020-05-01";"2020-07-01";"";"";"";"Munich";"indelivery";1000;"2020-06-29"
10775;"energy";"gas";9500;10101;"2018-08-06";"2018-12-01";"";"";"";"Leipzig";"indelivery";2000;"2019-12-25"
10776;"energy";"electricity";3000;2872;"2020-04-26";"2020-05-01";"";"";"";"Leipzig";"indelivery";1001;"2020-09-07"
10777;"energy";"electricity";3000;3089;"2020-06-07";"2020-08-01";"";"";"";"Bremen";"indelivery";1001;"2020-06-23"
10778;"energy";"electricity";2900;3017;"2018-01-21";"2018-03-01";"";"";"";"Mainz";"indelivery";1001;"2020-08-29"
10779;"energy";"electricity";2600;2661;"2020-01-03";"2020-08-01";"";"";"";"Düsseldorf";"indelivery";1000;"2020-09-30"
10780;"energy";"electricity";2100;2240;"2019-06-10";"2019-07-01";"2019-07-01";"2020-05-02";"Wiederruf";"Freiburg";"terminated";1000;"2019-08-15"
10781;"energy";"electricity";2800;2891;"2018-05-20";"2018-06-01";"";"";"";"Bremen";"indelivery";1002;"2018-06-09"
10782;"energy";"electricity";2400;2306;"2019-06-22";"2019-08-01";"2019-12-31";"2019-12-03";"fristgerecht durch Kunde";"Hamburg";"terminated";1002;"2019-12-03"
10783;"energy";"electricity";2500;2551;"2018-09-01";"2018-12-01";"";"";"";"Dresden";"indelivery";1000;"2020-03-16"
10784;"energy";"electricity";3000;3223;"2018-04-24";"2018-11-01";"";"";"";"Kiel";"indelivery";1002;"2019-07-21"
10785;"energy";"electricity";2300;2248;"2018-12-28";"2019-01-01";"";"";"";"Würzburg";"indelivery";1000;"2020-06-03"
10786;"energy";"electricity";2300;2369;"2020-02-17";"2020-04-01";"2020-12-31";"2020-12-03";"fristgerecht durch Kunde";"Freiburg";"cancelled";1002;"2020-08-25"
10787;"energy";"electricity";2800;2997;"2019-08-29";"2019-10-01";"";"";"";"Frankfurt";"indelivery";1001;"2019-11-12"
10788;"energy";"electricity";2500;2413;"2020-04-28";"2020-08-01";"";"";"";"Frankfurt";"indelivery";1001;"2020-07-02"
10789;"energy";"gas";8300;7896;"2020-01-29";"2020-04-01";"";"";"";"Munich";"indelivery";2001;"2020-04-03"
10790;"energy";"electricity";2600;2849;"2019-12-19";"2020-06-01";"";"";"";"Bremen";"indelivery";1001;"2020-09-08"
10791;"energy";"electricity";2300;2406;"2019-03-18";"2020-07-01";"";"";"";"Berlin";"indelivery";1002;"2019-06-15"
10792;"energy";"electricity";2700;2673;"2018-02-19";"2018-03-01";"2020-11-30";"2020-10-28";"fristgerecht durch LichtBlick";"Potsdam";"cancelled";1001;"2020-08-02"
10793;"energy";"electricity";2200;2186;"2018-08-09";"2018-10-01";"";"";"";"Göttingen";"indelivery";1002;"2019-05-10"
10794;"energy";"electricity";2100;2140;"2019-07-15";"2019-11-01";"2020-02-29";"2020-01-28";"fristgerecht durch LichtBlick";"Essen";"terminated";1002;"2020-01-28"
10795;"energy";"electricity";2900;3053;"2019-01-14";"2019-06-01";"";"";"";"Bonn";"indelivery";1002;"2019-10-05"
10796;"energy";"electricity";2600;2486;"2018-02-23";"2018-03-01";"";"";"";"Braunschweig";"indelivery";1000;"2019-03-07"
10797;"energy";"electricity";2700;2813;"2020-08-24";"2020-09-01";"";"";"";"Hamburg";"indelivery";1002;"2020-09-29"
10798;"energy";"electricity";2700;2720;"2020-07-13";"2021-09-01";"";"";"";"Munich";"active";1000;"2020-09-20"
10799;"energy";"electricity";1900;1970;"2020-07-09";"2020-09-01";"";"";"";"Hamburg";"indelivery";1002;"2020-09-18"
10800;"energy";"electricity";2500;2407;"2020-02-04";"2020-04-01";"";"";"";"Munich";"indelivery";1001;"2020-05-20"
10801;"energy";"electricity";2200;2224;"2018-01-01";"2018-08-01";"";"";"";"Dortmund";"indelivery";1001;"2018-03-01"
10802;"energy";"electricity";2700;2738;"2020-02-14";"2020-05-01";"";"";"";"Berlin";"indelivery";1000;"2020-03-03"
10803;"energy";"gas";10700;10896;"2018-04-18";"2018-07-01";"";"";"";"Munich";"indelivery";2000;"2020-08-29"
10804;"energy";"electricity";2300;"";"2018-11-28";"2019-01-01";"";"";"";"Hamburg";"indelivery";1000;"2020-07-16"
10805;"energy";"gas";11700;11080;"2018-04-26";"2018-05-01";"2018-05-01";"2019-11-02";"Wiederruf";"Schwandorf";"terminated";2000;"2019-11-02"
10806;"energy";"electricity";2800;2727;"2019-08-15";"2020-02-01";"";"";"";"Bremen";"indelivery";1001;"2019-11-22"
10807;"energy";"electricity";2600;"";"2018-08-28";"2019-01-01";"";"";"";"Berlin";"indelivery";1000;"2018-12-22"
10808;"energy";"electricity";2200;2322;"2019-01-27";"2019-02-01";"";"";"";"Berlin";"indelivery";1000;"2019-02-03"
10809;"energy";"electricity";2000;2204;"2018-09-03";"2019-01-01";"2019-01-01";"2019-03-01";"Wiederruf";"Munich";"terminated";1001;"2019-03-01"
10810;"energy";"electricity";3000;3157;"2018-07-15";"2018-11-01";"";"";"";"Memmingen";"indelivery";1000;"2019-04-21"
10811;"energy";"gas";11500;11457;"2019-05-26";"2019-09-01";"";"";"";"Dortmund";"indelivery";2000;"2020-01-18"
10812;"energy";"electricity";2200;2147;"2019-06-14";"2019-11-01";"";"";"";"Hannover";"indelivery";1000;"2020-05-16"
10813;"energy";"gas";10600;"";"2019-02-07";"2019-07-01";"";"";"";"Berlin";"indelivery";2000;"2019-06-10"
10814;"energy";"electricity";2800;2770;"2019-09-19";"2019-12-01";"2019-12-01";"2020-01-26";"Wiederruf";"Munich";"terminated";1002;"2020-01-26"
10815;"energy";"electricity";2300;2290;"2018-08-19";"2018-12-01";"";"";"";"Karlsruhe";"indelivery";1002;"2019-01-20"
10816;"energy";"electricity";2700;2711;"2020-07-18";"2020-08-01";"";"";"";"Berlin";"indelivery";1000;"2020-09-01"
10817;"energy";"electricity";2300;2444;"2019-01-12";"2019-08-01";"2020-01-31";"2020-01-03";"Umzug";"Kiel";"terminated";1002;"2019-06-11"
10818;"energy";"gas";11900;11934;"2018-03-01";"2018-09-01";"";"";"";"Pinneberg";"indelivery";2001;"2020-08-29"
10819;"energy";"electricity";2600;2451;"2019-01-29";"2019-02-01";"";"";"";"Munich";"indelivery";1000;"2020-08-19"
10820;"energy";"electricity";2300;2358;"2020-04-11";"2021-10-01";"";"";"";"Cologne";"active";1002;"2020-08-23"
10821;"energy";"electricity";2700;2804;"2020-03-19";"2020-08-01";"";"";"";"Cologne";"indelivery";1001;"2020-06-17"
10822;"energy";"electricity";3000;3135;"2020-05-17";"2020-07-01";"";"";"";"Wiesbaden";"indelivery";1001;"2020-09-02"
10823;"energy";"electricity";2300;2459;"2018-10-30";"2018-12-01";"";"";"";"Berlin";"indelivery";1000;"2019-08-01"
10824;"energy";"electricity";2900;2958;"2018-06-02";"2018-09-01";"";"";"";"Hamburg";"indelivery";1001;"2018-09-05"
10825;"energy";"electricity";2200;2329;"2019-12-08";"2020-02-01";"";"";"";"Munich";"indelivery";1000;"2020-05-26"
10826;"energy";"electricity";2300;2443;"2019-11-23";"2020-10-01";"";"";"";"Munich";"indelivery";1000;"2020-09-12"
10827;"energy";"electricity";2400;2564;"2018-11-07";"2018-12-01";"2020-02-29";"2020-01-29";"Umzug";"Berlin";"terminated";1002;"2020-01-29"
10828;"energy";"electricity";2800;2929;"2020-09-15";"2020-11-01";"";"";"";"Vechta";"active";1002;"2020-09-18"
10829;"energy";"electricity";2400;"";"2020-03-04";"2020-04-01";"";"";"";"Duisburg";"indelivery";1001;"2020-06-07"
10830;"energy";"electricity";2000;1895;"2018-02-17";"2018-07-01";"";"";"";"Berlin";"indelivery";1000;"2019-08-29"
10831;"energy";"electricity";2900;2930;"2018-07-01";"2018-09-01";"";"";"";"Düsseldorf";"indelivery";1001;"2020-09-28"
10832;"energy";"electricity";2300;2357;"2020-08-31";"2020-11-01";"";"";"";"Dortmund";"active";1001;"2020-09-15"
10833;"energy";"electricity";2500;2446;"2019-08-20";"2019-12-01";"";"";"";"Hamburg";"indelivery";1001;"2020-03-21"
10834;"energy";"electricity";2300;2213;"2020-02-11";"2020-04-01";"";"";"";"Wiesbaden";"indelivery";1001;"2020-02-20"
10835;"energy";"electricity";2500;2541;"2018-06-07";"2018-08-01";"";"";"";"Munich";"indelivery";1000;"2020-04-14"
10836;"energy";"electricity";2100;"";"2019-10-23";"2020-01-01";"";"";"";"Hamburg";"indelivery";1000;"2020-04-06"
10837;"energy";"electricity";2300;2454;"2019-03-18";"2019-12-01";"";"";"";"Wiesbaden";"indelivery";1001;"2020-03-24"
10838;"energy";"electricity";2100;2227;"2018-03-31";"2019-01-01";"";"";"";"Marienberg";"indelivery";1000;"2019-03-24"
10839;"energy";"electricity";2400;2562;"2020-09-01";"2020-10-01";"";"";"";"Leipzig";"indelivery";1002;"2020-09-12"
10840;"energy";"electricity";2800;2866;"2018-06-13";"2018-10-01";"";"";"";"Rostock";"indelivery";1002;"2018-10-21"
10841;"energy";"electricity";2200;2348;"2018-12-10";"2019-03-01";"";"";"";"Kiel";"indelivery";1002;"2019-02-21"
10842;"energy";"gas";11700;11520;"2018-04-24";"2018-08-01";"";"";"";"Sankt Wendel";"indelivery";2000;"2019-01-14"
10843;"energy";"electricity";2100;1999;"2019-09-25";"2019-10-01";"";"";"";"Bremen";"indelivery";1000;"2019-10-30"
10844;"energy";"electricity";3000;2857;"2018-07-18";"2019-01-01";"2020-06-30";"2020-05-26";"Umzug";"Schwerin";"terminated";1000;"2020-05-26"
10845;"energy";"electricity";2000;1925;"2019-03-19";"2019-09-01";"";"";"";"Frankfurt";"indelivery";1000;"2020-05-20"
10846;"energy";"electricity";2700;2769;"2019-12-23";"2020-03-01";"2020-10-31";"2020-09-30";"Umzug";"Karlsruhe";"cancelled";1000;"2020-07-29"
10847;"energy";"electricity";2500;2464;"2018-03-30";"2018-05-01";"";"";"";"Munich";"indelivery";1001;"2019-02-17"
10848;"energy";"electricity";2500;2496;"2019-08-14";"2019-12-01";"";"";"";"Hannover";"indelivery";1001;"2020-06-29"
10849;"energy";"gas";9600;10098;"2019-04-11";"2020-04-01";"";"";"";"Ulm";"indelivery";2000;"2019-07-31"
10850;"energy";"electricity";2400;2455;"2018-01-24";"2018-08-01";"";"";"";"Braunschweig";"indelivery";1000;"2019-07-06"
10851;"energy";"electricity";2000;2063;"2018-02-08";"2018-04-01";"";"";"";"Duisburg";"indelivery";1002;"2020-06-29"
10852;"energy";"electricity";2900;3029;"2019-03-30";"2019-05-01";"";"";"";"Wiesbaden";"indelivery";1002;"2020-03-03"
10853;"energy";"electricity";2500;2570;"2020-06-09";"2021-02-01";"";"";"";"Alzey";"active";1000;"2020-06-15"
10854;"energy";"electricity";2600;2488;"2020-08-10";"2020-10-01";"";"";"";"Kassel";"indelivery";1001;"2020-08-11"
10855;"energy";"electricity";2100;2257;"2018-10-17";"2018-12-01";"2018-12-01";"2019-08-01";"Wiederruf";"Wuppertal";"terminated";1000;"2019-08-01"
10856;"energy";"electricity";3100;3215;"2018-12-29";"2019-02-01";"";"";"";"Neustadt";"indelivery";1001;"2019-07-29"
10857;"energy";"gas";9100;8821;"2020-06-27";"2020-08-01";"";"";"";"Dresden";"indelivery";2000;"2020-08-27"
10858;"energy";"electricity";2400;2326;"2018-07-27";"2018-09-01";"2018-09-01";"2019-11-01";"Wiederruf";"Lübeck";"terminated";1001;"2019-07-16"
10859;"energy";"gas";9500;9939;"2020-05-01";"2020-06-01";"2020-12-31";"2020-11-29";"Umzug";"Marienberg";"cancelled";2001;"2020-08-13"
10860;"energy";"electricity";2800;2785;"2020-01-29";"2020-08-01";"";"";"";"Leipzig";"indelivery";1002;"2020-08-16"
10861;"energy";"electricity";2200;2137;"2018-07-09";"2018-10-01";"";"";"";"Kassel";"indelivery";1001;"2020-04-01"
10862;"energy";"electricity";2400;2303;"2020-02-07";"2020-04-01";"";"";"";"Hamburg";"indelivery";1001;"2020-04-06"
10863;"energy";"electricity";2600;2701;"2020-02-21";"2020-04-01";"";"";"";"Würzburg";"indelivery";1001;"2020-09-19"
10864;"energy";"electricity";2700;2854;"2019-09-29";"2019-12-01";"";"";"";"Berlin";"indelivery";1000;"2020-01-10"
10865;"energy";"electricity";2900;3062;"2019-07-25";"2019-09-01";"";"";"";"Dortmund";"indelivery";1002;"2020-06-23"
10866;"energy";"electricity";2900;2967;"2018-08-04";"2018-10-01";"";"";"";"Münster";"indelivery";1000;"2020-09-20"
10867;"energy";"electricity";2700;2874;"2019-06-06";"2019-08-01";"";"";"";"Berlin";"indelivery";1001;"2020-05-07"
10868;"energy";"electricity";2300;2298;"2020-08-21";"2021-07-01";"";"";"";"Berlin";"active";1000;"2020-08-21"
10869;"energy";"electricity";2500;"";"2018-04-07";"2018-05-01";"2018-05-01";"2020-03-26";"Wiederruf";"Berlin";"terminated";1001;"2019-01-11"
10870;"energy";"gas";8700;8713;"2020-06-14";"2020-10-01";"";"";"";"Berlin";"indelivery";2000;"2020-06-19"
10871;"energy";"electricity";2200;2231;"2018-12-02";"2019-01-01";"";"";"";"Hamburg";"indelivery";1002;"2019-12-07"
10872;"energy";"electricity";2200;2116;"2019-09-19";"2019-11-01";"";"";"";"Dresden";"indelivery";1000;"2019-09-26"
10873;"energy";"electricity";2000;2082;"2018-02-01";"2018-06-01";"";"";"";"Flensburg";"indelivery";1001;"2018-11-28"
10874;"energy";"electricity";2900;3027;"2020-01-20";"2020-05-01";"";"";"";"Cologne";"indelivery";1002;"2020-08-01"
10875;"energy";"electricity";2900;2809;"2020-09-10";"2020-10-01";"";"";"";"Ludwigshafen";"indelivery";1001;"2020-09-11"
10876;"energy";"electricity";2200;2214;"2019-03-02";"2019-05-01";"";"";"";"Frankfurt";"indelivery";1001;"2019-07-09"
10877;"energy";"electricity";2200;2130;"2019-04-23";"2019-06-01";"2019-06-01";"2019-12-03";"Wiederruf";"Munich";"terminated";1001;"2019-10-25"
10878;"energy";"electricity";2400;2498;"2019-02-25";"2019-04-01";"";"";"";"Cologne";"indelivery";1000;"2019-07-03"
10879;"energy";"electricity";2300;2409;"2019-09-02";"2020-01-01";"";"";"";"Berlin";"indelivery";1002;"2020-04-18"
10880;"energy";"electricity";2300;2192;"2019-04-05";"2019-07-01";"";"";"";"Ulm";"indelivery";1002;"2020-01-28"
10881;"energy";"electricity";2000;1862;"2019-05-21";"2019-09-01";"";"";"";"Berlin";"indelivery";1000;"2020-05-29"
10882;"energy";"electricity";3000;2853;"2020-08-28";"2020-12-01";"";"";"";"Wuppertal";"active";1002;"2020-09-08"
10883;"energy";"electricity";2700;2856;"2019-11-27";"2021-02-01";"";"";"";"Wiesbaden";"active";1002;"2020-05-26"
10884;"energy";"electricity";2600;2554;"2018-06-06";"2018-09-01";"2019-04-30";"2019-03-30";"fristgerecht durch Kunde";"Essen";"terminated";1000;"2018-12-10"
10885;"energy";"electricity";2300;2321;"2019-01-09";"2019-03-01";"2019-12-31";"2019-11-30";"fristgerecht durch Kunde";"Münster";"terminated";1002;"2019-11-30"
10886;"energy";"electricity";2900;3162;"2019-04-18";"2019-06-01";"";"";"";"Bremen";"indelivery";1001;"2020-04-05"
10887;"energy";"gas";9800;9576;"2018-05-25";"2018-07-01";"2020-11-30";"2020-10-31";"fristgerecht durch LichtBlick";"Berlin";"cancelled";2001;"2019-07-11"
10888;"energy";"gas";8100;8347;"2018-10-16";"2019-04-01";"2019-04-01";"2019-08-03";"Wiederruf";"Cologne";"terminated";2000;"2019-08-03"
10889;"energy";"electricity";2800;2728;"2018-01-03";"2018-04-01";"";"";"";"Cologne";"indelivery";1000;"2019-03-29"
10890;"energy";"electricity";2300;2293;"2020-07-11";"2020-08-01";"";"";"";"Würzburg";"indelivery";1001;"2020-08-18"
10891;"energy";"electricity";2700;2891;"2018-06-01";"2019-03-01";"";"";"";"Bielefeld";"indelivery";1000;"2020-02-28"
10892;"energy";"electricity";2700;2644;"2020-07-02";"2020-08-01";"";"";"";"Kiel";"indelivery";1000;"2020-09-07"
10893;"energy";"electricity";2500;2665;"2018-03-19";"2018-04-01";"2019-08-31";"2019-07-29";"fristgerecht durch LichtBlick";"Wiesbaden";"terminated";1002;"2018-12-27"
10894;"energy";"gas";8200;8035;"2019-07-19";"2019-09-01";"";"";"";"Stuttgart";"indelivery";2000;"2019-11-24"
10895;"energy";"electricity";2400;2359;"2020-08-16";"2020-12-01";"";"";"";"Regensburg";"active";1000;"2020-09-18"
10896;"energy";"electricity";2100;2129;"2020-03-08";"2020-07-01";"";"";"";"Augsburg";"indelivery";1001;"2020-04-01"
10897;"energy";"electricity";2800;"";"2019-11-23";"2019-12-01";"";"";"";"Bremen";"indelivery";1000;"2020-02-14"
10898;"energy";"electricity";2000;2021;"2019-06-27";"2019-09-01";"";"";"";"Hamburg";"indelivery";1000;"2020-05-26"
10899;"energy";"gas";8000;8140;"2019-05-10";"2019-08-01";"2019-08-01";"2019-10-03";"Wiederruf";"Berlin";"terminated";2000;"2019-06-26"
10900;"energy";"gas";10100;10231;"2019-02-23";"2019-05-01";"2019-05-01";"2020-01-30";"Wiederruf";"Stuttgart";"terminated";2001;"2020-01-30"
10901;"energy";"electricity";2100;2111;"2018-01-30";"2018-04-01";"";"";"";"Bonn";"indelivery";1002;"2019-04-10"
10902;"energy";"electricity";2900;2979;"2019-08-16";"2020-06-01";"";"";"";"Münster";"indelivery";1001;"2019-09-29"
10903;"energy";"electricity";2500;2557;"2018-01-17";"2018-03-01";"";"";"";"Munich";"indelivery";1001;"2019-03-15"
10904;"energy";"electricity";2400;2303;"2020-02-02";"2020-07-01";"";"";"";"Hannover";"indelivery";1002;"2020-06-19"
10905;"energy";"electricity";2200;2266;"2019-10-27";"2019-12-01";"2020-09-30";"2020-09-02";"Umzug";"Berlin";"terminated";1000;"2020-08-18"
10906;"energy";"electricity";2100;2130;"2020-02-09";"2020-05-01";"";"";"";"Hamburg";"indelivery";1001;"2020-02-13"
10907;"energy";"electricity";3000;3045;"2020-06-29";"2020-10-01";"";"";"";"Mainz";"indelivery";1001;"2020-09-11"
10908;"energy";"electricity";3000;3028;"2020-04-16";"2020-06-01";"";"";"";"Dresden";"indelivery";1002;"2020-07-21"
10909;"energy";"electricity";2100;2153;"2018-10-02";"2019-03-01";"";"";"";"Stuttgart";"indelivery";1002;"2018-11-14"
10910;"energy";"electricity";2600;2598;"2019-04-25";"2019-06-01";"";"";"";"Berlin";"indelivery";1001;"2020-09-10"
10911;"energy";"electricity";2400;2413;"2019-02-28";"2019-04-01";"";"";"";"Berlin";"indelivery";1002;"2019-12-21"
10912;"energy";"electricity";2100;2212;"2018-01-04";"2018-03-01";"";"";"";"Mannheim";"indelivery";1001;"2019-07-13"
10913;"energy";"electricity";3000;3172;"2019-10-06";"2020-02-01";"";"";"";"Duisburg";"indelivery";1000;"2019-12-18"
10914;"energy";"electricity";2400;2546;"2018-03-24";"2018-04-01";"2019-10-31";"2019-09-27";"fristgerecht durch LichtBlick";"Hamburg";"terminated";1001;"2019-09-27"
10915;"energy";"electricity";2300;2367;"2020-09-14";"2021-01-01";"";"";"";"Gießen";"active";1002;"2020-09-19"
10916;"energy";"electricity";3000;3222;"2019-03-06";"2019-04-01";"";"";"";"Burg";"indelivery";1002;"2020-07-19"
10917;"energy";"electricity";2100;2123;"2019-08-15";"2019-11-01";"";"";"";"Kassel";"indelivery";1000;"2020-08-10"
10918;"energy";"electricity";2800;2869;"2019-09-16";"2019-11-01";"";"";"";"Magdeburg";"indelivery";1001;"2020-01-16"
10919;"energy";"electricity";2300;2229;"2018-06-26";"2018-08-01";"";"";"";"Frankfurt";"indelivery";1002;"2020-01-12"
10920;"energy";"electricity";2500;2613;"2018-11-16";"2019-03-01";"2019-12-31";"2019-12-03";"fristgerecht durch LichtBlick";"Stuttgart";"terminated";1001;"2019-12-03"
10921;"energy";"gas";8700;8555;"2020-04-14";"2020-06-01";"";"";"";"Hamburg";"indelivery";2000;"2020-07-28"
10922;"energy";"gas";11600;11329;"2020-05-10";"2020-06-01";"";"";"";"Altchemnitz";"indelivery";2001;"2020-06-15"
10923;"energy";"electricity";2900;3068;"2018-01-05";"2018-07-01";"2020-02-29";"2020-02-01";"fristgerecht durch Kunde";"Leipzig";"terminated";1001;"2019-12-14"
10924;"energy";"electricity";2600;2685;"2020-09-29";"2021-03-01";"";"";"";"Berlin";"active";1001;"2020-09-29"
10925;"energy";"gas";10800;10768;"2020-04-10";"2021-02-01";"";"";"";"Augsburg";"active";2001;"2020-06-10"
10926;"energy";"electricity";2400;2354;"2019-11-30";"2020-02-01";"";"";"";"Bonn";"indelivery";1002;"2019-12-31"
10927;"energy";"gas";11500;11810;"2018-07-11";"2018-10-01";"";"";"";"Dortmund";"indelivery";2000;"2020-08-20"
10928;"energy";"electricity";2700;2888;"2018-06-02";"2018-07-01";"2020-04-30";"2020-04-01";"fristgerecht durch Kunde";"Ingolstadt";"terminated";1002;"2019-08-15"
10929;"energy";"electricity";2900;2920;"2018-04-06";"2018-08-01";"2019-06-30";"2019-05-24";"fristgerecht durch Kunde";"Magdeburg";"terminated";1001;"2019-05-24"
10930;"energy";"electricity";2200;2157;"2018-10-20";"2019-01-01";"";"";"";"Munich";"indelivery";1001;"2019-11-30"
10931;"energy";"gas";8600;9214;"2020-01-29";"2020-03-01";"";"";"";"Berlin";"indelivery";2001;"2020-07-20"
10932;"energy";"electricity";2100;2129;"2018-09-19";"2019-05-01";"";"";"";"Augsburg";"indelivery";1000;"2020-05-05"
10933;"energy";"electricity";2500;2701;"2019-09-14";"2019-12-01";"";"";"";"Braunschweig";"indelivery";1000;"2020-04-26"
10934;"energy";"electricity";2500;2489;"2018-10-31";"2018-11-01";"";"";"";"Schwandorf";"indelivery";1001;"2020-05-27"
10935;"energy";"electricity";2800;2694;"2019-03-17";"2019-05-01";"2019-07-31";"2019-06-29";"Umzug";"Bremen";"terminated";1001;"2019-06-29"
10936;"energy";"electricity";2700;2781;"2019-03-23";"2019-05-01";"";"";"";"Hannover";"indelivery";1000;"2019-12-07"
10937;"energy";"electricity";2800;2945;"2019-07-07";"2019-08-01";"";"";"";"Munich";"indelivery";1001;"2020-04-29"
10938;"energy";"electricity";2500;2451;"2020-07-26";"2021-05-01";"";"";"";"Augsburg";"active";1002;"2020-09-12"
10939;"energy";"electricity";2400;2418;"2019-06-06";"2019-07-01";"2019-07-01";"2020-06-30";"Wiederruf";"Berlin";"terminated";1001;"2020-01-27"
10940;"energy";"gas";12100;12912;"2018-02-02";"2018-04-01";"2018-04-01";"2018-11-01";"Wiederruf";"Peine";"terminated";2000;"2018-05-05"
10941;"energy";"electricity";3000;2909;"2018-11-28";"2019-01-01";"";"";"";"Forst";"indelivery";1000;"2019-09-03"
10942;"energy";"electricity";2800;2774;"2020-06-25";"2020-11-01";"";"";"";"Schwandorf";"active";1001;"2020-09-28"
10943;"energy";"electricity";2400;"";"2018-07-12";"2018-09-01";"";"";"";"Münster";"indelivery";1002;"2019-04-05"
10944;"energy";"electricity";2100;2171;"2020-03-09";"2020-05-01";"";"";"";"Bad Hersfeld";"indelivery";1001;"2020-09-06"
10945;"energy";"electricity";2300;2306;"2018-03-09";"2018-06-01";"2018-06-01";"2019-08-01";"Wiederruf";"Dortmund";"terminated";1001;"2018-06-23"
10946;"energy";"gas";10400;11017;"2020-05-13";"2020-07-01";"";"";"";"Münster";"indelivery";2001;"2020-09-27"
10947;"energy";"electricity";2700;2726;"2018-03-18";"2018-09-01";"2020-12-31";"2020-12-03";"fristgerecht durch LichtBlick";"Berlin";"cancelled";1000;"2019-01-03"
10948;"energy";"electricity";2000;2092;"2019-03-20";"2019-08-01";"";"";"";"Koblenz";"indelivery";1000;"2019-05-01"
10949;"energy";"electricity";2200;2244;"2020-06-14";"2021-07-01";"";"";"";"Hamburg";"active";1001;"2020-07-05"
10950;"energy";"electricity";2200;2095;"2018-07-28";"2018-10-01";"";"";"";"Cologne";"indelivery";1001;"2018-08-05"
10951;"energy";"gas";10900;11469;"2019-10-08";"2020-06-01";"";"";"";"Stuttgart";"indelivery";2001;"2020-07-29"
10952;"energy";"electricity";2700;2729;"2018-02-08";"2018-04-01";"2018-08-31";"2018-08-03";"fristgerecht durch Kunde";"Düsseldorf";"terminated";1002;"2018-08-03"
10953;"energy";"electricity";2100;2109;"2019-12-14";"2020-03-01";"";"";"";"Hamburg";"indelivery";1000;"2020-04-26"
10954;"energy";"gas";11400;11146;"2019-10-23";"2020-03-01";"";"";"";"Freiburg";"indelivery";2000;"2019-11-23"
10955;"energy";"electricity";2900;2999;"2019-07-16";"2019-12-01";"";"";"";"Augsburg";"indelivery";1001;"2020-02-14"
10956;"energy";"electricity";2900;2837;"2020-04-21";"2020-05-01";"";"";"";"Cologne";"indelivery";1002;"2020-07-08"
10957;"energy";"electricity";2400;2323;"2019-12-30";"2020-03-01";"";"";"";"Munich";"indelivery";1000;"2020-04-23"
10958;"energy";"electricity";2200;2250;"2019-06-12";"2019-12-01";"";"";"";"Duisburg";"indelivery";1001;"2019-08-19"
10959;"energy";"electricity";1900;1987;"2019-07-27";"2019-10-01";"";"";"";"Hamburg";"indelivery";1000;"2019-09-05"
10960;"energy";"electricity";2300;2255;"2020-08-07";"2021-02-01";"";"";"";"Hannover";"active";1002;"2020-08-11"
10961;"energy";"gas";11100;10701;"2019-07-21";"2019-09-01";"";"";"";"Dortmund";"indelivery";2000;"2019-08-04"
10962;"energy";"electricity";2700;2750;"2019-12-31";"2020-05-01";"";"";"";"Düsseldorf";"indelivery";1001;"2020-05-31"
10963;"energy";"electricity";2600;2719;"2018-02-28";"2018-07-01";"";"";"";"Höxter";"indelivery";1001;"2019-08-11"
10964;"energy";"electricity";2400;2424;"2018-05-11";"2019-01-01";"2019-01-01";"2019-07-02";"Wiederruf";"Berlin";"terminated";1002;"2019-01-15"
10965;"energy";"electricity";2600;2561;"2019-04-02";"2019-10-01";"";"";"";"Bremerhaven";"indelivery";1000;"2020-09-06"
10966;"energy";"electricity";2700;"";"2019-08-02";"2019-10-01";"";"";"";"Hamburg";"indelivery";1002;"2019-11-01"
10967;"energy";"electricity";2700;2854;"2019-05-17";"2020-03-01";"2020-10-31";"2020-10-03";"fristgerecht durch LichtBlick";"Munich";"cancelled";1002;"2020-04-23"
10968;"energy";"electricity";2800;2811;"2020-01-20";"2020-03-01";"";"";"";"Wuppertal";"indelivery";1000;"2020-02-18"
10969;"energy";"electricity";2900;3017;"2019-04-14";"2019-12-01";"";"";"";"Freiburg";"indelivery";1000;"2019-12-07"
10970;"energy";"electricity";2400;2432;"2018-11-03";"2019-02-01";"";"";"";"Altchemnitz";"indelivery";1001;"2020-02-18"
10971;"energy";"electricity";2700;2668;"2018-10-14";"2019-02-01";"2019-04-30";"2019-03-31";"fristgerecht durch Kunde";"Heidelberg";"terminated";1002;"2018-11-11"
10972;"energy";"electricity";2400;2339;"2018-10-12";"2018-12-01";"";"";"";"Regensburg";"indelivery";1002;"2018-10-12"
10973;"energy";"electricity";2500;2485;"2018-12-02";"2019-01-01";"";"";"";"Bremen";"indelivery";1001;"2019-09-04"
10974;"energy";"electricity";2400;2328;"2020-08-07";"2020-10-01";"";"";"";"Berlin";"indelivery";1000;"2020-09-06"
10975;"energy";"electricity";2400;2534;"2020-07-14";"2020-08-01";"";"";"";"Frankfurt";"indelivery";1002;"2020-07-28"
10976;"energy";"electricity";2400;"";"2019-07-23";"2019-09-01";"";"";"";"Karlsruhe";"indelivery";1001;"2020-01-31"
10977;"energy";"gas";9800;9775;"2019-03-25";"2019-11-01";"";"";"";"Hamburg";"indelivery";2001;"2020-02-15"
10978;"energy";"gas";9000;9020;"2018-03-24";"2018-07-01";"";"";"";"Hamburg";"indelivery";2000;"2019-05-31"
10979;"energy";"electricity";2500;"";"2019-11-06";"2020-02-01";"";"";"";"Stuttgart";"indelivery";1002;"2020-03-23"
10980;"energy";"gas";11200;"";"2020-08-15";"2021-03-01";"";"";"";"Wuppertal";"active";2001;"2020-08-19"
10981;"energy";"electricity";2600;2505;"2020-09-30";"2020-12-01";"";"";"";"Berlin";"active";1001;"2020-09-30"
10982;"energy";"electricity";2500;2453;"2020-09-14";"2020-12-01";"";"";"";"Osterode";"active";1000;"2020-09-17"
10983;"energy";"electricity";2700;2635;"2018-06-24";"2018-08-01";"";"";"";"Cologne";"indelivery";1000;"2020-04-29"
10984;"energy";"electricity";2900;2864;"2018-05-13";"2018-06-01";"";"";"";"Hannover";"indelivery";1002;"2019-12-23"
10985;"energy";"electricity";2200;"";"2018-10-26";"2019-02-01";"";"";"";"Duisburg";"indelivery";1000;"2020-07-24"
10986;"energy";"electricity";2300;2344;"2020-02-01";"2020-04-01";"";"";"";"Cologne";"indelivery";1000;"2020-03-10"
10987;"energy";"electricity";2400;2604;"2020-05-08";"2020-10-01";"";"";"";"Braunschweig";"indelivery";1001;"2020-07-29"
10988;"energy";"gas";11500;11089;"2018-07-26";"2019-12-01";"";"";"";"Hamburg";"indelivery";2001;"2018-08-03"
10989;"energy";"electricity";2400;"";"2019-11-06";"2020-09-01";"";"";"";"Dortmund";"indelivery";1002;"2020-08-29"
10990;"energy";"electricity";2200;2057;"2019-01-18";"2019-07-01";"";"";"";"Bielefeld";"indelivery";1002;"2020-07-05"
10991;"energy";"electricity";2500;2681;"2019-05-15";"2019-07-01";"";"";"";"Ingolstadt";"indelivery";1000;"2019-10-07"
10992;"energy";"electricity";2300;2358;"2018-04-01";"2018-05-01";"";"";"";"Fürth";"indelivery";1001;"2019-07-04"
10993;"energy";"electricity";2300;2451;"2020-09-18";"2020-12-01";"";"";"";"Münster";"active";1001;"2020-09-22"
10994;"energy";"electricity";2100;2246;"2018-12-28";"2019-05-01";"2020-10-31";"2020-10-02";"fristgerecht durch Kunde";"Berlin";"cancelled";1002;"2020-03-12"
10995;"energy";"electricity";3000;2899;"2018-08-06";"2019-08-01";"2019-08-01";"2020-03-03";"Wiederruf";"Bielefeld";"terminated";1002;"2020-03-03"
10996;"energy";"electricity";2800;2991;"2019-04-16";"2019-07-01";"";"";"";"Dortmund";"indelivery";1002;"2019-08-02"
10997;"energy";"electricity";2100;2035;"2020-07-21";"2021-04-01";"";"";"";"Kiel";"active";1001;"2020-08-05"
10998;"energy";"electricity";2200;2263;"2018-07-27";"2018-11-01";"2020-10-31";"2020-10-03";"Umzug";"Hamburg";"cancelled";1001;"2020-06-14"
10999;"energy";"electricity";2200;2127;"2019-04-07";"2019-06-01";"2019-06-01";"2020-09-02";"Wiederruf";"Kiel";"terminated";1002;"2019-10-19"
11000;"energy";"electricity";2600;2755;"2020-03-05";"2020-05-01";"";"";"";"Stuttgart";"indelivery";1000;"2020-03-30"
11001;"energy";"electricity";2900;2853;"2020-09-03";"2020-11-01";"";"";"";"Cologne";"active";1000;"2020-09-18"
11002;"energy";"gas";11100;11782;"2019-07-30";"2019-09-01";"";"";"";"Göttingen";"indelivery";2001;"2020-04-19"
11003;"energy";"electricity";2700;2696;"2019-07-24";"2019-09-01";"";"";"";"Wuppertal";"indelivery";1002;"2020-02-27"
11004;"energy";"electricity";2400;2417;"2019-06-27";"2019-11-01";"";"";"";"Cottbus";"indelivery";1002;"2019-07-20"
11005;"energy";"electricity";2700;2861;"2020-02-05";"2020-03-01";"";"";"";"Hannover";"indelivery";1000;"2020-04-09"
11006;"energy";"electricity";2200;2303;"2018-05-02";"2018-07-01";"2020-02-29";"2020-01-30";"fristgerecht durch LichtBlick";"Lüneburg";"terminated";1000;"2020-01-30"
11007;"energy";"electricity";2500;2713;"2020-06-02";"2020-09-01";"";"";"";"Hamburg";"indelivery";1002;"2020-06-16"
11008;"energy";"electricity";2200;2161;"2018-02-15";"2018-05-01";"";"";"";"Braunschweig";"indelivery";1001;"2020-01-11"
11009;"energy";"gas";8400;8995;"2018-06-15";"2018-10-01";"";"";"";"Dortmund";"indelivery";2000;"2020-03-12"
11010;"energy";"electricity";2300;2366;"2018-04-17";"2018-05-01";"2018-11-30";"2018-11-02";"Umzug";"Schwerin";"terminated";1000;"2018-10-02"
11011;"energy";"electricity";2400;2531;"2020-02-22";"2020-03-01";"";"";"";"Dortmund";"indelivery";1001;"2020-03-27"
11012;"energy";"electricity";2900;2775;"2018-12-20";"2019-05-01";"";"";"";"Schwerin";"indelivery";1002;"2020-07-26"
11013;"energy";"electricity";2600;2765;"2018-10-27";"2019-09-01";"";"";"";"Berlin";"indelivery";1000;"2019-07-19"
11014;"energy";"gas";11400;11928;"2018-10-15";"2018-11-01";"";"";"";"Essen";"indelivery";2001;"2018-11-05"
11015;"energy";"electricity";2300;2448;"2020-06-15";"2021-02-01";"";"";"";"Hamburg";"active";1002;"2020-07-03"
11016;"energy";"electricity";2000;1913;"2018-05-10";"2018-06-01";"";"";"";"Munich";"indelivery";1001;"2018-11-02"
11017;"energy";"electricity";2400;"";"2019-12-01";"2020-04-01";"";"";"";"Dresden";"indelivery";1000;"2020-01-30"
11018;"energy";"electricity";2300;2447;"2020-07-31";"2020-09-01";"";"";"";"Cologne";"indelivery";1001;"2020-08-11"
11019;"energy";"electricity";2500;2479;"2018-10-11";"2018-12-01";"";"";"";"Jena";"indelivery";1002;"2018-10-22"
11020;"energy";"electricity";2200;"";"2018-07-24";"2018-12-01";"2019-07-31";"2019-07-02";"fristgerecht durch Kunde";"Stuttgart";"terminated";1002;"2019-01-12"
11021;"energy";"electricity";2700;2845;"2018-01-09";"2018-06-01";"";"";"";"Dresden";"indelivery";1001;"2020-08-07"
11022;"energy";"gas";10800;10886;"2018-01-19";"2018-08-01";"";"";"";"Marienberg";"indelivery";2000;"2020-03-20"
11023;"energy";"electricity";2000;2091;"2018-09-25";"2018-12-01";"";"";"";"Salzwedel";"indelivery";1000;"2019-06-14"
11024;"energy";"electricity";2300;2265;"2020-07-24";"2020-09-01";"";"";"";"Dortmund";"indelivery";1001;"2020-08-30"
11025;"energy";"electricity";2100;2074;"2019-12-09";"2020-11-01";"";"";"";"Kiel";"active";1001;"2020-05-19"
11026;"energy";"gas";8600;8943;"2020-07-02";"2020-10-01";"";"";"";"Berlin";"indelivery";2000;"2020-09-25"
11027;"energy";"electricity";2000;2065;"2020-05-24";"2020-11-01";"";"";"";"Berlin";"active";1001;"2020-09-28"
11028;"energy";"gas";11000;11050;"2019-10-09";"2020-06-01";"";"";"";"Dortmund";"indelivery";2001;"2020-02-15"
11029;"energy";"electricity";3000;2959;"2018-04-21";"2018-07-01";"";"";"";"Arnstadt";"indelivery";1001;"2018-11-09"
11030;"energy";"gas";10000;9929;"2018-11-10";"2019-01-01";"2020-12-31";"2020-11-29";"fristgerecht durch LichtBlick";"Stuttgart";"cancelled";2000;"2019-06-11"
11031;"energy";"electricity";2200;2212;"2018-03-31";"2018-07-01";"";"";"";"Cologne";"indelivery";1001;"2020-05-10"
11032;"energy";"electricity";2800;2847;"2020-09-27";"2021-01-01";"";"";"";"Osnabrück";"active";1000;"2020-09-30"
11033;"energy";"electricity";2100;2049;"2018-01-30";"2018-03-01";"";"";"";"Magdeburg";"indelivery";1001;"2018-04-13"
11034;"energy";"electricity";2600;2716;"2018-06-01";"2018-07-01";"2020-01-31";"2020-01-03";"Umzug";"Frankfurt";"terminated";1002;"2020-01-03"
11035;"energy";"electricity";2900;2807;"2018-07-01";"2018-09-01";"";"";"";"Jena";"indelivery";1001;"2019-02-22"
11036;"energy";"electricity";2300;2280;"2020-09-07";"2021-07-01";"";"";"";"Berlin";"active";1001;"2020-09-14"
11037;"energy";"electricity";2500;2400;"2018-02-19";"2018-09-01";"";"";"";"Stuttgart";"indelivery";1000;"2018-05-14"
11038;"energy";"electricity";2700;2756;"2018-11-24";"2019-11-01";"";"";"";"Munich";"indelivery";1000;"2019-12-30"
11039;"energy";"electricity";2200;2108;"2018-05-31";"2018-08-01";"";"";"";"Leipzig";"indelivery";1002;"2019-12-24"
11040;"energy";"electricity";2600;2555;"2018-01-01";"2018-07-01";"";"";"";"Berlin";"indelivery";1002;"2018-11-09"
11041;"energy";"electricity";2900;2998;"2019-10-15";"2019-12-01";"";"";"";"Hannover";"indelivery";1001;"2020-02-24"
11042;"energy";"electricity";2300;2277;"2018-07-11";"2018-10-01";"";"";"";"Munich";"indelivery";1001;"2019-03-13"
11043;"energy";"gas";9100;9112;"2019-12-27";"2020-08-01";"";"";"";"Cologne";"indelivery";2001;"2020-04-09"
11044;"energy";"electricity";2400;2397;"2018-01-08";"2018-09-01";"2020-07-31";"2020-07-03";"fristgerecht durch LichtBlick";"Berlin";"terminated";1001;"2020-03-05"
11045;"energy";"electricity";2600;2466;"2018-10-12";"2019-01-01";"";"";"";"Cologne";"indelivery";1001;"2020-07-26"
11046;"energy";"electricity";2500;2693;"2020-07-07";"2020-09-01";"";"";"";"Stuttgart";"indelivery";1002;"2020-09-06"
11047;"energy";"gas";11700;11931;"2018-01-10";"2018-03-01";"2018-03-01";"2018-04-01";"Wiederruf";"Bonn";"terminated";2001;"2018-04-01"
11048;"energy";"electricity";2300;"";"2019-02-25";"2019-07-01";"";"";"";"Marienberg";"indelivery";1001;"2020-01-05"
11049;"energy";"electricity";2700;2899;"2020-05-11";"2020-09-01";"";"";"";"Göttingen";"indelivery";1002;"2020-09-10"
11050;"energy";"electricity";2000;2044;"2019-04-14";"2019-06-01";"";"";"";"Berlin";"indelivery";1001;"2019-12-23"
11051;"energy";"electricity";2200;2298;"2018-04-12";"2018-07-01";"2020-10-31";"2020-10-02";"fristgerecht durch Kunde";"Essen";"cancelled";1000;"2018-05-23"
11052;"energy";"gas";10000;10305;"2019-10-08";"2019-12-01";"";"";"";"Stuttgart";"indelivery";2001;"2019-11-11"
11053;"energy";"electricity";2100;2109;"2018-03-05";"2019-03-01";"2019-04-30";"2019-03-30";"fristgerecht durch LichtBlick";"Wiesbaden";"terminated";1002;"2018-06-04"
11054;"energy";"electricity";2900;2722;"2020-02-14";"2020-05-01";"";"";"";"Bremen";"indelivery";1002;"2020-04-05"
11055;"energy";"electricity";2700;"";"2018-01-02";"2018-06-01";"";"";"";"Bielefeld";"indelivery";1000;"2020-04-06"
11056;"energy";"electricity";2700;2804;"2019-10-13";"2020-01-01";"";"";"";"Hamburg";"indelivery";1002;"2020-06-04"
11057;"energy";"electricity";2000;1942;"2018-10-18";"2019-02-01";"";"";"";"Düsseldorf";"indelivery";1002;"2019-06-21"
11058;"energy";"electricity";2800;2708;"2020-08-20";"2021-08-01";"";"";"";"Braunschweig";"active";1000;"2020-09-23"
11059;"energy";"electricity";3000;2878;"2018-09-11";"2019-01-01";"";"";"";"Duisburg";"indelivery";1001;"2018-10-10"
11060;"energy";"electricity";2900;3069;"2019-06-20";"2019-08-01";"";"";"";"Cologne";"indelivery";1000;"2020-06-27"
11061;"energy";"electricity";2700;2922;"2020-02-22";"2020-06-01";"";"";"";"Berlin";"indelivery";1001;"2020-03-02"
11062;"energy";"electricity";2300;2445;"2018-08-14";"2019-01-01";"";"";"";"Münster";"indelivery";1001;"2019-03-04"
11063;"energy";"electricity";2700;2564;"2018-07-14";"2018-08-01";"";"";"";"Berlin";"indelivery";1002;"2018-12-16"
11064;"energy";"electricity";2500;2370;"2019-03-01";"2019-03-01";"";"";"";"Frankfurt";"indelivery";1002;"2019-03-23"
11065;"energy";"electricity";2100;2017;"2019-08-26";"2019-09-01";"";"";"";"Berlin";"indelivery";1000;"2020-08-21"
11066;"energy";"electricity";2500;2444;"2018-06-16";"2018-11-01";"";"";"";"Braunschweig";"indelivery";1001;"2018-09-26"
11067;"energy";"gas";9100;9092;"2018-01-05";"2018-04-01";"";"";"";"Berlin";"indelivery";2000;"2020-06-28"
11068;"energy";"electricity";2000;2086;"2018-01-15";"2018-04-01";"";"";"";"Stuttgart";"indelivery";1000;"2018-05-23"
11069;"energy";"electricity";2500;2641;"2020-02-22";"2020-08-01";"";"";"";"Bad Hersfeld";"indelivery";1000;"2020-03-27"
11070;"energy";"electricity";2500;"";"2020-07-04";"2020-09-01";"";"";"";"Berlin";"indelivery";1002;"2020-07-18"
11071;"energy";"electricity";2300;2273;"2018-07-06";"2019-03-01";"";"";"";"Hamburg";"indelivery";1000;"2020-08-07"
11072;"energy";"electricity";2800;2888;"2018-02-03";"2018-06-01";"";"";"";"Munich";"indelivery";1002;"2018-10-20"
11073;"energy";"electricity";3000;3005;"2019-02-06";"2020-03-01";"";"";"";"Duisburg";"indelivery";1001;"2020-05-06"
11074;"energy";"electricity";2700;2604;"2019-03-27";"2019-06-01";"";"";"";"Bielefeld";"indelivery";1000;"2019-08-24"
11075;"energy";"electricity";1900;1808;"2018-02-10";"2018-10-01";"";"";"";"Berlin";"indelivery";1002;"2019-09-25"
11076;"energy";"electricity";1900;1918;"2019-12-28";"2020-03-01";"";"";"";"Hamburg";"indelivery";1000;"2020-03-22"
11077;"energy";"electricity";2800;3028;"2019-09-30";"2019-10-01";"";"";"";"Hamburg";"indelivery";1000;"2020-07-21"
11078;"energy";"electricity";2200;"";"2018-06-16";"2018-08-01";"";"";"";"Frankfurt";"indelivery";1001;"2018-08-18"
11079;"energy";"electricity";2600;2534;"2018-05-12";"2018-07-01";"2018-10-31";"2018-10-02";"fristgerecht durch Kunde";"Karlsruhe";"terminated";1001;"2018-10-02"
11080;"energy";"gas";10000;10737;"2020-03-23";"2020-08-01";"";"";"";"Berlin";"indelivery";2001;"2020-07-01"
11081;"energy";"electricity";2200;2267;"2019-08-15";"2019-11-01";"";"";"";"Bonn";"indelivery";1002;"2020-01-24"
11082;"energy";"electricity";2700;2664;"2019-03-04";"2019-06-01";"";"";"";"Munich";"indelivery";1000;"2020-06-18"
11083;"energy";"gas";11000;11716;"2018-03-06";"2018-06-01";"";"";"";"Osterholz-Scharmbeck";"indelivery";2001;"2018-07-12"
11084;"energy";"electricity";2300;2483;"2019-09-14";"2020-02-01";"";"";"";"Hamburg";"indelivery";1002;"2020-04-12"
11085;"energy";"electricity";2400;2429;"2018-09-26";"2019-01-01";"";"";"";"Bremen";"indelivery";1000;"2020-05-04"
11086;"energy";"electricity";2000;1990;"2020-04-07";"2020-06-01";"";"";"";"Hamburg";"indelivery";1001;"2020-08-14"
11087;"energy";"electricity";2500;2599;"2019-12-16";"2020-01-01";"2020-09-30";"2020-09-02";"fristgerecht durch Kunde";"Cologne";"terminated";1000;"2020-05-18"
11088;"energy";"electricity";2600;2748;"2020-08-15";"2021-06-01";"";"";"";"Heidelberg";"active";1001;"2020-09-07"
11089;"energy";"electricity";2400;2603;"2020-02-25";"2020-04-01";"";"";"";"Koblenz";"indelivery";1002;"2020-04-20"
11090;"energy";"gas";10200;"";"2019-07-21";"2019-10-01";"";"";"";"Göppingen";"indelivery";2000;"2020-01-19"
11091;"energy";"electricity";2100;2018;"2020-05-24";"2020-09-01";"";"";"";"Stuttgart";"indelivery";1002;"2020-09-22"
11092;"energy";"electricity";2400;2258;"2019-11-05";"2020-03-01";"";"";"";"Karlsruhe";"indelivery";1002;"2020-06-04"
11093;"energy";"electricity";2700;2655;"2018-02-02";"2018-03-01";"";"";"";"Cologne";"indelivery";1001;"2019-10-12"
11094;"energy";"electricity";2800;2931;"2019-09-22";"2020-01-01";"";"";"";"Berlin";"indelivery";1001;"2020-08-13"
11095;"energy";"electricity";2200;2194;"2019-05-19";"2020-05-01";"";"";"";"Dortmund";"indelivery";1001;"2019-11-21"
11096;"energy";"electricity";2600;2485;"2020-05-24";"2020-12-01";"";"";"";"Schwerin";"active";1001;"2020-05-24"
11097;"energy";"electricity";2800;2826;"2019-08-05";"2019-11-01";"";"";"";"Berlin";"indelivery";1000;"2020-04-04"
11098;"energy";"electricity";2100;2134;"2019-04-04";"2020-02-01";"";"";"";"Erfurt";"indelivery";1000;"2020-02-24"
11099;"energy";"electricity";2800;2904;"2018-09-08";"2018-11-01";"";"";"";"Karlsruhe";"indelivery";1001;"2019-01-08"
11100;"energy";"electricity";2800;2937;"2020-04-02";"2020-07-01";"";"";"";"Ingolstadt";"indelivery";1001;"2020-07-11"
11101;"energy";"electricity";2100;"";"2020-07-11";"2020-11-01";"";"";"";"Berlin";"active";1002;"2020-09-21"
11102;"energy";"electricity";2500;2655;"2020-05-13";"2020-08-01";"";"";"";"Bremen";"indelivery";1001;"2020-08-23"
11103;"energy";"electricity";2500;2484;"2019-11-03";"2020-05-01";"";"";"";"Cologne";"indelivery";1000;"2019-12-24"
11104;"energy";"electricity";2700;2578;"2020-04-28";"2020-06-01";"";"";"";"Frankfurt";"indelivery";1000;"2020-06-23"
11105;"energy";"electricity";2500;2485;"2018-04-07";"2018-05-01";"2020-06-30";"2020-05-31";"fristgerecht durch LichtBlick";"Berlin";"terminated";1002;"2019-08-05"
11106;"energy";"electricity";2500;2646;"2020-08-26";"2020-10-01";"";"";"";"Munich";"indelivery";1001;"2020-09-01"
11107;"energy";"electricity";2300;2296;"2019-11-29";"2019-12-01";"";"";"";"Essen";"indelivery";1001;"2020-07-13"
11108;"energy";"electricity";2200;2168;"2018-02-04";"2018-07-01";"";"";"";"Wuppertal";"indelivery";1002;"2020-07-28"
11109;"energy";"electricity";2700;"";"2019-12-11";"2020-05-01";"";"";"";"Berlin";"indelivery";1000;"2020-06-06"
11110;"energy";"electricity";2200;2098;"2019-02-07";"2019-10-01";"";"";"";"Berlin";"indelivery";1002;"2019-09-28"
11111;"energy";"gas";9900;10264;"2018-10-06";"2019-03-01";"";"";"";"Leipzig";"indelivery";2000;"2020-02-22"
11112;"energy";"electricity";2200;2280;"2018-10-01";"2019-03-01";"";"";"";"Koblenz";"indelivery";1002;"2020-01-14"
11113;"energy";"electricity";1900;1837;"2018-01-06";"2018-07-01";"";"";"";"Hamburg";"indelivery";1002;"2019-05-12"
11114;"energy";"electricity";2300;2231;"2020-07-07";"2020-12-01";"";"";"";"Essen";"active";1000;"2020-08-05"
11115;"energy";"electricity";2900;2984;"2019-07-25";"2020-01-01";"";"";"";"Hamburg";"indelivery";1001;"2020-09-14"
11116;"energy";"electricity";2500;"";"2020-02-18";"2021-01-01";"";"";"";"Bielefeld";"active";1001;"2020-05-30"
11117;"energy";"electricity";2600;2613;"2018-02-07";"2018-09-01";"";"";"";"Berlin";"indelivery";1002;"2018-02-28"
11118;"energy";"gas";11200;11443;"2018-01-23";"2018-09-01";"2018-12-31";"2018-11-24";"Umzug";"Leipzig";"terminated";2001;"2018-11-24"
11119;"energy";"electricity";2500;2548;"2020-06-10";"2021-03-01";"";"";"";"Berlin";"active";1001;"2020-08-16"
11120;"energy";"electricity";2500;2455;"2019-05-18";"2019-08-01";"";"";"";"Magdeburg";"indelivery";1002;"2019-08-21"
11121;"energy";"electricity";2100;2218;"2020-04-06";"2020-06-01";"";"";"";"Dresden";"indelivery";1001;"2020-04-15"
11122;"energy";"electricity";3000;"";"2020-03-06";"2020-05-01";"";"";"";"Dortmund";"indelivery";1001;"2020-09-30"
11123;"energy";"electricity";2200;2238;"2018-04-26";"2018-06-01";"";"";"";"Hamburg";"indelivery";1001;"2018-10-20"
11124;"energy";"electricity";2500;2376;"2019-05-05";"2019-09-01";"";"";"";"Neuburg";"indelivery";1001;"2020-06-20"
11125;"energy";"electricity";2100;2088;"2020-08-22";"2020-11-01";"";"";"";"Berlin";"active";1002;"2020-09-10"
11126;"energy";"electricity";2200;2151;"2019-08-29";"2020-03-01";"";"";"";"Mannheim";"indelivery";1001;"2020-03-15"
11127;"energy";"electricity";2900;3014;"2018-02-21";"2018-09-01";"";"";"";"Bonn";"indelivery";1002;"2018-10-19"
11128;"energy";"electricity";2600;2707;"2020-04-03";"2020-05-01";"";"";"";"Duisburg";"indelivery";1000;"2020-06-16"
11129;"energy";"electricity";2300;2145;"2018-04-02";"2018-05-01";"2020-09-30";"2020-09-01";"fristgerecht durch LichtBlick";"Lübeck";"terminated";1000;"2019-12-08"
11130;"energy";"electricity";2500;2634;"2019-01-01";"2019-03-01";"";"";"";"Augsburg";"indelivery";1000;"2020-08-05"
11131;"energy";"electricity";2300;2223;"2018-08-29";"2019-01-01";"";"";"";"Wuppertal";"indelivery";1000;"2018-12-18"
11132;"energy";"electricity";2300;2381;"2019-11-20";"2020-06-01";"";"";"";"Düsseldorf";"indelivery";1001;"2020-09-02"
11133;"energy";"electricity";2900;2832;"2018-08-20";"2019-09-01";"";"";"";"Berlin";"indelivery";1001;"2019-04-10"
11134;"energy";"electricity";2400;2398;"2018-04-16";"2018-09-01";"";"";"";"Cologne";"indelivery";1000;"2019-02-16"
11135;"energy";"electricity";2700;2771;"2019-04-12";"2019-06-01";"2019-06-01";"2020-07-01";"Wiederruf";"Cologne";"terminated";1000;"2020-04-30"
11136;"energy";"electricity";2300;2382;"2018-02-22";"2018-06-01";"2020-03-31";"2020-02-29";"fristgerecht durch LichtBlick";"Coburg";"terminated";1001;"2019-01-26"
11137;"energy";"electricity";2600;2745;"2020-01-25";"2020-02-01";"";"";"";"Erfurt";"indelivery";1000;"2020-04-18"
11138;"energy";"gas";11600;11375;"2019-07-30";"2019-12-01";"";"";"";"Leipzig";"indelivery";2001;"2020-06-12"
11139;"energy";"gas";8400;8882;"2018-05-08";"2018-12-01";"2018-12-01";"2020-04-29";"Wiederruf";"Marienberg";"terminated";2001;"2019-05-28"
11140;"energy";"electricity";2300;2348;"2018-12-20";"2019-02-01";"2019-02-01";"2020-06-02";"Wiederruf";"Hamburg";"terminated";1001;"2020-04-30"
11141;"energy";"gas";10200;10001;"2018-07-25";"2018-09-01";"2019-04-30";"2019-03-29";"fristgerecht durch LichtBlick";"Berlin";"terminated";2000;"2019-03-29"
11142;"energy";"gas";11100;11621;"2019-06-13";"2020-04-01";"";"";"";"Fürth";"indelivery";2001;"2020-07-02"
11143;"energy";"electricity";2300;2308;"2018-11-03";"2019-01-01";"2020-03-31";"2020-03-01";"Umzug";"Magdeburg";"terminated";1002;"2019-01-25"
11144;"energy";"electricity";2600;"";"2018-01-17";"2018-05-01";"";"";"";"Cologne";"indelivery";1002;"2019-03-13"
11145;"energy";"electricity";2800;2808;"2018-01-21";"2018-04-01";"";"";"";"Saarbrücken";"indelivery";1001;"2018-03-08"
11146;"energy";"electricity";2100;2192;"2019-03-07";"2019-05-01";"";"";"";"Dortmund";"indelivery";1002;"2020-01-12"
11147;"energy";"electricity";2800;"";"2019-03-26";"2019-05-01";"2020-09-30";"2020-08-30";"Umzug";"Tirschenreuth";"terminated";1001;"2019-05-08"
11148;"energy";"electricity";2700;"";"2018-06-01";"2018-07-01";"2018-11-30";"2018-11-02";"fristgerecht durch LichtBlick";"Parchim";"terminated";1000;"2018-11-02"
11149;"energy";"electricity";2300;2510;"2019-02-20";"2019-04-01";"";"";"";"Munich";"indelivery";1000;"2019-09-21"
11150;"energy";"electricity";2100;2098;"2018-05-10";"2018-06-01";"2018-06-01";"2019-07-31";"Wiederruf";"Essen";"terminated";1000;"2019-03-23"
11151;"energy";"gas";8800;9406;"2020-02-19";"2020-05-01";"";"";"";"Kassel";"indelivery";2001;"2020-06-29"
11152;"energy";"electricity";2600;2840;"2019-12-30";"2020-01-01";"";"";"";"Ingolstadt";"indelivery";1001;"2020-08-29"
11153;"energy";"electricity";2800;2875;"2019-12-16";"2020-11-01";"";"";"";"Fürth";"active";1001;"2020-03-18"
11154;"energy";"electricity";2400;2616;"2020-02-29";"2021-04-01";"";"";"";"Duisburg";"active";1000;"2020-09-24"
11155;"energy";"electricity";2900;2990;"2018-11-04";"2019-01-01";"2019-01-01";"2020-02-01";"Wiederruf";"Stralsund";"terminated";1000;"2019-06-17"
11156;"energy";"gas";11000;11752;"2020-06-17";"2020-11-01";"";"";"";"Berlin";"active";2001;"2020-06-20"
11157;"energy";"electricity";2100;2295;"2019-05-03";"2020-02-01";"";"";"";"Munich";"indelivery";1000;"2020-08-19"
11158;"energy";"electricity";2400;2519;"2020-03-09";"2020-04-01";"";"";"";"Lübeck";"indelivery";1001;"2020-06-14"
11159;"energy";"electricity";2300;2252;"2018-02-22";"2018-06-01";"";"";"";"Kaiserslautern";"indelivery";1001;"2020-08-06"
11160;"energy";"gas";8700;8301;"2018-02-24";"2018-04-01";"";"";"";"Stuttgart";"indelivery";2001;"2020-07-07"
11161;"energy";"electricity";2200;2372;"2019-06-01";"2020-05-01";"";"";"";"Flensburg";"indelivery";1001;"2020-04-30"
11162;"energy";"electricity";2700;2715;"2018-01-26";"2018-04-01";"2019-07-31";"2019-06-28";"fristgerecht durch Kunde";"Duisburg";"terminated";1000;"2018-06-25"
11163;"energy";"electricity";2400;2321;"2018-09-25";"2018-10-01";"";"";"";"Regensburg";"indelivery";1001;"2019-03-20"
11164;"energy";"electricity";2400;2384;"2018-09-01";"2018-10-01";"";"";"";"Koblenz";"indelivery";1001;"2019-08-21"
11165;"energy";"electricity";2100;2077;"2020-07-05";"2020-09-01";"";"";"";"Hamburg";"indelivery";1002;"2020-08-22"
11166;"energy";"electricity";2000;2181;"2020-08-27";"2021-03-01";"";"";"";"Hamburg";"active";1002;"2020-09-24"
11167;"energy";"electricity";2500;2505;"2020-02-07";"2020-05-01";"";"";"";"Altchemnitz";"indelivery";1001;"2020-04-23"
11168;"energy";"electricity";2100;2032;"2019-02-20";"2019-08-01";"";"";"";"Berlin";"indelivery";1000;"2020-07-30"
11169;"energy";"electricity";2500;2644;"2020-07-22";"2020-12-01";"";"";"";"Berlin";"active";1000;"2020-08-15"
11170;"energy";"electricity";2300;2163;"2019-04-10";"2019-05-01";"2019-12-31";"2019-11-27";"fristgerecht durch Kunde";"Hamburg";"terminated";1000;"2019-11-27"
11171;"energy";"gas";11200;11105;"2018-02-28";"2018-08-01";"2020-11-30";"2020-11-01";"fristgerecht durch Kunde";"Rostock";"cancelled";2001;"2019-03-04"
11172;"energy";"electricity";2100;2090;"2018-07-08";"2018-10-01";"";"";"";"Düsseldorf";"indelivery";1002;"2020-07-05"
11173;"energy";"electricity";3000;3091;"2019-05-13";"2019-08-01";"";"";"";"Bremen";"indelivery";1001;"2020-01-24"
11174;"energy";"electricity";2600;2689;"2019-11-18";"2020-04-01";"";"";"";"Dortmund";"indelivery";1001;"2020-07-23"
11175;"energy";"electricity";2700;2725;"2019-01-30";"2019-04-01";"";"";"";"Berlin";"indelivery";1000;"2020-01-03"
11176;"energy";"electricity";2000;2108;"2020-09-13";"2021-01-01";"";"";"";"Stralsund";"active";1002;"2020-09-22"
11177;"energy";"electricity";2700;2831;"2018-07-13";"2018-08-01";"";"";"";"Berlin";"indelivery";1000;"2020-05-16"
11178;"energy";"electricity";2400;2536;"2018-04-10";"2018-05-01";"2018-12-31";"2018-12-03";"fristgerecht durch LichtBlick";"Dresden";"terminated";1001;"2018-12-03"
11179;"energy";"electricity";2900;3108;"2018-05-15";"2018-07-01";"";"";"";"Cottbus";"indelivery";1001;"2020-09-20"
11180;"energy";"electricity";2900;2790;"2019-04-01";"2019-09-01";"";"";"";"Essen";"indelivery";1002;"2019-07-19"
11181;"energy";"electricity";2700;2904;"2019-03-03";"2019-04-01";"";"";"";"Essen";"indelivery";1002;"2020-07-13"
11182;"energy";"electricity";2300;2395;"2019-04-22";"2019-06-01";"2019-06-01";"2020-11-25";"Wiederruf";"Hamburg";"terminated";1001;"2020-01-13"
11183;"energy";"electricity";3100;3144;"2018-09-02";"2018-10-01";"";"";"";"Lüdenscheid";"indelivery";1000;"2019-08-09"
11184;"energy";"electricity";2200;2241;"2020-09-27";"2020-11-01";"";"";"";"Karlsruhe";"active";1001;"2020-09-29"
11185;"energy";"electricity";2100;2170;"2019-09-17";"2020-02-01";"";"";"";"Düsseldorf";"indelivery";1000;"2020-03-14"
11186;"energy";"electricity";2300;2463;"2019-09-26";"2020-02-01";"";"";"";"Berlin";"indelivery";1000;"2020-09-03"
11187;"energy";"electricity";2200;2124;"2018-11-20";"2019-03-01";"";"";"";"Hamburg";"indelivery";1000;"2019-07-06"
11188;"energy";"electricity";2400;2300;"2018-12-17";"2019-01-01";"2020-09-30";"2020-08-23";"fristgerecht durch Kunde";"Balingen";"terminated";1002;"2020-08-03"
11189;"energy";"electricity";2500;2582;"2019-03-31";"2019-06-01";"2019-11-30";"2019-11-02";"fristgerecht durch LichtBlick";"Munich";"terminated";1001;"2019-11-02"
11190;"energy";"electricity";2300;2301;"2019-01-09";"2019-10-01";"";"";"";"Oberhausen";"indelivery";1000;"2019-03-09"
11191;"energy";"gas";9000;8573;"2020-03-09";"2020-04-01";"";"";"";"Kassel";"indelivery";2001;"2020-03-22"
11192;"energy";"electricity";2700;"";"2018-10-28";"2019-05-01";"";"";"";"Bonn";"indelivery";1000;"2020-01-27"
11193;"energy";"electricity";2500;2440;"2019-11-16";"2019-12-01";"";"";"";"Emmendingen";"indelivery";1000;"2020-07-13"
11194;"energy";"electricity";2500;2681;"2019-05-25";"2019-09-01";"2020-02-29";"2020-01-28";"Umzug";"Berlin";"terminated";1001;"2020-01-28"
11195;"energy";"electricity";2600;2626;"2020-03-01";"2020-03-01";"";"";"";"Potsdam";"indelivery";1001;"2020-04-05"
11196;"energy";"electricity";2700;2667;"2020-06-23";"2020-08-01";"";"";"";"Dortmund";"indelivery";1001;"2020-09-27"
11197;"energy";"electricity";2400;2527;"2018-07-27";"2018-09-01";"2019-08-31";"2019-08-01";"fristgerecht durch Kunde";"Munich";"terminated";1002;"2019-08-01"
11198;"energy";"electricity";2400;2489;"2018-01-01";"2018-06-01";"2019-11-30";"2019-10-30";"fristgerecht durch Kunde";"Karlsruhe";"terminated";1002;"2018-10-23"
11199;"energy";"electricity";2300;2242;"2018-12-01";"2019-01-01";"2020-12-31";"2020-12-03";"Umzug";"Hannover";"cancelled";1002;"2020-04-27"
11200;"energy";"electricity";3000;2946;"2019-04-04";"2019-06-01";"";"";"";"Koblenz";"indelivery";1001;"2019-04-05"
11201;"energy";"electricity";2200;2264;"2019-01-05";"2019-06-01";"2019-06-01";"2020-07-31";"Wiederruf";"Bergisch Gladbach";"terminated";1000;"2020-02-16"
11202;"energy";"electricity";2400;2406;"2019-08-02";"2019-09-01";"";"";"";"Saarbrücken";"indelivery";1000;"2020-08-15"
11203;"energy";"electricity";2800;2799;"2018-08-14";"2018-09-01";"";"";"";"Tirschenreuth";"indelivery";1000;"2020-05-02"
11204;"energy";"electricity";2900;2948;"2020-09-26";"2022-02-01";"";"";"";"Dortmund";"active";1001;"2020-09-29"
11205;"energy";"gas";9300;9519;"2019-03-25";"2019-07-01";"";"";"";"Frankfurt";"indelivery";2000;"2019-08-05"
11206;"energy";"electricity";2900;2829;"2018-05-27";"2018-06-01";"";"";"";"Bremen";"indelivery";1002;"2019-08-01"
11207;"energy";"gas";11900;"";"2020-07-11";"2020-08-01";"";"";"";"Bremen";"indelivery";2001;"2020-07-12"
11208;"energy";"electricity";2000;2088;"2019-06-15";"2019-11-01";"";"";"";"Wuppertal";"indelivery";1000;"2020-05-06"
11209;"energy";"electricity";2700;2774;"2018-08-27";"2019-04-01";"";"";"";"Hamburg";"indelivery";1001;"2019-12-20"
11210;"energy";"electricity";2800;2920;"2020-05-11";"2020-09-01";"";"";"";"Hamburg";"indelivery";1000;"2020-06-21"
11211;"energy";"gas";11100;11251;"2018-07-31";"2018-09-01";"";"";"";"Berlin";"indelivery";2000;"2020-07-09"
11212;"energy";"electricity";2700;2855;"2019-12-23";"2020-01-01";"";"";"";"Erfurt";"indelivery";1002;"2020-03-11"
11213;"energy";"electricity";2000;2159;"2018-02-21";"2018-07-01";"2018-07-01";"2019-01-30";"Wiederruf";"Saarbrücken";"terminated";1002;"2019-01-30"
11214;"energy";"electricity";2400;2359;"2019-04-29";"2019-11-01";"";"";"";"Bonn";"indelivery";1000;"2019-06-06"
11215;"energy";"electricity";2500;2670;"2018-03-14";"2018-09-01";"";"";"";"Munich";"indelivery";1001;"2019-08-12"
11216;"energy";"electricity";2100;2193;"2019-08-30";"2020-01-01";"";"";"";"Gera";"indelivery";1000;"2020-01-06"
11217;"energy";"electricity";2100;2051;"2020-01-22";"2020-02-01";"";"";"";"Coburg";"indelivery";1000;"2020-03-28"
11218;"energy";"electricity";2000;2039;"2020-04-13";"2020-06-01";"";"";"";"Duisburg";"indelivery";1002;"2020-05-09"
11219;"energy";"electricity";2400;2433;"2019-02-01";"2019-07-01";"2020-11-30";"2020-11-01";"fristgerecht durch LichtBlick";"Rosenheim";"cancelled";1002;"2020-05-20"
11220;"energy";"electricity";2300;"";"2020-06-15";"2020-08-01";"";"";"";"Düsseldorf";"indelivery";1002;"2020-08-11"
11221;"energy";"electricity";2100;2057;"2019-11-29";"2019-12-01";"";"";"";"Berlin";"indelivery";1001;"2020-04-30"
11222;"energy";"electricity";2300;2319;"2020-01-02";"2020-06-01";"";"";"";"Hanau";"indelivery";1001;"2020-09-27"
11223;"energy";"electricity";2300;2246;"2018-03-08";"2018-11-01";"";"";"";"Berlin";"indelivery";1001;"2019-08-19"
11224;"energy";"electricity";2400;2341;"2019-07-15";"2020-06-01";"";"";"";"Stuttgart";"indelivery";1000;"2019-11-19"
11225;"energy";"electricity";2900;3019;"2018-10-04";"2019-01-01";"";"";"";"Bremen";"indelivery";1002;"2019-06-24"
11226;"energy";"electricity";2800;2865;"2020-08-06";"2020-12-01";"";"";"";"Hamburg";"active";1000;"2020-09-15"
11227;"energy";"electricity";2300;2344;"2019-11-01";"2019-12-01";"2020-06-30";"2020-05-31";"fristgerecht durch Kunde";"Freiburg";"terminated";1002;"2020-01-03"
11228;"energy";"electricity";2500;2537;"2018-03-19";"2018-07-01";"";"";"";"Leipzig";"indelivery";1000;"2019-08-27"
11229;"energy";"electricity";3000;3120;"2019-07-30";"2019-09-01";"";"";"";"Magdeburg";"indelivery";1000;"2020-08-17"
11230;"energy";"electricity";2200;2163;"2019-10-16";"2020-05-01";"";"";"";"Düsseldorf";"indelivery";1000;"2019-11-14"
11231;"energy";"gas";9300;9961;"2019-05-24";"2019-11-01";"";"";"";"Berlin";"indelivery";2001;"2019-10-18"
11232;"energy";"electricity";2100;2063;"2018-02-04";"2018-06-01";"2020-07-31";"2020-07-03";"fristgerecht durch Kunde";"Marienberg";"terminated";1000;"2018-08-28"
11233;"energy";"electricity";2300;2177;"2018-12-16";"2019-02-01";"";"";"";"Bremerhaven";"indelivery";1002;"2020-02-20"
11234;"energy";"electricity";2300;2231;"2018-05-12";"2018-10-01";"";"";"";"Freiburg";"indelivery";1000;"2020-01-22"
11235;"energy";"electricity";2300;2431;"2019-04-04";"2019-06-01";"";"";"";"Oldenburg";"indelivery";1000;"2020-09-25"
11236;"energy";"electricity";2100;"";"2018-05-03";"2018-09-01";"";"";"";"Hannover";"indelivery";1002;"2020-07-14"
11237;"energy";"electricity";2200;2239;"2018-05-11";"2018-07-01";"2020-01-31";"2019-12-19";"Umzug";"Berlin";"terminated";1001;"2019-12-19"
11238;"energy";"electricity";3000;3211;"2018-05-12";"2018-08-01";"2020-06-30";"2020-06-02";"fristgerecht durch Kunde";"Dortmund";"terminated";1001;"2018-12-11"
11239;"energy";"electricity";2700;2788;"2019-09-03";"2019-12-01";"2020-08-31";"2020-08-02";"fristgerecht durch Kunde";"Göttingen";"terminated";1002;"2020-01-23"
11240;"energy";"electricity";2800;2964;"2019-05-16";"2019-10-01";"2020-07-31";"2020-06-28";"fristgerecht durch Kunde";"Celle";"terminated";1001;"2020-06-28"
11241;"energy";"electricity";2500;2688;"2018-09-29";"2018-12-01";"";"";"";"Gera";"indelivery";1001;"2019-07-13"
11242;"energy";"electricity";2000;2153;"2020-04-28";"2020-07-01";"";"";"";"Bonn";"indelivery";1002;"2020-07-31"
11243;"energy";"electricity";2300;2213;"2018-05-23";"2018-07-01";"";"";"";"Munich";"indelivery";1002;"2020-05-01"
11244;"energy";"electricity";2300;2292;"2018-11-16";"2019-02-01";"";"";"";"Munich";"indelivery";1001;"2020-05-14"
11245;"energy";"gas";7900;7915;"2018-02-19";"2018-09-01";"2019-11-30";"2019-10-29";"fristgerecht durch Kunde";"Frankfurt";"terminated";2001;"2019-05-24"
11246;"energy";"electricity";2200;2145;"2020-05-17";"2021-04-01";"";"";"";"Bielefeld";"active";1001;"2020-06-18"
11247;"energy";"gas";9300;8978;"2020-07-24";"2020-09-01";"";"";"";"Essen";"indelivery";2001;"2020-08-16"
11248;"energy";"electricity";2800;2876;"2020-01-18";"2020-08-01";"";"";"";"Stuttgart";"indelivery";1001;"2020-08-02"
11249;"energy";"electricity";2900;2749;"2019-12-01";"2020-10-01";"";"";"";"Oldenburg";"indelivery";1001;"2020-08-28"
11250;"energy";"electricity";2400;2548;"2018-09-10";"2019-02-01";"2019-09-30";"2019-08-23";"Umzug";"Marienberg";"terminated";1000;"2019-08-23"
11251;"energy";"electricity";2400;2327;"2019-05-26";"2019-10-01";"";"";"";"Alzey";"indelivery";1001;"2019-08-15"
11252;"energy";"electricity";2200;2311;"2018-07-05";"2018-10-01";"2018-10-01";"2020-08-23";"Wiederruf";"Berlin";"terminated";1001;"2019-09-12"
11253;"energy";"electricity";2200;2159;"2018-06-08";"2019-01-01";"2019-04-30";"2019-04-01";"Umzug";"Cologne";"terminated";1000;"2019-04-01"
11254;"energy";"electricity";2600;2810;"2020-09-04";"2020-12-01";"";"";"";"Cologne";"active";1002;"2020-09-13"
11255;"energy";"electricity";3000;2859;"2019-10-29";"2019-12-01";"2020-07-31";"2020-07-01";"Umzug";"Gießen";"terminated";1001;"2020-02-26"
11256;"energy";"electricity";2700;2703;"2018-02-26";"2018-08-01";"";"";"";"Münster";"indelivery";1001;"2020-05-11"
11257;"energy";"electricity";2300;2259;"2018-09-03";"2018-12-01";"";"";"";"Erfurt";"indelivery";1002;"2020-02-26"
11258;"energy";"electricity";2100;2184;"2019-01-30";"2019-05-01";"";"";"";"Cologne";"indelivery";1002;"2019-07-10"
11259;"energy";"electricity";2700;2811;"2018-12-07";"2019-02-01";"";"";"";"Berlin";"indelivery";1002;"2019-06-21"
11260;"energy";"gas";8900;9312;"2020-08-22";"2020-10-01";"";"";"";"Frankfurt";"indelivery";2000;"2020-09-17"
11261;"energy";"electricity";2600;2545;"2019-06-11";"2020-05-01";"";"";"";"Wittenberg";"indelivery";1002;"2020-07-25"
11262;"energy";"electricity";2300;2300;"2018-02-17";"2018-04-01";"";"";"";"Cologne";"indelivery";1002;"2019-02-18"
11263;"energy";"electricity";2900;"";"2018-12-26";"2019-04-01";"";"";"";"Magdeburg";"indelivery";1001;"2019-03-13"
11264;"energy";"electricity";2300;2314;"2018-03-03";"2018-04-01";"2018-12-31";"2018-12-03";"Umzug";"Mannheim";"terminated";1001;"2018-12-03"
11265;"energy";"gas";12000;11763;"2019-08-09";"2019-09-01";"";"";"";"Wilhelmshaven";"indelivery";2001;"2020-01-13"
11266;"energy";"electricity";2200;2269;"2018-04-07";"2018-07-01";"";"";"";"Berlin";"indelivery";1001;"2018-05-04"
11267;"energy";"electricity";2100;2260;"2018-03-11";"2018-07-01";"";"";"";"Bremen";"indelivery";1001;"2019-04-22"
11268;"energy";"electricity";2300;2255;"2018-01-13";"2018-02-01";"2018-05-31";"2018-05-03";"fristgerecht durch Kunde";"Munich";"terminated";1000;"2018-05-03"
11269;"energy";"electricity";2500;2594;"2018-05-11";"2018-09-01";"";"";"";"Berlin";"indelivery";1001;"2020-05-18"
11270;"energy";"electricity";2300;2460;"2018-02-15";"2018-04-01";"";"";"";"Düsseldorf";"indelivery";1000;"2019-04-22"
11271;"energy";"electricity";2600;2594;"2020-07-27";"2020-10-01";"";"";"";"Düsseldorf";"indelivery";1001;"2020-09-29"
11272;"energy";"electricity";2500;2477;"2019-04-16";"2019-11-01";"";"";"";"Frankfurt";"indelivery";1001;"2020-05-28"
11273;"energy";"gas";9100;9469;"2019-10-17";"2019-12-01";"2020-07-31";"2020-07-02";"fristgerecht durch Kunde";"Wuppertal";"terminated";2001;"2020-02-29"
11274;"energy";"electricity";2000;2010;"2019-07-06";"2019-12-01";"";"";"";"Kassel";"indelivery";1002;"2019-08-17"
11275;"energy";"electricity";2900;2729;"2018-01-28";"2018-06-01";"2020-05-31";"2020-05-03";"fristgerecht durch Kunde";"Osnabrück";"terminated";1002;"2018-05-21"
11276;"energy";"electricity";2200;2291;"2018-11-29";"2019-01-01";"";"";"";"Cologne";"indelivery";1000;"2018-12-22"
11277;"energy";"electricity";2100;1978;"2019-01-20";"2019-03-01";"";"";"";"Berlin";"indelivery";1002;"2020-03-22"
11278;"energy";"electricity";2400;2296;"2019-08-12";"2019-11-01";"";"";"";"Bautzen";"indelivery";1001;"2020-03-11"
11279;"energy";"electricity";2100;2008;"2020-02-08";"2020-04-01";"";"";"";"Duisburg";"indelivery";1000;"2020-02-15"
11280;"energy";"electricity";2900;2838;"2019-04-12";"2019-10-01";"";"";"";"Cologne";"indelivery";1001;"2020-08-31"
11281;"energy";"electricity";2000;1944;"2018-07-11";"2018-09-01";"";"";"";"Mainz";"indelivery";1002;"2020-09-16"
11282;"energy";"electricity";2100;2003;"2018-01-26";"2018-02-01";"2018-02-01";"2019-10-03";"Wiederruf";"Berlin";"terminated";1001;"2019-10-03"
11283;"energy";"electricity";2300;2364;"2019-10-04";"2020-02-01";"";"";"";"Munich";"indelivery";1001;"2020-07-27"
11284;"energy";"gas";9400;10176;"2019-10-24";"2019-12-01";"";"";"";"Düsseldorf";"indelivery";2001;"2020-09-23"
11285;"energy";"electricity";2600;2516;"2018-05-27";"2018-08-01";"";"";"";"Düsseldorf";"indelivery";1001;"2018-10-06"
11286;"energy";"electricity";2600;2645;"2018-10-13";"2018-12-01";"";"";"";"Hamburg";"indelivery";1000;"2020-07-30"
11287;"energy";"electricity";2900;2935;"2018-08-05";"2018-09-01";"";"";"";"Hamburg";"indelivery";1001;"2019-05-05"
11288;"energy";"electricity";2800;2878;"2018-02-25";"2018-08-01";"2020-04-30";"2020-03-30";"fristgerecht durch Kunde";"Cologne";"terminated";1002;"2019-06-28"
11289;"energy";"electricity";2400;2326;"2018-03-28";"2018-05-01";"";"";"";"Freiburg";"indelivery";1002;"2018-05-05"
11290;"energy";"electricity";2300;2349;"2018-03-19";"2018-12-01";"2018-12-01";"2019-08-02";"Wiederruf";"Rostock";"terminated";1002;"2019-08-02"
11291;"energy";"electricity";2000;2171;"2020-01-28";"2020-02-01";"2020-06-30";"2020-06-01";"fristgerecht durch LichtBlick";"Stuttgart";"terminated";1001;"2020-06-01"
11292;"energy";"electricity";2000;2059;"2019-08-07";"2019-12-01";"";"";"";"Marienberg";"indelivery";1001;"2020-06-17"
11293;"energy";"electricity";2500;2567;"2018-08-05";"2018-12-01";"2020-06-30";"2020-05-31";"fristgerecht durch Kunde";"Munich";"terminated";1002;"2020-03-10"
11294;"energy";"electricity";3000;2823;"2019-11-20";"2020-01-01";"";"";"";"Kassel";"indelivery";1000;"2020-02-02"
11295;"energy";"electricity";2000;1961;"2020-04-28";"2020-06-01";"";"";"";"Duisburg";"indelivery";1000;"2020-09-15"
11296;"energy";"electricity";2500;2535;"2018-01-11";"2018-06-01";"";"";"";"Munich";"indelivery";1002;"2020-01-25"
11297;"energy";"electricity";2600;2533;"2018-07-13";"2018-08-01";"2018-09-30";"2018-08-27";"fristgerecht durch Kunde";"Hamburg";"terminated";1001;"2018-08-27"
11298;"energy";"gas";11100;11469;"2020-04-19";"2020-07-01";"";"";"";"Düsseldorf";"indelivery";2000;"2020-08-22"
11299;"energy";"electricity";2800;2727;"2018-03-01";"2018-10-01";"";"";"";"Berlin";"indelivery";1000;"2019-10-30"
11300;"energy";"electricity";1900;1940;"2019-02-21";"2019-03-01";"";"";"";"Stuttgart";"indelivery";1000;"2019-12-04"
11301;"energy";"electricity";2400;2568;"2019-08-08";"2019-11-01";"";"";"";"Frankfurt";"indelivery";1000;"2019-10-08"
11302;"energy";"electricity";2200;2104;"2019-05-04";"2019-07-01";"2020-01-31";"2020-01-02";"Umzug";"Leipzig";"terminated";1002;"2019-12-07"
11303;"energy";"gas";8800;8758;"2019-01-13";"2019-03-01";"";"";"";"Dresden";"indelivery";2000;"2019-06-19"
11304;"energy";"electricity";2100;2103;"2019-02-04";"2019-03-01";"";"";"";"Frankfurt";"indelivery";1000;"2020-08-18"
11305;"energy";"electricity";2400;2274;"2019-04-05";"2019-07-01";"";"";"";"Neuss";"indelivery";1000;"2019-06-21"
11306;"energy";"electricity";2500;2678;"2018-11-22";"2019-01-01";"";"";"";"Düsseldorf";"indelivery";1002;"2019-07-11"
11307;"energy";"electricity";2300;2325;"2018-06-21";"2018-08-01";"";"";"";"Munich";"indelivery";1001;"2019-10-27"
11308;"energy";"electricity";2400;2294;"2020-07-05";"2021-01-01";"";"";"";"Hamburg";"active";1000;"2020-08-17"
11309;"energy";"electricity";2900;3055;"2019-09-20";"2020-04-01";"";"";"";"Lübeck";"indelivery";1001;"2020-08-15"
11310;"energy";"electricity";3000;3075;"2019-02-28";"2019-06-01";"2020-12-31";"2020-12-02";"fristgerecht durch Kunde";"Leipzig";"cancelled";1001;"2020-04-15"
11311;"energy";"electricity";2300;2339;"2019-03-24";"2019-04-01";"";"";"";"Bonn";"indelivery";1002;"2020-09-24"
11312;"energy";"electricity";2200;2318;"2019-12-07";"2020-08-01";"";"";"";"Berlin";"indelivery";1001;"2019-12-24"
11313;"energy";"electricity";2200;2162;"2019-04-01";"2019-05-01";"";"";"";"Hamburg";"indelivery";1002;"2020-09-17"
11314;"energy";"electricity";2800;2715;"2018-04-22";"2018-06-01";"";"";"";"Frankfurt";"indelivery";1001;"2019-08-03"
11315;"energy";"electricity";2300;2204;"2019-12-25";"2020-01-01";"";"";"";"Kiel";"indelivery";1001;"2020-04-30"
11316;"energy";"gas";8500;9146;"2020-07-12";"2020-10-01";"";"";"";"Cologne";"indelivery";2001;"2020-09-09"
11317;"energy";"electricity";2800;2899;"2018-01-25";"2018-08-01";"";"";"";"Heidelberg";"indelivery";1000;"2019-01-01"
11318;"energy";"electricity";2600;2739;"2019-01-03";"2019-10-01";"2020-11-30";"2020-10-31";"fristgerecht durch Kunde";"Magdeburg";"cancelled";1001;"2019-04-14"
11319;"energy";"electricity";2600;2496;"2018-05-07";"2018-06-01";"2020-07-31";"2020-07-02";"fristgerecht durch LichtBlick";"Berlin";"terminated";1001;"2020-06-04"
11320;"energy";"electricity";1900;1842;"2018-08-19";"2018-12-01";"";"";"";"Cologne";"indelivery";1000;"2020-03-31"
11321;"energy";"electricity";2500;2425;"2020-07-02";"2020-09-01";"";"";"";"Braunschweig";"indelivery";1002;"2020-08-25"
11322;"energy";"gas";10600;10410;"2018-06-01";"2018-07-01";"2019-02-28";"2019-01-29";"fristgerecht durch LichtBlick";"Cologne";"terminated";2001;"2019-01-29"
11323;"energy";"electricity";2800;2799;"2020-01-05";"2020-08-01";"";"";"";"Bonn";"indelivery";1002;"2020-09-02"
11324;"energy";"electricity";2400;2318;"2020-02-08";"2020-05-01";"";"";"";"Hamburg";"indelivery";1000;"2020-07-31"
11325;"energy";"electricity";2600;2644;"2019-12-14";"2020-02-01";"";"";"";"Wetzlar";"indelivery";1002;"2020-08-12"
11326;"energy";"electricity";2800;2823;"2020-04-05";"2020-06-01";"";"";"";"Lübeck";"indelivery";1001;"2020-04-27"
11327;"energy";"electricity";2100;2102;"2018-11-01";"2019-04-01";"";"";"";"Hamburg";"indelivery";1002;"2020-06-17"
11328;"energy";"electricity";2100;2273;"2018-08-25";"2018-10-01";"";"";"";"Düsseldorf";"indelivery";1000;"2018-09-01"
11329;"energy";"gas";11500;11001;"2019-03-20";"2019-08-01";"";"";"";"Kiel";"indelivery";2000;"2019-07-05"
11330;"energy";"electricity";1900;1944;"2018-06-09";"2018-11-01";"";"";"";"Berlin";"indelivery";1002;"2019-07-04"
11331;"energy";"electricity";2600;2571;"2019-11-05";"2021-01-01";"";"";"";"Heidelberg";"active";1001;"2020-07-09"
11332;"energy";"electricity";2300;2364;"2020-02-18";"2020-06-01";"";"";"";"Lübeck";"indelivery";1002;"2020-04-13"
11333;"energy";"electricity";2600;2542;"2018-11-23";"2019-09-01";"2020-05-31";"2020-04-30";"fristgerecht durch LichtBlick";"Vechta";"terminated";1001;"2019-07-23"
11334;"energy";"electricity";2600;2668;"2020-06-26";"2021-02-01";"";"";"";"Hannover";"active";1000;"2020-09-24"
11335;"energy";"electricity";3100;3357;"2020-07-13";"2021-03-01";"";"";"";"Eschwege";"active";1000;"2020-09-02"
11336;"energy";"electricity";2500;2673;"2019-01-12";"2020-03-01";"";"";"";"Altchemnitz";"indelivery";1001;"2020-06-01"
11337;"energy";"electricity";2800;2877;"2018-08-25";"2018-10-01";"";"";"";"Berlin";"indelivery";1001;"2019-12-28"
11338;"energy";"electricity";2800;2631;"2020-04-04";"2020-06-01";"";"";"";"Hannover";"indelivery";1002;"2020-08-12"
11339;"energy";"electricity";2000;2078;"2020-06-02";"2020-09-01";"";"";"";"Villingen-Schwenningen";"indelivery";1002;"2020-08-07"
11340;"energy";"electricity";2600;2742;"2018-12-04";"2019-01-01";"";"";"";"Marienberg";"indelivery";1001;"2019-05-14"
11341;"energy";"electricity";2900;2812;"2019-09-09";"2019-12-01";"2020-08-31";"2020-07-27";"fristgerecht durch LichtBlick";"Berlin";"terminated";1002;"2020-04-09"
11342;"energy";"gas";9000;8973;"2018-10-04";"2019-01-01";"";"";"";"Oldenburg";"indelivery";2000;"2019-11-13"
11343;"energy";"electricity";2400;2400;"2019-08-12";"2020-07-01";"";"";"";"Altchemnitz";"indelivery";1002;"2019-12-17"
11344;"energy";"electricity";2500;2623;"2019-01-02";"2019-03-01";"";"";"";"Stuttgart";"indelivery";1001;"2019-12-08"
11345;"energy";"gas";10100;9888;"2019-11-08";"2019-12-01";"";"";"";"Wiesbaden";"indelivery";2001;"2020-07-17"
11346;"energy";"electricity";2200;2317;"2019-01-27";"2019-03-01";"";"";"";"Munich";"indelivery";1001;"2020-04-18"
11347;"energy";"electricity";2200;2204;"2020-07-12";"2020-09-01";"";"";"";"Sondershausen";"indelivery";1000;"2020-08-24"
11348;"energy";"electricity";2500;2434;"2019-10-09";"2020-02-01";"";"";"";"Goslar";"indelivery";1002;"2019-11-21"
11349;"energy";"electricity";2700;2879;"2019-02-24";"2019-07-01";"";"";"";"Mainz";"indelivery";1000;"2019-08-15"
11350;"energy";"gas";8300;8375;"2018-06-23";"2018-08-01";"2019-10-31";"2019-10-02";"fristgerecht durch LichtBlick";"Kassel";"terminated";2001;"2019-10-02"
11351;"energy";"electricity";2600;2470;"2018-07-25";"2018-09-01";"";"";"";"Bremerhaven";"indelivery";1001;"2019-10-22"
11352;"energy";"electricity";2400;2569;"2018-06-04";"2018-09-01";"";"";"";"Wuppertal";"indelivery";1000;"2019-11-18"
11353;"energy";"gas";9900;10478;"2020-06-05";"2020-10-01";"";"";"";"Oranienburg";"indelivery";2000;"2020-06-12"
11354;"energy";"electricity";2400;2301;"2020-09-20";"2020-12-01";"";"";"";"Celle";"active";1002;"2020-09-25"
11355;"energy";"electricity";2400;2514;"2019-01-06";"2019-02-01";"";"";"";"Berlin";"indelivery";1000;"2019-01-14"
11356;"energy";"electricity";2500;2671;"2018-11-26";"2019-02-01";"";"";"";"Munich";"indelivery";1001;"2020-09-14"
11357;"energy";"gas";8200;8824;"2020-03-17";"2020-05-01";"";"";"";"Münster";"indelivery";2001;"2020-06-14"
11358;"energy";"gas";9800;9534;"2018-05-22";"2018-12-01";"2020-05-31";"2020-04-25";"fristgerecht durch LichtBlick";"Wuppertal";"terminated";2000;"2018-06-28"
11359;"energy";"gas";8300;7885;"2018-09-05";"2018-12-01";"2018-12-01";"2020-02-01";"Wiederruf";"Osnabrück";"terminated";2001;"2019-10-23"
11360;"energy";"electricity";2700;2630;"2019-11-27";"2020-04-01";"";"";"";"Berlin";"indelivery";1002;"2020-09-26"
11361;"energy";"electricity";2300;2230;"2019-02-15";"2019-12-01";"";"";"";"Bergisch Gladbach";"indelivery";1000;"2020-03-18"
11362;"energy";"electricity";2700;2807;"2018-03-02";"2018-05-01";"";"";"";"Altchemnitz";"indelivery";1002;"2018-05-04"
11363;"energy";"electricity";2500;2652;"2019-04-05";"2019-09-01";"";"";"";"Rostock";"indelivery";1000;"2019-04-20"
11364;"energy";"electricity";2800;2822;"2020-03-31";"2020-04-01";"";"";"";"Bielefeld";"indelivery";1000;"2020-07-06"
11365;"energy";"electricity";2100;2183;"2018-02-09";"2018-04-01";"";"";"";"Coburg";"indelivery";1001;"2020-09-23"
11366;"energy";"electricity";2300;"";"2020-04-26";"2020-07-01";"";"";"";"Rostock";"indelivery";1000;"2020-07-02"
11367;"energy";"electricity";2600;2484;"2019-06-29";"2019-10-01";"2020-10-31";"2020-09-29";"Umzug";"Magdeburg";"cancelled";1000;"2020-03-11"
11368;"energy";"electricity";2700;2858;"2018-12-04";"2019-01-01";"";"";"";"Lübeck";"indelivery";1001;"2020-04-13"
11369;"energy";"gas";11800;12082;"2020-09-08";"2020-11-01";"";"";"";"Karlsruhe";"active";2000;"2020-09-19"
11370;"energy";"electricity";2200;2280;"2019-01-18";"2019-08-01";"";"";"";"Berlin";"indelivery";1000;"2019-07-28"
11371;"energy";"electricity";2500;2559;"2018-08-31";"2018-09-01";"";"";"";"Tauberbischofsheim";"indelivery";1001;"2018-10-02"
11372;"energy";"electricity";2300;2410;"2019-09-30";"2019-11-01";"2020-04-30";"2020-03-29";"Umzug";"Berlin";"terminated";1000;"2019-10-09"
11373;"energy";"electricity";2800;2827;"2019-02-14";"2019-04-01";"";"";"";"Saarbrücken";"indelivery";1002;"2019-07-27"
11374;"energy";"electricity";2500;2496;"2019-02-17";"2019-09-01";"";"";"";"Mainz";"indelivery";1000;"2020-08-15"
11375;"energy";"electricity";2600;2807;"2018-01-17";"2018-04-01";"2020-04-30";"2020-03-31";"Umzug";"Dresden";"terminated";1001;"2019-04-09"
11376;"energy";"electricity";2300;2420;"2019-09-02";"2020-01-01";"2020-02-29";"2020-01-27";"fristgerecht durch LichtBlick";"Bremen";"terminated";1001;"2020-01-27"
11377;"energy";"electricity";1900;2003;"2019-04-01";"2019-07-01";"";"";"";"Frankfurt";"indelivery";1000;"2020-04-25"
11378;"energy";"electricity";2500;2446;"2019-07-11";"2020-04-01";"";"";"";"Munich";"indelivery";1002;"2019-08-16"
11379;"energy";"electricity";2100;2132;"2019-02-05";"2019-06-01";"2019-11-30";"2019-10-10";"fristgerecht durch LichtBlick";"Dortmund";"terminated";1001;"2019-03-29"
11380;"energy";"gas";9100;9116;"2019-04-25";"2019-08-01";"";"";"";"Bremen";"indelivery";2001;"2019-06-19"
11381;"energy";"electricity";2100;2203;"2019-01-02";"2019-07-01";"";"";"";"Cologne";"indelivery";1001;"2019-05-31"
11382;"energy";"electricity";2600;2717;"2020-08-08";"2020-10-01";"";"";"";"Erfurt";"indelivery";1000;"2020-09-19"
11383;"energy";"electricity";2600;2768;"2020-08-09";"2020-10-01";"";"";"";"Magdeburg";"indelivery";1001;"2020-08-13"
11384;"energy";"electricity";2100;2280;"2019-03-09";"2019-06-01";"2019-07-31";"2019-07-01";"fristgerecht durch Kunde";"Berlin";"terminated";1000;"2019-07-01"
11385;"energy";"electricity";2200;2298;"2020-02-02";"2020-06-01";"";"";"";"Siegburg";"indelivery";1002;"2020-02-19"
11386;"energy";"electricity";2400;2285;"2018-01-30";"2018-10-01";"";"";"";"Düsseldorf";"indelivery";1002;"2018-10-28"
11387;"energy";"electricity";2400;2497;"2020-06-14";"2021-02-01";"";"";"";"Wuppertal";"active";1002;"2020-09-24"
11388;"energy";"electricity";2200;2257;"2019-05-19";"2019-07-01";"";"";"";"Cologne";"indelivery";1002;"2020-02-14"
11389;"energy";"electricity";2100;2189;"2018-10-30";"2018-11-01";"";"";"";"Bremen";"indelivery";1000;"2020-07-02"
11390;"energy";"electricity";2400;2363;"2018-12-09";"2019-02-01";"2019-06-30";"2019-05-29";"Umzug";"Berlin";"terminated";1000;"2019-03-06"
11391;"energy";"electricity";2100;2099;"2020-05-20";"2020-09-01";"";"";"";"Munich";"indelivery";1000;"2020-05-31"
11392;"energy";"electricity";2500;2560;"2020-08-04";"2020-10-01";"";"";"";"Leipzig";"indelivery";1000;"2020-09-23"
11393;"energy";"electricity";2000;1973;"2018-05-31";"2019-07-01";"";"";"";"Munich";"indelivery";1002;"2019-09-02"
11394;"energy";"electricity";2500;2401;"2019-04-11";"2020-01-01";"";"";"";"Wuppertal";"indelivery";1000;"2020-02-22"
11395;"energy";"electricity";2100;"";"2020-07-04";"2020-09-01";"";"";"";"Frankfurt";"indelivery";1000;"2020-07-28"
11396;"energy";"electricity";2800;2799;"2018-07-25";"2019-07-01";"";"";"";"Hamburg";"indelivery";1002;"2020-08-17"
11397;"energy";"gas";10800;10459;"2020-04-14";"2020-11-01";"";"";"";"Munich";"active";2001;"2020-05-18"
11398;"energy";"electricity";2600;2740;"2019-08-28";"2019-10-01";"";"";"";"Leipzig";"indelivery";1000;"2020-02-18"
11399;"energy";"electricity";2300;2320;"2020-01-05";"2020-03-01";"";"";"";"Dresden";"indelivery";1000;"2020-05-18"
11400;"energy";"gas";10100;10142;"2019-05-04";"2019-10-01";"";"";"";"Stuttgart";"indelivery";2001;"2019-06-30"
11401;"energy";"gas";11300;"";"2020-01-13";"2020-04-01";"";"";"";"Würzburg";"indelivery";2001;"2020-02-16"
11402;"energy";"electricity";2100;2094;"2020-03-15";"2020-05-01";"";"";"";"Berlin";"indelivery";1002;"2020-04-26"
11403;"energy";"gas";8800;9441;"2019-09-03";"2020-01-01";"";"";"";"Munich";"indelivery";2001;"2019-12-30"
11404;"energy";"electricity";2100;2287;"2019-05-23";"2019-07-01";"";"";"";"Osnabrück";"indelivery";1001;"2020-07-06"
11405;"energy";"electricity";2700;2662;"2018-09-21";"2019-10-01";"2020-04-30";"2020-03-31";"Umzug";"Berlin";"terminated";1002;"2019-10-13"
11406;"energy";"gas";11500;11596;"2019-08-10";"2019-10-01";"2019-10-01";"2020-12-02";"Wiederruf";"Magdeburg";"terminated";2000;"2020-08-13"
11407;"energy";"electricity";2900;3060;"2019-05-02";"2019-06-01";"";"";"";"Kiel";"indelivery";1001;"2020-09-08"
11408;"energy";"gas";9800;9723;"2019-09-24";"2019-11-01";"";"";"";"Hannover";"indelivery";2001;"2020-07-11"
11409;"energy";"electricity";2800;2854;"2018-02-12";"2018-06-01";"";"";"";"Reutlingen";"indelivery";1001;"2019-09-17"
11410;"energy";"electricity";2100;2102;"2018-02-18";"2018-09-01";"";"";"";"Berlin";"indelivery";1000;"2019-05-18"
11411;"energy";"electricity";2200;"";"2019-09-16";"2019-12-01";"";"";"";"Düsseldorf";"indelivery";1001;"2020-03-23"
11412;"energy";"electricity";2800;2817;"2019-12-15";"2020-01-01";"2020-02-29";"2020-01-31";"fristgerecht durch LichtBlick";"Freiburg";"terminated";1001;"2020-01-31"
11413;"energy";"electricity";2300;2450;"2018-05-08";"2019-05-01";"";"";"";"Berlin";"indelivery";1002;"2018-09-06"
11414;"energy";"electricity";2300;2181;"2019-01-20";"2019-06-01";"";"";"";"Hannover";"indelivery";1002;"2020-06-12"
11415;"energy";"electricity";2600;2692;"2019-07-02";"2019-08-01";"2020-03-31";"2020-02-29";"fristgerecht durch Kunde";"Berlin";"terminated";1001;"2020-02-29"
11416;"energy";"electricity";2900;2902;"2019-12-28";"2020-02-01";"";"";"";"Düsseldorf";"indelivery";1002;"2020-09-22"
11417;"energy";"electricity";2200;2139;"2020-06-28";"2020-09-01";"";"";"";"Berlin";"indelivery";1002;"2020-07-15"
11418;"energy";"gas";9600;10201;"2018-06-10";"2018-08-01";"2018-08-01";"2019-09-28";"Wiederruf";"Lübeck";"terminated";2000;"2019-09-28"
11419;"energy";"electricity";2100;2138;"2019-12-31";"2020-02-01";"";"";"";"Berlin";"indelivery";1000;"2020-05-06"
11420;"energy";"electricity";2700;2875;"2018-11-02";"2019-01-01";"";"";"";"Berlin";"indelivery";1001;"2020-01-10"
11421;"energy";"electricity";2800;2913;"2019-11-21";"2020-01-01";"";"";"";"Berlin";"indelivery";1002;"2020-02-09"
11422;"energy";"electricity";2800;3023;"2018-09-22";"2018-11-01";"2019-01-31";"2018-12-29";"fristgerecht durch Kunde";"Bremerhaven";"terminated";1002;"2018-11-10"
11423;"energy";"electricity";2200;2288;"2020-08-16";"2020-09-01";"";"";"";"Erfurt";"indelivery";1000;"2020-08-19"
11424;"energy";"electricity";2400;2437;"2018-11-14";"2019-02-01";"2020-06-30";"2020-05-31";"fristgerecht durch LichtBlick";"Hannover";"terminated";1000;"2019-07-20"
11425;"energy";"electricity";3000;3068;"2018-12-23";"2019-02-01";"";"";"";"Kassel";"indelivery";1001;"2019-11-13"
11426;"energy";"gas";8700;9317;"2020-03-22";"2020-05-01";"";"";"";"Bonn";"indelivery";2000;"2020-07-02"
11427;"energy";"electricity";2300;2231;"2019-07-29";"2019-09-01";"";"";"";"Hamburg";"indelivery";1001;"2020-06-22"
11428;"energy";"electricity";2000;2087;"2020-09-14";"2021-06-01";"";"";"";"Berlin";"active";1001;"2020-09-16"
11429;"energy";"gas";8700;8313;"2019-09-17";"2020-05-01";"";"";"";"Berlin";"indelivery";2001;"2020-04-17"
11430;"energy";"electricity";2100;2229;"2020-09-13";"2021-04-01";"";"";"";"Berlin";"active";1002;"2020-09-18"
11431;"energy";"electricity";2100;2090;"2018-09-04";"2019-04-01";"";"";"";"Mindelheim";"indelivery";1001;"2018-12-24"
11432;"energy";"gas";9700;10290;"2019-10-17";"2019-12-01";"2019-12-01";"2020-08-03";"Wiederruf";"Berlin";"terminated";2000;"2020-04-14"
11433;"energy";"electricity";2300;2262;"2018-05-14";"2018-06-01";"2019-05-31";"2019-04-30";"Umzug";"Hamburg";"terminated";1002;"2019-04-30"
11434;"energy";"electricity";2000;2150;"2019-03-04";"2019-05-01";"";"";"";"Dortmund";"indelivery";1002;"2020-04-18"
11435;"energy";"electricity";2300;2346;"2020-04-29";"2020-06-01";"";"";"";"Marburg";"indelivery";1002;"2020-07-11"
11436;"energy";"electricity";3000;3075;"2020-09-24";"2020-12-01";"";"";"";"Wuppertal";"active";1002;"2020-09-30"
11437;"energy";"gas";11600;11510;"2019-07-25";"2019-09-01";"2020-07-31";"2020-07-03";"Umzug";"Mettmann";"terminated";2000;"2020-04-29"
11438;"energy";"electricity";2400;2462;"2019-11-07";"2020-01-01";"";"";"";"Stuttgart";"indelivery";1001;"2020-01-07"
11439;"energy";"gas";10500;10843;"2018-05-22";"2018-11-01";"";"";"";"Munich";"indelivery";2001;"2019-06-13"
11440;"energy";"electricity";2800;3017;"2019-07-28";"2020-01-01";"";"";"";"Cologne";"indelivery";1002;"2019-12-28"
11441;"energy";"gas";11300;11267;"2019-07-19";"2019-11-01";"2019-11-01";"2020-07-31";"Wiederruf";"Leipzig";"terminated";2000;"2020-03-14"
11442;"energy";"electricity";2700;2762;"2019-03-20";"2019-05-01";"2019-08-31";"2019-08-03";"fristgerecht durch Kunde";"Kiel";"terminated";1002;"2019-08-03"
11443;"energy";"electricity";2500;2488;"2018-03-12";"2018-04-01";"";"";"";"Freiburg";"indelivery";1002;"2018-04-20"
11444;"energy";"electricity";2500;2475;"2020-01-19";"2020-04-01";"";"";"";"Dresden";"indelivery";1000;"2020-06-21"
11445;"energy";"electricity";2100;2064;"2018-04-25";"2018-07-01";"";"";"";"Hamburg";"indelivery";1000;"2019-06-02"
11446;"energy";"electricity";2100;2019;"2018-02-19";"2018-07-01";"2018-09-30";"2018-09-02";"fristgerecht durch LichtBlick";"Straubing";"terminated";1002;"2018-09-02"
11447;"energy";"electricity";2400;2575;"2018-04-15";"2018-06-01";"2020-03-31";"2020-03-03";"fristgerecht durch Kunde";"Berlin";"terminated";1000;"2019-09-23"
11448;"energy";"electricity";2500;2492;"2020-07-30";"2020-10-01";"";"";"";"Altchemnitz";"indelivery";1000;"2020-09-17"
11449;"energy";"electricity";2600;2710;"2019-12-04";"2020-05-01";"";"";"";"Mannheim";"indelivery";1002;"2020-01-06"
11450;"energy";"electricity";2200;2347;"2020-03-16";"2020-06-01";"";"";"";"Berlin";"indelivery";1001;"2020-05-22"
11451;"energy";"electricity";2400;2396;"2019-10-28";"2020-01-01";"";"";"";"Cologne";"indelivery";1002;"2020-04-06"
11452;"energy";"electricity";2900;3172;"2020-06-18";"2020-07-01";"";"";"";"Bremen";"indelivery";1002;"2020-06-30"
11453;"energy";"gas";8500;9133;"2020-09-19";"2021-03-01";"";"";"";"Braunschweig";"active";2001;"2020-09-29"
11454;"energy";"electricity";2400;2465;"2019-05-12";"2019-07-01";"";"";"";"Cologne";"indelivery";1000;"2020-08-04"
11455;"energy";"electricity";2100;"";"2019-06-10";"2020-04-01";"";"";"";"Erfurt";"indelivery";1001;"2019-12-19"
11456;"energy";"electricity";2000;1963;"2020-03-02";"2020-12-01";"";"";"";"Bielefeld";"active";1002;"2020-08-04"
11457;"energy";"electricity";2200;2317;"2018-02-11";"2018-05-01";"";"";"";"Ingolstadt";"indelivery";1001;"2018-07-31"
11458;"energy";"electricity";2000;2117;"2020-05-30";"2020-06-01";"";"";"";"Cologne";"indelivery";1000;"2020-06-08"
11459;"energy";"electricity";2200;2370;"2019-02-12";"2019-03-01";"";"";"";"Munich";"indelivery";1000;"2020-06-04"
11460;"energy";"gas";8400;7986;"2018-10-10";"2019-11-01";"";"";"";"Freiburg";"indelivery";2000;"2019-12-07"
11461;"energy";"electricity";2800;2848;"2019-10-01";"2019-11-01";"";"";"";"Berlin";"indelivery";1000;"2020-04-12"
11462;"energy";"electricity";2500;"";"2018-01-28";"2018-05-01";"";"";"";"Gütersloh";"indelivery";1000;"2020-05-28"
11463;"energy";"electricity";2500;2441;"2018-01-14";"2018-03-01";"2020-01-31";"2019-12-31";"Umzug";"Bremen";"terminated";1002;"2019-03-16"
11464;"energy";"gas";11700;12523;"2020-04-19";"2020-08-01";"";"";"";"Marienberg";"indelivery";2001;"2020-06-25"
11465;"energy";"gas";10900;11327;"2018-09-29";"2018-11-01";"";"";"";"Kiel";"indelivery";2000;"2019-11-08"
11466;"energy";"gas";10200;9674;"2019-04-08";"2019-07-01";"";"";"";"Berlin";"indelivery";2001;"2019-05-27"
11467;"energy";"gas";11300;11568;"2019-01-25";"2019-02-01";"2020-07-31";"2020-07-03";"fristgerecht durch Kunde";"Düsseldorf";"terminated";2001;"2019-02-19"
11468;"energy";"gas";11900;11577;"2020-07-28";"2020-08-01";"";"";"";"Marienberg";"indelivery";2000;"2020-08-18"
11469;"energy";"electricity";2200;2192;"2019-02-21";"2019-04-01";"2020-06-30";"2020-06-02";"fristgerecht durch Kunde";"Berlin";"terminated";1000;"2020-06-02"
11470;"energy";"electricity";2200;"";"2019-04-27";"2019-07-01";"";"";"";"Hamburg";"indelivery";1000;"2019-08-13"
11471;"energy";"electricity";2300;2328;"2020-08-17";"2021-06-01";"";"";"";"Osnabrück";"active";1000;"2020-09-11"
11472;"energy";"electricity";2000;1887;"2019-01-31";"2019-05-01";"";"";"";"Hamburg";"indelivery";1001;"2020-04-11"
11473;"energy";"electricity";3000;2942;"2018-01-07";"2018-05-01";"";"";"";"Bremerhaven";"indelivery";1002;"2020-04-07"
11474;"energy";"gas";8000;7991;"2020-08-29";"2020-10-01";"";"";"";"Berlin";"indelivery";2000;"2020-09-15"
11475;"energy";"electricity";2300;2344;"2019-09-29";"2020-01-01";"";"";"";"Kassel";"indelivery";1002;"2020-05-18"
11476;"energy";"electricity";2500;2512;"2019-10-31";"2019-12-01";"2019-12-01";"2020-03-02";"Wiederruf";"Braunschweig";"terminated";1000;"2020-03-02"
11477;"energy";"electricity";2800;2896;"2019-05-11";"2019-06-01";"2020-10-31";"2020-10-03";"fristgerecht durch LichtBlick";"Dortmund";"cancelled";1001;"2020-08-23"
11478;"energy";"electricity";2600;2644;"2019-09-12";"2019-12-01";"2019-12-01";"2020-01-02";"Wiederruf";"Dresden";"terminated";1002;"2019-12-22"
11479;"energy";"electricity";2000;1969;"2018-06-07";"2018-11-01";"";"";"";"Frankfurt";"indelivery";1002;"2020-03-20"
11480;"energy";"electricity";2900;"";"2020-07-02";"2020-10-01";"";"";"";"Wiesbaden";"indelivery";1001;"2020-07-11"
11481;"energy";"electricity";2700;"";"2018-06-03";"2018-07-01";"";"";"";"Duisburg";"indelivery";1000;"2019-12-16"
11482;"energy";"electricity";2700;2772;"2020-04-10";"2021-02-01";"";"";"";"Bielefeld";"active";1001;"2020-08-10"
11483;"energy";"electricity";3000;2864;"2019-01-14";"2019-04-01";"2020-05-31";"2020-05-03";"Umzug";"Hamburg";"terminated";1000;"2019-08-21"
11484;"energy";"gas";8600;9077;"2018-11-12";"2019-02-01";"";"";"";"Karlsruhe";"indelivery";2000;"2019-02-16"
11485;"energy";"electricity";2600;2780;"2019-05-03";"2019-08-01";"";"";"";"Marienberg";"indelivery";1002;"2019-10-07"
11486;"energy";"gas";9600;9260;"2018-08-07";"2018-10-01";"";"";"";"Altchemnitz";"indelivery";2001;"2019-09-09"
11487;"energy";"electricity";2100;2257;"2020-09-24";"2020-11-01";"";"";"";"Lübeck";"active";1002;"2020-09-24"
11488;"energy";"gas";9700;"";"2020-08-22";"2020-11-01";"";"";"";"Hamburg";"active";2001;"2020-09-09"
11489;"energy";"electricity";2300;2472;"2020-06-08";"2020-10-01";"";"";"";"Wuppertal";"indelivery";1002;"2020-07-29"
11490;"energy";"electricity";2900;2871;"2020-07-06";"2020-10-01";"";"";"";"Karlsruhe";"indelivery";1002;"2020-08-28"
11491;"energy";"electricity";2000;2043;"2020-06-21";"2020-08-01";"";"";"";"Augsburg";"indelivery";1000;"2020-07-02"
11492;"energy";"electricity";2900;2811;"2019-10-30";"2020-05-01";"";"";"";"Berlin";"indelivery";1002;"2020-06-09"
11493;"energy";"electricity";2200;2147;"2018-08-31";"2018-11-01";"";"";"";"Meppen";"indelivery";1001;"2020-09-02"
11494;"energy";"electricity";2300;2202;"2020-05-15";"2020-08-01";"";"";"";"Offenbach";"indelivery";1001;"2020-06-18"
11495;"energy";"electricity";2800;2864;"2020-01-11";"2020-03-01";"";"";"";"Marienberg";"indelivery";1002;"2020-02-11"
11496;"energy";"electricity";2000;1941;"2019-11-19";"2020-02-01";"";"";"";"Frankfurt";"indelivery";1001;"2020-03-02"
11497;"energy";"electricity";2600;2749;"2018-03-08";"2018-07-01";"";"";"";"Frankfurt";"indelivery";1000;"2018-05-25"
11498;"energy";"electricity";2800;2741;"2018-09-19";"2019-03-01";"";"";"";"Schwerin";"indelivery";1000;"2019-09-15"
11499;"energy";"gas";9100;9304;"2019-07-21";"2019-09-01";"";"";"";"Dortmund";"indelivery";2000;"2020-02-12"
11500;"energy";"electricity";2000;2145;"2018-02-05";"2018-06-01";"2019-01-31";"2018-12-31";"fristgerecht durch LichtBlick";"Berlin";"terminated";1000;"2018-09-21"
11501;"energy";"electricity";2700;"";"2019-03-04";"2019-05-01";"";"";"";"Bremen";"indelivery";1000;"2020-03-16"
11502;"energy";"gas";10000;9842;"2018-02-21";"2018-07-01";"";"";"";"Heidelberg";"indelivery";2000;"2018-02-28"
11503;"energy";"electricity";2000;2007;"2020-09-20";"2021-03-01";"";"";"";"Stuttgart";"active";1001;"2020-09-20"
11504;"energy";"electricity";2700;2627;"2018-06-11";"2018-08-01";"";"";"";"Altchemnitz";"indelivery";1002;"2020-04-04"
11505;"energy";"electricity";2600;2763;"2018-07-05";"2019-01-01";"";"";"";"Berlin";"indelivery";1001;"2020-04-17"
11506;"energy";"electricity";2400;2415;"2019-03-13";"2019-06-01";"";"";"";"Düsseldorf";"indelivery";1001;"2020-05-05"
11507;"energy";"electricity";2700;2689;"2019-10-16";"2020-01-01";"";"";"";"Duisburg";"indelivery";1000;"2019-12-19"
11508;"energy";"electricity";2900;3050;"2018-12-01";"2019-01-01";"";"";"";"Hamburg";"indelivery";1000;"2019-10-26"
11509;"energy";"electricity";2600;2703;"2019-06-20";"2019-10-01";"";"";"";"Lübeck";"indelivery";1000;"2020-07-06"
11510;"energy";"electricity";2400;2348;"2019-05-25";"2019-08-01";"";"";"";"Hamburg";"indelivery";1002;"2020-02-03"
11511;"energy";"electricity";2100;2053;"2020-09-17";"2021-01-01";"";"";"";"Bremen";"active";1002;"2020-09-30"
11512;"energy";"electricity";2600;2741;"2019-09-06";"2019-12-01";"";"";"";"Hannover";"indelivery";1002;"2020-05-23"
11513;"energy";"electricity";2200;2282;"2019-02-25";"2019-05-01";"";"";"";"Stuttgart";"indelivery";1002;"2020-09-09"
11514;"energy";"electricity";2300;2233;"2019-09-30";"2020-05-01";"";"";"";"Wismar";"indelivery";1002;"2019-11-06"
11515;"energy";"electricity";2300;2453;"2018-12-14";"2019-01-01";"2020-06-30";"2020-05-27";"fristgerecht durch Kunde";"Hannover";"terminated";1001;"2018-12-22"
11516;"energy";"electricity";3100;2972;"2018-06-01";"2019-02-01";"";"";"";"Plön";"indelivery";1001;"2019-07-14"
11517;"energy";"electricity";2800;"";"2019-04-06";"2019-05-01";"";"";"";"Fürth";"indelivery";1002;"2019-07-20"
11518;"energy";"electricity";2600;2556;"2018-12-11";"2019-03-01";"2020-11-30";"2020-11-02";"fristgerecht durch Kunde";"Düsseldorf";"cancelled";1002;"2020-04-08"
11519;"energy";"electricity";2000;1992;"2020-05-17";"2020-08-01";"";"";"";"Münster";"indelivery";1002;"2020-09-27"
11520;"energy";"electricity";2100;2117;"2019-12-29";"2020-02-01";"";"";"";"Bad Schwalbach";"indelivery";1001;"2020-08-25"
11521;"energy";"electricity";1900;2002;"2020-09-18";"2020-12-01";"";"";"";"Cologne";"active";1000;"2020-09-29"
11522;"energy";"electricity";2500;2707;"2019-03-06";"2019-05-01";"";"";"";"Duisburg";"indelivery";1000;"2020-08-08"
11523;"energy";"electricity";2700;"";"2020-05-13";"2020-12-01";"";"";"";"Marienberg";"active";1000;"2020-05-17"
11524;"energy";"electricity";2400;2346;"2018-01-01";"2018-05-01";"2018-05-01";"2019-06-30";"Wiederruf";"Marienberg";"terminated";1002;"2018-10-18"
11525;"energy";"electricity";3000;3138;"2018-03-30";"2018-05-01";"2020-08-31";"2020-08-02";"fristgerecht durch Kunde";"Berlin";"terminated";1002;"2020-02-14"
11526;"energy";"electricity";2100;"";"2018-02-10";"2018-04-01";"2020-03-31";"2020-03-03";"fristgerecht durch LichtBlick";"Karlsruhe";"terminated";1000;"2018-12-03"
11527;"energy";"electricity";2100;2227;"2019-11-08";"2020-01-01";"";"";"";"Hamburg";"indelivery";1000;"2020-09-06"
11528;"energy";"electricity";2800;3012;"2018-03-22";"2018-06-01";"";"";"";"Frankfurt";"indelivery";1001;"2019-09-30"
11529;"energy";"gas";10100;10156;"2019-02-16";"2019-08-01";"";"";"";"Stuttgart";"indelivery";2000;"2019-11-26"
11530;"energy";"electricity";2300;2252;"2018-09-08";"2018-12-01";"2019-05-31";"2019-05-03";"fristgerecht durch LichtBlick";"Berlin";"terminated";1002;"2019-05-03"
11531;"energy";"electricity";2900;3002;"2019-06-28";"2019-08-01";"2019-09-30";"2019-08-29";"fristgerecht durch LichtBlick";"Hannover";"terminated";1001;"2019-08-29"
11532;"energy";"gas";9700;"";"2018-12-30";"2019-01-01";"2019-01-01";"2019-07-03";"Wiederruf";"Hamburg";"terminated";2000;"2019-07-03"
11533;"energy";"gas";8400;8346;"2018-06-18";"2018-10-01";"2020-08-31";"2020-07-28";"fristgerecht durch LichtBlick";"Dortmund";"terminated";2000;"2018-12-12"
11534;"energy";"electricity";2600;2613;"2019-12-15";"2020-03-01";"";"";"";"Cottbus";"indelivery";1002;"2020-09-15"
11535;"energy";"electricity";2700;2721;"2018-01-11";"2018-12-01";"2020-08-31";"2020-07-29";"fristgerecht durch LichtBlick";"Munich";"terminated";1002;"2020-02-05"
11536;"energy";"electricity";2300;2232;"2020-06-22";"2020-10-01";"";"";"";"Berlin";"indelivery";1000;"2020-09-09"
11537;"energy";"electricity";2300;2491;"2018-12-04";"2019-03-01";"";"";"";"Cologne";"indelivery";1002;"2019-12-30"
11538;"energy";"electricity";2200;2356;"2019-12-10";"2020-02-01";"";"";"";"Leipzig";"indelivery";1000;"2020-04-06"
11539;"energy";"electricity";1900;1901;"2018-12-12";"2019-02-01";"";"";"";"Cologne";"indelivery";1002;"2019-04-03"
11540;"energy";"gas";11400;11726;"2020-06-04";"2020-12-01";"";"";"";"Duisburg";"active";2000;"2020-06-12"
11541;"energy";"electricity";2700;2614;"2019-07-10";"2020-01-01";"";"";"";"Hannover";"indelivery";1001;"2020-07-30"
11542;"energy";"electricity";2700;2804;"2018-11-21";"2019-02-01";"";"";"";"Essen";"indelivery";1000;"2019-01-01"
11543;"energy";"gas";9900;"";"2020-09-18";"2020-10-01";"";"";"";"Berlin";"indelivery";2001;"2020-09-29"
11544;"energy";"electricity";2800;"";"2020-02-07";"2020-06-01";"";"";"";"Wiesbaden";"indelivery";1001;"2020-07-03"
11545;"energy";"electricity";2200;2092;"2019-12-09";"2020-02-01";"2020-12-31";"2020-11-24";"fristgerecht durch Kunde";"Leipzig";"cancelled";1002;"2020-04-18"
11546;"energy";"electricity";2400;2298;"2019-11-09";"2020-03-01";"";"";"";"Hamburg";"indelivery";1001;"2020-09-25"
11547;"energy";"electricity";2800;2686;"2020-03-12";"2020-09-01";"";"";"";"Cologne";"indelivery";1002;"2020-05-23"
11548;"energy";"electricity";2500;2445;"2019-04-15";"2019-05-01";"2020-02-29";"2020-01-27";"Umzug";"Berlin";"terminated";1000;"2019-05-12"
11549;"energy";"electricity";3000;3144;"2018-04-14";"2018-09-01";"";"";"";"Bremen";"indelivery";1001;"2020-04-16"
11550;"energy";"electricity";2300;"";"2020-04-25";"2020-06-01";"";"";"";"Berlin";"indelivery";1001;"2020-09-18"
11551;"energy";"electricity";2100;2184;"2019-09-14";"2019-12-01";"";"";"";"Hamburg";"indelivery";1000;"2020-01-22"
11552;"energy";"electricity";2300;"";"2018-11-19";"2020-04-01";"";"";"";"Berlin";"indelivery";1002;"2018-11-21"
11553;"energy";"electricity";2600;2514;"2019-04-11";"2019-11-01";"2020-08-31";"2020-08-03";"fristgerecht durch Kunde";"Dresden";"terminated";1002;"2019-07-28"
11554;"energy";"electricity";2200;2170;"2020-06-05";"2021-01-01";"";"";"";"Leipzig";"active";1000;"2020-08-04"
11555;"energy";"electricity";2600;2640;"2019-10-18";"2020-01-01";"";"";"";"Magdeburg";"indelivery";1000;"2019-11-29"
11556;"energy";"electricity";2800;3029;"2020-07-21";"2020-09-01";"";"";"";"Potsdam";"indelivery";1001;"2020-07-22"
11557;"energy";"electricity";2100;2171;"2018-09-26";"2018-11-01";"2019-04-30";"2019-03-28";"fristgerecht durch Kunde";"Munich";"terminated";1000;"2019-03-28"
11558;"energy";"electricity";2900;2778;"2020-05-03";"2020-08-01";"";"";"";"Hamburg";"indelivery";1001;"2020-07-19"
11559;"energy";"electricity";2600;2466;"2020-01-28";"2020-04-01";"2020-05-31";"2020-05-03";"fristgerecht durch LichtBlick";"Hamburg";"terminated";1001;"2020-05-03"
11560;"energy";"electricity";2500;2430;"2020-07-08";"2020-09-01";"";"";"";"Dortmund";"indelivery";1000;"2020-09-13"
11561;"energy";"electricity";3000;3153;"2018-06-18";"2018-08-01";"";"";"";"Mainz";"indelivery";1000;"2019-03-27"
11562;"energy";"electricity";2700;2588;"2019-04-04";"2019-06-01";"";"";"";"Karlsruhe";"indelivery";1002;"2020-07-14"
11563;"energy";"electricity";2400;2575;"2018-02-04";"2018-04-01";"";"";"";"Wuppertal";"indelivery";1001;"2019-11-22"
11564;"energy";"electricity";2900;3113;"2019-10-09";"2020-04-01";"";"";"";"Augsburg";"indelivery";1000;"2020-04-17"
11565;"energy";"electricity";3000;2882;"2018-11-08";"2019-01-01";"";"";"";"Wiesbaden";"indelivery";1001;"2018-11-12"
11566;"energy";"electricity";2500;2627;"2020-04-13";"2020-09-01";"";"";"";"Dortmund";"indelivery";1000;"2020-04-27"
11567;"energy";"electricity";2600;2776;"2019-12-08";"2020-06-01";"";"";"";"Hildesheim";"indelivery";1000;"2019-12-15"
11568;"energy";"electricity";2000;1985;"2018-05-02";"2018-07-01";"";"";"";"Erfurt";"indelivery";1002;"2018-10-22"
11569;"energy";"electricity";2400;2250;"2018-02-25";"2018-03-01";"";"";"";"Regensburg";"indelivery";1000;"2020-06-20"
11570;"energy";"electricity";2400;2582;"2018-04-15";"2018-06-01";"2019-12-31";"2019-12-02";"Umzug";"Bielefeld";"terminated";1002;"2019-12-02"
11571;"energy";"electricity";2100;2077;"2020-06-28";"2020-08-01";"";"";"";"Braunschweig";"indelivery";1000;"2020-08-12"
11572;"energy";"electricity";2700;2811;"2018-09-21";"2018-11-01";"";"";"";"Paderborn";"indelivery";1001;"2018-12-13"
11573;"energy";"electricity";2500;2438;"2019-10-17";"2020-09-01";"";"";"";"Marienberg";"indelivery";1001;"2020-03-18"
11574;"energy";"electricity";2400;2373;"2020-03-07";"2020-06-01";"";"";"";"Lübeck";"indelivery";1002;"2020-06-15"
11575;"energy";"electricity";2000;2114;"2019-06-20";"2020-03-01";"";"";"";"Berlin";"indelivery";1002;"2020-08-04"
11576;"energy";"electricity";2600;2841;"2019-04-03";"2019-08-01";"";"";"";"Hamburg";"indelivery";1000;"2020-04-27"
11577;"energy";"electricity";2800;2716;"2019-03-07";"2019-07-01";"2020-09-30";"2020-09-01";"fristgerecht durch Kunde";"Berlin";"terminated";1001;"2020-06-02"
11578;"energy";"gas";10700;"";"2019-03-20";"2019-06-01";"";"";"";"Hamburg";"indelivery";2001;"2020-07-12"
11579;"energy";"electricity";2300;2421;"2019-08-30";"2019-09-01";"";"";"";"Bonn";"indelivery";1002;"2020-03-01"
11580;"energy";"electricity";2000;1996;"2018-03-03";"2018-05-01";"2019-12-31";"2019-11-29";"fristgerecht durch Kunde";"Oldenburg";"terminated";1002;"2018-04-23"
11581;"energy";"electricity";2200;2220;"2019-07-09";"2020-02-01";"";"";"";"Berlin";"indelivery";1002;"2020-01-11"
11582;"energy";"electricity";2200;2190;"2020-04-10";"2020-08-01";"";"";"";"Bad Kissingen";"indelivery";1000;"2020-06-09"
11583;"energy";"electricity";2800;2679;"2019-07-14";"2019-10-01";"";"";"";"Bremen";"indelivery";1002;"2020-01-06"
11584;"energy";"electricity";2700;2552;"2018-07-05";"2018-08-01";"";"";"";"Cologne";"indelivery";1000;"2018-09-23"
11585;"energy";"electricity";2200;2128;"2020-05-12";"2020-11-01";"";"";"";"Ulm";"active";1000;"2020-06-02"
11586;"energy";"electricity";2500;2667;"2018-12-03";"2019-02-01";"2020-07-31";"2020-07-03";"fristgerecht durch Kunde";"Berlin";"terminated";1001;"2018-12-04"
11587;"energy";"electricity";2100;1977;"2018-09-10";"2019-06-01";"";"";"";"Bielefeld";"indelivery";1001;"2020-03-03"
11588;"energy";"electricity";2200;2203;"2020-05-15";"2020-06-01";"";"";"";"Berlin";"indelivery";1000;"2020-08-21"
11589;"energy";"electricity";2600;2541;"2018-01-09";"2018-03-01";"2019-07-31";"2019-07-03";"fristgerecht durch Kunde";"Stuttgart";"terminated";1002;"2019-07-03"
11590;"energy";"electricity";2300;2496;"2018-12-09";"2019-03-01";"";"";"";"Altchemnitz";"indelivery";1000;"2020-06-10"
11591;"energy";"electricity";2200;2291;"2018-09-03";"2019-01-01";"2020-07-31";"2020-06-30";"fristgerecht durch Kunde";"Munich";"terminated";1000;"2020-01-09"
11592;"energy";"electricity";2100;2215;"2018-07-20";"2018-09-01";"2020-05-31";"2020-04-30";"fristgerecht durch Kunde";"Dortmund";"terminated";1000;"2018-10-29"
11593;"energy";"electricity";2700;2645;"2019-12-07";"2020-02-01";"";"";"";"Berlin";"indelivery";1001;"2020-03-28"
11594;"energy";"electricity";2100;2185;"2019-03-27";"2019-04-01";"";"";"";"Düsseldorf";"indelivery";1000;"2019-11-07"
11595;"energy";"electricity";2200;2158;"2020-03-20";"2020-06-01";"";"";"";"Munich";"indelivery";1002;"2020-07-20"
11596;"energy";"electricity";2200;2063;"2020-05-27";"2020-07-01";"";"";"";"Stuttgart";"indelivery";1002;"2020-09-27"
11597;"energy";"electricity";2900;2991;"2018-01-12";"2018-05-01";"";"";"";"Mainz";"indelivery";1002;"2020-08-15"
11598;"energy";"gas";10000;9786;"2019-02-10";"2019-07-01";"";"";"";"Munich";"indelivery";2001;"2019-06-15"
11599;"energy";"electricity";2700;2642;"2019-10-31";"2019-11-01";"2020-06-30";"2020-06-02";"Umzug";"Halberstadt";"terminated";1000;"2020-05-09"
11600;"energy";"electricity";2400;2277;"2019-06-10";"2019-09-01";"";"";"";"Hamburg";"indelivery";1002;"2019-06-17"
11601;"energy";"electricity";2200;2143;"2018-10-28";"2018-11-01";"";"";"";"Bremen";"indelivery";1002;"2019-12-04"
11602;"energy";"gas";8100;8711;"2019-04-29";"2019-11-01";"";"";"";"Munich";"indelivery";2000;"2019-11-25"
11603;"energy";"electricity";2200;2318;"2019-06-10";"2019-08-01";"";"";"";"Hannover";"indelivery";1002;"2019-07-30"
11604;"energy";"electricity";2500;2542;"2020-06-26";"2020-11-01";"";"";"";"Berlin";"active";1000;"2020-09-08"
11605;"energy";"gas";9700;10465;"2019-05-23";"2020-04-01";"";"";"";"Cologne";"indelivery";2000;"2020-06-29"
11606;"energy";"electricity";2400;2517;"2018-11-29";"2019-01-01";"";"";"";"Hamburg";"indelivery";1002;"2020-08-14"
11607;"energy";"electricity";2800;"";"2018-04-04";"2018-05-01";"2018-10-31";"2018-09-30";"Umzug";"Kassel";"terminated";1001;"2018-09-30"
11608;"energy";"gas";10200;9943;"2020-04-16";"2020-05-01";"";"";"";"Berlin";"indelivery";2000;"2020-08-07"
11609;"energy";"electricity";2300;2355;"2020-09-11";"2020-11-01";"";"";"";"Cottbus";"active";1001;"2020-09-15"
11610;"energy";"electricity";2500;2492;"2020-08-02";"2020-09-01";"";"";"";"Wuppertal";"indelivery";1001;"2020-09-30"
11611;"energy";"electricity";2800;2849;"2018-09-06";"2018-11-01";"";"";"";"Frankfurt";"indelivery";1000;"2019-06-16"
11612;"energy";"electricity";2300;2316;"2020-08-27";"2021-02-01";"";"";"";"Böblingen";"active";1002;"2020-09-05"
11613;"energy";"electricity";2300;2318;"2019-10-08";"2020-01-01";"";"";"";"Gießen";"indelivery";1001;"2020-06-26"
11614;"energy";"electricity";2900;3104;"2019-08-11";"2020-03-01";"";"";"";"Braunschweig";"indelivery";1002;"2020-08-26"
11615;"energy";"electricity";2900;3068;"2018-07-21";"2019-02-01";"";"";"";"Stuttgart";"indelivery";1001;"2020-02-17"
11616;"energy";"electricity";2700;2651;"2019-03-11";"2019-08-01";"";"";"";"Oldenburg";"indelivery";1001;"2020-04-05"
11617;"energy";"electricity";2400;2431;"2019-07-21";"2020-01-01";"";"";"";"Cologne";"indelivery";1002;"2019-08-04"
11618;"energy";"electricity";2600;2763;"2020-02-02";"2020-05-01";"";"";"";"Berlin";"indelivery";1001;"2020-09-28"
11619;"energy";"electricity";2800;3012;"2020-07-04";"2020-12-01";"";"";"";"Dortmund";"active";1002;"2020-09-21"
11620;"energy";"gas";11700;12338;"2018-08-01";"2019-03-01";"";"";"";"Ulm";"indelivery";2001;"2019-06-11"
11621;"energy";"electricity";2000;2003;"2019-04-05";"2019-05-01";"";"";"";"Berlin";"indelivery";1001;"2020-01-03"
11622;"energy";"electricity";3000;3109;"2018-07-25";"2019-03-01";"";"";"";"Marienberg";"indelivery";1001;"2020-08-07"
11623;"energy";"electricity";3000;3167;"2019-02-27";"2019-06-01";"";"";"";"Frankfurt (Oder)";"indelivery";1002;"2020-01-19"
11624;"energy";"electricity";2700;2813;"2019-07-21";"2019-12-01";"";"";"";"Bielefeld";"indelivery";1000;"2019-08-13"
11625;"energy";"electricity";2800;2750;"2019-11-15";"2020-01-01";"";"";"";"Bonn";"indelivery";1002;"2020-04-16"
11626;"energy";"gas";8700;8419;"2020-07-21";"2020-12-01";"";"";"";"Marienberg";"active";2000;"2020-09-24"
11627;"energy";"electricity";2600;2591;"2019-10-04";"2020-01-01";"";"";"";"Berlin";"indelivery";1002;"2020-08-08"
11628;"energy";"electricity";2600;2683;"2018-02-21";"2018-10-01";"";"";"";"Berlin";"indelivery";1001;"2019-01-08"
11629;"energy";"electricity";2800;2918;"2018-01-18";"2018-05-01";"";"";"";"Munich";"indelivery";1000;"2020-02-14"
11630;"energy";"electricity";2100;2094;"2019-06-20";"2020-01-01";"";"";"";"Bergisch Gladbach";"indelivery";1002;"2020-09-16"
11631;"energy";"electricity";2100;1957;"2018-12-19";"2019-06-01";"2020-05-31";"2020-05-01";"Umzug";"Oldenburg";"terminated";1001;"2019-02-13"
11632;"energy";"electricity";2200;2225;"2018-11-24";"2019-05-01";"";"";"";"Munich";"indelivery";1002;"2019-01-07"
11633;"energy";"electricity";2000;1960;"2020-02-25";"2020-03-01";"";"";"";"Stuttgart";"indelivery";1002;"2020-07-12"
11634;"energy";"electricity";2500;2411;"2020-09-18";"2020-11-01";"";"";"";"Cologne";"active";1000;"2020-09-25"
11635;"energy";"electricity";2600;2733;"2020-07-26";"2020-08-01";"";"";"";"Marienberg";"indelivery";1001;"2020-09-16"
11636;"energy";"electricity";2800;2966;"2019-04-10";"2019-06-01";"";"";"";"Wuppertal";"indelivery";1001;"2020-07-21"
11637;"energy";"electricity";2300;2304;"2020-05-03";"2020-07-01";"";"";"";"Kassel";"indelivery";1001;"2020-07-10"
11638;"energy";"electricity";2100;"";"2018-12-01";"2019-03-01";"";"";"";"Munich";"indelivery";1001;"2019-06-27"
11639;"energy";"electricity";2500;2514;"2020-06-04";"2020-12-01";"";"";"";"Berlin";"active";1001;"2020-09-30"
11640;"energy";"electricity";2400;2379;"2020-04-01";"2020-05-01";"";"";"";"Stuttgart";"indelivery";1000;"2020-07-29"
11641;"energy";"electricity";2900;2844;"2019-06-19";"2019-08-01";"";"";"";"Gera";"indelivery";1001;"2020-04-25"
11642;"energy";"gas";9100;8997;"2020-02-28";"2020-05-01";"";"";"";"Regensburg";"indelivery";2000;"2020-09-14"
11643;"energy";"gas";10800;11279;"2019-11-08";"2020-02-01";"";"";"";"Munich";"indelivery";2000;"2020-01-28"
11644;"energy";"electricity";2900;2786;"2020-03-25";"2020-04-01";"";"";"";"Hamburg";"indelivery";1000;"2020-08-09"
11645;"energy";"electricity";2100;2177;"2018-05-17";"2018-07-01";"";"";"";"Augsburg";"indelivery";1001;"2018-11-02"
11646;"energy";"electricity";2900;2905;"2019-10-05";"2019-12-01";"";"";"";"Dortmund";"indelivery";1002;"2020-02-04"
11647;"energy";"electricity";2300;2389;"2019-10-15";"2020-04-01";"";"";"";"Landshut";"indelivery";1000;"2020-04-13"
11648;"energy";"electricity";2300;"";"2020-07-26";"2020-08-01";"";"";"";"Cologne";"indelivery";1002;"2020-08-30"
11649;"energy";"electricity";3000;3112;"2019-07-26";"2019-12-01";"";"";"";"Dresden";"indelivery";1001;"2020-03-16"
11650;"energy";"gas";8900;8581;"2019-09-27";"2019-12-01";"";"";"";"Cologne";"indelivery";2000;"2019-11-20"
11651;"energy";"electricity";2000;"";"2019-02-03";"2019-05-01";"2019-07-31";"2019-07-01";"Umzug";"Bremerhaven";"terminated";1001;"2019-07-01"
11652;"energy";"electricity";2600;2740;"2020-02-08";"2020-06-01";"";"";"";"Augsburg";"indelivery";1002;"2020-05-05"
11653;"energy";"electricity";2600;2509;"2020-01-23";"2020-03-01";"";"";"";"Munich";"indelivery";1000;"2020-04-22"
11654;"energy";"electricity";2900;3075;"2019-02-16";"2019-08-01";"";"";"";"Schwerin";"indelivery";1001;"2019-07-30"
11655;"energy";"electricity";2300;2465;"2018-01-20";"2018-03-01";"";"";"";"Marienberg";"indelivery";1000;"2018-07-18"
11656;"energy";"electricity";1900;1907;"2020-07-11";"2020-09-01";"";"";"";"Cologne";"indelivery";1002;"2020-07-31"
11657;"energy";"electricity";2400;2553;"2019-03-03";"2019-07-01";"";"";"";"Schwerin";"indelivery";1000;"2020-09-29"
11658;"energy";"gas";8300;8052;"2019-06-30";"2019-07-01";"2019-07-01";"2019-07-29";"Wiederruf";"Hamburg";"terminated";2001;"2019-07-29"
11659;"energy";"electricity";2100;2166;"2018-09-15";"2018-12-01";"";"";"";"Marienberg";"indelivery";1002;"2020-03-20"
11660;"energy";"electricity";2900;2791;"2018-07-24";"2018-09-01";"2020-11-30";"2020-10-25";"fristgerecht durch Kunde";"Hamburg";"cancelled";1000;"2018-09-12"
11661;"energy";"electricity";2200;2298;"2020-06-08";"2021-03-01";"";"";"";"Berlin";"active";1002;"2020-07-28"
11662;"energy";"electricity";3000;2896;"2018-01-13";"2018-02-01";"";"";"";"Bremen";"indelivery";1000;"2018-10-13"
11663;"energy";"gas";9900;9880;"2020-07-13";"2020-09-01";"";"";"";"Freyung";"indelivery";2001;"2020-08-12"
11664;"energy";"electricity";2500;"";"2019-10-26";"2019-12-01";"2020-04-30";"2020-03-29";"fristgerecht durch Kunde";"Heidelberg";"terminated";1000;"2020-01-21"
11665;"energy";"gas";9900;9873;"2019-11-19";"2020-01-01";"";"";"";"Würzburg";"indelivery";2000;"2020-09-23"
11666;"energy";"electricity";3000;3090;"2019-11-26";"2020-01-01";"";"";"";"Hameln";"indelivery";1002;"2020-08-29"
11667;"energy";"electricity";2500;2673;"2018-06-15";"2018-07-01";"";"";"";"Ulm";"indelivery";1001;"2018-12-11"
11668;"energy";"electricity";2400;2327;"2018-11-29";"2019-01-01";"2019-03-31";"2019-03-03";"Umzug";"Berlin";"terminated";1001;"2019-03-03"
11669;"energy";"gas";11800;12154;"2018-03-19";"2018-05-01";"2018-05-01";"2019-05-03";"Wiederruf";"Potsdam";"terminated";2001;"2018-05-28"
11670;"energy";"electricity";2800;2865;"2018-09-18";"2019-03-01";"2019-11-30";"2019-11-02";"fristgerecht durch Kunde";"Berlin";"terminated";1001;"2019-11-02"
11671;"energy";"electricity";2600;2629;"2018-10-28";"2019-02-01";"";"";"";"Greifswald";"indelivery";1001;"2019-02-02"
11672;"energy";"electricity";2100;2201;"2020-09-20";"2020-10-01";"";"";"";"Mannheim";"indelivery";1002;"2020-09-20"
11673;"energy";"electricity";2900;2799;"2018-10-08";"2019-04-01";"";"";"";"Karlsruhe";"indelivery";1002;"2020-06-05"
11674;"energy";"electricity";2000;1999;"2020-06-09";"2020-09-01";"";"";"";"Karlstadt";"indelivery";1001;"2020-09-25"
11675;"energy";"electricity";2400;2558;"2018-08-01";"2018-12-01";"2020-05-31";"2020-05-02";"fristgerecht durch LichtBlick";"Frankfurt";"terminated";1002;"2020-05-02"
11676;"energy";"electricity";3000;2988;"2019-07-09";"2019-11-01";"";"";"";"Heidelberg";"indelivery";1002;"2019-09-11"
11677;"energy";"electricity";2800;2702;"2019-07-16";"2020-02-01";"";"";"";"Berlin";"indelivery";1000;"2020-08-25"
11678;"energy";"electricity";2600;2727;"2019-09-06";"2020-09-01";"";"";"";"Berlin";"indelivery";1002;"2020-07-23"
11679;"energy";"electricity";2400;2468;"2018-11-06";"2019-02-01";"";"";"";"Erfurt";"indelivery";1001;"2018-12-29"
11680;"energy";"electricity";2500;"";"2019-11-09";"2019-12-01";"";"";"";"Schwerin";"indelivery";1001;"2020-09-08"
11681;"energy";"gas";8200;8706;"2019-04-11";"2019-07-01";"";"";"";"Berlin";"indelivery";2001;"2019-07-30"
11682;"energy";"electricity";2900;2956;"2019-05-18";"2019-12-01";"";"";"";"Altötting";"indelivery";1000;"2020-03-02"
11683;"energy";"gas";11900;12077;"2019-01-21";"2019-04-01";"";"";"";"Bad Reichenhall";"indelivery";2000;"2019-01-23"
11684;"energy";"electricity";2700;"";"2019-05-20";"2019-07-01";"";"";"";"Hannover";"indelivery";1000;"2019-08-03"
11685;"energy";"electricity";2400;2421;"2019-09-06";"2020-05-01";"";"";"";"Dresden";"indelivery";1000;"2019-12-24"
11686;"energy";"electricity";2900;2849;"2018-09-21";"2018-10-01";"";"";"";"Flensburg";"indelivery";1000;"2019-09-10"
11687;"energy";"gas";9400;9240;"2019-08-28";"2020-03-01";"";"";"";"Potsdam";"indelivery";2000;"2020-04-15"
11688;"energy";"gas";10300;11061;"2020-03-14";"2020-05-01";"";"";"";"Neustadt";"indelivery";2000;"2020-03-23"
11689;"energy";"gas";9000;9519;"2018-10-25";"2019-02-01";"";"";"";"Mannheim";"indelivery";2001;"2019-07-17"
11690;"energy";"gas";8400;"";"2018-06-10";"2018-09-01";"2019-07-31";"2019-06-27";"fristgerecht durch LichtBlick";"Berlin";"terminated";2001;"2018-07-27"
11691;"energy";"electricity";2100;1961;"2019-07-31";"2019-11-01";"";"";"";"Frankfurt";"indelivery";1001;"2020-09-05"
11692;"energy";"electricity";2800;"";"2018-07-15";"2019-02-01";"";"";"";"Berlin";"indelivery";1000;"2018-12-22"
11693;"energy";"electricity";2300;2146;"2018-05-12";"2018-07-01";"";"";"";"Dresden";"indelivery";1000;"2020-02-25"
11694;"energy";"electricity";2300;2165;"2019-08-19";"2020-05-01";"";"";"";"Munich";"indelivery";1001;"2020-05-09"
11695;"energy";"electricity";2300;2252;"2020-05-24";"2020-10-01";"";"";"";"Coburg";"indelivery";1001;"2020-06-05"
11696;"energy";"electricity";2500;2417;"2019-05-03";"2019-09-01";"";"";"";"Stuttgart";"indelivery";1001;"2020-02-22"
11697;"energy";"electricity";2300;2241;"2019-07-20";"2020-03-01";"";"";"";"Munich";"indelivery";1000;"2020-03-31"
11698;"energy";"electricity";2400;2574;"2019-09-01";"2019-11-01";"";"";"";"Rostock";"indelivery";1002;"2020-03-12"
11699;"energy";"electricity";2500;2494;"2018-09-03";"2019-03-01";"";"";"";"Freiburg";"indelivery";1002;"2019-03-03"
11700;"energy";"electricity";2600;2531;"2018-07-04";"2019-09-01";"";"";"";"Dortmund";"indelivery";1000;"2018-11-27"
11701;"energy";"electricity";2500;2546;"2018-10-05";"2019-01-01";"";"";"";"Gießen";"indelivery";1000;"2020-01-12"
11702;"energy";"electricity";2700;2887;"2019-11-05";"2020-01-01";"";"";"";"Berlin";"indelivery";1002;"2020-07-01"
11703;"energy";"electricity";3000;2862;"2018-06-08";"2018-10-01";"";"";"";"Dillingen";"indelivery";1001;"2020-08-01"
11704;"energy";"electricity";2100;2141;"2020-05-31";"2020-08-01";"";"";"";"Göppingen";"indelivery";1002;"2020-09-09"
11705;"energy";"electricity";2600;2778;"2019-05-03";"2020-03-01";"";"";"";"Hannover";"indelivery";1002;"2019-05-10"
11706;"energy";"electricity";2400;2468;"2018-10-02";"2018-12-01";"2020-01-31";"2020-01-02";"Umzug";"Hamburg";"terminated";1002;"2020-01-02"
11707;"energy";"gas";9400;9043;"2018-05-17";"2019-02-01";"";"";"";"Berlin";"indelivery";2000;"2020-08-22"
11708;"energy";"electricity";2200;2232;"2019-07-15";"2019-12-01";"";"";"";"Hamburg";"indelivery";1002;"2020-09-12"
11709;"energy";"gas";8100;8355;"2020-05-31";"2020-11-01";"";"";"";"Lübeck";"active";2000;"2020-08-20"
11710;"energy";"electricity";2100;2219;"2019-03-14";"2019-04-01";"";"";"";"Schwerin";"indelivery";1002;"2020-08-07"
11711;"energy";"gas";9800;"";"2018-04-21";"2018-12-01";"";"";"";"Hamburg";"indelivery";2001;"2020-08-07"
11712;"energy";"electricity";2400;2303;"2018-06-04";"2018-07-01";"";"";"";"Hannover";"indelivery";1001;"2018-11-06"
11713;"energy";"electricity";2800;2704;"2019-12-09";"2020-07-01";"";"";"";"Hamburg";"indelivery";1000;"2020-08-13"
11714;"energy";"electricity";2200;2347;"2018-08-01";"2018-08-01";"2020-08-31";"2020-08-02";"fristgerecht durch Kunde";"Duisburg";"terminated";1001;"2020-03-30"
11715;"energy";"electricity";2800;2863;"2018-03-06";"2018-07-01";"";"";"";"Gießen";"indelivery";1002;"2018-11-12"
11716;"energy";"electricity";2600;2761;"2018-08-16";"2018-09-01";"";"";"";"Bielefeld";"indelivery";1000;"2019-10-22"
11717;"energy";"electricity";2700;2670;"2020-07-05";"2021-03-01";"";"";"";"Hamburg";"active";1002;"2020-07-05"
11718;"energy";"electricity";2500;2410;"2018-11-12";"2019-05-01";"2019-11-30";"2019-10-30";"fristgerecht durch Kunde";"Hannover";"terminated";1000;"2019-05-17"
11719;"energy";"gas";9400;9075;"2020-04-28";"2020-05-01";"";"";"";"Frankfurt";"indelivery";2000;"2020-08-07"
11720;"energy";"electricity";2700;2705;"2018-04-16";"2018-06-01";"2020-04-30";"2020-04-02";"fristgerecht durch LichtBlick";"Ulm";"terminated";1002;"2019-04-19"
11721;"energy";"electricity";2600;2473;"2019-05-05";"2019-07-01";"2019-12-31";"2019-12-03";"Umzug";"Munich";"terminated";1001;"2019-12-03"
11722;"energy";"electricity";2800;2785;"2018-02-14";"2018-03-01";"";"";"";"Cologne";"indelivery";1001;"2019-02-09"
11723;"energy";"gas";10900;10640;"2018-01-16";"2018-03-01";"2019-12-31";"2019-12-03";"Umzug";"Leipzig";"terminated";2001;"2018-12-11"
11724;"energy";"electricity";2600;2669;"2020-04-13";"2020-11-01";"";"";"";"Mannheim";"active";1001;"2020-06-09"
11725;"energy";"electricity";1900;1810;"2019-12-07";"2020-07-01";"2020-09-30";"2020-08-31";"fristgerecht durch Kunde";"Hamburg";"terminated";1001;"2020-07-10"
11726;"energy";"electricity";2900;2784;"2020-05-15";"2020-07-01";"";"";"";"Potsdam";"indelivery";1001;"2020-09-17"
11727;"energy";"electricity";2200;2180;"2018-09-17";"2018-12-01";"";"";"";"Augsburg";"indelivery";1000;"2020-02-02"
11728;"energy";"gas";10400;10189;"2020-08-22";"2021-03-01";"";"";"";"Munich";"active";2000;"2020-09-17"
11729;"energy";"electricity";2500;2521;"2019-04-23";"2019-06-01";"";"";"";"Cottbus";"indelivery";1001;"2020-01-08"
11730;"energy";"electricity";2400;"";"2018-08-10";"2018-09-01";"2019-08-31";"2019-08-01";"Umzug";"Freiburg";"terminated";1000;"2019-08-01"
11731;"energy";"electricity";2800;2943;"2018-11-28";"2018-12-01";"2019-02-28";"2019-01-25";"Umzug";"Mainz";"terminated";1002;"2019-01-25"
11732;"energy";"electricity";2100;2068;"2018-10-03";"2018-11-01";"";"";"";"Bielefeld";"indelivery";1001;"2020-06-24"
11733;"energy";"electricity";2300;2301;"2019-04-01";"2019-11-01";"";"";"";"Duisburg";"indelivery";1001;"2020-05-28"
11734;"energy";"electricity";2000;2163;"2018-03-30";"2018-11-01";"2019-09-30";"2019-08-29";"fristgerecht durch Kunde";"Münster";"terminated";1000;"2019-08-29"
11735;"energy";"electricity";2300;2432;"2019-06-26";"2019-09-01";"";"";"";"Munich";"indelivery";1000;"2019-10-26"
11736;"energy";"electricity";2900;3131;"2018-08-09";"2018-09-01";"2019-01-31";"2018-12-31";"Umzug";"Bremen";"terminated";1000;"2018-12-31"
11737;"energy";"electricity";2100;2179;"2020-01-19";"2020-12-01";"";"";"";"Cologne";"active";1002;"2020-07-14"
11738;"energy";"electricity";2600;"";"2019-08-21";"2019-10-01";"";"";"";"Bremen";"indelivery";1001;"2020-01-17"
11739;"energy";"gas";10800;10767;"2018-02-01";"2018-06-01";"";"";"";"Greifswald";"indelivery";2001;"2018-03-20"
11740;"energy";"electricity";2200;2328;"2019-06-12";"2019-08-01";"";"";"";"Würzburg";"indelivery";1000;"2020-06-04"
11741;"energy";"gas";10600;10557;"2020-07-15";"2020-09-01";"";"";"";"Düsseldorf";"indelivery";2000;"2020-09-30"
11742;"energy";"electricity";2200;2158;"2018-11-19";"2018-12-01";"";"";"";"Cologne";"indelivery";1001;"2019-01-27"
11743;"energy";"electricity";2500;2623;"2020-06-18";"2020-08-01";"";"";"";"Göttingen";"indelivery";1000;"2020-07-05"
11744;"energy";"electricity";2200;2103;"2019-03-13";"2019-05-01";"";"";"";"Bielefeld";"indelivery";1002;"2020-06-04"
11745;"energy";"electricity";3000;3016;"2018-05-17";"2019-04-01";"2019-05-31";"2019-04-28";"fristgerecht durch Kunde";"Erfurt";"terminated";1000;"2018-11-29"
11746;"energy";"electricity";2500;2467;"2019-10-25";"2019-11-01";"";"";"";"Potsdam";"indelivery";1002;"2020-09-19"
11747;"energy";"gas";11700;12147;"2018-10-12";"2018-11-01";"";"";"";"Bremen";"indelivery";2000;"2019-02-01"
11748;"energy";"electricity";2300;2225;"2020-01-10";"2020-09-01";"";"";"";"Stuttgart";"indelivery";1001;"2020-06-08"
11749;"energy";"electricity";2800;2817;"2019-06-10";"2019-09-01";"";"";"";"Leipzig";"indelivery";1000;"2019-12-27"
11750;"energy";"electricity";2800;2661;"2019-11-17";"2020-01-01";"";"";"";"Ingolstadt";"indelivery";1001;"2020-02-28"
11751;"energy";"electricity";2300;2353;"2018-02-20";"2018-09-01";"2019-02-28";"2019-01-31";"fristgerecht durch LichtBlick";"Munich";"terminated";1002;"2018-06-11"
11752;"energy";"gas";11800;12225;"2018-07-02";"2018-08-01";"";"";"";"Münster";"indelivery";2000;"2019-03-14"
11753;"energy";"electricity";2000;1943;"2018-07-10";"2018-09-01";"";"";"";"Schwerin";"indelivery";1001;"2019-06-04"
11754;"energy";"electricity";2500;2631;"2020-04-22";"2020-07-01";"";"";"";"Berlin";"indelivery";1001;"2020-08-31"
11755;"energy";"electricity";2600;2446;"2019-11-20";"2019-12-01";"";"";"";"Wuppertal";"indelivery";1001;"2020-05-14"
11756;"energy";"electricity";2000;2006;"2019-09-08";"2019-11-01";"";"";"";"Hamburg";"indelivery";1001;"2019-12-17"
11757;"energy";"electricity";2000;2107;"2019-03-10";"2019-06-01";"";"";"";"Munich";"indelivery";1001;"2020-05-05"
11758;"energy";"gas";11200;"";"2020-08-28";"2021-01-01";"";"";"";"Cologne";"active";2001;"2020-09-26"
11759;"energy";"electricity";2000;2112;"2020-09-13";"2020-11-01";"";"";"";"Hamburg";"active";1002;"2020-09-20"
11760;"energy";"electricity";2100;2208;"2018-02-02";"2018-04-01";"";"";"";"Berlin";"indelivery";1002;"2020-06-04"
11761;"energy";"electricity";3000;2880;"2020-01-30";"2020-05-01";"2020-07-31";"2020-07-02";"fristgerecht durch Kunde";"Berlin";"terminated";1000;"2020-06-29"
11762;"energy";"gas";7600;7287;"2018-09-21";"2018-12-01";"";"";"";"Munich";"indelivery";2001;"2018-12-25"
11763;"energy";"electricity";1900;1850;"2020-05-06";"2020-11-01";"";"";"";"Berlin";"active";1001;"2020-08-03"
11764;"energy";"electricity";2300;2438;"2019-12-15";"2020-07-01";"";"";"";"Cologne";"indelivery";1002;"2020-09-02"
11765;"energy";"electricity";2700;2801;"2018-08-27";"2018-10-01";"";"";"";"Dresden";"indelivery";1002;"2019-07-16"
11766;"energy";"electricity";2300;2309;"2019-12-06";"2020-05-01";"";"";"";"Freiburg";"indelivery";1002;"2020-03-11"
11767;"energy";"electricity";2500;2509;"2019-11-23";"2019-12-01";"";"";"";"Berlin";"indelivery";1002;"2020-01-09"
11768;"energy";"electricity";2400;"";"2020-06-14";"2020-08-01";"";"";"";"Bremen";"indelivery";1002;"2020-08-22"
11769;"energy";"gas";8300;8407;"2018-03-22";"2018-05-01";"2019-03-31";"2019-03-01";"fristgerecht durch Kunde";"Rostock";"terminated";2000;"2019-03-01"
11770;"energy";"electricity";2700;2857;"2019-11-07";"2020-05-01";"2020-12-31";"2020-12-01";"fristgerecht durch LichtBlick";"Duisburg";"cancelled";1000;"2020-04-19"
11771;"energy";"gas";8700;8787;"2019-10-06";"2020-05-01";"";"";"";"Berlin";"indelivery";2001;"2020-04-07"
11772;"energy";"electricity";2600;2719;"2020-03-22";"2020-05-01";"";"";"";"Essen";"indelivery";1002;"2020-05-21"
11773;"energy";"electricity";2400;2317;"2018-12-23";"2019-04-01";"2020-03-31";"2020-02-29";"fristgerecht durch Kunde";"Munich";"terminated";1002;"2019-11-12"
11774;"energy";"electricity";2300;2315;"2018-07-22";"2018-08-01";"2020-10-31";"2020-09-25";"Umzug";"Munich";"cancelled";1001;"2019-08-04"
11775;"energy";"electricity";2300;2353;"2019-10-12";"2019-12-01";"";"";"";"Magdeburg";"indelivery";1002;"2020-09-10"
11776;"energy";"electricity";1900;1992;"2019-08-06";"2019-09-01";"";"";"";"Berlin";"indelivery";1000;"2020-05-01"
11777;"energy";"electricity";2800;2974;"2020-06-28";"2020-07-01";"";"";"";"Kiel";"indelivery";1001;"2020-07-23"
11778;"energy";"electricity";2000;"";"2018-12-17";"2019-04-01";"2019-07-31";"2019-07-02";"Umzug";"Hannover";"terminated";1001;"2019-07-02"
11779;"energy";"electricity";2100;2245;"2018-03-28";"2018-04-01";"";"";"";"Essen";"indelivery";1002;"2018-05-13"
11780;"energy";"electricity";2900;3127;"2018-06-22";"2019-02-01";"2020-04-30";"2020-03-29";"fristgerecht durch LichtBlick";"Leipzig";"terminated";1000;"2020-02-17"
11781;"energy";"electricity";2300;2337;"2018-09-11";"2019-04-01";"";"";"";"Starnberg";"indelivery";1002;"2019-11-20"
11782;"energy";"electricity";2200;2132;"2019-03-02";"2019-05-01";"";"";"";"Düsseldorf";"indelivery";1001;"2020-01-07"
11783;"energy";"electricity";2400;"";"2019-05-14";"2019-07-01";"";"";"";"Schwerin";"indelivery";1000;"2019-11-19"
11784;"energy";"gas";8700;9140;"2019-08-10";"2020-08-01";"";"";"";"Bremerhaven";"indelivery";2000;"2019-10-15"
11785;"energy";"electricity";2300;2154;"2020-08-12";"2020-10-01";"";"";"";"Neumünster";"indelivery";1002;"2020-08-26"
11786;"energy";"electricity";1900;1868;"2019-08-16";"2019-12-01";"";"";"";"Munich";"indelivery";1001;"2020-03-02"
11787;"energy";"electricity";2100;2268;"2018-11-03";"2019-03-01";"";"";"";"Munich";"indelivery";1001;"2019-06-22"
11788;"energy";"electricity";2700;"";"2020-07-05";"2020-11-01";"";"";"";"Hamburg";"active";1002;"2020-07-31"
11789;"energy";"electricity";2800;2830;"2018-01-11";"2018-02-01";"";"";"";"Berlin";"indelivery";1001;"2019-04-13"
11790;"energy";"gas";9800;9904;"2020-03-06";"2020-06-01";"";"";"";"Berlin";"indelivery";2000;"2020-09-10"
11791;"energy";"electricity";3100;3172;"2019-08-06";"2019-10-01";"";"";"";"Heilbronn";"indelivery";1002;"2020-08-29"
11792;"energy";"electricity";2100;2159;"2019-04-02";"2019-09-01";"2020-02-29";"2020-01-28";"fristgerecht durch Kunde";"Heidelberg";"terminated";1002;"2019-09-02"
11793;"energy";"electricity";2500;2492;"2018-11-05";"2019-01-01";"";"";"";"Stuttgart";"indelivery";1001;"2020-08-01"
11794;"energy";"gas";9200;8788;"2018-05-07";"2018-06-01";"2020-02-29";"2020-01-30";"fristgerecht durch Kunde";"Hamburg";"terminated";2001;"2018-07-23"
11795;"energy";"gas";10900;10407;"2018-06-08";"2018-09-01";"2020-03-31";"2020-02-29";"fristgerecht durch Kunde";"Ulm";"terminated";2001;"2019-04-05"
11796;"energy";"electricity";2300;2369;"2019-03-09";"2019-08-01";"";"";"";"Emden";"indelivery";1002;"2019-12-07"
11797;"energy";"electricity";2200;2290;"2018-08-19";"2018-10-01";"";"";"";"Berlin";"indelivery";1001;"2019-07-20"
11798;"energy";"electricity";2500;2590;"2019-03-15";"2019-04-01";"";"";"";"Cologne";"indelivery";1001;"2019-12-26"
11799;"energy";"electricity";2600;2468;"2019-12-09";"2020-01-01";"";"";"";"Essen";"indelivery";1002;"2019-12-23"
11800;"energy";"electricity";2100;2021;"2018-02-21";"2018-06-01";"";"";"";"Munich";"indelivery";1002;"2018-04-16"
11801;"energy";"electricity";2200;2150;"2018-12-19";"2019-02-01";"";"";"";"Magdeburg";"indelivery";1000;"2020-09-29"
11802;"energy";"electricity";2700;2867;"2020-02-16";"2020-06-01";"";"";"";"Hamburg";"indelivery";1002;"2020-02-18"
11803;"energy";"electricity";2900;2769;"2020-09-16";"2020-12-01";"";"";"";"Berlin";"active";1001;"2020-09-30"
11804;"energy";"electricity";2600;2611;"2018-01-26";"2018-03-01";"";"";"";"Stuttgart";"indelivery";1002;"2018-04-11"
11805;"energy";"electricity";2700;2679;"2019-08-23";"2019-10-01";"2019-10-01";"2020-10-29";"Wiederruf";"Leipzig";"terminated";1002;"2020-02-05"
11806;"energy";"electricity";2500;2498;"2018-09-03";"2019-01-01";"2020-02-29";"2020-02-01";"Umzug";"Dortmund";"terminated";1000;"2019-02-11"
11807;"energy";"electricity";2400;2501;"2020-01-07";"2020-03-01";"";"";"";"Duisburg";"indelivery";1001;"2020-02-17"
11808;"energy";"electricity";2600;2717;"2018-12-29";"2019-03-01";"2019-12-31";"2019-12-03";"fristgerecht durch Kunde";"Cologne";"terminated";1000;"2019-01-19"
11809;"energy";"electricity";2100;2153;"2019-04-20";"2019-07-01";"";"";"";"Augsburg";"indelivery";1002;"2020-05-26"
11810;"energy";"electricity";2100;2195;"2020-09-15";"2020-10-01";"";"";"";"Stuttgart";"indelivery";1000;"2020-09-22"
11811;"energy";"electricity";2500;2616;"2019-10-03";"2020-07-01";"";"";"";"Ingolstadt";"indelivery";1000;"2020-04-23"
11812;"energy";"electricity";2400;2523;"2018-08-28";"2018-10-01";"";"";"";"Magdeburg";"indelivery";1000;"2019-03-27"
11813;"energy";"electricity";2000;1955;"2020-01-18";"2020-03-01";"";"";"";"Wiesbaden";"indelivery";1001;"2020-04-14"
11814;"energy";"electricity";2300;2487;"2020-01-06";"2020-02-01";"";"";"";"Düsseldorf";"indelivery";1000;"2020-08-04"
11815;"energy";"gas";11800;11583;"2018-11-13";"2019-02-01";"2020-07-31";"2020-06-27";"fristgerecht durch LichtBlick";"Hannover";"terminated";2001;"2019-04-04"
11816;"energy";"electricity";2300;2236;"2018-10-25";"2019-01-01";"";"";"";"Essen";"indelivery";1002;"2020-04-13"
11817;"energy";"gas";9900;10431;"2018-10-17";"2020-03-01";"";"";"";"Berlin";"indelivery";2000;"2019-03-26"
11818;"energy";"electricity";2100;2176;"2020-05-06";"2021-04-01";"";"";"";"Magdeburg";"active";1001;"2020-07-05"
11819;"energy";"electricity";2500;2691;"2020-01-15";"2020-05-01";"";"";"";"Marienberg";"indelivery";1001;"2020-07-06"
11820;"energy";"electricity";2400;2336;"2020-04-10";"2020-12-01";"";"";"";"Berlin";"active";1000;"2020-06-04"
11821;"energy";"electricity";2000;2038;"2019-03-30";"2019-04-01";"";"";"";"Leipzig";"indelivery";1000;"2020-08-06"
11822;"energy";"electricity";2600;2657;"2018-03-24";"2018-09-01";"2019-04-30";"2019-04-02";"fristgerecht durch Kunde";"Ingolstadt";"terminated";1000;"2019-04-02"
11823;"energy";"electricity";2500;2414;"2019-08-03";"2020-01-01";"";"";"";"Bremen";"indelivery";1001;"2019-09-26"
11824;"energy";"electricity";1900;2027;"2018-02-10";"2018-03-01";"";"";"";"Hamburg";"indelivery";1002;"2019-05-14"
11825;"energy";"electricity";2500;2575;"2018-10-14";"2018-12-01";"";"";"";"Duisburg";"indelivery";1002;"2018-12-18"
11826;"energy";"electricity";2200;2167;"2019-06-04";"2019-09-01";"";"";"";"Fürth";"indelivery";1001;"2019-06-27"
11827;"energy";"electricity";2200;2072;"2019-09-18";"2019-10-01";"";"";"";"Berlin";"indelivery";1000;"2020-03-23"
11828;"energy";"electricity";2800;2939;"2018-03-10";"2018-06-01";"";"";"";"Rostock";"indelivery";1002;"2018-12-16"
11829;"energy";"electricity";2500;2520;"2020-03-09";"2020-07-01";"";"";"";"Rosenheim";"indelivery";1000;"2020-09-11"
11830;"energy";"electricity";2100;2032;"2019-09-19";"2019-11-01";"";"";"";"Regensburg";"indelivery";1000;"2019-12-04"
11831;"energy";"gas";10600;10520;"2020-03-20";"2020-05-01";"";"";"";"Dortmund";"indelivery";2000;"2020-07-01"
11832;"energy";"electricity";3000;3065;"2018-02-28";"2018-03-01";"";"";"";"Düsseldorf";"indelivery";1002;"2020-03-29"
11833;"energy";"electricity";2600;2571;"2019-12-10";"2020-07-01";"";"";"";"Duisburg";"indelivery";1002;"2020-02-01"
11834;"energy";"electricity";3000;2978;"2018-07-05";"2018-11-01";"";"";"";"Essen";"indelivery";1000;"2018-10-05"
11835;"energy";"electricity";2400;2477;"2019-06-09";"2019-08-01";"";"";"";"Stuttgart";"indelivery";1001;"2020-03-20"
11836;"energy";"electricity";2600;"";"2019-06-28";"2019-08-01";"";"";"";"Berlin";"indelivery";1002;"2019-07-22"
11837;"energy";"electricity";3000;3121;"2020-05-12";"2020-11-01";"";"";"";"Bremen";"active";1002;"2020-06-05"
11838;"energy";"electricity";2600;2803;"2019-11-16";"2020-02-01";"";"";"";"Dortmund";"indelivery";1001;"2020-06-15"
11839;"energy";"electricity";2800;2777;"2019-07-10";"2019-08-01";"2020-12-31";"2020-11-30";"fristgerecht durch LichtBlick";"Freiburg";"cancelled";1000;"2019-09-08"
11840;"energy";"electricity";2400;"";"2018-07-30";"2019-03-01";"";"";"";"Berlin";"indelivery";1000;"2019-10-16"
11841;"energy";"electricity";2800;2947;"2018-11-18";"2019-01-01";"";"";"";"Frankfurt";"indelivery";1000;"2019-06-12"
11842;"energy";"gas";8700;8311;"2018-01-27";"2018-04-01";"2020-09-30";"2020-09-02";"fristgerecht durch Kunde";"Marienberg";"terminated";2000;"2018-10-09"
11843;"energy";"electricity";2700;2618;"2018-01-10";"2018-03-01";"2018-09-30";"2018-08-30";"fristgerecht durch LichtBlick";"Schwelm";"terminated";1001;"2018-08-30"
11844;"energy";"electricity";2300;2311;"2019-03-29";"2019-10-01";"";"";"";"Schwandorf";"indelivery";1000;"2020-08-11"
11845;"energy";"electricity";2100;2070;"2018-02-13";"2019-01-01";"";"";"";"Bremen";"indelivery";1001;"2019-01-18"
11846;"energy";"electricity";2600;2716;"2018-11-30";"2019-01-01";"2020-05-31";"2020-05-02";"Umzug";"Berlin";"terminated";1001;"2019-01-17"
11847;"energy";"electricity";2600;2495;"2018-05-09";"2018-12-01";"";"";"";"Hannover";"indelivery";1001;"2019-04-26"
11848;"energy";"electricity";2300;2336;"2019-03-23";"2019-07-01";"2020-12-31";"2020-11-28";"Umzug";"Gotha";"cancelled";1001;"2019-12-03"
11849;"energy";"electricity";2000;2065;"2019-04-28";"2020-02-01";"";"";"";"Berlin";"indelivery";1000;"2020-06-15"
11850;"energy";"electricity";2400;2543;"2018-09-22";"2018-11-01";"2020-12-31";"2020-12-03";"fristgerecht durch Kunde";"Hamburg";"cancelled";1001;"2018-10-03"
11851;"energy";"gas";11500;12309;"2019-12-23";"2020-02-01";"";"";"";"Düsseldorf";"indelivery";2001;"2020-07-26"
11852;"energy";"gas";11400;11930;"2019-01-01";"2019-11-01";"";"";"";"Braunschweig";"indelivery";2000;"2020-08-19"
11853;"energy";"electricity";2100;2125;"2018-12-20";"2019-04-01";"";"";"";"Bremen";"indelivery";1002;"2020-07-31"
11854;"energy";"electricity";2200;2406;"2019-11-07";"2020-01-01";"";"";"";"Dresden";"indelivery";1001;"2019-12-30"
11855;"energy";"electricity";2300;2391;"2020-02-10";"2021-03-01";"";"";"";"Mainz";"active";1001;"2020-05-11"
11856;"energy";"electricity";2900;2759;"2018-07-16";"2019-05-01";"";"";"";"Dortmund";"indelivery";1002;"2018-12-19"
11857;"energy";"electricity";2800;2644;"2020-05-20";"2020-06-01";"2020-10-31";"2020-09-28";"fristgerecht durch Kunde";"Leipzig";"cancelled";1002;"2020-09-24"
11858;"energy";"electricity";2300;2173;"2020-07-22";"2020-10-01";"";"";"";"Kassel";"indelivery";1002;"2020-08-28"
11859;"energy";"electricity";2000;2195;"2019-09-02";"2019-10-01";"";"";"";"Karlsruhe";"indelivery";1001;"2020-03-17"
11860;"energy";"electricity";2200;2277;"2019-04-27";"2019-05-01";"";"";"";"Cologne";"indelivery";1001;"2019-09-14"
11861;"energy";"electricity";2600;2816;"2019-07-01";"2019-07-01";"";"";"";"Wuppertal";"indelivery";1002;"2020-09-04"
11862;"energy";"electricity";2200;2402;"2018-05-04";"2018-07-01";"";"";"";"Münster";"indelivery";1002;"2018-07-11"
11863;"energy";"electricity";2700;2724;"2019-11-16";"2020-02-01";"";"";"";"Magdeburg";"indelivery";1001;"2020-02-23"
11864;"energy";"electricity";2300;2433;"2018-08-21";"2018-10-01";"";"";"";"Ulm";"indelivery";1000;"2019-11-05"
11865;"energy";"gas";10600;11238;"2019-11-27";"2020-01-01";"";"";"";"Halberstadt";"indelivery";2000;"2020-06-05"
11866;"energy";"electricity";2900;3103;"2019-08-24";"2019-09-01";"2020-02-29";"2020-01-31";"fristgerecht durch Kunde";"Berlin";"terminated";1002;"2020-01-31"
11867;"energy";"electricity";2900;2849;"2018-03-19";"2018-07-01";"2018-10-31";"2018-10-02";"Umzug";"Jena";"terminated";1002;"2018-10-02"
11868;"energy";"electricity";2100;2017;"2020-01-11";"2020-02-01";"";"";"";"Leipzig";"indelivery";1000;"2020-06-05"
11869;"energy";"electricity";2200;2362;"2019-11-27";"2020-04-01";"";"";"";"Rostock";"indelivery";1000;"2020-06-12"
11870;"energy";"electricity";2900;3034;"2019-05-09";"2019-07-01";"2020-09-30";"2020-08-31";"fristgerecht durch Kunde";"Berlin";"terminated";1002;"2020-03-02"
11871;"energy";"gas";9000;9560;"2018-03-27";"2018-04-01";"2019-05-31";"2019-04-28";"fristgerecht durch LichtBlick";"Leipzig";"terminated";2001;"2018-08-30"
11872;"energy";"electricity";2300;2469;"2019-07-26";"2019-11-01";"";"";"";"Augsburg";"indelivery";1001;"2020-03-11"
11873;"energy";"electricity";2400;2581;"2018-12-09";"2019-03-01";"";"";"";"Leipzig";"indelivery";1002;"2020-04-09"
11874;"energy";"electricity";2000;2033;"2020-01-26";"2020-04-01";"";"";"";"Magdeburg";"indelivery";1002;"2020-06-12"
11875;"energy";"electricity";2400;"";"2020-04-07";"2020-10-01";"";"";"";"Bremen";"indelivery";1002;"2020-05-04"
11876;"energy";"electricity";2500;2466;"2020-06-13";"2020-09-01";"";"";"";"Berlin";"indelivery";1000;"2020-09-15"
11877;"energy";"electricity";2900;3055;"2019-02-08";"2019-04-01";"";"";"";"Dresden";"indelivery";1002;"2020-08-01"
11878;"energy";"electricity";2400;2397;"2018-07-10";"2018-09-01";"";"";"";"Bremen";"indelivery";1001;"2018-07-19"
11879;"energy";"electricity";2300;2382;"2018-02-16";"2018-07-01";"";"";"";"Stuttgart";"indelivery";1000;"2019-03-29"
11880;"energy";"electricity";2100;2091;"2020-01-13";"2020-12-01";"";"";"";"Hamburg";"active";1002;"2020-07-22"
11881;"energy";"electricity";2900;3012;"2020-08-30";"2020-10-01";"";"";"";"Essen";"indelivery";1002;"2020-09-03"
11882;"energy";"electricity";2600;2596;"2020-05-27";"2020-06-01";"";"";"";"Schwerin";"indelivery";1000;"2020-07-22"
11883;"energy";"electricity";2500;2587;"2020-04-19";"2020-05-01";"";"";"";"Gera";"indelivery";1001;"2020-08-13"
11884;"energy";"electricity";2700;2637;"2018-12-31";"2019-03-01";"";"";"";"Cologne";"indelivery";1001;"2020-09-28"
11885;"energy";"electricity";3000;3094;"2020-05-05";"2020-11-01";"";"";"";"Essen";"active";1002;"2020-09-10"
11886;"energy";"electricity";2900;2939;"2019-04-28";"2019-06-01";"";"";"";"Plön";"indelivery";1000;"2020-01-27"
11887;"energy";"gas";8100;7948;"2019-02-26";"2019-06-01";"";"";"";"Cologne";"indelivery";2000;"2019-10-07"
11888;"energy";"electricity";2700;2657;"2018-01-01";"2018-01-01";"2019-05-31";"2019-04-29";"fristgerecht durch LichtBlick";"Brandenburg";"terminated";1002;"2018-07-07"
11889;"energy";"gas";11400;10909;"2019-11-22";"2020-01-01";"";"";"";"Heilbronn";"indelivery";2000;"2020-09-09"
11890;"energy";"electricity";2700;2700;"2018-01-25";"2018-02-01";"";"";"";"Rosenheim";"indelivery";1001;"2018-04-29"
11891;"energy";"gas";10400;10917;"2018-06-01";"2019-05-01";"";"";"";"Hannover";"indelivery";2000;"2020-09-04"
11892;"energy";"gas";8500;8122;"2020-01-20";"2020-03-01";"";"";"";"Cologne";"indelivery";2000;"2020-04-19"
11893;"energy";"electricity";2700;"";"2018-01-30";"2018-03-01";"";"";"";"Munich";"indelivery";1001;"2019-10-18"
11894;"energy";"electricity";2500;2445;"2019-06-19";"2019-08-01";"";"";"";"Dortmund";"indelivery";1000;"2020-08-27"
11895;"energy";"gas";8700;8433;"2018-05-06";"2018-07-01";"";"";"";"Karlsruhe";"indelivery";2000;"2020-07-03"
11896;"energy";"electricity";2000;1899;"2020-07-09";"2020-08-01";"";"";"";"Hamburg";"indelivery";1002;"2020-09-03"
11897;"energy";"electricity";2000;2113;"2019-05-25";"2019-07-01";"";"";"";"Essen";"indelivery";1001;"2020-01-30"
11898;"energy";"electricity";2600;2824;"2019-06-08";"2019-08-01";"";"";"";"Frankfurt";"indelivery";1002;"2020-07-31"
11899;"energy";"electricity";2000;"";"2020-03-25";"2021-02-01";"";"";"";"Bremen";"active";1002;"2020-07-05"
11900;"energy";"electricity";2600;2572;"2019-12-13";"2020-02-01";"";"";"";"Berlin";"indelivery";1000;"2020-07-29"
11901;"energy";"electricity";2200;2323;"2018-06-25";"2019-06-01";"";"";"";"Hamburg";"indelivery";1001;"2019-04-12"
11902;"energy";"electricity";2900;2747;"2018-02-23";"2018-04-01";"";"";"";"Munich";"indelivery";1002;"2020-06-16"
11903;"energy";"electricity";2500;2593;"2019-09-23";"2019-12-01";"";"";"";"Düsseldorf";"indelivery";1002;"2019-10-16"
11904;"energy";"electricity";2600;2597;"2018-03-20";"2018-04-01";"";"";"";"Mannheim";"indelivery";1001;"2018-09-24"
11905;"energy";"electricity";2600;2495;"2019-01-13";"2019-05-01";"2019-08-31";"2019-08-01";"Umzug";"Mannheim";"terminated";1001;"2019-05-28"
11906;"energy";"electricity";2900;2859;"2018-12-29";"2019-04-01";"";"";"";"Frankfurt";"indelivery";1000;"2019-06-10"
11907;"energy";"gas";11700;12458;"2018-04-07";"2018-05-01";"2020-03-31";"2020-03-03";"Umzug";"Cham";"terminated";2000;"2019-01-25"
11908;"energy";"electricity";2300;2289;"2018-08-01";"2019-01-01";"";"";"";"Dortmund";"indelivery";1002;"2020-02-02"
11909;"energy";"electricity";2000;1887;"2020-08-01";"2020-10-01";"";"";"";"Munich";"indelivery";1002;"2020-09-21"
11910;"energy";"electricity";2400;2627;"2019-02-15";"2019-05-01";"";"";"";"Düsseldorf";"indelivery";1002;"2020-01-02"
11911;"energy";"electricity";2000;2116;"2019-10-28";"2020-01-01";"2020-08-31";"2020-07-30";"Umzug";"Hamburg";"terminated";1001;"2020-07-30"
11912;"energy";"electricity";2100;2077;"2019-08-12";"2020-02-01";"";"";"";"Essen";"indelivery";1000;"2020-04-21"
11913;"energy";"electricity";2200;2120;"2018-09-03";"2019-03-01";"";"";"";"Berlin";"indelivery";1002;"2019-08-26"
11914;"energy";"electricity";2800;2759;"2018-12-19";"2019-05-01";"";"";"";"Bonn";"indelivery";1002;"2019-04-04"
11915;"energy";"electricity";2100;2236;"2020-07-03";"2020-08-01";"";"";"";"Bremen";"indelivery";1001;"2020-08-08"
11916;"energy";"electricity";2700;2690;"2019-04-29";"2019-07-01";"";"";"";"Berlin";"indelivery";1001;"2019-09-04"
11917;"energy";"electricity";2200;2265;"2020-06-14";"2020-09-01";"";"";"";"Magdeburg";"indelivery";1002;"2020-08-18"
11918;"energy";"electricity";2400;2327;"2020-07-05";"2020-12-01";"";"";"";"Kassel";"active";1000;"2020-09-17"
11919;"energy";"electricity";2800;2770;"2018-10-03";"2018-12-01";"2019-10-31";"2019-10-03";"Umzug";"Duisburg";"terminated";1001;"2019-03-28"
11920;"energy";"electricity";2700;2698;"2019-02-27";"2019-06-01";"";"";"";"Frankfurt";"indelivery";1001;"2020-05-28"
11921;"energy";"electricity";2400;2453;"2020-09-28";"2021-02-01";"";"";"";"Osnabrück";"active";1002;"2020-09-29"
11922;"energy";"electricity";2400;2425;"2019-04-17";"2019-10-01";"2020-10-31";"2020-09-24";"fristgerecht durch LichtBlick";"Magdeburg";"cancelled";1000;"2020-01-27"
11923;"energy";"electricity";2600;2606;"2019-06-28";"2020-11-01";"";"";"";"Berlin";"active";1000;"2019-10-27"
11924;"energy";"gas";9000;8819;"2018-09-26";"2018-10-01";"";"";"";"Saarbrücken";"indelivery";2000;"2019-01-12"
11925;"energy";"electricity";2700;2602;"2019-08-28";"2019-12-01";"2020-10-31";"2020-09-30";"fristgerecht durch LichtBlick";"Gera";"cancelled";1001;"2020-01-28"
11926;"energy";"electricity";2700;2656;"2018-03-28";"2018-04-01";"";"";"";"Hamburg";"indelivery";1002;"2018-07-13"
11927;"energy";"electricity";2400;2334;"2020-08-08";"2021-12-01";"";"";"";"Berlin";"active";1000;"2020-09-07"
11928;"energy";"electricity";2700;2593;"2019-01-25";"2019-08-01";"2020-11-30";"2020-10-29";"fristgerecht durch Kunde";"Munich";"cancelled";1002;"2020-04-18"
11929;"energy";"gas";11000;11742;"2018-06-02";"2018-08-01";"";"";"";"Marienberg";"indelivery";2000;"2020-06-30"
11930;"energy";"electricity";2500;2603;"2019-10-13";"2020-06-01";"";"";"";"Wiesbaden";"indelivery";1001;"2020-09-24"
11931;"energy";"electricity";2400;2510;"2020-08-25";"2020-09-01";"";"";"";"Erfurt";"indelivery";1001;"2020-09-11"
11932;"energy";"electricity";2000;1954;"2018-06-02";"2018-08-01";"";"";"";"Berlin";"indelivery";1002;"2019-08-01"
11933;"energy";"electricity";2300;2393;"2018-03-25";"2018-10-01";"";"";"";"Duisburg";"indelivery";1000;"2019-08-20"
11934;"energy";"electricity";2200;2217;"2018-03-24";"2018-05-01";"";"";"";"Braunschweig";"indelivery";1000;"2019-08-09"
11935;"energy";"electricity";2200;2222;"2019-02-24";"2019-10-01";"";"";"";"Hamburg";"indelivery";1001;"2019-08-17"
11936;"energy";"gas";9600;9643;"2018-03-07";"2018-11-01";"";"";"";"Berlin";"indelivery";2001;"2019-10-24"
11937;"energy";"electricity";2900;2982;"2019-06-23";"2019-07-01";"";"";"";"Berlin";"indelivery";1002;"2019-11-26"
11938;"energy";"electricity";2000;2164;"2020-06-15";"2020-08-01";"";"";"";"Bremen";"indelivery";1000;"2020-09-21"
11939;"energy";"electricity";2600;2798;"2018-10-18";"2018-11-01";"";"";"";"Marienberg";"indelivery";1001;"2019-03-26"
11940;"energy";"electricity";2400;2575;"2019-08-12";"2020-04-01";"";"";"";"Berlin";"indelivery";1000;"2019-10-16"
11941;"energy";"gas";11000;11690;"2018-01-03";"2018-04-01";"";"";"";"Marienberg";"indelivery";2001;"2018-06-30"
11942;"energy";"gas";9800;9369;"2019-10-23";"2020-01-01";"";"";"";"Hamburg";"indelivery";2001;"2020-07-05"
11943;"energy";"electricity";2500;2636;"2020-09-06";"2021-05-01";"";"";"";"Flensburg";"active";1002;"2020-09-14"
11944;"energy";"electricity";2300;2221;"2019-12-26";"2020-03-01";"";"";"";"Berlin";"indelivery";1001;"2020-05-06"
11945;"energy";"gas";8000;8375;"2020-07-27";"2021-05-01";"";"";"";"Frankfurt";"active";2000;"2020-09-21"
11946;"energy";"electricity";2600;"";"2019-09-27";"2019-11-01";"";"";"";"Dresden";"indelivery";1002;"2020-01-24"
11947;"energy";"electricity";2400;2543;"2019-06-04";"2019-09-01";"";"";"";"Marienberg";"indelivery";1000;"2020-05-06"
11948;"energy";"electricity";2500;"";"2018-01-21";"2018-02-01";"";"";"";"Munich";"indelivery";1000;"2019-06-27"
11949;"energy";"electricity";2600;2690;"2018-12-05";"2019-02-01";"";"";"";"Dresden";"indelivery";1001;"2019-03-23"
11950;"energy";"electricity";2800;2933;"2018-05-03";"2018-09-01";"2020-02-29";"2020-01-30";"Umzug";"Essen";"terminated";1001;"2019-06-08"
11951;"energy";"electricity";2800;2862;"2019-08-02";"2020-04-01";"";"";"";"Düsseldorf";"indelivery";1000;"2020-02-22"
11952;"energy";"electricity";2000;2034;"2018-01-06";"2018-05-01";"2018-07-31";"2018-06-28";"fristgerecht durch Kunde";"Berlin";"terminated";1000;"2018-03-28"
11953;"energy";"electricity";2700;2645;"2018-05-14";"2018-10-01";"";"";"";"Hamburg";"indelivery";1000;"2020-04-03"
11954;"energy";"electricity";2300;2264;"2018-10-12";"2018-11-01";"";"";"";"Berlin";"indelivery";1000;"2019-10-01"
11955;"energy";"electricity";2700;2713;"2019-10-03";"2020-03-01";"2020-03-01";"2020-03-31";"Wiederruf";"Kiel";"terminated";1001;"2020-03-31"
11956;"energy";"electricity";2200;2280;"2018-10-09";"2018-12-01";"";"";"";"Rostock";"indelivery";1001;"2020-06-23"
11957;"energy";"electricity";2200;2168;"2018-06-10";"2018-09-01";"2020-02-29";"2020-02-01";"fristgerecht durch Kunde";"Frankfurt";"terminated";1001;"2019-08-14"
11958;"energy";"gas";8200;8212;"2019-03-27";"2019-04-01";"";"";"";"Würzburg";"indelivery";2000;"2019-05-20"
11959;"energy";"electricity";2400;2430;"2018-12-23";"2019-03-01";"2019-10-31";"2019-10-01";"fristgerecht durch LichtBlick";"Berlin";"terminated";1002;"2019-07-18"
11960;"energy";"electricity";2000;2056;"2020-05-18";"2020-10-01";"";"";"";"Munich";"indelivery";1001;"2020-08-13"
11961;"energy";"electricity";3000;2921;"2019-12-12";"2020-03-01";"2020-09-30";"2020-09-02";"fristgerecht durch Kunde";"Northeim";"terminated";1000;"2020-07-13"
11962;"energy";"electricity";2200;"";"2018-06-01";"2019-05-01";"";"";"";"Osnabrück";"indelivery";1001;"2018-11-17"
11963;"energy";"electricity";2100;2172;"2020-02-19";"2020-04-01";"";"";"";"Mannheim";"indelivery";1000;"2020-06-02"
11964;"energy";"electricity";2100;2129;"2020-03-10";"2020-05-01";"";"";"";"Berlin";"indelivery";1000;"2020-03-19"
11965;"energy";"electricity";2000;"";"2020-02-27";"2020-08-01";"";"";"";"Hamburg";"indelivery";1002;"2020-05-20"
11966;"energy";"electricity";2300;2324;"2019-11-06";"2020-02-01";"";"";"";"Hamburg";"indelivery";1002;"2020-05-08"
11967;"energy";"electricity";2600;2633;"2019-01-14";"2019-02-01";"";"";"";"Berlin";"indelivery";1000;"2020-01-26"
11968;"energy";"electricity";2400;2508;"2020-03-05";"2020-06-01";"";"";"";"Dortmund";"indelivery";1001;"2020-07-03"
11969;"energy";"electricity";2600;2783;"2018-07-29";"2018-09-01";"2020-09-30";"2020-09-01";"fristgerecht durch LichtBlick";"Bergisch Gladbach";"terminated";1001;"2020-03-21"
11970;"energy";"electricity";2300;2165;"2019-03-09";"2019-05-01";"";"";"";"Limburg";"indelivery";1000;"2020-04-19"
11971;"energy";"electricity";2200;2101;"2018-04-26";"2019-03-01";"2020-02-29";"2020-02-01";"fristgerecht durch Kunde";"Frankfurt";"terminated";1000;"2018-09-02"
11972;"energy";"electricity";2400;2455;"2019-06-15";"2020-02-01";"";"";"";"Berlin";"indelivery";1000;"2020-01-04"
11973;"energy";"electricity";2100;2064;"2018-10-25";"2019-12-01";"";"";"";"Cuxhaven";"indelivery";1001;"2020-06-07"
11974;"energy";"electricity";3000;3193;"2020-02-14";"2020-10-01";"";"";"";"Marienberg";"indelivery";1001;"2020-08-09"
11975;"energy";"electricity";2500;2555;"2019-06-08";"2019-10-01";"2019-12-31";"2019-12-01";"fristgerecht durch Kunde";"Cologne";"terminated";1001;"2019-12-01"
11976;"energy";"electricity";2000;2122;"2020-05-28";"2020-07-01";"";"";"";"Hannover";"indelivery";1002;"2020-09-08"
11977;"energy";"gas";9200;9531;"2019-03-23";"2019-08-01";"";"";"";"Kassel";"indelivery";2001;"2020-03-24"
11978;"energy";"electricity";2600;2685;"2020-07-16";"2020-08-01";"";"";"";"Osterode";"indelivery";1001;"2020-09-06"
11979;"energy";"electricity";2300;2320;"2019-12-24";"2020-05-01";"";"";"";"Dortmund";"indelivery";1001;"2020-01-11"
11980;"energy";"electricity";2300;2272;"2020-01-23";"2020-05-01";"";"";"";"Regensburg";"indelivery";1002;"2020-07-21"
11981;"energy";"electricity";2800;2779;"2020-04-13";"2020-09-01";"";"";"";"Rostock";"indelivery";1001;"2020-04-16"
11982;"energy";"electricity";2600;2770;"2020-04-05";"2020-10-01";"";"";"";"Bremen";"indelivery";1002;"2020-08-04"
11983;"energy";"gas";11400;11579;"2020-09-19";"2020-10-01";"";"";"";"Görlitz";"indelivery";2000;"2020-09-28"
11984;"energy";"electricity";2700;2600;"2018-03-19";"2018-06-01";"2018-09-30";"2018-08-26";"fristgerecht durch Kunde";"Dresden";"terminated";1000;"2018-05-13"
11985;"energy";"electricity";2100;2124;"2020-07-22";"2020-09-01";"";"";"";"Bremerhaven";"indelivery";1002;"2020-08-30"
11986;"energy";"electricity";2400;2462;"2018-09-04";"2018-12-01";"";"";"";"Essen";"indelivery";1001;"2020-04-02"
11987;"energy";"electricity";2500;2431;"2019-04-28";"2019-06-01";"";"";"";"Düsseldorf";"indelivery";1001;"2020-06-20"
11988;"energy";"electricity";2400;2448;"2018-06-26";"2018-09-01";"2019-02-28";"2019-01-31";"Umzug";"Potsdam";"terminated";1001;"2019-01-31"
11989;"energy";"electricity";2700;"";"2019-04-18";"2019-09-01";"2019-12-31";"2019-11-24";"fristgerecht durch LichtBlick";"Emden";"terminated";1001;"2019-11-24"
11990;"energy";"electricity";2700;2541;"2019-01-16";"2019-06-01";"";"";"";"Münster";"indelivery";1000;"2020-02-27"
11991;"energy";"electricity";2000;1970;"2020-03-26";"2020-06-01";"";"";"";"Munich";"indelivery";1000;"2020-06-25"
11992;"energy";"electricity";2600;2713;"2020-08-14";"2021-03-01";"";"";"";"Lübeck";"active";1001;"2020-09-14"
11993;"energy";"electricity";2500;2561;"2018-01-01";"2018-05-01";"2020-09-30";"2020-09-01";"fristgerecht durch LichtBlick";"Hamburg";"terminated";1000;"2020-08-18"
11994;"energy";"electricity";2500;2629;"2018-06-19";"2018-09-01";"";"";"";"Berlin";"indelivery";1001;"2020-07-31"
11995;"energy";"electricity";2400;2459;"2019-07-26";"2020-12-01";"";"";"";"Saarbrücken";"active";1002;"2019-09-14"
11996;"energy";"electricity";2800;2892;"2018-10-13";"2019-01-01";"";"";"";"Düsseldorf";"indelivery";1000;"2019-04-21"
11997;"energy";"electricity";2200;2167;"2020-03-13";"2020-05-01";"";"";"";"Munich";"indelivery";1002;"2020-06-06"
11998;"energy";"electricity";2400;2280;"2019-05-21";"2019-06-01";"";"";"";"Berlin";"indelivery";1002;"2020-03-22"
11999;"energy";"electricity";3000;3048;"2019-05-03";"2019-10-01";"2020-04-30";"2020-04-02";"fristgerecht durch LichtBlick";"Bremen";"terminated";1002;"2020-04-02"
12000;"energy";"electricity";2900;2802;"2019-03-24";"2019-08-01";"";"";"";"Frankfurt";"indelivery";1000;"2019-08-16"
12001;"energy";"electricity";2600;2608;"2019-01-22";"2019-05-01";"";"";"";"Cologne";"indelivery";1002;"2020-02-22"
12002;"energy";"electricity";2800;2722;"2020-06-08";"2020-09-01";"";"";"";"Jena";"indelivery";1002;"2020-07-26"
12003;"energy";"electricity";2700;2614;"2020-09-20";"2020-10-01";"";"";"";"Berlin";"indelivery";1001;"2020-09-21"
12004;"energy";"electricity";2800;2797;"2019-03-18";"2019-06-01";"";"";"";"Marienberg";"indelivery";1001;"2019-11-03"
12005;"energy";"electricity";2600;2646;"2020-03-13";"2020-05-01";"";"";"";"Kassel";"indelivery";1001;"2020-09-17"
12006;"energy";"electricity";2700;2633;"2018-06-13";"2018-07-01";"";"";"";"Essen";"indelivery";1002;"2020-01-19"
12007;"energy";"electricity";2700;2906;"2019-11-04";"2020-01-01";"";"";"";"Braunschweig";"indelivery";1001;"2020-02-02"
12008;"energy";"electricity";2400;2527;"2019-02-10";"2019-06-01";"";"";"";"Dresden";"indelivery";1000;"2020-08-14"
12009;"energy";"electricity";2100;2255;"2020-01-02";"2021-01-01";"";"";"";"Cologne";"active";1000;"2020-03-18"
12010;"energy";"electricity";2500;2580;"2018-11-01";"2019-03-01";"2019-10-31";"2019-10-01";"Umzug";"Cologne";"terminated";1001;"2019-10-01"
12011;"energy";"electricity";2700;2654;"2019-10-14";"2019-11-01";"2020-10-31";"2020-10-02";"fristgerecht durch Kunde";"Berlin";"cancelled";1000;"2020-04-23"
12012;"energy";"electricity";2700;2846;"2018-02-10";"2018-04-01";"";"";"";"Emden";"indelivery";1001;"2018-03-07"
12013;"energy";"electricity";2800;2817;"2018-02-25";"2018-05-01";"";"";"";"Osnabrück";"indelivery";1001;"2019-04-05"
12014;"energy";"electricity";2800;2801;"2019-05-31";"2019-09-01";"";"";"";"Erlangen";"indelivery";1000;"2019-10-31"
12015;"energy";"electricity";2800;2877;"2020-05-27";"2021-07-01";"";"";"";"Merseburg";"active";1000;"2020-07-20"
12016;"energy";"electricity";2200;2111;"2019-08-19";"2019-10-01";"";"";"";"Frankfurt";"indelivery";1001;"2019-10-31"
12017;"energy";"gas";8400;7970;"2019-03-18";"2019-04-01";"";"";"";"Berlin";"indelivery";2001;"2019-08-25"
12018;"energy";"electricity";2600;2714;"2020-08-30";"2020-12-01";"";"";"";"Augsburg";"active";1002;"2020-09-04"
12019;"energy";"electricity";2900;3105;"2018-06-18";"2018-12-01";"";"";"";"Wuppertal";"indelivery";1002;"2019-12-12"
12020;"energy";"electricity";3000;2928;"2020-02-14";"2020-07-01";"";"";"";"Kiel";"indelivery";1000;"2020-09-22"
12021;"energy";"electricity";2500;2610;"2019-04-15";"2019-10-01";"";"";"";"Mainz";"indelivery";1000;"2019-05-30"
12022;"energy";"electricity";2100;1999;"2020-09-13";"2020-11-01";"";"";"";"Bremen";"active";1002;"2020-09-14"
12023;"energy";"gas";11400;12034;"2020-04-04";"2020-05-01";"";"";"";"Mühldorf";"indelivery";2001;"2020-07-09"
12024;"energy";"electricity";2000;2065;"2020-07-18";"2020-09-01";"";"";"";"Marienberg";"indelivery";1002;"2020-08-10"
12025;"energy";"gas";9300;8849;"2019-11-07";"2019-12-01";"";"";"";"Hamburg";"indelivery";2001;"2019-12-10"
12026;"energy";"electricity";2800;2947;"2018-08-04";"2019-01-01";"2019-02-28";"2019-01-29";"fristgerecht durch Kunde";"Berlin";"terminated";1000;"2019-01-29"
12027;"energy";"electricity";2900;3041;"2020-06-20";"2021-02-01";"";"";"";"Wuppertal";"active";1002;"2020-08-01"
12028;"energy";"gas";10100;9983;"2018-05-15";"2018-09-01";"";"";"";"Siegen";"indelivery";2001;"2019-09-06"
12029;"energy";"electricity";2200;2284;"2019-07-11";"2020-08-01";"";"";"";"Schwerin";"indelivery";1001;"2020-01-22"
12030;"energy";"electricity";2700;2717;"2018-12-28";"2019-01-01";"";"";"";"Oldenburg";"indelivery";1000;"2019-07-21"
12031;"energy";"electricity";2000;1940;"2020-03-11";"2020-04-01";"";"";"";"Bonn";"indelivery";1002;"2020-06-23"
12032;"energy";"electricity";2900;2916;"2018-06-08";"2018-07-01";"";"";"";"Leipzig";"indelivery";1001;"2018-09-29"
12033;"energy";"electricity";2500;2445;"2019-11-21";"2019-12-01";"";"";"";"Karlsruhe";"indelivery";1002;"2020-01-18"
12034;"energy";"electricity";2700;"";"2018-04-11";"2018-06-01";"2018-06-01";"2019-04-30";"Wiederruf";"Münster";"terminated";1001;"2019-04-30"
12035;"energy";"electricity";2300;"";"2018-04-18";"2018-05-01";"2019-06-30";"2019-05-30";"fristgerecht durch Kunde";"Leipzig";"terminated";1001;"2019-05-30"
12036;"energy";"electricity";2300;2187;"2018-12-08";"2019-01-01";"";"";"";"Berlin";"indelivery";1000;"2020-06-18"
12037;"energy";"electricity";2800;2887;"2019-01-21";"2019-05-01";"2019-07-31";"2019-06-21";"Umzug";"Dortmund";"terminated";1002;"2019-06-21"
12038;"energy";"electricity";2400;2487;"2018-02-09";"2018-04-01";"";"";"";"Berlin";"indelivery";1002;"2019-06-23"
12039;"energy";"electricity";2100;2037;"2019-07-10";"2020-06-01";"";"";"";"Hamburg";"indelivery";1001;"2020-05-22"
12040;"energy";"electricity";2900;"";"2020-09-07";"2021-06-01";"";"";"";"Hamburg";"active";1000;"2020-09-29"
12041;"energy";"electricity";2500;2435;"2020-05-18";"2020-07-01";"";"";"";"Ulm";"indelivery";1002;"2020-06-04"
12042;"energy";"electricity";2400;2607;"2020-06-16";"2020-08-01";"";"";"";"Hofeck";"indelivery";1002;"2020-09-11"
12043;"energy";"electricity";2200;2333;"2019-12-15";"2020-01-01";"";"";"";"Dortmund";"indelivery";1002;"2019-12-19"
12044;"energy";"electricity";2400;2449;"2020-03-03";"2020-05-01";"";"";"";"Marienberg";"indelivery";1001;"2020-03-27"
12045;"energy";"electricity";2800;2734;"2018-01-20";"2018-07-01";"2020-02-29";"2020-01-31";"fristgerecht durch LichtBlick";"Hamburg";"terminated";1001;"2018-12-28"
12046;"energy";"electricity";2000;1939;"2018-04-25";"2018-05-01";"2020-05-31";"2020-05-01";"fristgerecht durch LichtBlick";"Altchemnitz";"terminated";1002;"2019-01-26"
12047;"energy";"electricity";2500;2448;"2018-10-17";"2018-11-01";"";"";"";"Duisburg";"indelivery";1002;"2020-01-05"
12048;"energy";"gas";8200;8107;"2019-10-02";"2019-12-01";"";"";"";"Hannover";"indelivery";2000;"2019-11-07"
12049;"energy";"electricity";2900;3081;"2019-05-15";"2019-07-01";"";"";"";"Bonn";"indelivery";1002;"2019-07-13"
12050;"energy";"electricity";2400;2426;"2020-03-16";"2020-12-01";"";"";"";"Berlin";"active";1002;"2020-08-03"
12051;"energy";"electricity";2300;2219;"2020-01-30";"2020-03-01";"";"";"";"Stuttgart";"indelivery";1001;"2020-09-01"
12052;"energy";"electricity";3000;2865;"2019-08-31";"2019-09-01";"2020-08-31";"2020-07-30";"fristgerecht durch LichtBlick";"Fürth";"terminated";1000;"2020-02-12"
12053;"energy";"gas";8300;8735;"2019-07-03";"2019-09-01";"";"";"";"Fürth";"indelivery";2001;"2020-04-26"
12054;"energy";"electricity";2400;"";"2020-08-03";"2020-11-01";"";"";"";"Berlin";"active";1001;"2020-08-13"
12055;"energy";"electricity";2300;2245;"2020-09-05";"2021-02-01";"";"";"";"Frankfurt";"active";1002;"2020-09-25"
12056;"energy";"electricity";2500;2384;"2018-01-06";"2018-04-01";"";"";"";"Hamburg";"indelivery";1000;"2020-03-17"
12057;"energy";"electricity";2500;2565;"2020-09-20";"2020-10-01";"";"";"";"Duisburg";"indelivery";1001;"2020-09-29"
12058;"energy";"electricity";2400;2386;"2018-06-22";"2018-08-01";"";"";"";"Munich";"indelivery";1002;"2020-01-15"
12059;"energy";"electricity";2500;2521;"2018-01-24";"2018-11-01";"";"";"";"Berlin";"indelivery";1002;"2019-06-26"
12060;"energy";"electricity";2400;2570;"2019-10-04";"2020-02-01";"2020-12-31";"2020-12-03";"Umzug";"Frankfurt";"cancelled";1001;"2020-01-03"
12061;"energy";"electricity";2300;2447;"2018-07-10";"2018-10-01";"";"";"";"Hameln";"indelivery";1002;"2019-12-04"
12062;"energy";"gas";8600;8374;"2018-10-09";"2019-03-01";"2020-02-29";"2020-01-31";"Umzug";"Essen";"terminated";2000;"2018-12-03"
12063;"energy";"electricity";2300;2416;"2018-03-15";"2018-07-01";"";"";"";"Kiel";"indelivery";1002;"2019-09-24"
12064;"energy";"electricity";2500;2597;"2020-06-08";"2020-08-01";"";"";"";"Essen";"indelivery";1002;"2020-08-21"
12065;"energy";"electricity";2200;"";"2020-08-08";"2020-10-01";"";"";"";"Stuttgart";"indelivery";1002;"2020-08-13"
12066;"energy";"electricity";2500;2749;"2019-03-28";"2019-06-01";"2019-08-31";"2019-08-02";"fristgerecht durch Kunde";"Bielefeld";"terminated";1000;"2019-08-02"
12067;"energy";"gas";11600;"";"2019-06-18";"2019-08-01";"";"";"";"Münster";"indelivery";2000;"2020-04-16"
12068;"energy";"electricity";3000;2962;"2020-09-14";"2020-12-01";"";"";"";"Esslingen";"active";1001;"2020-09-22"
12069;"energy";"gas";9600;10276;"2018-05-09";"2018-09-01";"2018-10-31";"2018-09-29";"Umzug";"Frankfurt";"terminated";2000;"2018-09-29"
12070;"energy";"electricity";2800;"";"2018-04-10";"2018-06-01";"2018-06-01";"2019-01-23";"Wiederruf";"Hamburg";"terminated";1000;"2019-01-23"
12071;"energy";"electricity";2300;2334;"2019-08-07";"2020-02-01";"2020-07-31";"2020-07-01";"Umzug";"Bonn";"terminated";1000;"2019-11-06"
12072;"energy";"electricity";2800;3010;"2020-07-23";"2021-05-01";"";"";"";"Bremen";"active";1002;"2020-09-02"
12073;"energy";"electricity";2300;"";"2018-09-03";"2018-12-01";"2020-11-30";"2020-10-31";"fristgerecht durch Kunde";"Münster";"cancelled";1001;"2019-09-21"
12074;"energy";"electricity";2200;2236;"2018-06-29";"2018-12-01";"";"";"";"Hamburg";"indelivery";1002;"2019-09-26"
12075;"energy";"electricity";2500;2619;"2020-01-13";"2020-03-01";"";"";"";"Hamburg";"indelivery";1000;"2020-08-23"
12076;"energy";"electricity";2900;2890;"2020-09-29";"2021-07-01";"";"";"";"Dresden";"active";1002;"2020-09-29"
12077;"energy";"electricity";1900;1956;"2020-02-19";"2020-11-01";"";"";"";"Berlin";"active";1001;"2020-06-29"
12078;"energy";"gas";8300;7893;"2018-01-11";"2018-02-01";"2018-07-31";"2018-07-01";"fristgerecht durch Kunde";"Frankfurt";"terminated";2000;"2018-05-22"
12079;"energy";"electricity";2500;2348;"2020-03-20";"2021-01-01";"";"";"";"Berlin";"active";1002;"2020-06-24"
12080;"energy";"electricity";2300;2351;"2020-02-22";"2020-12-01";"";"";"";"Bremen";"active";1001;"2020-08-10"
12081;"energy";"electricity";2500;2662;"2019-05-12";"2019-09-01";"";"";"";"Kiel";"indelivery";1001;"2020-01-13"
12082;"energy";"gas";10000;10394;"2020-01-20";"2020-03-01";"";"";"";"Berlin";"indelivery";2001;"2020-09-22"
12083;"energy";"electricity";2300;2475;"2020-01-25";"2020-09-01";"";"";"";"Düsseldorf";"indelivery";1001;"2020-02-23"
12084;"energy";"electricity";2300;2291;"2018-04-25";"2018-09-01";"2019-07-31";"2019-07-02";"Umzug";"Karlsruhe";"terminated";1002;"2019-07-02"
12085;"energy";"electricity";2400;2588;"2020-09-19";"2021-04-01";"";"";"";"Frankfurt";"active";1001;"2020-09-28"
12086;"energy";"gas";9700;10158;"2019-06-14";"2019-11-01";"";"";"";"Wuppertal";"indelivery";2000;"2020-08-30"
12087;"energy";"electricity";2500;2457;"2019-11-05";"2020-07-01";"";"";"";"Berlin";"indelivery";1001;"2020-08-09"
12088;"energy";"electricity";2300;2439;"2019-06-27";"2020-02-01";"";"";"";"Bonn";"indelivery";1001;"2019-12-14"
12089;"energy";"electricity";2200;2275;"2020-01-13";"2020-05-01";"";"";"";"Gera";"indelivery";1001;"2020-05-29"
12090;"energy";"gas";9000;9612;"2019-10-12";"2020-06-01";"";"";"";"Dortmund";"indelivery";2001;"2020-06-30"
12091;"energy";"electricity";2600;2731;"2018-06-29";"2018-07-01";"";"";"";"Bremen";"indelivery";1000;"2019-07-21"
12092;"energy";"electricity";2800;2728;"2020-03-12";"2020-11-01";"2020-12-31";"2020-12-02";"fristgerecht durch LichtBlick";"Augsburg";"cancelled";1001;"2020-09-23"
12093;"energy";"electricity";2900;3160;"2020-04-19";"2020-05-01";"2020-08-31";"2020-07-30";"fristgerecht durch Kunde";"Dortmund";"terminated";1000;"2020-07-13"
12094;"energy";"electricity";2800;2898;"2020-07-08";"2020-09-01";"";"";"";"Braunschweig";"indelivery";1001;"2020-08-23"
12095;"energy";"gas";9000;9265;"2019-01-08";"2019-03-01";"";"";"";"Hamburg";"indelivery";2000;"2019-01-26"
12096;"energy";"electricity";2300;2271;"2018-01-03";"2018-03-01";"2018-03-01";"2020-03-02";"Wiederruf";"Berlin";"terminated";1002;"2020-03-02"
12097;"energy";"gas";11000;10747;"2019-11-30";"2020-05-01";"";"";"";"Dresden";"indelivery";2001;"2020-09-15"
12098;"energy";"electricity";2400;2411;"2018-03-16";"2018-06-01";"";"";"";"Hamburg";"indelivery";1002;"2020-06-19"
12099;"energy";"electricity";2500;2453;"2020-03-01";"2020-05-01";"2020-10-31";"2020-10-03";"fristgerecht durch LichtBlick";"Dresden";"cancelled";1002;"2020-03-23"
12100;"energy";"electricity";2200;2172;"2019-08-27";"2019-09-01";"";"";"";"Bielefeld";"indelivery";1001;"2019-11-15"
12101;"energy";"gas";9800;10595;"2019-01-03";"2019-10-01";"";"";"";"Duisburg";"indelivery";2000;"2019-07-12"
12102;"energy";"electricity";2600;2718;"2020-05-12";"2020-08-01";"";"";"";"Flensburg";"indelivery";1001;"2020-05-15"
12103;"energy";"electricity";2500;2563;"2018-08-08";"2019-01-01";"2019-11-30";"2019-11-01";"fristgerecht durch Kunde";"Munich";"terminated";1001;"2019-11-01"
12104;"energy";"electricity";2200;2287;"2018-09-11";"2019-02-01";"";"";"";"Berlin";"indelivery";1002;"2020-06-17"
12105;"energy";"electricity";2100;2059;"2018-01-09";"2018-04-01";"2018-08-31";"2018-08-01";"fristgerecht durch LichtBlick";"Munich";"terminated";1001;"2018-08-01"
12106;"energy";"gas";9200;9248;"2020-05-15";"2020-07-01";"2020-12-31";"2020-11-28";"fristgerecht durch LichtBlick";"Korbach";"cancelled";2000;"2020-06-09"
12107;"energy";"electricity";2300;2489;"2018-07-17";"2019-01-01";"";"";"";"Oldenburg";"indelivery";1002;"2018-09-27"
12108;"energy";"electricity";2500;2584;"2019-10-12";"2020-03-01";"";"";"";"Berlin";"indelivery";1002;"2019-10-12"
12109;"energy";"gas";9200;9069;"2018-03-03";"2018-09-01";"";"";"";"Berlin";"indelivery";2000;"2018-11-16"
12110;"energy";"electricity";2600;2590;"2020-09-07";"2020-10-01";"";"";"";"Dresden";"indelivery";1001;"2020-09-13"
12111;"energy";"electricity";2300;2360;"2018-02-21";"2018-06-01";"2018-06-01";"2019-06-01";"Wiederruf";"Berlin";"terminated";1000;"2019-02-07"
12112;"energy";"electricity";2500;2529;"2019-06-01";"2019-09-01";"";"";"";"Leipzig";"indelivery";1000;"2020-02-06"
12113;"energy";"electricity";2200;2380;"2020-09-26";"2021-04-01";"";"";"";"Mainz";"active";1001;"2020-09-26"
12114;"energy";"electricity";2900;2768;"2018-07-29";"2018-10-01";"";"";"";"Osnabrück";"indelivery";1002;"2019-04-26"
12115;"energy";"electricity";2400;2460;"2018-09-24";"2018-12-01";"";"";"";"Berlin";"indelivery";1000;"2019-07-10"
12116;"energy";"electricity";2200;2088;"2020-01-13";"2020-09-01";"";"";"";"Munich";"indelivery";1002;"2020-06-30"
12117;"energy";"electricity";2800;2721;"2018-12-03";"2019-02-01";"";"";"";"Münster";"indelivery";1000;"2020-07-23"
12118;"energy";"electricity";2500;2490;"2019-01-08";"2019-06-01";"";"";"";"Osnabrück";"indelivery";1000;"2020-02-20"
12119;"energy";"electricity";2600;2657;"2020-02-15";"2020-03-01";"";"";"";"Rostock";"indelivery";1002;"2020-03-23"
12120;"energy";"electricity";2400;2543;"2019-06-04";"2019-09-01";"";"";"";"Braunschweig";"indelivery";1001;"2019-10-05"
12121;"energy";"electricity";2500;2457;"2018-06-11";"2018-09-01";"";"";"";"Düsseldorf";"indelivery";1000;"2018-11-24"
12122;"energy";"electricity";2100;2195;"2019-11-16";"2020-02-01";"2020-12-31";"2020-12-03";"Umzug";"Augsburg";"cancelled";1001;"2019-12-30"
12123;"energy";"electricity";2800;2878;"2020-04-22";"2020-07-01";"";"";"";"Braunschweig";"indelivery";1000;"2020-05-27"
12124;"energy";"electricity";2100;2265;"2018-08-30";"2019-02-01";"";"";"";"Munich";"indelivery";1000;"2019-10-28"
12125;"energy";"electricity";2500;2361;"2018-10-09";"2018-11-01";"2019-07-31";"2019-07-02";"fristgerecht durch Kunde";"Cologne";"terminated";1000;"2018-11-17"
12126;"energy";"electricity";2100;2047;"2018-12-27";"2019-03-01";"";"";"";"Stuttgart";"indelivery";1001;"2019-04-01"
12127;"energy";"electricity";2600;2704;"2020-04-07";"2020-05-01";"";"";"";"Gießen";"indelivery";1002;"2020-05-29"
12128;"energy";"electricity";2700;2945;"2020-05-26";"2020-07-01";"";"";"";"Mainz";"indelivery";1000;"2020-09-15"
12129;"energy";"electricity";2400;2440;"2019-04-22";"2019-07-01";"";"";"";"Cologne";"indelivery";1002;"2019-04-29"
12130;"energy";"electricity";2300;2232;"2019-05-02";"2019-07-01";"";"";"";"Freiburg";"indelivery";1001;"2020-01-21"
12131;"energy";"electricity";2600;2506;"2019-09-21";"2019-12-01";"";"";"";"Ulm";"indelivery";1000;"2019-11-11"
12132;"energy";"electricity";2700;2699;"2018-04-18";"2018-05-01";"";"";"";"Freiburg";"indelivery";1001;"2019-10-15"
12133;"energy";"electricity";2300;2384;"2020-05-03";"2021-02-01";"";"";"";"Magdeburg";"active";1000;"2020-09-26"
12134;"energy";"electricity";2000;2117;"2019-04-01";"2020-01-01";"";"";"";"Flensburg";"indelivery";1001;"2020-08-04"
12135;"energy";"electricity";2200;2316;"2018-10-25";"2018-12-01";"";"";"";"Bad Neustadt";"indelivery";1000;"2020-07-22"
12136;"energy";"electricity";1900;1802;"2018-09-25";"2018-11-01";"";"";"";"Munich";"indelivery";1001;"2020-05-22"
12137;"energy";"electricity";2400;2465;"2020-07-25";"2020-08-01";"";"";"";"Bielefeld";"indelivery";1002;"2020-08-07"
12138;"energy";"electricity";2300;2299;"2020-05-07";"2020-07-01";"";"";"";"Berlin";"indelivery";1001;"2020-08-05"
12139;"energy";"electricity";3000;3058;"2020-02-28";"2020-06-01";"";"";"";"Essen";"indelivery";1000;"2020-09-24"
12140;"energy";"electricity";2200;2306;"2018-04-15";"2019-01-01";"";"";"";"Cologne";"indelivery";1000;"2019-11-18"
12141;"energy";"electricity";2500;2424;"2020-09-05";"2021-05-01";"";"";"";"Bielefeld";"active";1000;"2020-09-30"
12142;"energy";"electricity";2900;2848;"2020-05-15";"2020-12-01";"";"";"";"Münster";"active";1001;"2020-07-06"
12143;"energy";"electricity";2500;2414;"2019-12-18";"2020-02-01";"";"";"";"Berlin";"indelivery";1002;"2020-07-29"
12144;"energy";"electricity";2200;2209;"2018-07-19";"2019-05-01";"";"";"";"Düsseldorf";"indelivery";1001;"2019-07-28"
12145;"energy";"electricity";2200;2224;"2019-11-03";"2020-05-01";"";"";"";"Osnabrück";"indelivery";1000;"2020-09-24"
12146;"energy";"electricity";2700;2611;"2019-05-30";"2019-07-01";"";"";"";"Hamburg";"indelivery";1001;"2019-06-20"
12147;"energy";"electricity";2900;2752;"2018-06-08";"2018-09-01";"";"";"";"Berlin";"indelivery";1002;"2020-07-20"
12148;"energy";"electricity";2400;2423;"2020-05-08";"2020-06-01";"";"";"";"Coburg";"indelivery";1001;"2020-08-02"
12149;"energy";"electricity";2500;2515;"2020-09-18";"2021-05-01";"";"";"";"Coburg";"active";1000;"2020-09-29"
12150;"energy";"electricity";2000;1955;"2019-03-25";"2019-09-01";"";"";"";"Augsburg";"indelivery";1002;"2019-10-29"
12151;"energy";"electricity";2400;2546;"2018-02-14";"2018-05-01";"";"";"";"Regensburg";"indelivery";1000;"2019-11-07"
12152;"energy";"gas";8700;8920;"2020-06-17";"2021-04-01";"";"";"";"Gießen";"active";2000;"2020-06-26"
12153;"energy";"electricity";2900;2911;"2018-04-30";"2018-05-01";"";"";"";"Berlin";"indelivery";1001;"2019-03-27"
12154;"energy";"electricity";2700;2786;"2019-09-19";"2020-02-01";"";"";"";"Kassel";"indelivery";1002;"2020-04-23"
12155;"energy";"electricity";2500;2454;"2018-11-27";"2019-05-01";"2020-11-30";"2020-10-31";"fristgerecht durch Kunde";"Hannover";"cancelled";1000;"2019-04-29"
12156;"energy";"electricity";2500;2575;"2018-10-29";"2018-11-01";"";"";"";"Braunschweig";"indelivery";1000;"2020-09-23"
12157;"energy";"electricity";2900;2902;"2019-01-16";"2019-09-01";"";"";"";"Mainz";"indelivery";1001;"2020-09-13"
12158;"energy";"gas";10900;11782;"2020-02-24";"2020-09-01";"";"";"";"Regensburg";"indelivery";2000;"2020-04-27"
12159;"energy";"electricity";2500;2660;"2020-02-04";"2020-07-01";"";"";"";"Essen";"indelivery";1000;"2020-07-21"
12160;"energy";"electricity";2200;2270;"2018-09-22";"2019-03-01";"";"";"";"Cologne";"indelivery";1000;"2019-10-18"
12161;"energy";"gas";9200;9386;"2020-05-24";"2020-07-01";"";"";"";"Berlin";"indelivery";2001;"2020-06-09"
12162;"energy";"electricity";2100;2252;"2020-09-15";"2021-01-01";"";"";"";"Leipzig";"active";1001;"2020-09-20"
12163;"energy";"electricity";2600;2749;"2018-10-04";"2019-03-01";"2020-07-31";"2020-07-03";"Umzug";"Hamburg";"terminated";1002;"2018-11-14"
12164;"energy";"gas";8100;8693;"2020-02-07";"2020-08-01";"";"";"";"Hamburg";"indelivery";2000;"2020-08-03"
12165;"energy";"gas";9900;10519;"2020-08-12";"2020-09-01";"";"";"";"Heidelberg";"indelivery";2001;"2020-09-23"
12166;"energy";"gas";10500;10873;"2019-02-01";"2019-03-01";"";"";"";"Rostock";"indelivery";2000;"2019-03-21"
12167;"energy";"electricity";2300;2490;"2020-01-11";"2020-05-01";"2020-12-31";"2020-12-02";"fristgerecht durch Kunde";"Berlin";"cancelled";1000;"2020-08-26"
12168;"energy";"electricity";2200;2128;"2018-09-05";"2019-01-01";"";"";"";"Hannover";"indelivery";1002;"2020-03-15"
12169;"energy";"electricity";2700;2921;"2018-07-02";"2018-08-01";"";"";"";"Karlsruhe";"indelivery";1001;"2019-08-08"
12170;"energy";"electricity";2700;"";"2019-12-30";"2020-04-01";"";"";"";"Oldenburg";"indelivery";1000;"2020-07-19"
12171;"energy";"gas";8200;7836;"2018-11-23";"2019-05-01";"";"";"";"Hamburg";"indelivery";2000;"2020-08-26"
12172;"energy";"electricity";2000;2134;"2019-08-16";"2019-10-01";"2020-08-31";"2020-08-03";"Umzug";"Schwerin";"terminated";1001;"2020-07-11"
12173;"energy";"gas";10800;10362;"2019-03-23";"2019-05-01";"";"";"";"Frankfurt";"indelivery";2000;"2019-11-15"
12174;"energy";"electricity";2900;3069;"2020-02-11";"2020-03-01";"";"";"";"Lübeck";"indelivery";1002;"2020-05-19"
12175;"energy";"electricity";2500;2562;"2019-08-12";"2020-04-01";"";"";"";"Altchemnitz";"indelivery";1001;"2019-08-26"
12176;"energy";"electricity";2900;2834;"2019-12-24";"2020-07-01";"";"";"";"Mannheim";"indelivery";1000;"2020-06-06"
12177;"energy";"electricity";2800;2806;"2020-05-18";"2020-08-01";"";"";"";"Duisburg";"indelivery";1002;"2020-07-12"
12178;"energy";"gas";10600;11295;"2019-12-18";"2020-05-01";"";"";"";"Essen";"indelivery";2001;"2020-06-17"
12179;"energy";"gas";12000;11585;"2019-06-19";"2019-09-01";"2019-09-01";"2020-05-30";"Wiederruf";"Wuppertal";"terminated";2000;"2019-06-28"
12180;"energy";"gas";11100;11525;"2020-02-26";"2020-10-01";"";"";"";"Berlin";"indelivery";2001;"2020-08-13"
12181;"energy";"electricity";2400;2359;"2019-07-29";"2019-08-01";"";"";"";"Hamburg";"indelivery";1002;"2019-09-08"
12182;"energy";"gas";7900;8410;"2018-03-13";"2018-05-01";"";"";"";"Hamburg";"indelivery";2000;"2019-08-28"
12183;"energy";"electricity";2600;2480;"2020-01-14";"2020-04-01";"";"";"";"Hamburg";"indelivery";1002;"2020-07-22"
12184;"energy";"electricity";2900;3068;"2018-06-16";"2018-10-01";"";"";"";"Bremen";"indelivery";1000;"2020-04-23"
12185;"energy";"gas";8900;9299;"2020-06-18";"2020-08-01";"";"";"";"Cologne";"indelivery";2001;"2020-09-27"
12186;"energy";"electricity";2300;2483;"2018-02-08";"2019-02-01";"2020-01-31";"2019-12-25";"fristgerecht durch LichtBlick";"Hamburg";"terminated";1000;"2019-12-25"
12187;"energy";"electricity";2200;2234;"2019-06-06";"2019-09-01";"";"";"";"Berlin";"indelivery";1000;"2020-02-29"
12188;"energy";"electricity";2900;2926;"2018-01-21";"2018-02-01";"2018-02-01";"2018-05-01";"Wiederruf";"Altchemnitz";"terminated";1001;"2018-05-01"
12189;"energy";"electricity";2600;2742;"2019-08-02";"2019-11-01";"";"";"";"Marienberg";"indelivery";1000;"2020-06-23"
12190;"energy";"electricity";2400;2540;"2019-08-22";"2019-11-01";"";"";"";"Berlin";"indelivery";1000;"2020-09-24"
12191;"energy";"electricity";2100;2149;"2020-08-17";"2021-01-01";"";"";"";"Erfurt";"active";1002;"2020-08-30"
12192;"energy";"electricity";2500;2451;"2019-04-16";"2019-05-01";"";"";"";"Hamburg";"indelivery";1001;"2019-07-29"
12193;"energy";"electricity";2700;2905;"2019-12-28";"2020-02-01";"";"";"";"Düsseldorf";"indelivery";1001;"2020-03-17"
12194;"energy";"electricity";2500;2508;"2018-09-17";"2018-11-01";"2019-02-28";"2019-01-31";"Umzug";"Berlin";"terminated";1002;"2018-12-14"
12195;"energy";"electricity";2900;2981;"2019-02-11";"2020-04-01";"";"";"";"Neumarkt";"indelivery";1002;"2020-04-02"
12196;"energy";"electricity";2800;2938;"2020-05-07";"2020-07-01";"";"";"";"Leipzig";"indelivery";1000;"2020-07-14"
12197;"energy";"electricity";2700;2803;"2020-09-10";"2021-05-01";"";"";"";"Kassel";"active";1000;"2020-09-12"
12198;"energy";"electricity";2900;2957;"2020-09-22";"2020-10-01";"";"";"";"Dresden";"indelivery";1002;"2020-09-23"
12199;"energy";"electricity";2500;2638;"2018-11-20";"2019-03-01";"";"";"";"Berlin";"indelivery";1002;"2020-05-19"
12200;"energy";"electricity";2300;2338;"2018-11-17";"2019-09-01";"2020-08-31";"2020-07-31";"Umzug";"Heidelberg";"terminated";1000;"2019-09-17"
12201;"energy";"electricity";2300;"";"2019-11-27";"2020-07-01";"";"";"";"Berlin";"indelivery";1000;"2020-02-08"
12202;"energy";"electricity";2000;2154;"2020-07-26";"2020-09-01";"2020-10-31";"2020-09-24";"fristgerecht durch LichtBlick";"Münster";"cancelled";1001;"2020-09-07"
12203;"energy";"gas";12600;12141;"2018-06-10";"2018-07-01";"2018-07-01";"2019-08-31";"Wiederruf";"Minden";"terminated";2001;"2019-04-01"
12204;"energy";"electricity";2600;2523;"2018-12-23";"2019-02-01";"";"";"";"Berlin";"indelivery";1001;"2020-09-18"
12205;"energy";"electricity";1900;1974;"2020-04-21";"2020-07-01";"";"";"";"Munich";"indelivery";1001;"2020-09-05"
12206;"energy";"electricity";2600;2793;"2018-03-31";"2018-08-01";"";"";"";"Essen";"indelivery";1001;"2019-04-29"
12207;"energy";"gas";9700;9734;"2019-06-20";"2019-08-01";"2020-09-30";"2020-08-30";"Umzug";"Düsseldorf";"terminated";2000;"2019-12-28"
12208;"energy";"gas";9500;9285;"2019-07-08";"2019-08-01";"";"";"";"Bonn";"indelivery";2001;"2019-08-30"
12209;"energy";"electricity";2400;2470;"2019-08-19";"2019-11-01";"";"";"";"Berlin";"indelivery";1002;"2019-10-21"
12210;"energy";"electricity";2100;2251;"2018-04-07";"2019-01-01";"2019-01-01";"2020-03-30";"Wiederruf";"Stuttgart";"terminated";1001;"2019-02-11"
12211;"energy";"electricity";2400;2579;"2019-11-17";"2020-06-01";"";"";"";"Berlin";"indelivery";1002;"2020-04-17"
12212;"energy";"gas";10400;10376;"2019-04-04";"2019-06-01";"2019-06-01";"2019-12-03";"Wiederruf";"Hamburg";"terminated";2001;"2019-05-16"
12213;"energy";"electricity";2200;2296;"2019-06-06";"2019-10-01";"";"";"";"Marienberg";"indelivery";1002;"2020-03-22"
12214;"energy";"electricity";2200;2139;"2019-08-10";"2020-03-01";"";"";"";"Ulm";"indelivery";1000;"2020-08-09"
12215;"energy";"electricity";2400;"";"2018-12-15";"2019-05-01";"";"";"";"Münster";"indelivery";1000;"2020-08-16"
12216;"energy";"electricity";2800;2797;"2018-12-19";"2019-02-01";"2019-05-31";"2019-04-25";"fristgerecht durch Kunde";"Berlin";"terminated";1002;"2019-04-25"
12217;"energy";"electricity";2600;2729;"2018-03-22";"2018-08-01";"";"";"";"Bremen";"indelivery";1001;"2019-12-20"
12218;"energy";"electricity";2700;2672;"2018-05-31";"2018-09-01";"2019-03-31";"2019-03-02";"fristgerecht durch LichtBlick";"Munich";"terminated";1000;"2019-03-02"
12219;"energy";"gas";11200;11609;"2019-05-22";"2020-02-01";"";"";"";"Wittlich";"indelivery";2001;"2019-10-20"
12220;"energy";"electricity";2300;2421;"2020-07-30";"2021-01-01";"";"";"";"Gera";"active";1001;"2020-09-14"
12221;"energy";"electricity";2300;2281;"2019-05-22";"2019-06-01";"";"";"";"Mühldorf";"indelivery";1000;"2020-03-24"
12222;"energy";"electricity";2000;1957;"2020-09-23";"2021-01-01";"";"";"";"Karlsruhe";"active";1002;"2020-09-29"
12223;"energy";"electricity";2600;2545;"2019-03-19";"2019-04-01";"";"";"";"Stuttgart";"indelivery";1001;"2020-03-30"
12224;"energy";"electricity";2600;2603;"2019-03-24";"2019-06-01";"";"";"";"Düsseldorf";"indelivery";1002;"2019-10-17"
12225;"energy";"gas";8200;8009;"2018-06-14";"2018-10-01";"";"";"";"Frankfurt";"indelivery";2001;"2019-11-22"
12226;"energy";"electricity";2000;2050;"2020-03-21";"2020-08-01";"";"";"";"Hamburg";"indelivery";1002;"2020-04-03"
12227;"energy";"electricity";2700;2932;"2019-11-20";"2019-12-01";"";"";"";"Bremen";"indelivery";1001;"2020-03-16"
12228;"energy";"electricity";2600;2677;"2020-06-18";"2020-10-01";"";"";"";"Gießen";"indelivery";1000;"2020-08-29"
12229;"energy";"gas";9000;9251;"2019-11-20";"2020-03-01";"";"";"";"Hamburg";"indelivery";2001;"2020-07-21"
12230;"energy";"electricity";2500;2681;"2018-09-17";"2019-01-01";"";"";"";"Dresden";"indelivery";1001;"2019-08-14"
12231;"energy";"electricity";2200;2089;"2018-09-12";"2018-11-01";"";"";"";"Berlin";"indelivery";1001;"2018-12-02"
12232;"energy";"electricity";2100;2006;"2019-10-08";"2020-02-01";"2020-10-31";"2020-09-20";"fristgerecht durch LichtBlick";"Koblenz";"cancelled";1002;"2020-04-26"
12233;"energy";"gas";10700;10247;"2018-01-18";"2018-02-01";"2018-02-01";"2020-03-29";"Wiederruf";"Erfurt";"terminated";2000;"2019-10-24"
12234;"energy";"electricity";2700;2795;"2020-05-15";"2020-06-01";"";"";"";"Gießen";"indelivery";1001;"2020-06-30"
12235;"energy";"electricity";2500;2475;"2018-12-20";"2019-03-01";"";"";"";"Munich";"indelivery";1002;"2020-08-24"
12236;"energy";"electricity";2700;2816;"2018-11-10";"2018-12-01";"";"";"";"Wiesbaden";"indelivery";1000;"2019-06-20"
12237;"energy";"gas";11300;11445;"2019-06-18";"2019-11-01";"2020-05-31";"2020-05-01";"fristgerecht durch Kunde";"Hamburg";"terminated";2001;"2019-10-04"
12238;"energy";"electricity";2600;2468;"2018-12-23";"2019-03-01";"";"";"";"Hamburg";"indelivery";1000;"2020-01-06"
12239;"energy";"electricity";2600;2706;"2020-09-15";"2021-02-01";"";"";"";"Münster";"active";1001;"2020-09-29"
12240;"energy";"electricity";2500;2430;"2019-12-12";"2020-03-01";"";"";"";"Stuttgart";"indelivery";1001;"2020-08-20"
12241;"energy";"gas";12200;12166;"2020-01-22";"2020-02-01";"2020-11-30";"2020-11-02";"Umzug";"Saalfeld";"cancelled";2001;"2020-02-20"
12242;"energy";"electricity";2400;2400;"2018-10-16";"2019-03-01";"2019-11-30";"2019-11-02";"fristgerecht durch Kunde";"Stuttgart";"terminated";1000;"2019-11-02"
12243;"energy";"electricity";2800;"";"2018-07-10";"2018-10-01";"";"";"";"Essen";"indelivery";1000;"2020-03-08"
12244;"energy";"electricity";2100;2098;"2020-06-25";"2020-07-01";"";"";"";"Oldenburg";"indelivery";1000;"2020-07-15"
12245;"energy";"electricity";2500;2407;"2018-06-16";"2018-09-01";"";"";"";"Heidelberg";"indelivery";1000;"2019-11-02"
12246;"energy";"electricity";2300;"";"2020-04-10";"2020-08-01";"";"";"";"Berlin";"indelivery";1001;"2020-08-31"
12247;"energy";"electricity";2300;2493;"2019-01-31";"2019-08-01";"";"";"";"Berlin";"indelivery";1001;"2020-06-20"
12248;"energy";"electricity";2500;2538;"2019-08-02";"2020-08-01";"";"";"";"Cologne";"indelivery";1000;"2020-04-19"
12249;"energy";"electricity";2600;2450;"2020-04-08";"2020-11-01";"";"";"";"Munich";"active";1000;"2020-05-23"
12250;"energy";"electricity";2800;2680;"2019-11-11";"2020-09-01";"";"";"";"Munich";"indelivery";1001;"2020-02-13"
12251;"energy";"electricity";2600;2659;"2018-02-12";"2018-06-01";"";"";"";"Berlin";"indelivery";1000;"2018-11-19"
12252;"energy";"electricity";2800;2658;"2018-03-17";"2018-06-01";"";"";"";"Berlin";"indelivery";1000;"2019-02-26"
12253;"energy";"gas";10900;11406;"2020-09-05";"2021-03-01";"";"";"";"Stuttgart";"active";2001;"2020-09-07"
12254;"energy";"electricity";2700;2634;"2019-07-15";"2019-10-01";"2020-05-31";"2020-05-02";"Umzug";"Wuppertal";"terminated";1002;"2020-05-02"
12255;"energy";"electricity";2900;2917;"2018-10-22";"2018-12-01";"";"";"";"Magdeburg";"indelivery";1000;"2019-10-13"
12256;"energy";"electricity";2200;2162;"2018-08-20";"2018-12-01";"";"";"";"Erfurt";"indelivery";1000;"2020-08-25"
12257;"energy";"gas";11600;"";"2019-07-29";"2019-10-01";"";"";"";"Oldenburg";"indelivery";2000;"2020-05-28"
12258;"energy";"electricity";2100;2279;"2018-10-13";"2018-12-01";"";"";"";"Rosenheim";"indelivery";1000;"2019-03-23"
12259;"energy";"electricity";2200;2190;"2020-02-18";"2021-05-01";"";"";"";"Hamburg";"active";1002;"2020-05-23"
12260;"energy";"electricity";2900;3011;"2018-01-15";"2018-06-01";"";"";"";"Mainz";"indelivery";1000;"2020-01-19"
12261;"energy";"electricity";2300;2506;"2020-04-08";"2020-08-01";"";"";"";"Helmstedt";"indelivery";1000;"2020-06-02"
12262;"energy";"electricity";2600;"";"2020-08-29";"2020-11-01";"";"";"";"Altchemnitz";"active";1002;"2020-09-29"
12263;"energy";"electricity";2600;2768;"2020-05-17";"2020-11-01";"";"";"";"Hamburg";"active";1002;"2020-05-17"
12264;"energy";"electricity";2100;2053;"2019-01-18";"2019-07-01";"";"";"";"Wuppertal";"indelivery";1002;"2019-06-20"
12265;"energy";"electricity";1900;1874;"2019-05-26";"2019-09-01";"";"";"";"Hamburg";"indelivery";1000;"2020-03-02"
12266;"energy";"electricity";2500;2426;"2020-03-26";"2020-09-01";"";"";"";"Cologne";"indelivery";1000;"2020-07-21"
12267;"energy";"gas";8800;8758;"2019-10-04";"2019-11-01";"";"";"";"Cologne";"indelivery";2001;"2020-09-26"
12268;"energy";"electricity";2600;2710;"2018-07-09";"2019-02-01";"2020-09-30";"2020-08-25";"fristgerecht durch Kunde";"Leipzig";"terminated";1002;"2020-06-08"
12269;"energy";"electricity";2800;2849;"2019-11-30";"2019-12-01";"2019-12-01";"2020-07-31";"Wiederruf";"Bad Kissingen";"terminated";1002;"2020-05-01"
12270;"energy";"gas";9600;9926;"2020-04-09";"2020-05-01";"";"";"";"Bielefeld";"indelivery";2001;"2020-09-27"
12271;"energy";"electricity";2200;2235;"2020-06-08";"2020-08-01";"";"";"";"Erfurt";"indelivery";1002;"2020-07-05"
12272;"energy";"gas";11100;11096;"2018-05-14";"2018-09-01";"";"";"";"Kiel";"indelivery";2000;"2020-06-25"
12273;"energy";"gas";10800;11582;"2018-02-10";"2018-09-01";"";"";"";"Munich";"indelivery";2001;"2018-06-01"
12274;"energy";"gas";8100;8313;"2018-03-25";"2018-04-01";"";"";"";"Berlin";"indelivery";2000;"2020-02-27"
12275;"energy";"electricity";2300;2431;"2019-11-02";"2020-01-01";"";"";"";"Kiel";"indelivery";1001;"2020-05-25"
12276;"energy";"electricity";2000;2025;"2020-02-07";"2020-05-01";"";"";"";"Stralsund";"indelivery";1000;"2020-08-06"
12277;"energy";"electricity";1900;1797;"2020-09-29";"2021-03-01";"";"";"";"Munich";"active";1001;"2020-09-29"
12278;"energy";"electricity";2200;"";"2018-10-30";"2019-10-01";"";"";"";"Hamburg";"indelivery";1000;"2018-12-20"
12279;"energy";"electricity";2500;2446;"2020-04-24";"2020-08-01";"";"";"";"Gießen";"indelivery";1002;"2020-06-29"
12280;"energy";"electricity";2200;2232;"2018-11-25";"2019-02-01";"2019-02-01";"2020-08-29";"Wiederruf";"Cologne";"terminated";1002;"2020-02-05"
12281;"energy";"electricity";2500;2666;"2018-12-24";"2019-08-01";"2020-09-30";"2020-09-02";"fristgerecht durch Kunde";"Frankfurt";"terminated";1000;"2019-04-15"
12282;"energy";"electricity";2700;2659;"2020-09-16";"2021-04-01";"";"";"";"Karlsruhe";"active";1002;"2020-09-27"
12283;"energy";"electricity";2100;2192;"2018-01-23";"2018-03-01";"2020-03-31";"2020-03-01";"fristgerecht durch LichtBlick";"Weißenburg";"terminated";1002;"2020-03-01"
12284;"energy";"electricity";2200;2102;"2018-06-18";"2018-11-01";"";"";"";"Göppingen";"indelivery";1001;"2020-08-10"
12285;"energy";"electricity";2300;2245;"2020-07-20";"2020-10-01";"";"";"";"Berlin";"indelivery";1000;"2020-09-26"
12286;"energy";"gas";9500;10082;"2020-04-09";"2020-12-01";"";"";"";"Berlin";"active";2000;"2020-07-18"
12287;"energy";"electricity";2300;2282;"2019-01-25";"2019-03-01";"2019-07-31";"2019-07-03";"fristgerecht durch Kunde";"Kassel";"terminated";1000;"2019-05-20"
12288;"energy";"electricity";2800;2831;"2020-09-01";"2020-11-01";"";"";"";"Frankfurt";"active";1001;"2020-09-30"
12289;"energy";"electricity";2700;2653;"2019-03-10";"2019-05-01";"";"";"";"Stuttgart";"indelivery";1000;"2019-03-19"
12290;"energy";"electricity";2300;2375;"2018-07-21";"2018-09-01";"2020-03-31";"2020-03-03";"fristgerecht durch Kunde";"Munich";"terminated";1001;"2020-03-03"
12291;"energy";"electricity";2500;2459;"2019-02-19";"2019-05-01";"";"";"";"Duisburg";"indelivery";1002;"2020-02-01"
12292;"energy";"electricity";2600;"";"2018-03-10";"2018-05-01";"";"";"";"Cologne";"indelivery";1001;"2019-02-22"
12293;"energy";"electricity";2200;2335;"2019-07-03";"2019-10-01";"";"";"";"Leipzig";"indelivery";1000;"2020-07-08"
12294;"energy";"electricity";2100;"";"2020-07-15";"2021-02-01";"";"";"";"Hamburg";"active";1000;"2020-09-07"
12295;"energy";"electricity";2800;2894;"2018-06-09";"2018-10-01";"";"";"";"Bonn";"indelivery";1001;"2019-03-20"
12296;"energy";"electricity";2000;2022;"2018-09-20";"2020-01-01";"";"";"";"Stuttgart";"indelivery";1000;"2020-08-04"
12297;"energy";"electricity";2700;2893;"2020-05-31";"2020-08-01";"";"";"";"Hamburg";"indelivery";1001;"2020-06-22"
12298;"energy";"electricity";2800;2960;"2020-03-11";"2020-05-01";"";"";"";"Merzig";"indelivery";1001;"2020-05-13"
12299;"energy";"electricity";2200;2326;"2019-01-17";"2019-09-01";"";"";"";"Schwerin";"indelivery";1001;"2019-08-09"
12300;"energy";"gas";8300;8785;"2019-05-24";"2019-07-01";"2020-10-31";"2020-10-03";"Umzug";"Karlsruhe";"cancelled";2000;"2019-11-05"
12301;"energy";"electricity";2600;2734;"2020-08-10";"2021-09-01";"";"";"";"Nordhausen";"active";1001;"2020-09-08"
12302;"energy";"gas";10700;10602;"2018-11-22";"2019-01-01";"";"";"";"Berlin";"indelivery";2000;"2020-03-15"
12303;"energy";"electricity";2000;2067;"2020-04-06";"2020-10-01";"";"";"";"Karlsruhe";"indelivery";1000;"2020-07-10"
12304;"energy";"electricity";2300;2224;"2019-07-22";"2019-11-01";"";"";"";"Lübeck";"indelivery";1001;"2019-07-23"
12305;"energy";"electricity";2100;2133;"2018-12-01";"2019-01-01";"";"";"";"Hamburg";"indelivery";1000;"2020-03-19"
12306;"energy";"electricity";2200;2270;"2018-07-11";"2018-11-01";"2019-08-31";"2019-08-03";"fristgerecht durch Kunde";"Leipzig";"terminated";1002;"2019-08-03"
12307;"energy";"electricity";2600;2593;"2020-09-07";"2021-03-01";"";"";"";"Berlin";"active";1000;"2020-09-16"
12308;"energy";"electricity";2700;2693;"2019-09-24";"2020-01-01";"";"";"";"Munich";"indelivery";1002;"2020-08-08"
12309;"energy";"electricity";2600;2627;"2019-06-08";"2019-07-01";"";"";"";"Berlin";"indelivery";1001;"2020-06-12"
12310;"energy";"electricity";2200;"";"2020-08-02";"2020-10-01";"";"";"";"Wiesbaden";"indelivery";1000;"2020-09-22"
12311;"energy";"electricity";2700;2916;"2018-07-31";"2019-01-01";"2019-09-30";"2019-08-29";"Umzug";"Hamburg";"terminated";1001;"2019-02-24"
12312;"energy";"electricity";2300;2323;"2020-01-19";"2020-02-01";"";"";"";"Frankfurt";"indelivery";1002;"2020-08-03"
12313;"energy";"electricity";2500;2387;"2019-08-05";"2020-01-01";"";"";"";"Düsseldorf";"indelivery";1002;"2020-01-20"
12314;"energy";"gas";11200;11014;"2018-12-26";"2019-02-01";"";"";"";"Duisburg";"indelivery";2001;"2019-07-28"
12315;"energy";"electricity";2500;2460;"2019-10-26";"2020-01-01";"";"";"";"Frankfurt";"indelivery";1001;"2020-09-15"
12316;"energy";"electricity";2600;2709;"2018-07-02";"2018-09-01";"";"";"";"Sangerhausen";"indelivery";1002;"2019-02-11"
12317;"energy";"electricity";2400;2335;"2020-03-03";"2020-04-01";"";"";"";"Düsseldorf";"indelivery";1000;"2020-08-12"
12318;"energy";"electricity";2500;2703;"2020-03-22";"2020-05-01";"";"";"";"Dortmund";"indelivery";1000;"2020-06-04"
12319;"energy";"electricity";2800;"";"2018-11-07";"2019-03-01";"";"";"";"Cologne";"indelivery";1002;"2020-08-30"
12320;"energy";"electricity";2400;2496;"2018-04-07";"2018-05-01";"2020-07-31";"2020-07-03";"Umzug";"Duisburg";"terminated";1001;"2018-11-03"
12321;"energy";"electricity";2400;2277;"2018-03-19";"2018-06-01";"";"";"";"Mannheim";"indelivery";1000;"2019-11-18"
12322;"energy";"electricity";2500;2422;"2020-02-02";"2020-09-01";"";"";"";"Mannheim";"indelivery";1000;"2020-09-19"
12323;"energy";"gas";8700;8617;"2020-05-28";"2020-10-01";"";"";"";"Hamburg";"indelivery";2000;"2020-09-13"
12324;"energy";"electricity";2600;2552;"2019-10-08";"2019-12-01";"";"";"";"Munich";"indelivery";1002;"2019-11-19"
12325;"energy";"electricity";2600;2559;"2018-08-12";"2018-09-01";"2018-09-01";"2019-10-03";"Wiederruf";"Munich";"terminated";1000;"2019-10-03"
12326;"energy";"electricity";2400;2394;"2018-06-30";"2018-10-01";"";"";"";"Essen";"indelivery";1001;"2018-09-21"
12327;"energy";"electricity";2100;2164;"2018-09-23";"2019-09-01";"";"";"";"Cologne";"indelivery";1002;"2020-02-16"
12328;"energy";"electricity";2900;2855;"2019-02-19";"2019-03-01";"2019-12-31";"2019-11-26";"fristgerecht durch Kunde";"Lübeck";"terminated";1002;"2019-11-26"
12329;"energy";"electricity";2900;2950;"2018-06-02";"2018-08-01";"";"";"";"Eschwege";"indelivery";1000;"2019-01-15"
12330;"energy";"electricity";2700;2649;"2020-05-31";"2020-07-01";"2020-07-01";"2020-09-02";"Wiederruf";"Berlin";"terminated";1001;"2020-07-25"
12331;"energy";"electricity";2600;"";"2020-06-04";"2020-09-01";"";"";"";"Kassel";"indelivery";1002;"2020-06-11"
12332;"energy";"electricity";2400;2487;"2019-12-31";"2020-02-01";"";"";"";"Wuppertal";"indelivery";1001;"2020-04-03"
12333;"energy";"electricity";2400;2593;"2019-12-07";"2020-01-01";"";"";"";"Düsseldorf";"indelivery";1000;"2020-08-15"
12334;"energy";"electricity";2200;2266;"2018-11-30";"2019-07-01";"2019-09-30";"2019-09-01";"Umzug";"Hamburg";"terminated";1000;"2019-09-01"
12335;"energy";"gas";11800;11913;"2019-10-02";"2020-02-01";"";"";"";"Cologne";"indelivery";2001;"2020-05-21"
12336;"energy";"gas";9900;10255;"2020-02-19";"2020-04-01";"";"";"";"Düsseldorf";"indelivery";2001;"2020-09-08"
12337;"energy";"electricity";2600;2774;"2018-01-20";"2018-03-01";"";"";"";"Berlin";"indelivery";1002;"2019-07-19"
12338;"energy";"electricity";2900;2826;"2020-06-12";"2020-08-01";"";"";"";"Leipzig";"indelivery";1000;"2020-06-22"
12339;"energy";"electricity";2700;"";"2020-08-01";"2020-08-01";"";"";"";"Braunschweig";"indelivery";1001;"2020-09-04"
12340;"energy";"electricity";2900;3119;"2018-04-22";"2018-05-01";"2018-05-01";"2018-08-01";"Wiederruf";"Münster";"terminated";1002;"2018-08-01"
12341;"energy";"gas";11800;"";"2020-01-08";"2021-05-01";"";"";"";"Berlin";"active";2001;"2020-03-21"
12342;"energy";"electricity";2200;2147;"2018-06-27";"2018-11-01";"";"";"";"Düsseldorf";"indelivery";1001;"2019-07-27"
12343;"energy";"electricity";2100;2102;"2019-12-06";"2020-08-01";"";"";"";"Berlin";"indelivery";1000;"2019-12-13"
12344;"energy";"electricity";2000;2081;"2019-04-22";"2019-08-01";"";"";"";"Hannover";"indelivery";1001;"2020-02-15"
12345;"energy";"electricity";2200;2159;"2019-05-09";"2019-11-01";"";"";"";"Kassel";"indelivery";1001;"2020-01-09"
12346;"energy";"gas";10400;11195;"2018-03-26";"2018-04-01";"2019-01-31";"2018-12-25";"fristgerecht durch LichtBlick";"Leipzig";"terminated";2000;"2018-12-25"
12347;"energy";"electricity";2300;2245;"2019-08-18";"2019-10-01";"";"";"";"Munich";"indelivery";1001;"2020-02-10"
12348;"energy";"electricity";2100;2295;"2018-01-10";"2018-02-01";"";"";"";"Berlin";"indelivery";1000;"2018-02-12"
12349;"energy";"electricity";2700;2563;"2020-02-17";"2020-04-01";"";"";"";"Schwerin";"indelivery";1001;"2020-03-29"
12350;"energy";"electricity";2500;2429;"2018-11-08";"2018-12-01";"";"";"";"Saarbrücken";"indelivery";1000;"2019-06-05"
12351;"energy";"electricity";2100;1970;"2018-07-28";"2019-05-01";"2020-07-31";"2020-07-01";"fristgerecht durch Kunde";"Bremerhaven";"terminated";1000;"2019-04-29"
12352;"energy";"electricity";2900;2955;"2020-07-12";"2020-12-01";"";"";"";"Marienberg";"active";1000;"2020-09-13"
12353;"energy";"electricity";2100;2226;"2019-04-28";"2019-09-01";"";"";"";"Hamburg";"indelivery";1001;"2019-12-27"
12354;"energy";"electricity";2600;2506;"2019-11-20";"2020-05-01";"";"";"";"Hamburg";"indelivery";1002;"2019-12-23"
12355;"energy";"electricity";2500;2673;"2018-03-05";"2018-09-01";"";"";"";"Berlin";"indelivery";1001;"2019-12-11"
12356;"energy";"gas";11300;11718;"2020-09-16";"2020-10-01";"";"";"";"Marienberg";"indelivery";2001;"2020-09-16"
12357;"energy";"gas";11700;12613;"2020-02-14";"2020-06-01";"";"";"";"Augsburg";"indelivery";2001;"2020-06-03"
12358;"energy";"electricity";2800;2717;"2019-12-14";"2020-01-01";"";"";"";"Mainz";"indelivery";1001;"2020-05-13"
12359;"energy";"electricity";2500;2607;"2018-07-04";"2018-09-01";"";"";"";"Bonn";"indelivery";1000;"2020-06-05"
12360;"energy";"gas";11400;11931;"2019-09-13";"2020-08-01";"";"";"";"Bonn";"indelivery";2001;"2020-01-29"
12361;"energy";"electricity";3000;"";"2018-10-12";"2019-02-01";"";"";"";"Soest";"indelivery";1002;"2020-09-22"
12362;"energy";"electricity";2500;2660;"2019-05-05";"2020-01-01";"";"";"";"Stuttgart";"indelivery";1002;"2019-07-25"
12363;"energy";"electricity";2700;2762;"2018-01-16";"2018-03-01";"";"";"";"Kiel";"indelivery";1002;"2018-11-14"
12364;"energy";"electricity";2600;2594;"2018-07-18";"2018-12-01";"";"";"";"Bremerhaven";"indelivery";1001;"2019-01-29"
12365;"energy";"electricity";2600;2612;"2019-01-12";"2019-02-01";"";"";"";"Ulm";"indelivery";1000;"2020-08-07"
12366;"energy";"electricity";2600;2633;"2019-05-02";"2019-07-01";"";"";"";"Duisburg";"indelivery";1000;"2020-03-23"
12367;"energy";"electricity";2600;2724;"2020-04-26";"2021-02-01";"";"";"";"Berlin";"active";1001;"2020-06-10"
12368;"energy";"electricity";2300;2211;"2020-06-24";"2020-10-01";"";"";"";"Essen";"indelivery";1001;"2020-07-24"
12369;"energy";"electricity";2800;2676;"2020-02-03";"2020-04-01";"";"";"";"Hannover";"indelivery";1001;"2020-04-20"
12370;"energy";"electricity";2600;2592;"2019-12-27";"2020-03-01";"";"";"";"Berlin";"indelivery";1002;"2020-07-04"
12371;"energy";"gas";11400;10940;"2018-03-29";"2018-08-01";"2019-10-31";"2019-10-01";"fristgerecht durch LichtBlick";"Merseburg";"terminated";2001;"2019-10-01"
12372;"energy";"electricity";2300;2275;"2018-10-18";"2019-07-01";"2019-07-01";"2020-11-29";"Wiederruf";"Bielefeld";"terminated";1002;"2020-09-17"
12373;"energy";"electricity";2400;2458;"2020-05-19";"2021-01-01";"";"";"";"Celle";"active";1002;"2020-07-15"
12374;"energy";"electricity";2900;3112;"2020-09-04";"2021-02-01";"";"";"";"Duisburg";"active";1002;"2020-09-30"
12375;"energy";"electricity";2900;2915;"2019-05-30";"2019-08-01";"";"";"";"Magdeburg";"indelivery";1001;"2020-04-25"
12376;"energy";"electricity";2200;2299;"2018-05-17";"2019-02-01";"";"";"";"Hamburg";"indelivery";1001;"2020-04-06"
12377;"energy";"electricity";2400;2505;"2020-06-04";"2020-11-01";"";"";"";"Hofeck";"active";1000;"2020-07-27"
12378;"energy";"gas";8700;8654;"2019-12-15";"2020-11-01";"";"";"";"Wittlich";"active";2001;"2020-04-17"
12379;"energy";"electricity";2900;"";"2019-06-03";"2020-03-01";"";"";"";"Cologne";"indelivery";1002;"2019-07-21"
12380;"energy";"gas";10400;11082;"2019-05-14";"2019-06-01";"";"";"";"Hamburg";"indelivery";2000;"2019-05-18"
12381;"energy";"electricity";2500;2674;"2019-03-12";"2019-05-01";"";"";"";"Erfurt";"indelivery";1000;"2020-07-25"
12382;"energy";"electricity";2100;2240;"2018-12-06";"2019-02-01";"2020-01-31";"2020-01-03";"fristgerecht durch Kunde";"Duisburg";"terminated";1002;"2019-02-17"
12383;"energy";"electricity";2300;2431;"2018-06-24";"2018-07-01";"2018-07-01";"2020-01-03";"Wiederruf";"Hamburg";"terminated";1001;"2019-11-15"
12384;"energy";"electricity";2000;2002;"2020-08-05";"2020-10-01";"";"";"";"Dortmund";"indelivery";1002;"2020-09-22"
12385;"energy";"electricity";2200;2142;"2018-03-05";"2018-08-01";"";"";"";"Duisburg";"indelivery";1002;"2020-09-15"
12386;"energy";"electricity";2000;1908;"2020-05-22";"2020-11-01";"";"";"";"Düsseldorf";"active";1002;"2020-08-20"
12387;"energy";"electricity";2400;2552;"2018-11-25";"2019-07-01";"";"";"";"Karlsruhe";"indelivery";1001;"2019-05-23"
12388;"energy";"electricity";2300;2299;"2018-02-04";"2018-04-01";"2018-07-31";"2018-07-03";"fristgerecht durch Kunde";"Potsdam";"terminated";1000;"2018-07-03"
12389;"energy";"electricity";2500;2645;"2019-08-19";"2020-01-01";"";"";"";"Leipzig";"indelivery";1000;"2019-11-25"
12390;"energy";"electricity";2900;2880;"2018-02-14";"2018-03-01";"";"";"";"Berlin";"indelivery";1000;"2018-11-28"
12391;"energy";"gas";8300;8241;"2020-09-14";"2020-12-01";"";"";"";"Berlin";"active";2000;"2020-09-23"
12392;"energy";"electricity";2600;2757;"2020-01-04";"2020-08-01";"";"";"";"Berlin";"indelivery";1002;"2020-09-28"
12393;"energy";"electricity";2700;2897;"2019-01-18";"2019-05-01";"";"";"";"Hamburg";"indelivery";1000;"2020-06-05"
12394;"energy";"electricity";2300;2262;"2018-08-27";"2018-10-01";"";"";"";"Hamburg";"indelivery";1000;"2018-11-22"
12395;"energy";"electricity";2200;2074;"2019-07-22";"2020-01-01";"";"";"";"Dortmund";"indelivery";1001;"2019-08-31"
12396;"energy";"electricity";2900;2859;"2018-06-05";"2018-08-01";"";"";"";"Fürth";"indelivery";1001;"2019-10-30"
12397;"energy";"electricity";2300;2226;"2018-01-26";"2018-09-01";"";"";"";"Cologne";"indelivery";1002;"2019-12-16"
12398;"energy";"electricity";2300;2327;"2019-07-08";"2020-01-01";"";"";"";"Augsburg";"indelivery";1000;"2019-12-22"
12399;"energy";"electricity";2900;3114;"2020-06-21";"2020-07-01";"";"";"";"Magdeburg";"indelivery";1002;"2020-09-20"
12400;"energy";"gas";9500;9495;"2019-01-13";"2019-03-01";"";"";"";"Berlin";"indelivery";2000;"2019-10-28"
12401;"energy";"electricity";2800;2685;"2019-06-28";"2019-10-01";"";"";"";"Leipzig";"indelivery";1001;"2019-07-26"
12402;"energy";"electricity";2700;2662;"2020-05-29";"2020-11-01";"";"";"";"Berlin";"active";1000;"2020-07-30"
12403;"energy";"gas";11500;11799;"2020-07-02";"2020-08-01";"";"";"";"Dortmund";"indelivery";2000;"2020-07-09"
12404;"energy";"electricity";2600;2742;"2019-01-26";"2019-12-01";"";"";"";"Düsseldorf";"indelivery";1000;"2019-11-06"
12405;"energy";"electricity";2500;2517;"2020-05-08";"2020-10-01";"";"";"";"Essen";"indelivery";1000;"2020-08-23"
12406;"energy";"electricity";2800;2951;"2019-12-14";"2020-02-01";"";"";"";"Bremen";"indelivery";1002;"2020-06-26"
12407;"energy";"electricity";2500;2536;"2019-03-23";"2019-06-01";"";"";"";"Rostock";"indelivery";1001;"2020-03-11"
12408;"energy";"electricity";2200;2407;"2019-07-06";"2019-11-01";"";"";"";"Berlin";"indelivery";1002;"2020-07-10"
12409;"energy";"electricity";2400;"";"2020-07-12";"2021-04-01";"";"";"";"Bremen";"active";1001;"2020-09-07"
12410;"energy";"electricity";2400;2345;"2018-09-03";"2018-12-01";"";"";"";"Landsberg";"indelivery";1001;"2020-03-20"
12411;"energy";"electricity";2000;1901;"2018-07-26";"2018-11-01";"";"";"";"Munich";"indelivery";1000;"2019-04-08"
12412;"energy";"electricity";2400;2462;"2020-03-02";"2020-05-01";"";"";"";"Bremen";"indelivery";1001;"2020-07-01"
12413;"energy";"electricity";2100;2207;"2019-06-26";"2019-08-01";"";"";"";"Hamburg";"indelivery";1001;"2019-07-22"
12414;"energy";"electricity";2100;2083;"2019-09-26";"2020-04-01";"";"";"";"Schwerin";"indelivery";1002;"2020-05-09"
12415;"energy";"gas";7800;"";"2020-03-22";"2020-05-01";"";"";"";"Berlin";"indelivery";2001;"2020-07-05"
12416;"energy";"electricity";2300;2445;"2020-04-14";"2020-12-01";"";"";"";"Berlin";"active";1002;"2020-07-19"
12417;"energy";"electricity";2500;2502;"2019-02-19";"2019-07-01";"2019-07-01";"2020-02-01";"Wiederruf";"Berlin";"terminated";1002;"2019-07-30"
12418;"energy";"electricity";2100;2034;"2020-03-30";"2020-08-01";"";"";"";"Munich";"indelivery";1002;"2020-08-02"
12419;"energy";"gas";9400;10008;"2018-12-26";"2019-02-01";"";"";"";"Dortmund";"indelivery";2000;"2019-04-20"
12420;"energy";"electricity";2000;1951;"2018-10-31";"2019-11-01";"";"";"";"Berlin";"indelivery";1002;"2019-04-19"
12421;"energy";"electricity";2400;2579;"2019-02-21";"2019-06-01";"";"";"";"Berlin";"indelivery";1002;"2020-04-05"
12422;"energy";"electricity";2300;2326;"2018-03-02";"2018-04-01";"";"";"";"Osnabrück";"indelivery";1000;"2020-05-24"
12423;"energy";"electricity";2000;1958;"2019-07-14";"2019-11-01";"";"";"";"Munich";"indelivery";1000;"2020-04-27"
12424;"energy";"gas";11300;12179;"2019-04-11";"2019-05-01";"2020-04-30";"2020-03-29";"fristgerecht durch Kunde";"Dresden";"terminated";2000;"2020-03-29"
12425;"energy";"electricity";2700;2622;"2019-02-13";"2019-05-01";"";"";"";"Berlin";"indelivery";1001;"2020-05-24"
12426;"energy";"gas";11000;"";"2019-05-23";"2019-08-01";"2019-12-31";"2019-11-30";"fristgerecht durch Kunde";"Dortmund";"terminated";2001;"2019-08-11"
12427;"energy";"gas";8200;8797;"2019-06-24";"2019-09-01";"";"";"";"Kiel";"indelivery";2001;"2020-03-14"
12428;"energy";"electricity";2200;2163;"2019-12-04";"2020-04-01";"2020-08-31";"2020-08-02";"Umzug";"Berlin";"terminated";1000;"2020-07-15"
12429;"energy";"electricity";2500;2705;"2019-09-30";"2019-11-01";"";"";"";"Düsseldorf";"indelivery";1000;"2020-01-12"
12430;"energy";"electricity";2500;2634;"2018-01-15";"2018-03-01";"2020-04-30";"2020-03-26";"fristgerecht durch Kunde";"Bonn";"terminated";1002;"2018-07-16"
12431;"energy";"electricity";2300;2297;"2018-01-06";"2018-05-01";"";"";"";"Hamburg";"indelivery";1000;"2019-07-21"
12432;"energy";"electricity";2500;2357;"2018-08-20";"2018-10-01";"";"";"";"Munich";"indelivery";1002;"2020-07-04"
12433;"energy";"electricity";2400;"";"2019-04-27";"2019-08-01";"";"";"";"Düsseldorf";"indelivery";1001;"2019-10-16"
12434;"energy";"electricity";2300;2273;"2018-11-25";"2019-03-01";"";"";"";"Freiburg";"indelivery";1002;"2019-09-07"
12435;"energy";"electricity";2700;2874;"2020-08-04";"2021-06-01";"";"";"";"Schleiz";"active";1000;"2020-08-10"
12436;"energy";"electricity";2100;2135;"2018-08-12";"2018-11-01";"";"";"";"Bremerhaven";"indelivery";1002;"2018-09-25"
12437;"energy";"gas";11800;12476;"2019-02-06";"2019-10-01";"2020-04-30";"2020-04-02";"Umzug";"Hannover";"terminated";2000;"2019-10-15"
12438;"energy";"electricity";2400;2489;"2018-06-22";"2018-11-01";"";"";"";"Augsburg";"indelivery";1001;"2020-03-17"
12439;"energy";"gas";11300;11115;"2019-11-22";"2020-05-01";"2020-08-31";"2020-07-29";"fristgerecht durch Kunde";"Nordhausen";"terminated";2001;"2020-04-25"
12440;"energy";"electricity";2400;2466;"2018-12-13";"2019-07-01";"2019-10-31";"2019-10-02";"fristgerecht durch Kunde";"Bonn";"terminated";1000;"2019-10-02"
12441;"energy";"electricity";3000;3135;"2019-08-16";"2019-09-01";"";"";"";"Gütersloh";"indelivery";1000;"2019-11-05"
12442;"energy";"electricity";2800;"";"2020-09-07";"2021-01-01";"";"";"";"Wuppertal";"active";1000;"2020-09-16"
12443;"energy";"gas";10200;10061;"2018-12-31";"2019-03-01";"2020-03-31";"2020-03-02";"Umzug";"Berlin";"terminated";2000;"2020-03-02"
12444;"energy";"electricity";2400;2339;"2019-04-25";"2019-08-01";"";"";"";"Frankfurt";"indelivery";1000;"2020-09-29"
12445;"energy";"electricity";2400;2403;"2018-01-12";"2018-05-01";"";"";"";"Berlin";"indelivery";1000;"2019-01-21"
12446;"energy";"gas";12000;11980;"2019-06-02";"2019-09-01";"";"";"";"Rostock";"indelivery";2001;"2019-10-15"
12447;"energy";"electricity";2800;2790;"2019-08-02";"2019-09-01";"";"";"";"Erfurt";"indelivery";1002;"2020-04-30"
12448;"energy";"gas";8400;8233;"2018-05-15";"2018-08-01";"2020-11-30";"2020-11-01";"fristgerecht durch Kunde";"Cologne";"cancelled";2001;"2020-03-27"
12449;"energy";"electricity";2600;2700;"2018-06-13";"2018-09-01";"";"";"";"Bremen";"indelivery";1000;"2019-10-18"
12450;"energy";"electricity";2800;2838;"2019-07-12";"2019-10-01";"";"";"";"Hannover";"indelivery";1001;"2020-04-08"
12451;"energy";"gas";9300;9483;"2020-01-13";"2020-02-01";"";"";"";"Kiel";"indelivery";2000;"2020-02-01"
12452;"energy";"electricity";2900;2974;"2019-05-13";"2019-08-01";"2019-08-01";"2020-07-02";"Wiederruf";"Bremen";"terminated";1000;"2019-06-10"
12453;"energy";"electricity";2500;2623;"2018-01-19";"2018-04-01";"2019-06-30";"2019-06-01";"fristgerecht durch LichtBlick";"Braunschweig";"terminated";1000;"2019-02-14"
12454;"energy";"electricity";2500;2409;"2019-06-20";"2019-07-01";"";"";"";"Hamburg";"indelivery";1002;"2019-12-12"
12455;"energy";"electricity";2300;2409;"2018-09-04";"2019-02-01";"";"";"";"Braunschweig";"indelivery";1002;"2020-05-05"
12456;"energy";"electricity";2100;2006;"2018-05-27";"2018-12-01";"";"";"";"Frankfurt";"indelivery";1002;"2019-11-16"
12457;"energy";"electricity";2800;2998;"2020-01-02";"2020-03-01";"";"";"";"Mainz";"indelivery";1002;"2020-02-23"
12458;"energy";"electricity";2800;2881;"2020-04-25";"2020-10-01";"";"";"";"Stuttgart";"indelivery";1001;"2020-09-03"
12459;"energy";"electricity";2200;2077;"2018-12-02";"2019-05-01";"";"";"";"Unna";"indelivery";1002;"2019-03-02"
12460;"energy";"electricity";2600;2802;"2020-09-19";"2021-03-01";"";"";"";"Marienberg";"active";1002;"2020-09-28"
12461;"energy";"electricity";2600;2527;"2018-03-27";"2018-06-01";"";"";"";"Cologne";"indelivery";1000;"2018-04-12"
12462;"energy";"electricity";2900;3034;"2019-12-21";"2020-01-01";"";"";"";"Augsburg";"indelivery";1000;"2019-12-28"
12463;"energy";"electricity";2000;"";"2019-09-04";"2019-11-01";"";"";"";"Cologne";"indelivery";1002;"2020-05-25"
12464;"energy";"gas";10300;11029;"2019-12-13";"2020-03-01";"";"";"";"Bremen";"indelivery";2000;"2020-05-21"
12465;"energy";"electricity";2700;2789;"2019-07-10";"2020-01-01";"";"";"";"Freiburg";"indelivery";1001;"2020-08-12"
12466;"energy";"electricity";2100;2167;"2019-07-10";"2019-09-01";"";"";"";"Altchemnitz";"indelivery";1001;"2020-06-16"
12467;"energy";"electricity";2400;2496;"2020-03-18";"2020-05-01";"";"";"";"Leipzig";"indelivery";1000;"2020-07-29"
12468;"energy";"electricity";2100;2192;"2018-10-28";"2019-03-01";"";"";"";"Dortmund";"indelivery";1002;"2020-08-01"
12469;"energy";"gas";10500;"";"2018-04-05";"2018-06-01";"2019-01-31";"2019-01-02";"Umzug";"Berlin";"terminated";2000;"2018-04-09"
12470;"energy";"electricity";2100;2096;"2019-10-29";"2019-12-01";"";"";"";"Munich";"indelivery";1000;"2020-07-31"
12471;"energy";"electricity";2100;1985;"2018-12-11";"2019-03-01";"";"";"";"Düsseldorf";"indelivery";1001;"2020-08-20"
12472;"energy";"gas";10100;"";"2018-03-22";"2018-07-01";"2019-05-31";"2019-04-25";"Umzug";"Düsseldorf";"terminated";2001;"2019-04-25"
12473;"energy";"electricity";2700;2634;"2018-03-20";"2018-09-01";"";"";"";"Berlin";"indelivery";1002;"2018-12-10"
12474;"energy";"electricity";2200;2290;"2020-08-24";"2020-10-01";"";"";"";"Munich";"indelivery";1001;"2020-09-27"
12475;"energy";"electricity";2100;2078;"2019-07-20";"2019-08-01";"";"";"";"Magdeburg";"indelivery";1000;"2019-11-03"
12476;"energy";"electricity";2500;2408;"2018-03-14";"2018-05-01";"";"";"";"Stuttgart";"indelivery";1000;"2018-10-03"
12477;"energy";"electricity";2800;"";"2018-08-04";"2019-09-01";"2019-09-01";"2020-08-03";"Wiederruf";"Magdeburg";"terminated";1000;"2020-03-09"
12478;"energy";"electricity";2900;2829;"2018-12-30";"2019-02-01";"";"";"";"Essen";"indelivery";1001;"2020-08-08"
12479;"energy";"electricity";2500;2485;"2019-05-21";"2019-11-01";"";"";"";"Marienberg";"indelivery";1001;"2020-01-25"
12480;"energy";"electricity";2200;2290;"2018-06-19";"2018-08-01";"2018-12-31";"2018-11-26";"fristgerecht durch Kunde";"Essen";"terminated";1000;"2018-11-26"
12481;"energy";"electricity";2600;2686;"2019-03-15";"2019-06-01";"";"";"";"Stuttgart";"indelivery";1001;"2020-05-10"
12482;"energy";"electricity";2400;2429;"2018-01-05";"2018-03-01";"";"";"";"Düsseldorf";"indelivery";1001;"2019-09-06"
12483;"energy";"electricity";2400;2346;"2020-06-11";"2020-08-01";"";"";"";"Munich";"indelivery";1002;"2020-08-27"
12484;"energy";"electricity";2600;2488;"2020-07-12";"2020-10-01";"";"";"";"Cologne";"indelivery";1000;"2020-07-16"
12485;"energy";"electricity";3000;2931;"2018-11-11";"2019-01-01";"";"";"";"Paderborn";"indelivery";1000;"2019-09-27"
12486;"energy";"electricity";2300;2305;"2020-01-11";"2020-05-01";"";"";"";"Mannheim";"indelivery";1000;"2020-03-08"
12487;"energy";"electricity";2900;2788;"2019-01-24";"2019-03-01";"2019-04-30";"2019-03-31";"fristgerecht durch LichtBlick";"Münster";"terminated";1001;"2019-03-31"
12488;"energy";"electricity";2100;2177;"2018-02-12";"2018-07-01";"";"";"";"Munich";"indelivery";1000;"2018-07-31"
12489;"energy";"electricity";2400;2308;"2019-04-02";"2019-11-01";"2019-11-01";"2019-11-29";"Wiederruf";"Karlstadt";"terminated";1000;"2019-10-21"
12490;"energy";"electricity";2100;2052;"2018-06-30";"2018-10-01";"";"";"";"Cologne";"indelivery";1000;"2019-03-07"
12491;"energy";"electricity";2000;2044;"2020-02-15";"2020-03-01";"";"";"";"Rostock";"indelivery";1002;"2020-03-12"
12492;"energy";"electricity";2800;2684;"2020-02-08";"2020-03-01";"";"";"";"Essen";"indelivery";1002;"2020-08-27"
12493;"energy";"electricity";2200;2278;"2019-02-26";"2019-07-01";"";"";"";"Cologne";"indelivery";1001;"2020-02-04"
12494;"energy";"electricity";2100;2113;"2018-05-05";"2018-12-01";"";"";"";"Lüneburg";"indelivery";1001;"2018-08-11"
12495;"energy";"electricity";2300;2347;"2019-01-24";"2019-03-01";"";"";"";"Hamburg";"indelivery";1001;"2020-09-06"
12496;"energy";"gas";10500;10654;"2018-04-16";"2018-08-01";"";"";"";"Bremen";"indelivery";2000;"2018-12-25"
12497;"energy";"electricity";2600;2716;"2018-09-28";"2018-10-01";"2018-10-01";"2019-11-01";"Wiederruf";"Munich";"terminated";1002;"2019-10-30"
12498;"energy";"gas";11500;11838;"2018-01-01";"2018-03-01";"";"";"";"Kiel";"indelivery";2000;"2020-03-24"
12499;"energy";"electricity";2100;2217;"2019-01-22";"2019-04-01";"2020-03-31";"2020-03-01";"Umzug";"Münster";"terminated";1002;"2020-03-01"
12500;"energy";"electricity";2200;2220;"2019-07-31";"2019-10-01";"";"";"";"Berlin";"indelivery";1002;"2020-02-01"
12501;"energy";"electricity";2700;2857;"2019-08-02";"2019-10-01";"";"";"";"Magdeburg";"indelivery";1001;"2019-08-21"
12502;"energy";"gas";11800;11524;"2019-08-14";"2020-02-01";"";"";"";"Freising";"indelivery";2001;"2020-05-23"
12503;"energy";"electricity";2300;2319;"2019-01-28";"2019-03-01";"2020-04-30";"2020-03-26";"fristgerecht durch Kunde";"Düsseldorf";"terminated";1002;"2020-03-26"
12504;"energy";"electricity";2600;2652;"2019-11-22";"2020-04-01";"";"";"";"Berlin";"indelivery";1001;"2020-02-11"
12505;"energy";"electricity";2900;3029;"2019-04-19";"2019-07-01";"2020-05-31";"2020-04-30";"Umzug";"Mannheim";"terminated";1001;"2019-05-24"
12506;"energy";"electricity";2300;2199;"2019-08-04";"2020-01-01";"";"";"";"Cologne";"indelivery";1002;"2020-02-12"
12507;"energy";"electricity";2400;2604;"2020-06-30";"2020-12-01";"";"";"";"Hamburg";"active";1000;"2020-09-15"
12508;"energy";"electricity";2200;2099;"2019-01-27";"2019-10-01";"";"";"";"Stuttgart";"indelivery";1002;"2019-07-12"
12509;"energy";"electricity";2500;2467;"2019-03-22";"2019-05-01";"";"";"";"Cottbus";"indelivery";1000;"2020-03-11"
12510;"energy";"electricity";1900;1922;"2019-05-08";"2019-07-01";"2020-06-30";"2020-06-01";"fristgerecht durch LichtBlick";"Cologne";"terminated";1002;"2019-05-19"
12511;"energy";"electricity";2500;2571;"2018-04-28";"2018-08-01";"2018-09-30";"2018-08-30";"fristgerecht durch Kunde";"Berlin";"terminated";1002;"2018-08-30"
12512;"energy";"electricity";2200;2208;"2020-09-19";"2020-10-01";"";"";"";"Hamburg";"indelivery";1001;"2020-09-27"
12513;"energy";"electricity";2000;2115;"2019-04-04";"2019-07-01";"";"";"";"Osnabrück";"indelivery";1002;"2020-06-17"
12514;"energy";"electricity";2600;2643;"2019-09-17";"2019-11-01";"";"";"";"Braunschweig";"indelivery";1002;"2020-05-21"
12515;"energy";"electricity";2000;2102;"2018-04-09";"2019-01-01";"";"";"";"Bonn";"indelivery";1002;"2018-04-29"
12516;"energy";"electricity";2300;2408;"2019-12-25";"2020-03-01";"";"";"";"Hamburg";"indelivery";1000;"2020-07-31"
12517;"energy";"gas";12000;11972;"2020-08-30";"2020-09-01";"";"";"";"Lübeck";"indelivery";2001;"2020-09-18"
12518;"energy";"electricity";2500;2418;"2019-12-15";"2020-08-01";"";"";"";"Frankfurt";"indelivery";1000;"2020-01-21"
12519;"energy";"electricity";2900;2759;"2020-07-22";"2020-09-01";"";"";"";"Würzburg";"indelivery";1002;"2020-08-21"
12520;"energy";"electricity";2100;"";"2019-01-27";"2019-02-01";"";"";"";"Berlin";"indelivery";1001;"2019-05-16"
12521;"energy";"electricity";2200;2177;"2020-05-09";"2020-08-01";"";"";"";"Frankfurt";"indelivery";1000;"2020-05-20"
12522;"energy";"electricity";3000;3076;"2018-11-16";"2019-05-01";"";"";"";"Marienberg";"indelivery";1000;"2019-02-17"
12523;"energy";"electricity";2200;2220;"2019-08-14";"2019-11-01";"2019-11-01";"2020-08-03";"Wiederruf";"Rostock";"terminated";1000;"2019-11-29"
12524;"energy";"electricity";3000;2890;"2018-08-19";"2018-09-01";"";"";"";"Fürth";"indelivery";1001;"2020-07-31"
12525;"energy";"electricity";2800;2991;"2020-08-03";"2020-10-01";"";"";"";"Rosenheim";"indelivery";1000;"2020-09-20"
12526;"energy";"electricity";2100;2038;"2019-03-31";"2019-04-01";"";"";"";"Dortmund";"indelivery";1002;"2019-08-09"
12527;"energy";"electricity";2500;2477;"2020-03-09";"2020-05-01";"";"";"";"Leipzig";"indelivery";1001;"2020-06-03"
12528;"energy";"gas";10600;11008;"2018-02-10";"2018-08-01";"";"";"";"Flensburg";"indelivery";2001;"2019-09-04"
12529;"energy";"electricity";3100;3278;"2018-01-31";"2018-03-01";"";"";"";"Bad Neuenahr-Ahrweiler";"indelivery";1001;"2019-04-18"
12530;"energy";"electricity";2400;2529;"2018-07-01";"2018-09-01";"";"";"";"Berlin";"indelivery";1002;"2020-02-28"
12531;"energy";"electricity";2200;2224;"2020-07-31";"2020-10-01";"";"";"";"Fürth";"indelivery";1002;"2020-09-26"
12532;"energy";"electricity";2300;2467;"2019-10-25";"2020-03-01";"";"";"";"Duisburg";"indelivery";1001;"2020-07-09"
12533;"energy";"electricity";2500;2379;"2018-02-24";"2018-05-01";"";"";"";"Dortmund";"indelivery";1002;"2020-08-28"
12534;"energy";"electricity";3200;3105;"2018-05-02";"2018-07-01";"2019-02-28";"2019-01-25";"fristgerecht durch Kunde";"Düren";"terminated";1001;"2019-01-25"
12535;"energy";"electricity";2500;2551;"2018-08-16";"2018-10-01";"";"";"";"Kusel";"indelivery";1000;"2019-02-24"
12536;"energy";"electricity";2000;2115;"2018-12-07";"2019-06-01";"";"";"";"Berlin";"indelivery";1002;"2019-09-06"
12537;"energy";"electricity";2600;2577;"2020-09-08";"2021-07-01";"";"";"";"Munich";"active";1001;"2020-09-08"
12538;"energy";"gas";8500;8114;"2020-06-30";"2020-07-01";"";"";"";"Berlin";"indelivery";2000;"2020-08-23"
12539;"energy";"electricity";2200;2176;"2020-03-25";"2020-11-01";"";"";"";"Baden-Baden";"active";1001;"2020-04-24"
12540;"energy";"electricity";2000;1983;"2018-11-01";"2018-12-01";"";"";"";"Cologne";"indelivery";1001;"2018-12-02"
12541;"energy";"gas";8500;9137;"2019-05-04";"2019-07-01";"2020-07-31";"2020-06-27";"fristgerecht durch Kunde";"Hamburg";"terminated";2000;"2020-06-27"
12542;"energy";"electricity";2800;2814;"2019-05-26";"2019-08-01";"";"";"";"Magdeburg";"indelivery";1002;"2019-06-08"
12543;"energy";"electricity";2100;"";"2019-09-25";"2019-11-01";"2020-02-29";"2020-02-01";"fristgerecht durch LichtBlick";"Hamburg";"terminated";1001;"2019-12-25"
12544;"energy";"electricity";2000;2109;"2020-07-05";"2020-10-01";"";"";"";"Hamburg";"indelivery";1002;"2020-08-01"
12545;"energy";"electricity";2400;2340;"2018-03-30";"2018-04-01";"";"";"";"Köthen";"indelivery";1001;"2020-02-08"
12546;"energy";"electricity";2800;2709;"2019-08-05";"2020-06-01";"";"";"";"Hannover";"indelivery";1001;"2020-02-04"
12547;"energy";"electricity";2600;2674;"2019-10-12";"2019-12-01";"2019-12-01";"2020-07-02";"Wiederruf";"Altchemnitz";"terminated";1001;"2020-04-13"
12548;"energy";"gas";10000;10715;"2018-08-21";"2019-03-01";"";"";"";"Berlin";"indelivery";2000;"2019-06-15"
12549;"energy";"electricity";2600;2664;"2019-02-08";"2019-04-01";"";"";"";"Bonn";"indelivery";1002;"2019-08-20"
12550;"energy";"electricity";2700;2765;"2020-08-29";"2020-12-01";"";"";"";"Dortmund";"active";1002;"2020-09-20"
12551;"energy";"electricity";2900;2904;"2020-02-17";"2020-07-01";"";"";"";"Kempten";"indelivery";1000;"2020-07-27"
12552;"energy";"electricity";2500;2632;"2019-10-03";"2020-03-01";"2020-06-30";"2020-05-30";"fristgerecht durch Kunde";"Augsburg";"terminated";1002;"2019-11-23"
12553;"energy";"electricity";2500;2598;"2020-05-26";"2020-09-01";"";"";"";"Bremen";"indelivery";1001;"2020-06-06"
12554;"energy";"electricity";2100;2234;"2018-05-19";"2018-08-01";"2020-08-31";"2020-07-27";"Umzug";"Bremen";"terminated";1002;"2019-03-18"
12555;"energy";"electricity";2600;2552;"2018-11-20";"2019-01-01";"";"";"";"Berlin";"indelivery";1002;"2019-05-17"
12556;"energy";"electricity";2300;"";"2020-08-05";"2020-11-01";"";"";"";"Mannheim";"active";1000;"2020-09-12"
12557;"energy";"electricity";2500;2540;"2018-11-04";"2019-08-01";"";"";"";"Göttingen";"indelivery";1000;"2019-03-04"
12558;"energy";"electricity";2900;3142;"2019-03-13";"2019-06-01";"2020-06-30";"2020-05-25";"fristgerecht durch LichtBlick";"Karlsruhe";"terminated";1002;"2020-05-25"
12559;"energy";"gas";9200;9911;"2019-07-02";"2019-08-01";"";"";"";"Leipzig";"indelivery";2000;"2020-06-15"
12560;"energy";"electricity";2200;2154;"2018-06-22";"2019-02-01";"";"";"";"Hamburg";"indelivery";1001;"2020-02-05"
12561;"energy";"electricity";2200;2131;"2020-06-26";"2020-07-01";"";"";"";"Cologne";"indelivery";1001;"2020-07-04"
12562;"energy";"electricity";2500;2545;"2019-10-30";"2020-02-01";"2020-12-31";"2020-11-27";"fristgerecht durch LichtBlick";"Kiel";"cancelled";1000;"2019-12-01"
12563;"energy";"electricity";2400;2424;"2020-01-16";"2020-03-01";"2020-04-30";"2020-04-02";"fristgerecht durch Kunde";"Berlin";"terminated";1000;"2020-04-02"
12564;"energy";"electricity";2100;2245;"2020-04-22";"2020-07-01";"";"";"";"Berlin";"indelivery";1002;"2020-05-03"
12565;"energy";"electricity";2900;3050;"2018-06-11";"2018-10-01";"";"";"";"Marienberg";"indelivery";1000;"2019-08-22"
12566;"energy";"electricity";2500;2444;"2020-05-22";"2020-06-01";"";"";"";"Berlin";"indelivery";1001;"2020-06-02"
12567;"energy";"gas";9500;9689;"2018-05-28";"2018-06-01";"";"";"";"Chemnitz";"indelivery";2000;"2020-07-28"
12568;"energy";"electricity";2500;2509;"2018-03-08";"2018-11-01";"2018-12-31";"2018-12-02";"fristgerecht durch Kunde";"Parchim";"terminated";1002;"2018-12-02"
12569;"energy";"electricity";2500;2396;"2020-02-01";"2020-04-01";"";"";"";"Essen";"indelivery";1002;"2020-05-07"
12570;"energy";"electricity";2200;2220;"2019-03-04";"2019-04-01";"";"";"";"Berlin";"indelivery";1000;"2020-07-01"
12571;"energy";"electricity";2900;3039;"2019-03-17";"2020-02-01";"";"";"";"Altchemnitz";"indelivery";1002;"2019-09-27"
12572;"energy";"electricity";2500;2460;"2018-10-04";"2019-04-01";"2019-07-31";"2019-07-01";"fristgerecht durch Kunde";"Saarbrücken";"terminated";1001;"2019-04-10"
12573;"energy";"electricity";2200;2315;"2020-08-12";"2020-12-01";"";"";"";"Bremen";"active";1001;"2020-09-19"
12574;"energy";"electricity";2100;2051;"2018-12-09";"2019-04-01";"";"";"";"Dortmund";"indelivery";1002;"2019-12-11"
12575;"energy";"electricity";2000;1951;"2019-09-13";"2020-03-01";"";"";"";"Osnabrück";"indelivery";1000;"2019-10-22"
12576;"energy";"electricity";2700;2885;"2019-09-09";"2019-12-01";"";"";"";"Wiesbaden";"indelivery";1002;"2019-12-02"
12577;"energy";"electricity";2700;2710;"2020-08-31";"2020-09-01";"";"";"";"Frankfurt";"indelivery";1002;"2020-09-14"
12578;"energy";"electricity";2600;2519;"2019-02-19";"2019-05-01";"";"";"";"Dresden";"indelivery";1000;"2019-04-04"
12579;"energy";"gas";8300;8420;"2020-04-18";"2020-09-01";"";"";"";"Bonn";"indelivery";2001;"2020-07-24"
12580;"energy";"electricity";2200;2307;"2018-12-31";"2019-03-01";"";"";"";"Berlin";"indelivery";1001;"2020-03-30"
12581;"energy";"electricity";2900;2972;"2020-03-29";"2021-07-01";"";"";"";"Berlin";"active";1002;"2020-09-22"
12582;"energy";"electricity";2400;2413;"2020-07-18";"2021-01-01";"";"";"";"Ulm";"active";1001;"2020-08-13"
12583;"energy";"electricity";2300;2286;"2019-03-10";"2019-07-01";"";"";"";"Altchemnitz";"indelivery";1000;"2020-08-03"
12584;"energy";"electricity";2000;2133;"2019-07-31";"2019-09-01";"";"";"";"Stuttgart";"indelivery";1002;"2020-01-18"
12585;"energy";"electricity";2400;2561;"2019-01-22";"2019-05-01";"";"";"";"Berlin";"indelivery";1001;"2020-04-20"
12586;"energy";"electricity";2700;2881;"2020-09-12";"2021-02-01";"";"";"";"Altchemnitz";"active";1001;"2020-09-20"
12587;"energy";"gas";8200;8714;"2020-03-08";"2020-08-01";"";"";"";"Berlin";"indelivery";2000;"2020-03-19"
12588;"energy";"electricity";2800;2942;"2018-02-17";"2018-06-01";"";"";"";"Bremen";"indelivery";1002;"2018-12-31"
12589;"energy";"electricity";2400;2559;"2020-06-29";"2020-10-01";"";"";"";"Osnabrück";"indelivery";1002;"2020-07-01"
12590;"energy";"gas";10000;"";"2018-02-10";"2018-10-01";"";"";"";"Regensburg";"indelivery";2000;"2019-06-17"
12591;"energy";"electricity";2200;2203;"2018-02-02";"2018-05-01";"";"";"";"Berlin";"indelivery";1000;"2019-04-15"
12592;"energy";"gas";9200;9801;"2018-07-29";"2019-02-01";"";"";"";"Frankfurt";"indelivery";2001;"2020-01-25"
12593;"energy";"electricity";2500;2587;"2020-09-29";"2021-08-01";"";"";"";"Düsseldorf";"active";1002;"2020-09-29"
12594;"energy";"electricity";2500;2673;"2020-05-30";"2020-11-01";"";"";"";"Hamburg";"active";1000;"2020-08-26"
12595;"energy";"electricity";2100;2049;"2018-01-05";"2018-09-01";"2018-11-30";"2018-11-02";"Umzug";"Berlin";"terminated";1001;"2018-11-02"
12596;"energy";"gas";11300;11677;"2018-07-07";"2018-10-01";"";"";"";"Cologne";"indelivery";2001;"2018-07-14"
12597;"energy";"electricity";2200;2241;"2020-07-23";"2020-10-01";"";"";"";"Heilbad Heiligenstadt";"indelivery";1001;"2020-07-31"
12598;"energy";"electricity";1900;2062;"2018-10-19";"2019-01-01";"";"";"";"Berlin";"indelivery";1000;"2020-05-26"
12599;"energy";"electricity";2600;2624;"2018-07-09";"2018-09-01";"";"";"";"Hofeck";"indelivery";1002;"2018-10-07"
12600;"energy";"electricity";2800;2729;"2018-02-28";"2018-05-01";"";"";"";"Magdeburg";"indelivery";1000;"2019-07-24"
12601;"energy";"electricity";2200;2298;"2020-05-30";"2020-09-01";"";"";"";"Frankfurt";"indelivery";1001;"2020-09-25"
12602;"energy";"electricity";3000;3087;"2019-02-22";"2019-03-01";"";"";"";"Wiesbaden";"indelivery";1002;"2020-02-20"
12603;"energy";"electricity";2400;2525;"2019-12-19";"2020-09-01";"";"";"";"Saarbrücken";"indelivery";1000;"2020-04-22"
12604;"energy";"electricity";2600;2654;"2019-05-09";"2019-07-01";"";"";"";"Berlin";"indelivery";1001;"2019-07-11"
12605;"energy";"electricity";2300;2426;"2019-08-31";"2020-01-01";"";"";"";"Hamburg";"indelivery";1000;"2020-05-12"
12606;"energy";"electricity";2900;2874;"2020-09-03";"2021-04-01";"";"";"";"Rostock";"active";1001;"2020-09-27"
12607;"energy";"electricity";2200;2236;"2018-05-01";"2018-07-01";"";"";"";"Berlin";"indelivery";1000;"2020-05-28"
12608;"energy";"electricity";2800;3027;"2018-02-25";"2018-04-01";"";"";"";"Bremen";"indelivery";1002;"2019-11-05"
12609;"energy";"electricity";2000;2010;"2020-04-05";"2020-12-01";"";"";"";"Berlin";"active";1002;"2020-08-31"
12610;"energy";"electricity";2200;2093;"2018-07-08";"2018-11-01";"";"";"";"Berlin";"indelivery";1000;"2019-04-12"
12611;"energy";"electricity";2300;2195;"2018-03-08";"2018-06-01";"";"";"";"Stuttgart";"indelivery";1000;"2020-07-15"
12612;"energy";"gas";11300;11731;"2019-01-18";"2019-06-01";"";"";"";"Berlin";"indelivery";2000;"2019-10-19"
12613;"energy";"electricity";2500;2720;"2020-02-12";"2020-08-01";"";"";"";"Hannover";"indelivery";1001;"2020-05-27"
12614;"energy";"electricity";2100;2121;"2018-06-14";"2018-09-01";"";"";"";"Hannover";"indelivery";1001;"2018-08-14"
12615;"energy";"electricity";2400;2340;"2020-05-20";"2020-07-01";"";"";"";"Hannover";"indelivery";1000;"2020-07-26"
12616;"energy";"electricity";2000;1982;"2018-09-24";"2019-01-01";"";"";"";"Wuppertal";"indelivery";1001;"2019-05-28"
12617;"energy";"gas";11600;11263;"2019-07-17";"2019-10-01";"";"";"";"Berlin";"indelivery";2000;"2020-04-05"
12618;"energy";"electricity";2500;2548;"2019-01-22";"2019-07-01";"2020-04-30";"2020-04-01";"fristgerecht durch Kunde";"Hamburg";"terminated";1002;"2019-05-02"
12619;"energy";"electricity";2400;2462;"2018-07-19";"2018-09-01";"";"";"";"Leipzig";"indelivery";1000;"2018-09-10"
12620;"energy";"electricity";2500;2550;"2019-12-30";"2020-04-01";"";"";"";"Berlin";"indelivery";1000;"2020-02-18"
12621;"energy";"gas";11700;12443;"2019-07-11";"2019-11-01";"";"";"";"Bremen";"indelivery";2000;"2020-03-08"
12622;"energy";"electricity";2100;1972;"2019-05-15";"2019-09-01";"";"";"";"Munich";"indelivery";1002;"2020-01-31"
12623;"energy";"electricity";2800;2903;"2019-06-13";"2019-08-01";"";"";"";"Koblenz";"indelivery";1002;"2020-06-23"
12624;"energy";"electricity";2400;2268;"2020-02-09";"2020-05-01";"2020-11-30";"2020-11-02";"fristgerecht durch Kunde";"Erfurt";"cancelled";1000;"2020-05-28"
12625;"energy";"electricity";2100;2114;"2019-01-20";"2019-04-01";"";"";"";"Dortmund";"indelivery";1002;"2020-09-01"
12626;"energy";"electricity";2900;"";"2020-04-24";"2020-07-01";"2020-10-31";"2020-09-30";"fristgerecht durch Kunde";"Berlin";"cancelled";1000;"2020-07-20"
12627;"energy";"electricity";2400;2403;"2020-02-06";"2020-10-01";"";"";"";"Dortmund";"indelivery";1000;"2020-08-21"
12628;"energy";"electricity";2700;2813;"2018-07-16";"2018-12-01";"2019-02-28";"2019-01-29";"fristgerecht durch Kunde";"Berlin";"terminated";1002;"2019-01-29"
12629;"energy";"electricity";2400;"";"2018-02-27";"2018-05-01";"";"";"";"Karlsruhe";"indelivery";1001;"2018-07-13"
12630;"energy";"electricity";2900;3093;"2020-09-04";"2021-01-01";"";"";"";"Bremerhaven";"active";1002;"2020-09-04"
12631;"energy";"electricity";2600;"";"2019-02-02";"2019-04-01";"";"";"";"Dortmund";"indelivery";1002;"2020-09-01"
12632;"energy";"electricity";2300;2482;"2020-01-11";"2020-08-01";"";"";"";"Stuttgart";"indelivery";1001;"2020-06-24"
12633;"energy";"electricity";2300;2399;"2020-02-14";"2020-10-01";"";"";"";"Bielefeld";"indelivery";1001;"2020-09-11"
12634;"energy";"electricity";2800;2620;"2019-02-14";"2019-05-01";"";"";"";"Altchemnitz";"indelivery";1002;"2019-09-11"
12635;"energy";"gas";9400;9167;"2020-08-30";"2020-10-01";"";"";"";"Landsberg";"indelivery";2001;"2020-09-20"
12636;"energy";"electricity";2700;2870;"2018-11-21";"2019-02-01";"";"";"";"Regensburg";"indelivery";1000;"2019-06-27"
12637;"energy";"electricity";2600;2580;"2018-03-30";"2018-06-01";"";"";"";"Wuppertal";"indelivery";1000;"2018-05-22"
12638;"energy";"electricity";2500;"";"2019-12-10";"2020-02-01";"";"";"";"Munich";"indelivery";1001;"2020-05-02"
12639;"energy";"electricity";2900;2888;"2018-01-25";"2018-05-01";"";"";"";"Leipzig";"indelivery";1000;"2019-08-11"
12640;"energy";"electricity";2600;"";"2018-09-17";"2019-02-01";"";"";"";"Marienberg";"indelivery";1001;"2019-01-28"
12641;"energy";"electricity";2900;3038;"2019-11-17";"2020-02-01";"";"";"";"Essen";"indelivery";1001;"2020-07-24"
12642;"energy";"electricity";2300;2339;"2019-01-30";"2019-03-01";"";"";"";"Hamburg";"indelivery";1002;"2019-06-20"
12643;"energy";"electricity";2300;2308;"2019-06-05";"2019-09-01";"";"";"";"Freiburg";"indelivery";1000;"2019-10-04"
12644;"energy";"gas";11000;11777;"2018-09-06";"2018-12-01";"2019-04-30";"2019-03-31";"fristgerecht durch LichtBlick";"Bielefeld";"terminated";2001;"2019-03-31"
12645;"energy";"electricity";2700;2738;"2019-04-28";"2019-06-01";"";"";"";"Munich";"indelivery";1001;"2019-05-11"
12646;"energy";"electricity";2600;2587;"2018-05-25";"2018-08-01";"2020-07-31";"2020-07-01";"Umzug";"Dresden";"terminated";1000;"2019-10-12"
12647;"energy";"electricity";2100;2099;"2019-05-17";"2019-09-01";"";"";"";"Stuttgart";"indelivery";1000;"2020-03-18"
12648;"energy";"gas";9700;9980;"2020-02-10";"2020-04-01";"";"";"";"Bremen";"indelivery";2000;"2020-04-09"
12649;"energy";"electricity";2400;2585;"2019-08-12";"2019-10-01";"2020-09-30";"2020-09-01";"fristgerecht durch Kunde";"Berlin";"terminated";1001;"2019-10-16"
12650;"energy";"electricity";2500;"";"2018-02-09";"2018-04-01";"";"";"";"Düsseldorf";"indelivery";1002;"2019-07-17"
12651;"energy";"electricity";2400;2531;"2020-04-24";"2020-06-01";"2020-07-31";"2020-07-02";"fristgerecht durch Kunde";"Stuttgart";"terminated";1002;"2020-07-02"
12652;"energy";"electricity";2300;2250;"2020-01-16";"2020-05-01";"";"";"";"Hamburg";"indelivery";1001;"2020-02-15"
12653;"energy";"electricity";2100;2129;"2020-05-07";"2020-06-01";"";"";"";"Berlin";"indelivery";1001;"2020-05-12"
12654;"energy";"electricity";2500;2601;"2018-10-30";"2018-12-01";"";"";"";"Berlin";"indelivery";1001;"2019-04-17"
12655;"energy";"electricity";2900;3027;"2020-02-19";"2020-06-01";"";"";"";"Rostock";"indelivery";1001;"2020-04-01"
12656;"energy";"electricity";2100;2077;"2019-12-03";"2020-02-01";"";"";"";"Hamburg";"indelivery";1002;"2020-08-23"
12657;"energy";"electricity";2300;2491;"2019-07-17";"2019-11-01";"2020-10-31";"2020-09-25";"fristgerecht durch Kunde";"Berlin";"cancelled";1002;"2019-12-02"
12658;"energy";"electricity";2100;"";"2020-07-20";"2021-03-01";"";"";"";"Munich";"active";1000;"2020-08-18"
12659;"energy";"electricity";2500;2574;"2020-05-31";"2020-08-01";"";"";"";"Munich";"indelivery";1000;"2020-09-29"
12660;"energy";"electricity";2200;2314;"2019-04-19";"2020-02-01";"";"";"";"Wiesbaden";"indelivery";1001;"2019-11-17"
12661;"energy";"electricity";2600;2573;"2019-06-30";"2019-10-01";"";"";"";"Hannover";"indelivery";1001;"2019-08-03"
12662;"energy";"gas";9500;10009;"2018-10-24";"2019-02-01";"";"";"";"Stuttgart";"indelivery";2000;"2019-10-30"
12663;"energy";"electricity";2200;"";"2019-02-02";"2020-01-01";"";"";"";"Ingolstadt";"indelivery";1000;"2019-03-21"
12664;"energy";"electricity";2200;2337;"2019-07-04";"2020-05-01";"";"";"";"Weißenburg";"indelivery";1002;"2019-09-04"
12665;"energy";"electricity";2800;2774;"2018-01-11";"2018-04-01";"2020-12-31";"2020-12-03";"fristgerecht durch Kunde";"Hamburg";"cancelled";1000;"2018-08-13"
12666;"energy";"electricity";2700;2770;"2019-11-24";"2020-01-01";"";"";"";"Bonn";"indelivery";1002;"2019-11-24"
12667;"energy";"electricity";2100;2068;"2018-12-22";"2019-02-01";"";"";"";"Augsburg";"indelivery";1001;"2020-03-13"
12668;"energy";"electricity";2600;2579;"2018-06-12";"2019-02-01";"";"";"";"Freiburg";"indelivery";1001;"2019-01-23"
12669;"energy";"gas";11200;11885;"2019-09-08";"2020-04-01";"";"";"";"Münster";"indelivery";2000;"2020-05-23"
12670;"energy";"electricity";2300;2372;"2019-03-01";"2020-01-01";"";"";"";"Berlin";"indelivery";1001;"2019-12-05"
12671;"energy";"electricity";2500;2613;"2019-07-09";"2019-08-01";"";"";"";"Berlin";"indelivery";1000;"2019-07-12"
12672;"energy";"electricity";2000;"";"2018-12-31";"2019-03-01";"";"";"";"Koblenz";"indelivery";1000;"2019-04-22"
12673;"energy";"electricity";2500;2530;"2018-06-18";"2018-07-01";"";"";"";"Hamburg";"indelivery";1001;"2020-07-25"
12674;"energy";"electricity";2600;2694;"2018-01-27";"2018-07-01";"";"";"";"Cologne";"indelivery";1002;"2019-05-07"
12675;"energy";"gas";10300;9880;"2018-12-27";"2019-02-01";"2020-07-31";"2020-07-01";"fristgerecht durch LichtBlick";"Eisenach";"terminated";2001;"2019-03-24"
12676;"energy";"electricity";2700;"";"2019-03-25";"2019-12-01";"2019-12-01";"2020-05-30";"Wiederruf";"Munich";"terminated";1002;"2019-11-22"
12677;"energy";"electricity";2300;2471;"2019-09-10";"2020-01-01";"";"";"";"Gießen";"indelivery";1001;"2020-04-04"
12678;"energy";"electricity";2500;2455;"2020-09-04";"2020-12-01";"";"";"";"Hamburg";"active";1001;"2020-09-24"
12679;"energy";"electricity";2300;2384;"2019-03-15";"2019-04-01";"2019-04-01";"2019-05-03";"Wiederruf";"Essen";"terminated";1000;"2019-05-03"
12680;"energy";"electricity";2500;2614;"2018-09-18";"2019-04-01";"2020-06-30";"2020-05-27";"fristgerecht durch Kunde";"Rostock";"terminated";1001;"2020-05-27"
12681;"energy";"electricity";2700;2752;"2018-02-27";"2018-07-01";"";"";"";"Berlin";"indelivery";1002;"2020-03-16"
12682;"energy";"electricity";2100;2078;"2019-05-29";"2019-07-01";"";"";"";"Sondershausen";"indelivery";1001;"2020-06-28"
12683;"energy";"electricity";2200;2146;"2019-08-30";"2019-10-01";"";"";"";"Marienberg";"indelivery";1001;"2020-08-10"
12684;"energy";"electricity";2200;2234;"2018-08-03";"2018-12-01";"";"";"";"Mannheim";"indelivery";1000;"2019-06-17"
12685;"energy";"electricity";2700;2805;"2019-09-03";"2019-11-01";"2020-10-31";"2020-10-03";"fristgerecht durch Kunde";"Munich";"cancelled";1001;"2020-03-08"
12686;"energy";"gas";8100;8148;"2018-02-05";"2018-05-01";"2018-06-30";"2018-05-28";"fristgerecht durch LichtBlick";"Stuttgart";"terminated";2001;"2018-05-28"
12687;"energy";"electricity";2900;3080;"2020-05-01";"2020-07-01";"2020-10-31";"2020-10-02";"Umzug";"Hannover";"cancelled";1001;"2020-07-31"
12688;"energy";"electricity";2000;2147;"2020-01-26";"2020-11-01";"";"";"";"Duisburg";"active";1002;"2020-04-26"
12689;"energy";"electricity";2500;2531;"2018-07-08";"2018-12-01";"";"";"";"Hamburg";"indelivery";1001;"2019-07-09"
12690;"energy";"electricity";2100;2063;"2020-09-13";"2021-03-01";"";"";"";"Hamburg";"active";1000;"2020-09-21"
12691;"energy";"electricity";2500;2565;"2018-07-01";"2018-07-01";"2018-11-30";"2018-10-28";"fristgerecht durch LichtBlick";"Neuss";"terminated";1002;"2018-10-28"
12692;"energy";"electricity";2900;3045;"2019-08-24";"2019-11-01";"";"";"";"Bad Homburg";"indelivery";1001;"2020-08-11"
12693;"energy";"electricity";2600;2712;"2020-06-06";"2020-08-01";"";"";"";"Kassel";"indelivery";1000;"2020-09-19"
12694;"energy";"electricity";2500;2728;"2019-08-06";"2019-09-01";"";"";"";"Frankfurt";"indelivery";1002;"2019-08-29"
12695;"energy";"electricity";2000;2025;"2018-06-12";"2018-10-01";"";"";"";"Stuttgart";"indelivery";1001;"2020-07-26"
12696;"energy";"electricity";2600;2715;"2020-02-26";"2020-05-01";"";"";"";"Berlin";"indelivery";1000;"2020-05-18"
12697;"energy";"electricity";2700;2632;"2019-07-20";"2019-09-01";"";"";"";"Hamburg";"indelivery";1000;"2020-05-28"
12698;"energy";"gas";11500;12171;"2018-02-08";"2018-10-01";"2019-07-31";"2019-07-03";"Umzug";"Marienberg";"terminated";2001;"2019-07-03"
12699;"energy";"electricity";1900;1986;"2019-08-10";"2019-10-01";"";"";"";"Berlin";"indelivery";1002;"2019-08-22"
12700;"energy";"electricity";2400;"";"2019-07-27";"2019-09-01";"";"";"";"Berlin";"indelivery";1000;"2020-04-14"
12701;"energy";"electricity";2800;2885;"2019-02-06";"2019-04-01";"2019-08-31";"2019-08-02";"fristgerecht durch Kunde";"Altchemnitz";"terminated";1001;"2019-03-14"
12702;"energy";"electricity";2500;2397;"2020-04-25";"2020-09-01";"";"";"";"Stuttgart";"indelivery";1001;"2020-08-21"
12703;"energy";"electricity";2600;2520;"2019-04-02";"2019-06-01";"";"";"";"Celle";"indelivery";1002;"2020-01-19"
12704;"energy";"electricity";2600;2574;"2018-10-08";"2018-12-01";"2019-05-31";"2019-05-02";"Umzug";"Mainz";"terminated";1001;"2018-10-19"
12705;"energy";"electricity";2100;2248;"2020-07-14";"2020-09-01";"";"";"";"Dortmund";"indelivery";1000;"2020-08-27"
12706;"energy";"electricity";2300;2325;"2020-01-20";"2020-10-01";"";"";"";"Cologne";"indelivery";1002;"2020-09-01"
12707;"energy";"gas";10200;"";"2018-11-11";"2019-10-01";"2019-10-01";"2020-01-30";"Wiederruf";"Frankfurt";"terminated";2001;"2020-01-30"
12708;"energy";"electricity";2800;2997;"2018-02-18";"2018-03-01";"";"";"";"Hamburg";"indelivery";1001;"2020-09-08"
12709;"energy";"electricity";2900;3065;"2020-04-14";"2020-05-01";"";"";"";"Freudenstadt";"indelivery";1002;"2020-08-15"
12710;"energy";"electricity";2800;2866;"2019-09-24";"2019-10-01";"";"";"";"Augsburg";"indelivery";1002;"2020-05-16"
12711;"energy";"gas";9900;9470;"2020-09-02";"2020-10-01";"";"";"";"Mannheim";"indelivery";2001;"2020-09-20"
12712;"energy";"electricity";2300;2260;"2020-07-04";"2021-03-01";"";"";"";"Dresden";"active";1002;"2020-08-10"
12713;"energy";"electricity";2700;2650;"2018-12-24";"2019-02-01";"";"";"";"Schwerin";"indelivery";1001;"2020-01-25"
12714;"energy";"gas";10100;10801;"2018-03-25";"2018-05-01";"2019-04-30";"2019-04-02";"fristgerecht durch LichtBlick";"Göttingen";"terminated";2001;"2019-04-02"
12715;"energy";"electricity";2500;2693;"2018-05-29";"2018-07-01";"2020-03-31";"2020-03-03";"fristgerecht durch Kunde";"Altchemnitz";"terminated";1001;"2020-01-07"
12716;"energy";"gas";10400;10759;"2019-02-28";"2019-04-01";"";"";"";"Ingolstadt";"indelivery";2000;"2020-03-30"
12717;"energy";"gas";8300;8248;"2018-06-14";"2018-08-01";"2020-11-30";"2020-10-27";"fristgerecht durch Kunde";"Lübeck";"cancelled";2001;"2018-11-12"
12718;"energy";"electricity";2400;2368;"2020-04-15";"2020-06-01";"";"";"";"Essen";"indelivery";1002;"2020-07-17"
12719;"energy";"electricity";2300;2460;"2019-01-17";"2019-02-01";"2020-04-30";"2020-04-01";"fristgerecht durch LichtBlick";"Munich";"terminated";1002;"2019-09-15"
12720;"energy";"electricity";2500;2499;"2019-09-21";"2020-02-01";"";"";"";"Cologne";"indelivery";1002;"2019-10-13"
12721;"energy";"electricity";2500;2466;"2020-01-30";"2020-03-01";"";"";"";"Würzburg";"indelivery";1002;"2020-04-28"
12722;"energy";"electricity";2400;2301;"2018-10-24";"2019-02-01";"";"";"";"Berlin";"indelivery";1002;"2020-02-04"
12723;"energy";"electricity";2100;2019;"2018-08-19";"2018-10-01";"2019-07-31";"2019-07-02";"Umzug";"Munich";"terminated";1000;"2019-07-02"
12724;"energy";"electricity";2600;2529;"2019-01-19";"2019-09-01";"";"";"";"Wuppertal";"indelivery";1000;"2019-03-16"
12725;"energy";"electricity";2600;2541;"2020-02-05";"2020-12-01";"";"";"";"Munich";"active";1000;"2020-09-12"
12726;"energy";"electricity";2100;2253;"2020-04-22";"2020-06-01";"";"";"";"Bonn";"indelivery";1000;"2020-05-31"
12727;"energy";"gas";9400;10062;"2020-04-16";"2020-07-01";"";"";"";"Mannheim";"indelivery";2001;"2020-07-28"
12728;"energy";"electricity";2000;2000;"2018-05-11";"2018-06-01";"";"";"";"Hamburg";"indelivery";1000;"2018-06-15"
12729;"energy";"electricity";2100;2019;"2018-07-07";"2018-12-01";"2019-07-31";"2019-06-28";"fristgerecht durch Kunde";"Kassel";"terminated";1002;"2019-06-28"
12730;"energy";"electricity";2700;2608;"2018-02-28";"2018-05-01";"";"";"";"Osnabrück";"indelivery";1001;"2019-11-30"
12731;"energy";"electricity";2500;"";"2020-03-05";"2020-08-01";"";"";"";"Braunschweig";"indelivery";1002;"2020-06-06"
12732;"energy";"electricity";2800;2676;"2019-10-17";"2020-01-01";"";"";"";"Waiblingen";"indelivery";1001;"2019-11-13"
12733;"energy";"electricity";2500;2624;"2020-09-02";"2021-01-01";"";"";"";"Recklinghausen";"active";1002;"2020-09-26"
12734;"energy";"electricity";2100;2211;"2018-02-21";"2018-05-01";"";"";"";"Frankfurt";"indelivery";1002;"2020-04-15"
12735;"energy";"gas";8400;9042;"2020-03-12";"2020-04-01";"";"";"";"Ingolstadt";"indelivery";2000;"2020-04-05"
12736;"energy";"electricity";2400;2401;"2020-08-09";"2020-11-01";"";"";"";"Düsseldorf";"active";1001;"2020-08-27"
12737;"energy";"electricity";2200;2227;"2018-01-10";"2019-01-01";"";"";"";"Bremerhaven";"indelivery";1000;"2018-08-07"
12738;"energy";"electricity";2600;2666;"2019-09-23";"2019-11-01";"";"";"";"Düsseldorf";"indelivery";1000;"2020-03-18"
12739;"energy";"electricity";2300;2316;"2018-04-21";"2018-05-01";"2020-03-31";"2020-03-01";"fristgerecht durch LichtBlick";"Hamburg";"terminated";1000;"2019-01-08"
12740;"energy";"electricity";3000;2841;"2018-09-29";"2019-12-01";"";"";"";"Leipzig";"indelivery";1000;"2020-01-15"
12741;"energy";"gas";8300;8511;"2019-01-08";"2019-12-01";"";"";"";"Augsburg";"indelivery";2001;"2020-02-15"
12742;"energy";"gas";10900;10590;"2020-03-30";"2020-05-01";"";"";"";"Marienberg";"indelivery";2001;"2020-05-09"
12743;"energy";"electricity";2600;"";"2019-12-29";"2020-01-01";"";"";"";"Mannheim";"indelivery";1000;"2020-03-22"
12744;"energy";"electricity";2000;1951;"2020-09-19";"2020-12-01";"";"";"";"Cologne";"active";1001;"2020-09-28"
12745;"energy";"electricity";2200;2174;"2020-08-22";"2021-06-01";"";"";"";"Wiesbaden";"active";1001;"2020-09-01"
12746;"energy";"gas";8100;8420;"2019-06-16";"2020-03-01";"";"";"";"Hamburg";"indelivery";2000;"2020-04-18"
12747;"energy";"electricity";2300;2433;"2018-05-17";"2018-08-01";"";"";"";"Cologne";"indelivery";1002;"2020-06-30"
12748;"energy";"electricity";2300;2245;"2019-08-28";"2019-11-01";"";"";"";"Erfurt";"indelivery";1002;"2020-08-28"
12749;"energy";"electricity";3100;3208;"2020-04-15";"2021-05-01";"";"";"";"Kaufbeuren";"active";1002;"2020-05-31"
12750;"energy";"electricity";2900;3067;"2019-12-18";"2020-02-01";"";"";"";"Munich";"indelivery";1001;"2020-05-17"
12751;"energy";"electricity";2600;2793;"2018-06-11";"2018-07-01";"2019-08-31";"2019-07-30";"fristgerecht durch Kunde";"Fürth";"terminated";1001;"2019-07-30"
12752;"energy";"electricity";2500;2456;"2020-02-13";"2020-04-01";"";"";"";"Berlin";"indelivery";1000;"2020-05-04"
12753;"energy";"electricity";2400;2440;"2020-03-19";"2020-05-01";"";"";"";"Wuppertal";"indelivery";1000;"2020-05-07"
12754;"energy";"electricity";2600;2565;"2019-04-18";"2019-08-01";"";"";"";"Berlin";"indelivery";1000;"2019-07-20"
12755;"energy";"electricity";2800;2937;"2020-02-07";"2020-08-01";"";"";"";"Erfurt";"indelivery";1002;"2020-02-10"
12756;"energy";"electricity";1900;1889;"2019-04-22";"2019-06-01";"2020-06-30";"2020-05-28";"fristgerecht durch Kunde";"Hamburg";"terminated";1001;"2019-12-09"
12757;"energy";"electricity";2500;2472;"2019-08-03";"2021-01-01";"";"";"";"Magdeburg";"active";1000;"2020-09-05"
12758;"energy";"electricity";2000;2022;"2019-12-08";"2020-01-01";"";"";"";"Berlin";"indelivery";1000;"2019-12-24"
12759;"energy";"electricity";2200;2178;"2020-01-28";"2020-03-01";"";"";"";"Munich";"indelivery";1002;"2020-08-16"
12760;"energy";"electricity";2700;2932;"2019-09-24";"2020-06-01";"";"";"";"Gießen";"indelivery";1001;"2020-08-07"
12761;"energy";"gas";8100;8591;"2018-02-25";"2018-05-01";"";"";"";"Hamburg";"indelivery";2001;"2019-03-08"
12762;"energy";"electricity";2600;2631;"2019-08-29";"2019-11-01";"2020-10-31";"2020-10-02";"fristgerecht durch Kunde";"Munich";"cancelled";1001;"2020-05-05"
12763;"energy";"electricity";2200;2098;"2020-01-02";"2020-04-01";"";"";"";"Munich";"indelivery";1000;"2020-07-02"
12764;"energy";"electricity";2900;3050;"2018-01-09";"2018-04-01";"2020-12-31";"2020-12-03";"fristgerecht durch LichtBlick";"Fürth";"cancelled";1000;"2020-03-27"
12765;"energy";"electricity";2100;2175;"2018-10-12";"2019-06-01";"";"";"";"Munich";"indelivery";1001;"2019-05-23"
12766;"energy";"electricity";2200;2191;"2018-08-17";"2018-11-01";"";"";"";"Berlin";"indelivery";1002;"2018-12-08"
12767;"energy";"electricity";2500;2541;"2018-10-06";"2018-12-01";"2019-06-30";"2019-06-02";"fristgerecht durch Kunde";"Hannover";"terminated";1002;"2019-06-02"
12768;"energy";"electricity";2000;1944;"2018-11-03";"2019-02-01";"2019-02-01";"2019-10-28";"Wiederruf";"Berlin";"terminated";1001;"2019-03-25"
12769;"energy";"electricity";2700;2646;"2020-03-08";"2020-05-01";"";"";"";"Berlin";"indelivery";1001;"2020-09-21"
12770;"energy";"electricity";2600;2647;"2018-09-23";"2018-11-01";"2019-03-31";"2019-02-26";"fristgerecht durch Kunde";"Hannover";"terminated";1002;"2019-02-26"
12771;"energy";"electricity";2400;2279;"2018-02-02";"2018-03-01";"";"";"";"Osnabrück";"indelivery";1000;"2019-01-27"
12772;"energy";"gas";8700;9147;"2019-06-15";"2019-07-01";"";"";"";"Erfurt";"indelivery";2001;"2020-06-28"
12773;"energy";"electricity";2000;2026;"2019-12-10";"2020-04-01";"";"";"";"Heidelberg";"indelivery";1001;"2020-07-11"
12774;"energy";"electricity";1900;2025;"2020-09-09";"2020-11-01";"";"";"";"Berlin";"active";1001;"2020-09-26"
12775;"energy";"electricity";2700;2623;"2019-09-25";"2019-11-01";"2020-01-31";"2020-01-02";"fristgerecht durch Kunde";"Stuttgart";"terminated";1000;"2020-01-02"
12776;"energy";"electricity";2200;2238;"2020-07-08";"2020-09-01";"";"";"";"Berlin";"indelivery";1001;"2020-08-15"
12777;"energy";"gas";10400;10015;"2019-04-03";"2019-08-01";"";"";"";"Hamburg";"indelivery";2000;"2020-06-12"
12778;"energy";"electricity";2800;2970;"2019-11-17";"2020-06-01";"";"";"";"Hamburg";"indelivery";1001;"2020-08-18"
12779;"energy";"electricity";2500;2407;"2018-07-31";"2018-09-01";"2019-06-30";"2019-05-29";"fristgerecht durch Kunde";"Berlin";"terminated";1000;"2019-05-29"
12780;"energy";"gas";10700;11352;"2020-04-26";"2020-07-01";"";"";"";"Hamburg";"indelivery";2001;"2020-05-02"
12781;"energy";"electricity";3000;3136;"2019-03-02";"2019-05-01";"";"";"";"Düsseldorf";"indelivery";1002;"2019-07-20"
12782;"energy";"electricity";2300;2350;"2018-03-15";"2018-05-01";"";"";"";"Hannover";"indelivery";1002;"2019-01-30"
12783;"energy";"gas";9900;9912;"2018-09-14";"2019-03-01";"";"";"";"Berlin";"indelivery";2000;"2019-07-08"
12784;"energy";"electricity";2400;2248;"2019-02-19";"2019-04-01";"";"";"";"Hamburg";"indelivery";1002;"2019-12-01"
12785;"energy";"electricity";2300;2336;"2019-07-05";"2020-03-01";"";"";"";"Leipzig";"indelivery";1000;"2020-08-27"
12786;"energy";"electricity";2600;"";"2019-09-15";"2019-12-01";"";"";"";"Hamburg";"indelivery";1000;"2020-08-07"
12787;"energy";"electricity";2200;2310;"2019-06-15";"2019-08-01";"";"";"";"Berlin";"indelivery";1002;"2020-07-03"
12788;"energy";"electricity";2000;1946;"2020-04-14";"2020-08-01";"";"";"";"Bad Ems";"indelivery";1002;"2020-07-30"
12789;"energy";"electricity";2500;2420;"2018-06-28";"2018-12-01";"2020-01-31";"2019-12-29";"fristgerecht durch LichtBlick";"Munich";"terminated";1001;"2019-11-29"
12790;"energy";"electricity";2200;2134;"2019-01-29";"2019-05-01";"";"";"";"Essen";"indelivery";1000;"2019-07-11"
12791;"energy";"electricity";2100;2246;"2018-04-27";"2018-11-01";"";"";"";"Osnabrück";"indelivery";1001;"2018-10-09"
12792;"energy";"gas";11500;11074;"2019-11-04";"2020-01-01";"";"";"";"Wuppertal";"indelivery";2001;"2020-03-31"
12793;"energy";"electricity";2500;2443;"2019-06-19";"2019-10-01";"";"";"";"Frankfurt";"indelivery";1001;"2019-11-17"
12794;"energy";"electricity";2200;2264;"2018-12-09";"2019-04-01";"";"";"";"Emden";"indelivery";1001;"2019-03-10"
12795;"energy";"electricity";2800;2899;"2018-06-28";"2018-08-01";"";"";"";"Cologne";"indelivery";1000;"2018-09-14"
12796;"energy";"electricity";1900;2045;"2019-01-18";"2019-02-01";"2019-09-30";"2019-08-30";"fristgerecht durch Kunde";"Hamburg";"terminated";1001;"2019-08-30"
12797;"energy";"electricity";3000;3094;"2019-11-02";"2020-04-01";"";"";"";"Mannheim";"indelivery";1001;"2020-06-09"
12798;"energy";"electricity";2200;2301;"2018-12-09";"2020-05-01";"";"";"";"Wuppertal";"indelivery";1000;"2019-10-27"
12799;"energy";"electricity";2400;2421;"2018-10-24";"2019-09-01";"";"";"";"Braunschweig";"indelivery";1002;"2019-03-11"
12800;"energy";"electricity";2600;2627;"2018-06-21";"2019-09-01";"";"";"";"Cologne";"indelivery";1001;"2019-03-10"
12801;"energy";"electricity";2300;2356;"2020-09-17";"2020-11-01";"";"";"";"Verden";"active";1001;"2020-09-17"
12802;"energy";"electricity";2500;2466;"2018-04-30";"2018-09-01";"";"";"";"Frankenthal";"indelivery";1002;"2020-08-19"
12803;"energy";"gas";9800;9826;"2020-01-20";"2020-03-01";"";"";"";"Cologne";"indelivery";2000;"2020-08-13"
12804;"energy";"electricity";2600;"";"2019-04-04";"2020-01-01";"";"";"";"Heidelberg";"indelivery";1001;"2019-09-30"
12805;"energy";"electricity";2700;2571;"2018-03-29";"2018-05-01";"2019-01-31";"2019-01-03";"Umzug";"Northeim";"terminated";1000;"2018-11-30"
12806;"energy";"electricity";2900;3103;"2018-06-12";"2018-07-01";"2020-10-31";"2020-10-03";"Umzug";"Düsseldorf";"cancelled";1002;"2020-06-14"
12807;"energy";"electricity";2300;2319;"2020-04-27";"2020-05-01";"";"";"";"Lichtenfels";"indelivery";1001;"2020-09-29"
12808;"energy";"electricity";3000;2872;"2018-02-02";"2018-04-01";"2019-11-30";"2019-11-01";"Umzug";"Freiburg";"terminated";1001;"2018-05-11"
12809;"energy";"electricity";3000;2973;"2018-10-09";"2019-02-01";"";"";"";"Marienberg";"indelivery";1001;"2019-06-23"
12810;"energy";"gas";10900;11343;"2018-01-21";"2018-02-01";"2020-10-31";"2020-09-30";"Umzug";"Würzburg";"cancelled";2001;"2020-09-27"
12811;"energy";"gas";8000;8256;"2019-04-24";"2020-06-01";"";"";"";"Hamburg";"indelivery";2000;"2019-09-27"
12812;"energy";"electricity";2500;2503;"2019-03-08";"2019-05-01";"";"";"";"Cologne";"indelivery";1000;"2020-06-04"
12813;"energy";"electricity";2900;3070;"2019-01-29";"2019-03-01";"2020-04-30";"2020-04-02";"fristgerecht durch LichtBlick";"Ulm";"terminated";1001;"2020-04-02"
12814;"energy";"electricity";2300;2488;"2019-01-15";"2019-11-01";"";"";"";"Berlin";"indelivery";1002;"2019-03-24"
12815;"energy";"gas";11100;11659;"2018-01-06";"2018-02-01";"2019-07-31";"2019-07-01";"fristgerecht durch LichtBlick";"Hamburg";"terminated";2000;"2019-07-01"
12816;"energy";"gas";8500;8650;"2020-04-12";"2021-02-01";"";"";"";"Hamburg";"active";2001;"2020-06-03"
12817;"energy";"electricity";2000;2102;"2020-03-28";"2020-07-01";"";"";"";"Dortmund";"indelivery";1001;"2020-04-18"
12818;"energy";"gas";9400;9005;"2020-04-04";"2020-07-01";"";"";"";"Lübeck";"indelivery";2000;"2020-09-08"
12819;"energy";"electricity";2400;2333;"2020-07-03";"2020-09-01";"";"";"";"Berlin";"indelivery";1000;"2020-08-04"
12820;"energy";"electricity";2900;2979;"2020-09-07";"2020-11-01";"";"";"";"Hamburg";"active";1000;"2020-09-29"
12821;"energy";"electricity";2200;2205;"2018-08-30";"2018-12-01";"";"";"";"Berlin";"indelivery";1001;"2019-10-11"
12822;"energy";"electricity";2200;2320;"2018-10-07";"2019-02-01";"";"";"";"Marienberg";"indelivery";1000;"2019-11-22"
12823;"energy";"electricity";2600;2692;"2018-05-04";"2018-07-01";"2020-12-31";"2020-11-29";"fristgerecht durch Kunde";"Kiel";"cancelled";1001;"2020-09-03"
12824;"energy";"electricity";2200;2170;"2018-02-18";"2018-07-01";"2018-07-01";"2020-10-02";"Wiederruf";"Dortmund";"terminated";1000;"2019-04-20"
12825;"energy";"electricity";3000;3184;"2018-08-27";"2019-04-01";"2019-10-31";"2019-09-29";"fristgerecht durch Kunde";"Dortmund";"terminated";1002;"2018-09-22"
12826;"energy";"electricity";2200;2265;"2019-08-28";"2019-11-01";"";"";"";"Ulm";"indelivery";1001;"2019-10-26"
12827;"energy";"electricity";2700;2691;"2020-04-26";"2020-07-01";"";"";"";"Altchemnitz";"indelivery";1001;"2020-06-29"
12828;"energy";"electricity";2000;"";"2020-06-05";"2020-08-01";"";"";"";"Frankfurt";"indelivery";1002;"2020-07-22"
12829;"energy";"electricity";2000;2149;"2019-09-18";"2020-01-01";"";"";"";"Düsseldorf";"indelivery";1000;"2020-05-02"
12830;"energy";"gas";11400;11691;"2019-09-27";"2020-07-01";"";"";"";"Biberach";"indelivery";2001;"2020-04-09"
12831;"energy";"electricity";2200;2229;"2018-12-08";"2019-02-01";"";"";"";"Regensburg";"indelivery";1002;"2020-09-15"
12832;"energy";"electricity";2300;2323;"2018-01-03";"2018-02-01";"";"";"";"Munich";"indelivery";1002;"2018-01-29"
12833;"energy";"electricity";2000;2144;"2018-09-04";"2019-05-01";"";"";"";"Fürth";"indelivery";1001;"2019-04-01"
12834;"energy";"electricity";2200;2129;"2019-05-02";"2019-10-01";"";"";"";"Kassel";"indelivery";1000;"2020-03-27"
12835;"energy";"electricity";2500;2372;"2020-03-05";"2020-05-01";"";"";"";"Freiburg";"indelivery";1000;"2020-05-14"
12836;"energy";"electricity";2100;2183;"2019-10-09";"2020-01-01";"";"";"";"Hannover";"indelivery";1000;"2019-11-21"
12837;"energy";"gas";10000;9854;"2018-03-03";"2018-05-01";"";"";"";"Dortmund";"indelivery";2001;"2019-07-10"
12838;"energy";"electricity";2800;2807;"2020-02-15";"2020-08-01";"";"";"";"Berlin";"indelivery";1002;"2020-08-18"
12839;"energy";"electricity";2000;1952;"2020-08-05";"2020-11-01";"";"";"";"Rosenheim";"active";1002;"2020-09-18"
12840;"energy";"electricity";2500;2709;"2020-03-22";"2020-04-01";"";"";"";"Oldenburg";"indelivery";1001;"2020-06-29"
12841;"energy";"electricity";2700;2767;"2018-07-21";"2018-08-01";"";"";"";"Cologne";"indelivery";1000;"2018-07-21"
12842;"energy";"electricity";2900;2824;"2018-03-16";"2018-05-01";"";"";"";"Oldenburg";"indelivery";1002;"2020-05-19"
12843;"energy";"gas";11200;10733;"2018-06-07";"2018-08-01";"";"";"";"Bielefeld";"indelivery";2000;"2018-10-26"
12844;"energy";"electricity";2500;2482;"2018-05-14";"2018-07-01";"";"";"";"Munich";"indelivery";1002;"2019-10-09"
12845;"energy";"electricity";2200;2059;"2019-08-18";"2020-07-01";"";"";"";"Leipzig";"indelivery";1002;"2020-08-17"
12846;"energy";"electricity";2200;2334;"2018-07-30";"2018-09-01";"";"";"";"Berlin";"indelivery";1000;"2020-07-04"
12847;"energy";"electricity";2300;2294;"2020-02-10";"2020-06-01";"";"";"";"Simmern";"indelivery";1001;"2020-03-09"
12848;"energy";"electricity";2700;2855;"2018-11-06";"2019-04-01";"";"";"";"Hamburg";"indelivery";1001;"2019-02-18"
12849;"energy";"electricity";3000;2990;"2020-01-13";"2020-03-01";"";"";"";"Dortmund";"indelivery";1001;"2020-05-26"
12850;"energy";"electricity";2600;2562;"2020-09-08";"2020-10-01";"";"";"";"Berlin";"indelivery";1000;"2020-09-17"
12851;"energy";"electricity";2500;2544;"2019-07-19";"2020-01-01";"";"";"";"Berlin";"indelivery";1000;"2020-03-24"
12852;"energy";"electricity";2300;2294;"2020-02-01";"2020-04-01";"";"";"";"Reutlingen";"indelivery";1000;"2020-07-29"
12853;"energy";"electricity";2800;2752;"2018-12-03";"2019-01-01";"2020-08-31";"2020-08-01";"fristgerecht durch Kunde";"Berlin";"terminated";1000;"2020-07-08"
12854;"energy";"electricity";2900;3038;"2019-06-18";"2020-01-01";"2020-05-31";"2020-05-02";"fristgerecht durch Kunde";"Marienberg";"terminated";1002;"2019-12-10"
12855;"energy";"electricity";2300;2475;"2020-03-19";"2020-12-01";"";"";"";"Stuttgart";"active";1001;"2020-05-10"
12856;"energy";"electricity";2100;2270;"2020-08-08";"2021-05-01";"";"";"";"Mainz";"active";1002;"2020-09-20"
12857;"energy";"electricity";2600;2576;"2018-05-04";"2019-01-01";"";"";"";"Meißen";"indelivery";1002;"2020-01-09"
12858;"energy";"electricity";2900;2796;"2018-08-09";"2018-11-01";"";"";"";"Frankfurt";"indelivery";1002;"2020-05-24"
12859;"energy";"electricity";2200;2325;"2019-12-12";"2020-04-01";"";"";"";"Marienberg";"indelivery";1001;"2020-06-08"
12860;"energy";"electricity";2600;2727;"2020-06-12";"2020-09-01";"";"";"";"Düsseldorf";"indelivery";1000;"2020-08-27"
12861;"energy";"electricity";2400;2394;"2018-03-14";"2018-12-01";"";"";"";"Altchemnitz";"indelivery";1002;"2019-10-24"
12862;"energy";"electricity";2200;2094;"2020-02-26";"2020-05-01";"";"";"";"Ingolstadt";"indelivery";1000;"2020-06-10"
12863;"energy";"electricity";2000;2098;"2018-12-13";"2019-04-01";"";"";"";"Karlsruhe";"indelivery";1000;"2019-02-14"
12864;"energy";"electricity";2100;2038;"2019-03-16";"2019-04-01";"";"";"";"Jena";"indelivery";1000;"2019-07-09"
12865;"energy";"electricity";2800;2870;"2020-07-13";"2021-03-01";"";"";"";"Cologne";"active";1001;"2020-07-19"
12866;"energy";"electricity";2800;2724;"2020-09-23";"2021-02-01";"";"";"";"Duisburg";"active";1002;"2020-09-29"
12867;"energy";"electricity";2200;2097;"2020-07-12";"2020-12-01";"";"";"";"Heidelberg";"active";1002;"2020-07-17"
12868;"energy";"gas";10000;9581;"2020-09-05";"2021-03-01";"";"";"";"Cologne";"active";2001;"2020-09-05"
12869;"energy";"electricity";2700;2675;"2020-08-31";"2021-01-01";"";"";"";"Leipzig";"active";1000;"2020-09-18"
12870;"energy";"electricity";2900;2853;"2020-02-23";"2020-11-01";"";"";"";"Augsburg";"active";1001;"2020-08-25"
12871;"energy";"electricity";2800;2826;"2018-04-24";"2018-06-01";"";"";"";"Stuttgart";"indelivery";1001;"2019-09-02"
12872;"energy";"electricity";2100;2076;"2020-09-10";"2020-11-01";"";"";"";"Duisburg";"active";1000;"2020-09-25"
12873;"energy";"electricity";1900;1833;"2020-02-05";"2020-04-01";"";"";"";"Frankfurt";"indelivery";1001;"2020-04-14"
12874;"energy";"electricity";2000;2078;"2018-05-31";"2018-07-01";"";"";"";"Berlin";"indelivery";1002;"2018-12-26"
12875;"energy";"gas";11500;11957;"2018-10-09";"2018-12-01";"";"";"";"Bonn";"indelivery";2000;"2019-04-29"
12876;"energy";"gas";8000;"";"2018-11-04";"2019-02-01";"";"";"";"Erfurt";"indelivery";2001;"2019-06-10"
12877;"energy";"electricity";2100;2228;"2018-02-20";"2018-04-01";"2018-10-31";"2018-10-02";"fristgerecht durch Kunde";"Berlin";"terminated";1001;"2018-10-02"
12878;"energy";"electricity";2100;2228;"2018-12-20";"2019-10-01";"";"";"";"Mainz";"indelivery";1000;"2020-09-29"
12879;"energy";"electricity";2100;"";"2020-07-01";"2020-07-01";"";"";"";"Hamburg";"indelivery";1002;"2020-09-22"
12880;"energy";"electricity";2100;2173;"2020-05-11";"2020-12-01";"";"";"";"Saarbrücken";"active";1002;"2020-06-26"
12881;"energy";"electricity";2700;2615;"2018-06-21";"2018-08-01";"";"";"";"Bonn";"indelivery";1001;"2019-12-02"
12882;"energy";"electricity";2400;2286;"2020-09-19";"2021-01-01";"";"";"";"Ingolstadt";"active";1000;"2020-09-25"
12883;"energy";"electricity";2400;2515;"2018-12-04";"2019-02-01";"";"";"";"Rostock";"indelivery";1002;"2020-04-04"
12884;"energy";"electricity";2100;2113;"2018-11-04";"2019-01-01";"";"";"";"Munich";"indelivery";1000;"2020-09-17"
12885;"energy";"gas";8600;9175;"2019-07-31";"2019-09-01";"";"";"";"Mannheim";"indelivery";2001;"2020-03-03"
12886;"energy";"gas";10500;10517;"2018-06-24";"2018-07-01";"";"";"";"Recklinghausen";"indelivery";2001;"2018-09-12"
12887;"energy";"electricity";2600;2523;"2019-11-15";"2020-01-01";"";"";"";"Munich";"indelivery";1000;"2020-04-22"
12888;"energy";"gas";10600;10892;"2020-09-14";"2021-02-01";"";"";"";"Hamburg";"active";2000;"2020-09-30"
12889;"energy";"electricity";2400;2480;"2019-08-06";"2020-06-01";"";"";"";"Wuppertal";"indelivery";1001;"2020-02-16"
12890;"energy";"electricity";2300;2233;"2020-01-09";"2020-08-01";"";"";"";"Berlin";"indelivery";1002;"2020-07-04"
12891;"energy";"electricity";2300;2344;"2018-12-20";"2019-02-01";"";"";"";"Bremerhaven";"indelivery";1002;"2018-12-25"
12892;"energy";"electricity";2000;2161;"2018-01-07";"2018-04-01";"";"";"";"Freiburg";"indelivery";1002;"2020-01-29"
12893;"energy";"electricity";2900;3083;"2019-08-17";"2019-10-01";"";"";"";"Hamburg";"indelivery";1000;"2020-09-11"
12894;"energy";"gas";10300;10563;"2019-01-30";"2019-03-01";"";"";"";"Bonn";"indelivery";2001;"2019-03-21"
12895;"energy";"electricity";2200;2315;"2020-05-10";"2020-07-01";"";"";"";"Leipzig";"indelivery";1002;"2020-08-18"
12896;"energy";"gas";10200;10306;"2019-09-18";"2020-01-01";"2020-12-31";"2020-12-03";"Umzug";"Essen";"cancelled";2001;"2020-08-04"
12897;"energy";"electricity";2700;2699;"2020-09-25";"2021-01-01";"";"";"";"Marienberg";"active";1001;"2020-09-30"
12898;"energy";"gas";8700;9151;"2018-09-06";"2018-12-01";"";"";"";"Hamburg";"indelivery";2000;"2019-01-21"
12899;"energy";"electricity";2900;3112;"2020-05-03";"2020-06-01";"";"";"";"Leipzig";"indelivery";1002;"2020-08-11"
12900;"energy";"electricity";2400;"";"2018-10-21";"2018-12-01";"";"";"";"Bad Kreuznach";"indelivery";1002;"2019-07-09"
12901;"energy";"electricity";2600;2692;"2019-01-07";"2019-03-01";"";"";"";"Berlin";"indelivery";1002;"2019-12-24"
12902;"energy";"electricity";2200;2087;"2019-02-13";"2019-10-01";"";"";"";"Hamburg";"indelivery";1000;"2020-08-02"
12903;"energy";"electricity";2600;2542;"2019-05-26";"2020-03-01";"";"";"";"Lübeck";"indelivery";1001;"2020-08-17"
12904;"energy";"electricity";2100;2062;"2020-05-23";"2020-07-01";"";"";"";"Munich";"indelivery";1001;"2020-07-29"
12905;"energy";"electricity";2300;2369;"2018-08-05";"2018-09-01";"";"";"";"Wuppertal";"indelivery";1001;"2018-12-11"
12906;"energy";"electricity";2100;2023;"2019-04-21";"2019-07-01";"";"";"";"Dortmund";"indelivery";1002;"2019-11-23"
12907;"energy";"gas";8000;7907;"2020-03-09";"2020-05-01";"";"";"";"Berlin";"indelivery";2000;"2020-03-25"
12908;"energy";"electricity";2000;2015;"2019-01-10";"2019-03-01";"";"";"";"Essen";"indelivery";1002;"2020-06-01"
12909;"energy";"electricity";2600;2589;"2019-01-25";"2019-02-01";"";"";"";"Munich";"indelivery";1001;"2020-05-31"
12910;"energy";"electricity";2500;2506;"2020-07-23";"2021-02-01";"";"";"";"Mainz";"active";1000;"2020-08-13"
12911;"energy";"electricity";2400;2278;"2020-05-28";"2020-08-01";"";"";"";"Hamburg";"indelivery";1001;"2020-07-24"
12912;"energy";"electricity";1900;1912;"2020-09-03";"2020-11-01";"";"";"";"Berlin";"active";1002;"2020-09-30"
12913;"energy";"electricity";2900;2858;"2018-10-23";"2019-03-01";"";"";"";"Dresden";"indelivery";1000;"2020-01-20"
12914;"energy";"electricity";2600;2511;"2018-07-24";"2018-08-01";"2020-10-31";"2020-10-01";"fristgerecht durch Kunde";"Frankfurt";"cancelled";1001;"2019-06-17"
12915;"energy";"electricity";2000;2105;"2020-02-15";"2020-03-01";"";"";"";"Altchemnitz";"indelivery";1000;"2020-03-10"
12916;"energy";"electricity";2900;2882;"2018-08-15";"2018-11-01";"";"";"";"Berlin";"indelivery";1000;"2018-09-16"
12917;"energy";"electricity";2000;1979;"2019-01-13";"2019-03-01";"";"";"";"Saarbrücken";"indelivery";1001;"2020-07-10"
12918;"energy";"electricity";2600;2543;"2018-09-12";"2019-03-01";"";"";"";"Düsseldorf";"indelivery";1002;"2018-10-19"
12919;"energy";"electricity";2400;2547;"2018-02-03";"2018-09-01";"2019-02-28";"2019-01-21";"fristgerecht durch Kunde";"Karlsruhe";"terminated";1000;"2019-01-21"
12920;"energy";"electricity";2900;2868;"2019-09-13";"2019-11-01";"";"";"";"Fürth";"indelivery";1001;"2020-05-27"
12921;"energy";"electricity";2600;2548;"2019-04-19";"2019-07-01";"";"";"";"Minden";"indelivery";1000;"2019-08-08"
12922;"energy";"gas";12200;12610;"2019-05-24";"2019-10-01";"";"";"";"Warendorf";"indelivery";2001;"2019-07-21"
12923;"energy";"electricity";2800;3029;"2018-04-14";"2018-07-01";"";"";"";"Wuppertal";"indelivery";1001;"2020-08-10"
12924;"energy";"electricity";2300;2289;"2019-10-30";"2020-04-01";"";"";"";"Munich";"indelivery";1000;"2020-06-15"
12925;"energy";"electricity";1900;1884;"2019-02-20";"2019-03-01";"2019-05-31";"2019-05-03";"fristgerecht durch Kunde";"Berlin";"terminated";1000;"2019-05-03"
12926;"energy";"electricity";2400;2506;"2020-01-04";"2020-07-01";"";"";"";"Marienberg";"indelivery";1000;"2020-07-27"
12927;"energy";"electricity";3000;3147;"2019-07-23";"2019-08-01";"";"";"";"Berlin";"indelivery";1002;"2020-01-28"
12928;"energy";"electricity";2100;2167;"2019-04-16";"2019-11-01";"";"";"";"Düsseldorf";"indelivery";1000;"2020-01-15"
12929;"energy";"electricity";2900;2729;"2019-11-06";"2020-01-01";"";"";"";"Heidelberg";"indelivery";1002;"2020-02-23"
12930;"energy";"electricity";2600;2539;"2018-04-24";"2018-08-01";"";"";"";"Munich";"indelivery";1001;"2019-02-22"
12931;"energy";"electricity";2600;2549;"2020-06-12";"2020-08-01";"";"";"";"Essen";"indelivery";1001;"2020-06-14"
12932;"energy";"electricity";2800;3046;"2018-05-15";"2018-11-01";"";"";"";"Berlin";"indelivery";1000;"2020-07-22"
12933;"energy";"gas";8200;8253;"2019-03-03";"2019-05-01";"2019-05-01";"2019-07-03";"Wiederruf";"Stuttgart";"terminated";2000;"2019-05-21"
12934;"energy";"electricity";2400;2502;"2018-09-14";"2018-11-01";"2020-01-31";"2020-01-03";"fristgerecht durch LichtBlick";"Schwerin";"terminated";1002;"2019-09-06"
12935;"energy";"gas";8700;9133;"2019-02-08";"2019-08-01";"";"";"";"Rosenheim";"indelivery";2000;"2020-09-01"
12936;"energy";"electricity";2500;2598;"2020-06-01";"2021-02-01";"";"";"";"Berlin";"active";1002;"2020-09-08"
12937;"energy";"electricity";2500;2554;"2019-09-09";"2019-12-01";"";"";"";"Düsseldorf";"indelivery";1001;"2020-04-22"
12938;"energy";"electricity";2300;"";"2019-12-07";"2020-02-01";"";"";"";"Duisburg";"indelivery";1002;"2020-06-27"
12939;"energy";"electricity";2800;2871;"2020-05-05";"2021-01-01";"";"";"";"Augsburg";"active";1000;"2020-05-21"
12940;"energy";"electricity";2800;2757;"2020-08-23";"2020-10-01";"";"";"";"Fürth";"indelivery";1002;"2020-09-04"
12941;"energy";"electricity";2400;2336;"2018-12-20";"2019-05-01";"";"";"";"Mannheim";"indelivery";1000;"2019-03-16"
12942;"energy";"electricity";2400;2458;"2018-10-07";"2018-11-01";"";"";"";"Hamburg";"indelivery";1000;"2019-12-30"
12943;"energy";"electricity";2900;2770;"2018-11-30";"2019-10-01";"2019-10-01";"2020-07-28";"Wiederruf";"Leipzig";"terminated";1000;"2019-04-10"
12944;"energy";"electricity";2400;2561;"2018-04-07";"2019-02-01";"";"";"";"Hamburg";"indelivery";1002;"2018-08-30"
12945;"energy";"gas";10300;10172;"2018-08-17";"2018-10-01";"";"";"";"Sankt Wendel";"indelivery";2001;"2019-04-10"
12946;"energy";"electricity";2700;"";"2019-01-12";"2019-03-01";"";"";"";"Düsseldorf";"indelivery";1001;"2019-08-22"
12947;"energy";"electricity";2400;2453;"2018-08-06";"2019-04-01";"";"";"";"Dresden";"indelivery";1001;"2019-06-06"
12948;"energy";"gas";11900;12790;"2019-03-12";"2019-11-01";"";"";"";"Augsburg";"indelivery";2000;"2020-01-15"
12949;"energy";"gas";9800;"";"2020-02-29";"2020-04-01";"";"";"";"Hamburg";"indelivery";2000;"2020-03-16"
12950;"energy";"electricity";2600;"";"2020-05-06";"2020-08-01";"";"";"";"Stuttgart";"indelivery";1002;"2020-06-27"
12951;"energy";"electricity";2800;3003;"2020-06-29";"2020-08-01";"";"";"";"Dresden";"indelivery";1000;"2020-08-22"
12952;"energy";"electricity";2300;2293;"2018-02-18";"2018-10-01";"2018-10-01";"2020-01-03";"Wiederruf";"Göttingen";"terminated";1000;"2019-09-27"
12953;"energy";"electricity";2300;2368;"2020-03-05";"2020-05-01";"";"";"";"Kiel";"indelivery";1002;"2020-05-09"
12954;"energy";"electricity";2600;2458;"2019-10-12";"2019-12-01";"";"";"";"Cologne";"indelivery";1002;"2020-01-16"
12955;"energy";"electricity";2300;2411;"2019-08-22";"2019-12-01";"";"";"";"Altchemnitz";"indelivery";1000;"2020-01-26"
12956;"energy";"electricity";2600;2638;"2018-07-23";"2019-01-01";"2020-03-31";"2020-03-03";"fristgerecht durch LichtBlick";"Augsburg";"terminated";1002;"2019-05-25"
12957;"energy";"gas";10600;11038;"2018-08-20";"2018-11-01";"";"";"";"Stuttgart";"indelivery";2001;"2019-03-21"
12958;"energy";"electricity";2300;2226;"2018-06-03";"2018-10-01";"";"";"";"Kiel";"indelivery";1002;"2020-03-17"
12959;"energy";"electricity";2500;2537;"2019-04-11";"2019-05-01";"";"";"";"Wiesbaden";"indelivery";1002;"2020-07-15"
12960;"energy";"electricity";2000;"";"2019-08-03";"2019-12-01";"";"";"";"Munich";"indelivery";1001;"2019-12-18"
12961;"energy";"gas";8000;8160;"2018-04-16";"2018-06-01";"";"";"";"Berlin";"indelivery";2000;"2019-02-02"
12962;"energy";"electricity";2700;2767;"2018-08-17";"2018-10-01";"2020-05-31";"2020-05-01";"fristgerecht durch Kunde";"Wiesbaden";"terminated";1002;"2018-08-24"
12963;"energy";"electricity";2700;2767;"2019-03-14";"2020-07-01";"";"";"";"Rostock";"indelivery";1000;"2020-06-03"
12964;"energy";"electricity";2200;2192;"2019-07-29";"2019-08-01";"";"";"";"Oldenburg";"indelivery";1002;"2020-08-08"
12965;"energy";"electricity";2700;2865;"2019-01-01";"2019-05-01";"";"";"";"Hamburg";"indelivery";1001;"2020-04-22"
12966;"energy";"electricity";2700;2795;"2019-01-17";"2019-02-01";"2019-05-31";"2019-05-02";"fristgerecht durch Kunde";"Lübeck";"terminated";1002;"2019-05-02"
12967;"energy";"electricity";2400;"";"2019-08-14";"2020-01-01";"2020-02-29";"2020-01-30";"Umzug";"Düsseldorf";"terminated";1002;"2020-01-30"
12968;"energy";"electricity";2400;2509;"2018-05-11";"2018-08-01";"2018-09-30";"2018-09-02";"fristgerecht durch LichtBlick";"Hannover";"terminated";1001;"2018-09-02"
12969;"energy";"electricity";2900;2767;"2020-06-02";"2021-02-01";"";"";"";"Cologne";"active";1001;"2020-09-20"
12970;"energy";"gas";10600;10535;"2019-09-07";"2020-04-01";"";"";"";"Hanau";"indelivery";2001;"2019-09-20"
12971;"energy";"electricity";3000;2903;"2018-10-19";"2019-04-01";"";"";"";"Heinsberg";"indelivery";1000;"2020-04-10"
12972;"energy";"electricity";2700;2655;"2019-01-12";"2019-02-01";"";"";"";"Stuttgart";"indelivery";1001;"2019-12-26"
12973;"energy";"gas";10300;"";"2019-08-14";"2019-10-01";"2020-05-31";"2020-04-25";"fristgerecht durch LichtBlick";"Frankfurt";"terminated";2001;"2020-02-02"
12974;"energy";"electricity";2500;2487;"2019-04-09";"2019-07-01";"2019-08-31";"2019-08-01";"fristgerecht durch LichtBlick";"Frankfurt";"terminated";1001;"2019-08-01"
12975;"energy";"electricity";2200;2254;"2019-04-23";"2019-12-01";"";"";"";"Marienberg";"indelivery";1002;"2020-02-27"
12976;"energy";"electricity";2100;2161;"2019-01-12";"2019-05-01";"";"";"";"Kassel";"indelivery";1002;"2020-03-24"
12977;"energy";"gas";8600;8632;"2018-03-19";"2018-06-01";"";"";"";"Hamburg";"indelivery";2000;"2019-09-16"
12978;"energy";"electricity";2500;2636;"2018-08-10";"2018-10-01";"2018-10-01";"2018-12-02";"Wiederruf";"Halle";"terminated";1000;"2018-12-02"
12979;"energy";"electricity";2200;2215;"2019-04-13";"2019-10-01";"2020-01-31";"2020-01-03";"fristgerecht durch LichtBlick";"Berlin";"terminated";1002;"2019-11-21"
12980;"energy";"electricity";2100;2123;"2018-06-15";"2018-11-01";"";"";"";"Dortmund";"indelivery";1000;"2019-01-24"
12981;"energy";"electricity";2900;2886;"2019-08-20";"2019-12-01";"";"";"";"Würzburg";"indelivery";1001;"2020-06-14"
12982;"energy";"gas";9000;"";"2020-07-31";"2020-10-01";"";"";"";"Hamburg";"indelivery";2001;"2020-09-27"
12983;"energy";"electricity";2200;2324;"2018-09-09";"2019-01-01";"2019-02-28";"2019-01-30";"fristgerecht durch LichtBlick";"Flensburg";"terminated";1001;"2019-01-30"
12984;"energy";"electricity";2700;2619;"2020-07-08";"2021-01-01";"";"";"";"Munich";"active";1002;"2020-08-21"
12985;"energy";"electricity";2300;2392;"2019-09-26";"2019-10-01";"";"";"";"Mannheim";"indelivery";1000;"2020-04-16"
12986;"energy";"electricity";2000;2030;"2018-01-03";"2018-07-01";"";"";"";"Hamburg";"indelivery";1002;"2018-07-17"
12987;"energy";"electricity";2100;1999;"2019-04-24";"2019-08-01";"";"";"";"Frankfurt";"indelivery";1001;"2019-08-21"
12988;"energy";"electricity";2800;"";"2020-08-23";"2020-09-01";"";"";"";"Dortmund";"indelivery";1002;"2020-09-18"
12989;"energy";"electricity";2600;2820;"2019-06-30";"2019-11-01";"";"";"";"Berlin";"indelivery";1000;"2020-08-20"
12990;"energy";"electricity";2400;2311;"2018-07-20";"2018-09-01";"";"";"";"Fürth";"indelivery";1002;"2019-04-20"
12991;"energy";"electricity";2000;2209;"2020-03-24";"2020-09-01";"";"";"";"Dortmund";"indelivery";1000;"2020-04-17"
12992;"energy";"electricity";2600;2767;"2018-03-28";"2018-10-01";"2019-12-31";"2019-12-02";"fristgerecht durch LichtBlick";"Berlin";"terminated";1001;"2019-12-02"
12993;"energy";"electricity";2800;2813;"2018-08-07";"2018-10-01";"2020-02-29";"2020-01-31";"fristgerecht durch LichtBlick";"Regensburg";"terminated";1001;"2020-01-31"
12994;"energy";"electricity";2600;2757;"2018-11-21";"2019-03-01";"2020-03-31";"2020-03-03";"fristgerecht durch Kunde";"Mainz";"terminated";1001;"2019-08-28"
12995;"energy";"electricity";2100;2100;"2020-05-26";"2020-07-01";"";"";"";"Essen";"indelivery";1000;"2020-06-15"
12996;"energy";"electricity";2800;2951;"2019-08-03";"2020-03-01";"";"";"";"Bielefeld";"indelivery";1000;"2020-03-01"
12997;"energy";"electricity";2200;2119;"2019-08-28";"2019-11-01";"";"";"";"Bad Schwalbach";"indelivery";1002;"2020-06-18"
12998;"energy";"electricity";2700;2741;"2019-07-03";"2019-12-01";"";"";"";"Osnabrück";"indelivery";1000;"2020-09-20"
12999;"energy";"electricity";2400;2335;"2018-03-11";"2018-11-01";"";"";"";"Hamburg";"indelivery";1002;"2019-06-18"
13000;"energy";"electricity";3000;3097;"2019-07-29";"2019-11-01";"";"";"";"Marienberg";"indelivery";1000;"2020-04-13"
13001;"energy";"electricity";2300;2427;"2018-09-05";"2018-12-01";"2020-01-31";"2019-12-27";"fristgerecht durch Kunde";"Frankfurt";"terminated";1002;"2019-05-04"
13002;"energy";"electricity";2800;2839;"2020-05-18";"2020-08-01";"";"";"";"Bonn";"indelivery";1001;"2020-06-23"
13003;"energy";"electricity";2300;2328;"2019-02-14";"2019-05-01";"2020-09-30";"2020-08-28";"fristgerecht durch LichtBlick";"Münster";"terminated";1001;"2020-08-28"
13004;"energy";"electricity";2100;2142;"2019-05-14";"2019-08-01";"";"";"";"Flensburg";"indelivery";1002;"2019-06-21"
13005;"energy";"electricity";2500;2675;"2019-08-04";"2020-03-01";"";"";"";"Berlin";"indelivery";1002;"2019-09-19"
13006;"energy";"electricity";2600;2502;"2020-01-27";"2020-03-01";"";"";"";"Ulm";"indelivery";1000;"2020-07-26"
13007;"energy";"electricity";2800;"";"2019-09-30";"2020-01-01";"2020-02-29";"2020-01-29";"Umzug";"Wuppertal";"terminated";1000;"2020-01-29"
13008;"energy";"gas";8700;"";"2020-01-12";"2020-04-01";"";"";"";"Dortmund";"indelivery";2000;"2020-03-22"
13009;"energy";"electricity";2600;2516;"2018-10-30";"2019-02-01";"";"";"";"Düsseldorf";"indelivery";1002;"2019-08-25"
13010;"energy";"electricity";2100;2098;"2018-06-22";"2018-07-01";"";"";"";"Berlin";"indelivery";1000;"2019-03-15"
13011;"energy";"gas";9500;9744;"2018-01-25";"2018-07-01";"";"";"";"Berlin";"indelivery";2001;"2018-03-17"
13012;"energy";"electricity";2900;3162;"2020-01-05";"2020-08-01";"";"";"";"Cottbus";"indelivery";1001;"2020-09-10"
13013;"energy";"electricity";2200;2144;"2020-07-04";"2020-10-01";"";"";"";"Leipzig";"indelivery";1000;"2020-09-25"
13014;"energy";"electricity";2000;2002;"2018-03-17";"2018-04-01";"2018-10-31";"2018-10-02";"fristgerecht durch Kunde";"Dortmund";"terminated";1001;"2018-10-02"
13015;"energy";"electricity";2400;2380;"2018-06-01";"2018-07-01";"";"";"";"Bremen";"indelivery";1001;"2019-09-13"
13016;"energy";"electricity";2500;2679;"2020-02-18";"2020-04-01";"";"";"";"Duisburg";"indelivery";1002;"2020-09-04"
13017;"energy";"electricity";2400;2335;"2020-05-31";"2020-12-01";"";"";"";"Marienberg";"active";1001;"2020-09-25"
13018;"energy";"electricity";2300;2442;"2018-08-29";"2018-10-01";"2020-10-31";"2020-10-03";"Umzug";"Braunschweig";"cancelled";1002;"2019-03-03"
13019;"energy";"electricity";2300;"";"2019-07-09";"2019-09-01";"";"";"";"Lübeck";"indelivery";1000;"2020-06-24"
13020;"energy";"gas";8700;9352;"2018-02-27";"2018-04-01";"";"";"";"Cottbus";"indelivery";2000;"2018-03-26"
13021;"energy";"electricity";2300;2379;"2020-07-03";"2020-08-01";"";"";"";"Cologne";"indelivery";1000;"2020-09-01"
13022;"energy";"electricity";3000;3079;"2018-03-23";"2018-05-01";"";"";"";"Leipzig";"indelivery";1001;"2019-08-17"
13023;"energy";"electricity";2200;2171;"2018-09-21";"2019-08-01";"";"";"";"Göttingen";"indelivery";1000;"2018-10-24"
13024;"energy";"electricity";2700;2680;"2018-05-18";"2018-07-01";"2019-09-30";"2019-09-02";"Umzug";"Calw";"terminated";1002;"2019-09-02"
13025;"energy";"gas";9100;9671;"2019-02-27";"2020-06-01";"";"";"";"Munich";"indelivery";2001;"2019-08-12"
13026;"energy";"electricity";2800;"";"2019-08-25";"2019-11-01";"";"";"";"Kiel";"indelivery";1001;"2020-07-03"
13027;"energy";"electricity";2500;"";"2020-04-16";"2020-09-01";"";"";"";"Berlin";"indelivery";1002;"2020-05-17"
13028;"energy";"electricity";2800;2758;"2020-04-15";"2020-07-01";"";"";"";"Kiel";"indelivery";1002;"2020-09-18"
13029;"energy";"electricity";2800;3043;"2020-04-30";"2020-12-01";"";"";"";"Berlin";"active";1001;"2020-07-11"
13030;"energy";"electricity";2300;2355;"2018-11-01";"2019-08-01";"";"";"";"Berlin";"indelivery";1000;"2020-02-25"
13031;"energy";"electricity";2700;2764;"2020-08-06";"2020-11-01";"";"";"";"Hamburg";"active";1002;"2020-08-22"
13032;"energy";"gas";9100;9271;"2020-05-27";"2020-07-01";"2020-09-30";"2020-09-02";"fristgerecht durch Kunde";"Berlin";"terminated";2001;"2020-07-27"
13033;"energy";"electricity";2700;2781;"2020-08-16";"2020-09-01";"";"";"";"Hamburg";"indelivery";1002;"2020-09-22"
13034;"energy";"electricity";2500;2721;"2019-06-08";"2019-08-01";"";"";"";"Würzburg";"indelivery";1001;"2020-06-30"
13035;"energy";"electricity";2000;2167;"2020-08-14";"2022-02-01";"";"";"";"Cologne";"active";1000;"2020-08-16"
13036;"energy";"electricity";2000;2006;"2018-07-05";"2018-10-01";"";"";"";"Hamburg";"indelivery";1001;"2020-08-25"
13037;"energy";"electricity";2300;2166;"2019-01-11";"2019-02-01";"";"";"";"Duisburg";"indelivery";1001;"2019-12-06"
13038;"energy";"electricity";2000;2072;"2018-09-02";"2019-01-01";"";"";"";"Hamburg";"indelivery";1002;"2019-03-02"
13039;"energy";"electricity";2400;2342;"2018-08-25";"2018-10-01";"";"";"";"Berlin";"indelivery";1001;"2020-06-29"
13040;"energy";"electricity";2800;2995;"2019-10-08";"2020-07-01";"";"";"";"Munich";"indelivery";1002;"2020-09-20"
13041;"energy";"gas";11100;11895;"2019-08-24";"2019-09-01";"";"";"";"Cuxhaven";"indelivery";2000;"2019-09-11"
13042;"energy";"electricity";2800;2768;"2019-04-29";"2019-06-01";"";"";"";"Munich";"indelivery";1002;"2020-09-03"
13043;"energy";"electricity";2200;2341;"2018-01-25";"2018-12-01";"";"";"";"Berlin";"indelivery";1000;"2020-03-22"
13044;"energy";"electricity";2000;2139;"2019-06-05";"2019-07-01";"";"";"";"Duisburg";"indelivery";1001;"2019-09-08"
13045;"energy";"electricity";2400;2579;"2020-01-13";"2020-04-01";"";"";"";"Göttingen";"indelivery";1001;"2020-04-16"
13046;"energy";"electricity";2900;2963;"2018-01-04";"2018-03-01";"2018-03-01";"2019-01-29";"Wiederruf";"Karlsruhe";"terminated";1001;"2019-01-29"
13047;"energy";"electricity";2500;2457;"2020-02-07";"2020-04-01";"";"";"";"Berlin";"indelivery";1002;"2020-09-04"
13048;"energy";"electricity";2400;2362;"2018-12-08";"2019-01-01";"";"";"";"Altchemnitz";"indelivery";1001;"2019-02-27"
13049;"energy";"gas";11100;10672;"2018-07-23";"2018-09-01";"";"";"";"Berlin";"indelivery";2001;"2019-01-24"
13050;"energy";"electricity";2900;2763;"2018-01-24";"2018-02-01";"";"";"";"Dresden";"indelivery";1000;"2018-11-24"
13051;"energy";"electricity";2800;2705;"2018-07-09";"2019-07-01";"";"";"";"Bonn";"indelivery";1000;"2020-04-26"
13052;"energy";"electricity";2000;1972;"2019-12-13";"2020-03-01";"";"";"";"Munich";"indelivery";1002;"2020-09-13"
13053;"energy";"electricity";2400;2349;"2018-08-16";"2019-03-01";"";"";"";"Frankfurt";"indelivery";1000;"2019-02-16"
13054;"energy";"electricity";2700;2645;"2018-01-28";"2018-03-01";"";"";"";"Braunschweig";"indelivery";1001;"2019-03-23"
13055;"energy";"gas";11100;11773;"2020-08-02";"2021-02-01";"";"";"";"Frankfurt";"active";2000;"2020-08-13"
13056;"energy";"gas";9000;8700;"2019-03-02";"2019-04-01";"";"";"";"Freiburg";"indelivery";2001;"2019-10-02"
13057;"energy";"electricity";2600;2490;"2019-10-28";"2019-11-01";"";"";"";"Hamburg";"indelivery";1002;"2019-12-01"
13058;"energy";"electricity";2900;2972;"2019-04-22";"2019-06-01";"";"";"";"Freiburg";"indelivery";1000;"2019-07-23"
13059;"energy";"electricity";2900;3026;"2019-08-31";"2019-10-01";"";"";"";"Hamburg";"indelivery";1000;"2019-10-05"
13060;"energy";"electricity";2800;2859;"2019-07-06";"2019-09-01";"";"";"";"Potsdam";"indelivery";1001;"2019-09-22"
13061;"energy";"gas";11400;11807;"2018-10-16";"2019-03-01";"2020-01-31";"2020-01-03";"Umzug";"Wuppertal";"terminated";2001;"2019-09-14"
13062;"energy";"electricity";2700;2723;"2019-05-04";"2019-10-01";"2020-11-30";"2020-10-31";"fristgerecht durch LichtBlick";"Berlin";"cancelled";1002;"2020-05-28"
13063;"energy";"electricity";2600;2638;"2019-06-08";"2019-12-01";"";"";"";"Stuttgart";"indelivery";1002;"2020-01-02"
13064;"energy";"electricity";2700;2679;"2019-07-19";"2019-12-01";"";"";"";"Braunschweig";"indelivery";1002;"2019-10-04"
13065;"energy";"gas";8200;8080;"2019-09-23";"2020-05-01";"";"";"";"Flensburg";"indelivery";2000;"2019-10-18"
13066;"energy";"electricity";2100;2133;"2019-12-05";"2020-07-01";"";"";"";"Hamburg";"indelivery";1001;"2020-09-13"
13067;"energy";"electricity";2200;2292;"2019-11-27";"2020-04-01";"";"";"";"Karlsruhe";"indelivery";1002;"2020-05-07"
13068;"energy";"electricity";2600;2714;"2020-05-24";"2020-06-01";"";"";"";"Berlin";"indelivery";1001;"2020-05-24"
13069;"energy";"electricity";2900;2843;"2018-04-22";"2018-07-01";"";"";"";"Hannover";"indelivery";1002;"2018-07-10"
13070;"energy";"electricity";2000;1971;"2019-11-27";"2020-01-01";"2020-01-01";"2020-05-03";"Wiederruf";"Flensburg";"terminated";1001;"2020-03-26"
13071;"energy";"electricity";2500;2506;"2018-12-25";"2019-03-01";"";"";"";"Cologne";"indelivery";1000;"2019-05-19"
13072;"energy";"electricity";2800;2948;"2018-09-08";"2018-11-01";"2019-11-30";"2019-11-02";"fristgerecht durch Kunde";"Dortmund";"terminated";1002;"2019-11-02"
13073;"energy";"gas";8000;7999;"2019-09-25";"2020-01-01";"2020-05-31";"2020-05-03";"Umzug";"Stuttgart";"terminated";2000;"2020-03-04"
13074;"energy";"electricity";2400;2513;"2019-04-29";"2019-11-01";"";"";"";"Hamburg";"indelivery";1000;"2019-06-13"
13075;"energy";"gas";8700;9011;"2020-01-01";"2020-07-01";"";"";"";"Saarbrücken";"indelivery";2001;"2020-03-19"
13076;"energy";"electricity";2600;2491;"2018-09-05";"2018-12-01";"";"";"";"Düsseldorf";"indelivery";1000;"2019-02-16"
13077;"energy";"electricity";2500;2589;"2018-01-12";"2018-12-01";"";"";"";"Cologne";"indelivery";1001;"2019-09-17"
13078;"energy";"electricity";2100;2177;"2018-10-22";"2018-12-01";"";"";"";"Hamburg";"indelivery";1001;"2019-01-29"
13079;"energy";"gas";9700;"";"2020-08-14";"2020-11-01";"";"";"";"Schwerin";"active";2001;"2020-09-09"
13080;"energy";"electricity";2200;2218;"2018-03-31";"2018-08-01";"";"";"";"Deggendorf";"indelivery";1002;"2019-01-18"
13081;"energy";"electricity";2600;2528;"2018-09-06";"2019-03-01";"";"";"";"Munich";"indelivery";1002;"2019-07-17"
13082;"energy";"electricity";2200;2104;"2020-05-20";"2020-06-01";"";"";"";"Berlin";"indelivery";1002;"2020-08-07"
13083;"energy";"electricity";2500;2380;"2020-08-23";"2021-02-01";"";"";"";"Kassel";"active";1002;"2020-09-01"
13084;"energy";"gas";9200;9697;"2019-05-13";"2019-07-01";"";"";"";"Munich";"indelivery";2001;"2019-06-24"
13085;"energy";"electricity";2200;2205;"2020-02-03";"2020-04-01";"";"";"";"Berlin";"indelivery";1002;"2020-08-12"
13086;"energy";"electricity";2300;"";"2018-12-13";"2019-02-01";"";"";"";"Hamburg";"indelivery";1002;"2020-09-01"
13087;"energy";"electricity";2800;2820;"2020-08-22";"2021-07-01";"";"";"";"Hamburg";"active";1000;"2020-09-25"
13088;"energy";"electricity";2800;2712;"2018-03-06";"2018-05-01";"";"";"";"Dortmund";"indelivery";1002;"2018-11-29"
13089;"energy";"electricity";2200;2158;"2020-07-24";"2020-08-01";"";"";"";"Kassel";"indelivery";1001;"2020-09-12"
13090;"energy";"electricity";2100;2039;"2019-03-24";"2019-07-01";"";"";"";"Alzey";"indelivery";1002;"2020-08-30"
13091;"energy";"electricity";3000;3118;"2019-07-16";"2019-09-01";"2020-09-30";"2020-09-01";"fristgerecht durch Kunde";"Merzig";"terminated";1001;"2020-09-01"
13092;"energy";"electricity";2500;2467;"2020-07-13";"2020-10-01";"";"";"";"Gera";"indelivery";1000;"2020-08-02"
13093;"energy";"electricity";2800;2870;"2020-09-24";"2021-08-01";"";"";"";"Koblenz";"active";1000;"2020-09-26"
13094;"energy";"electricity";2700;2582;"2019-02-07";"2019-07-01";"";"";"";"Leipzig";"indelivery";1002;"2019-11-07"
13095;"energy";"gas";10000;9665;"2019-08-01";"2019-09-01";"";"";"";"Wiesbaden";"indelivery";2001;"2020-06-12"
13096;"energy";"gas";11800;11744;"2019-06-02";"2019-12-01";"";"";"";"Bremen";"indelivery";2000;"2020-05-11"
13097;"energy";"electricity";2700;2533;"2018-08-16";"2019-04-01";"";"";"";"Duisburg";"indelivery";1001;"2020-06-17"
13098;"energy";"gas";8400;8373;"2020-08-27";"2020-11-01";"";"";"";"Frankfurt";"active";2000;"2020-09-17"
13099;"energy";"electricity";2900;3009;"2019-12-24";"2020-06-01";"";"";"";"Kiel";"indelivery";1001;"2020-04-24"
13100;"energy";"electricity";2100;2250;"2019-08-02";"2019-10-01";"";"";"";"Stralsund";"indelivery";1001;"2020-09-07"
13101;"energy";"electricity";2000;2140;"2019-04-16";"2019-09-01";"";"";"";"Dortmund";"indelivery";1001;"2020-04-02"
13102;"energy";"electricity";2600;2490;"2019-05-02";"2019-07-01";"";"";"";"Cottbus";"indelivery";1000;"2019-12-29"
13103;"energy";"electricity";2300;2467;"2018-05-30";"2019-02-01";"";"";"";"Magdeburg";"indelivery";1000;"2020-09-10"
13104;"energy";"electricity";2400;2469;"2019-09-17";"2019-12-01";"2020-08-31";"2020-08-01";"fristgerecht durch LichtBlick";"Regensburg";"terminated";1000;"2020-01-02"
13105;"energy";"electricity";2600;2747;"2018-12-29";"2019-01-01";"";"";"";"Gießen";"indelivery";1000;"2020-04-23"
13106;"energy";"electricity";2900;3155;"2018-07-09";"2018-10-01";"";"";"";"Hannover";"indelivery";1002;"2019-04-13"
13107;"energy";"electricity";2600;2439;"2019-06-02";"2019-09-01";"";"";"";"Berlin";"indelivery";1002;"2019-12-24"
13108;"energy";"electricity";3000;2880;"2020-06-20";"2020-07-01";"";"";"";"Dortmund";"indelivery";1001;"2020-08-16"
13109;"energy";"electricity";2200;2320;"2019-08-16";"2020-07-01";"";"";"";"Berlin";"indelivery";1001;"2019-09-18"
13110;"energy";"electricity";2700;2874;"2018-10-20";"2018-12-01";"2020-03-31";"2020-03-03";"fristgerecht durch Kunde";"Cologne";"terminated";1001;"2018-12-12"
13111;"energy";"electricity";2400;2362;"2018-08-03";"2019-03-01";"";"";"";"Göttingen";"indelivery";1002;"2018-12-24"
13112;"energy";"electricity";2100;2177;"2019-11-19";"2020-02-01";"";"";"";"Dortmund";"indelivery";1000;"2020-06-11"
13113;"energy";"electricity";2400;"";"2019-11-19";"2020-01-01";"2020-07-31";"2020-07-02";"Umzug";"Schwerin";"terminated";1000;"2020-06-03"
13114;"energy";"electricity";2800;2894;"2020-04-09";"2020-11-01";"";"";"";"Perleberg";"active";1000;"2020-09-22"
13115;"energy";"electricity";2200;"";"2019-10-23";"2020-06-01";"";"";"";"Braunschweig";"indelivery";1002;"2019-12-10"
13116;"energy";"gas";9600;9853;"2019-01-19";"2019-06-01";"";"";"";"Freiburg";"indelivery";2000;"2019-01-23"
13117;"energy";"electricity";2900;3124;"2019-07-07";"2019-12-01";"";"";"";"Dresden";"indelivery";1002;"2020-09-26"
13118;"energy";"electricity";2400;2525;"2020-04-29";"2020-07-01";"";"";"";"Berlin";"indelivery";1001;"2020-05-07"
13119;"energy";"electricity";2600;"";"2018-08-08";"2019-03-01";"";"";"";"Dresden";"indelivery";1000;"2018-10-19"
13120;"energy";"gas";8600;8471;"2020-07-15";"2020-08-01";"2020-09-30";"2020-08-25";"fristgerecht durch Kunde";"Dresden";"terminated";2000;"2020-08-25"
13121;"energy";"electricity";2400;2529;"2019-04-25";"2019-06-01";"";"";"";"Berlin";"indelivery";1001;"2020-01-24"
13122;"energy";"electricity";2700;2855;"2018-11-14";"2019-01-01";"";"";"";"Cologne";"indelivery";1000;"2020-09-09"
13123;"energy";"electricity";2300;2409;"2019-01-18";"2019-04-01";"";"";"";"Koblenz";"indelivery";1000;"2020-01-16"
13124;"energy";"electricity";2800;2983;"2018-04-30";"2018-08-01";"2018-11-30";"2018-10-29";"Umzug";"Berlin";"terminated";1000;"2018-10-29"
13125;"energy";"electricity";2000;1947;"2018-01-23";"2018-03-01";"";"";"";"Mainz";"indelivery";1002;"2018-12-17"
13126;"energy";"gas";11400;11284;"2019-10-07";"2019-12-01";"";"";"";"Cologne";"indelivery";2001;"2020-01-29"
13127;"energy";"electricity";2200;2086;"2018-07-31";"2018-10-01";"";"";"";"Düsseldorf";"indelivery";1001;"2019-08-26"
13128;"energy";"gas";9900;10100;"2019-09-13";"2020-03-01";"";"";"";"Kassel";"indelivery";2000;"2019-11-17"
13129;"energy";"electricity";2300;2457;"2019-11-09";"2020-04-01";"";"";"";"Dresden";"indelivery";1000;"2019-12-03"
13130;"energy";"electricity";2700;2833;"2018-03-11";"2018-04-01";"";"";"";"Cologne";"indelivery";1002;"2018-04-17"
13131;"energy";"electricity";2800;2742;"2019-05-13";"2019-07-01";"";"";"";"Fürth";"indelivery";1002;"2019-06-12"
13132;"energy";"electricity";2300;2375;"2019-07-29";"2019-08-01";"2019-08-01";"2020-09-30";"Wiederruf";"Bremen";"terminated";1002;"2019-08-09"
13133;"energy";"electricity";2900;2813;"2020-09-14";"2022-01-01";"";"";"";"Saarbrücken";"active";1001;"2020-09-14"
13134;"energy";"electricity";3000;3154;"2018-11-26";"2019-02-01";"";"";"";"Leer";"indelivery";1000;"2019-07-08"
13135;"energy";"electricity";2200;2249;"2020-06-22";"2021-04-01";"";"";"";"Fürth";"active";1002;"2020-09-08"
13136;"energy";"gas";8700;9334;"2020-08-16";"2020-10-01";"";"";"";"Essen";"indelivery";2001;"2020-09-30"
13137;"energy";"electricity";2500;2666;"2019-12-27";"2020-05-01";"2020-06-30";"2020-05-30";"fristgerecht durch Kunde";"Hannover";"terminated";1002;"2020-05-30"
13138;"energy";"electricity";3000;"";"2018-11-13";"2019-01-01";"";"";"";"Dortmund";"indelivery";1002;"2019-07-20"
13139;"energy";"gas";8500;9022;"2020-06-14";"2020-07-01";"";"";"";"Munich";"indelivery";2001;"2020-07-29"
13140;"energy";"electricity";2400;2499;"2018-10-04";"2019-01-01";"";"";"";"Bremen";"indelivery";1002;"2020-07-30"
13141;"energy";"electricity";2600;2467;"2020-05-24";"2020-08-01";"";"";"";"Bremen";"indelivery";1001;"2020-05-25"
13142;"energy";"electricity";2600;2658;"2018-02-17";"2018-04-01";"";"";"";"Berlin";"indelivery";1002;"2018-09-30"
13143;"energy";"electricity";2200;2328;"2020-05-09";"2020-11-01";"";"";"";"Karlsruhe";"active";1001;"2020-06-04"
13144;"energy";"electricity";2000;1989;"2020-03-09";"2020-07-01";"";"";"";"Hamburg";"indelivery";1002;"2020-07-12"
13145;"energy";"electricity";2200;2248;"2020-03-06";"2021-08-01";"";"";"";"Cologne";"active";1002;"2020-04-11"
13146;"energy";"electricity";2100;2013;"2019-05-01";"2019-07-01";"2019-12-31";"2019-12-02";"Umzug";"Bielefeld";"terminated";1002;"2019-12-02"
13147;"energy";"electricity";2500;2394;"2019-07-11";"2019-09-01";"2019-09-01";"2019-12-03";"Wiederruf";"Hamburg";"terminated";1002;"2019-12-03"
13148;"energy";"electricity";2800;2897;"2018-11-21";"2019-10-01";"2020-03-31";"2020-03-02";"fristgerecht durch Kunde";"Cologne";"terminated";1002;"2019-09-13"
13149;"energy";"electricity";2500;2721;"2019-12-23";"2020-06-01";"";"";"";"Hildburghausen";"indelivery";1000;"2020-09-26"
13150;"energy";"electricity";2000;1859;"2019-03-05";"2019-05-01";"";"";"";"Berlin";"indelivery";1000;"2019-04-16"
13151;"energy";"electricity";2400;2589;"2020-09-20";"2020-11-01";"";"";"";"Berlin";"active";1002;"2020-09-20"
13152;"energy";"electricity";2200;2129;"2019-08-01";"2019-10-01";"";"";"";"Annaberg-Buchholz";"indelivery";1001;"2020-02-21"
13153;"energy";"gas";8500;8559;"2019-12-24";"2020-03-01";"2020-06-30";"2020-06-02";"fristgerecht durch Kunde";"Bielefeld";"terminated";2000;"2020-06-02"
13154;"energy";"gas";11100;10588;"2019-05-26";"2019-06-01";"";"";"";"Munich";"indelivery";2001;"2019-12-25"
13155;"energy";"electricity";2900;"";"2018-01-10";"2018-04-01";"";"";"";"Dresden";"indelivery";1000;"2018-12-03"
13156;"energy";"electricity";2600;2621;"2019-09-19";"2020-05-01";"";"";"";"Höxter";"indelivery";1000;"2020-06-27"
13157;"energy";"electricity";2800;2758;"2018-02-27";"2018-04-01";"";"";"";"Berlin";"indelivery";1001;"2019-03-11"
13158;"energy";"electricity";2900;3018;"2018-04-06";"2019-01-01";"";"";"";"Mannheim";"indelivery";1002;"2020-05-07"
13159;"energy";"gas";8400;8978;"2018-09-12";"2018-12-01";"2020-10-31";"2020-09-29";"fristgerecht durch Kunde";"Marienberg";"cancelled";2001;"2019-10-13"
13160;"energy";"electricity";2900;"";"2018-02-11";"2018-05-01";"";"";"";"Coburg";"indelivery";1000;"2018-08-05"
13161;"energy";"electricity";2800;2870;"2018-11-07";"2019-02-01";"";"";"";"Berlin";"indelivery";1000;"2020-01-06"
13162;"energy";"electricity";2500;2532;"2020-04-12";"2020-06-01";"";"";"";"Bielefeld";"indelivery";1002;"2020-08-15"
13163;"energy";"gas";10000;9618;"2020-07-11";"2020-10-01";"";"";"";"Munich";"indelivery";2000;"2020-08-28"
13164;"energy";"electricity";2900;3125;"2020-04-30";"2020-06-01";"";"";"";"Düsseldorf";"indelivery";1001;"2020-08-07"
13165;"energy";"gas";10800;11414;"2019-03-06";"2019-04-01";"";"";"";"Hannover";"indelivery";2001;"2020-07-17"
13166;"energy";"gas";11700;"";"2020-09-03";"2021-04-01";"";"";"";"Düsseldorf";"active";2001;"2020-09-27"
13167;"energy";"electricity";2700;2693;"2018-04-17";"2018-08-01";"";"";"";"Bielefeld";"indelivery";1000;"2018-04-24"
13168;"energy";"electricity";2100;2073;"2019-10-12";"2020-04-01";"";"";"";"Berlin";"indelivery";1001;"2020-08-04"
13169;"energy";"electricity";2300;2266;"2020-05-04";"2020-07-01";"";"";"";"Cottbus";"indelivery";1000;"2020-08-16"
13170;"energy";"electricity";2500;"";"2018-04-06";"2018-10-01";"2020-07-31";"2020-06-27";"fristgerecht durch Kunde";"Hamburg";"terminated";1000;"2018-10-31"
13171;"energy";"electricity";2600;"";"2019-03-12";"2019-04-01";"";"";"";"Berlin";"indelivery";1000;"2019-09-30"
13172;"energy";"gas";8700;8927;"2019-02-24";"2019-09-01";"";"";"";"Bremen";"indelivery";2000;"2019-07-07"
13173;"energy";"gas";9700;10043;"2018-06-19";"2018-08-01";"";"";"";"Dortmund";"indelivery";2001;"2019-10-16"
13174;"energy";"electricity";2100;2123;"2020-01-07";"2020-07-01";"";"";"";"Hamburg";"indelivery";1001;"2020-09-20"
13175;"energy";"electricity";2900;2821;"2018-01-07";"2018-04-01";"";"";"";"Mainz";"indelivery";1001;"2019-05-19"
13176;"energy";"electricity";2600;2569;"2020-02-17";"2020-09-01";"";"";"";"Cologne";"indelivery";1000;"2020-06-15"
13177;"energy";"gas";10100;10734;"2018-06-03";"2019-05-01";"2019-06-30";"2019-05-31";"Umzug";"Berlin";"terminated";2000;"2019-05-31"
13178;"energy";"electricity";2400;2343;"2020-03-14";"2020-04-01";"";"";"";"Hannover";"indelivery";1002;"2020-08-17"
13179;"energy";"gas";9100;8943;"2019-09-11";"2019-12-01";"";"";"";"Leipzig";"indelivery";2000;"2020-07-19"
13180;"energy";"electricity";2700;2689;"2019-08-08";"2019-12-01";"";"";"";"Stuttgart";"indelivery";1000;"2020-03-14"
13181;"energy";"electricity";2700;2760;"2018-06-03";"2018-09-01";"";"";"";"Leipzig";"indelivery";1000;"2019-02-03"
13182;"energy";"electricity";2600;2712;"2020-02-25";"2020-03-01";"";"";"";"Hamburg";"indelivery";1000;"2020-09-15"
13183;"energy";"electricity";2700;2716;"2020-06-18";"2020-08-01";"";"";"";"Wiesbaden";"indelivery";1002;"2020-06-25"
13184;"energy";"electricity";2000;1964;"2018-04-09";"2018-06-01";"";"";"";"Berlin";"indelivery";1002;"2019-08-20"
13185;"energy";"electricity";2700;2770;"2018-12-30";"2019-03-01";"";"";"";"Berlin";"indelivery";1001;"2019-03-18"
13186;"energy";"electricity";2400;2574;"2020-09-22";"2021-02-01";"";"";"";"Leipzig";"active";1001;"2020-09-28"
13187;"energy";"electricity";2000;2021;"2020-08-14";"2020-11-01";"";"";"";"Berlin";"active";1002;"2020-09-12"
13188;"energy";"gas";8900;9266;"2018-07-01";"2018-08-01";"2019-08-31";"2019-07-31";"Umzug";"Berlin";"terminated";2001;"2019-07-31"
13189;"energy";"electricity";2500;2477;"2019-10-20";"2020-02-01";"";"";"";"Dortmund";"indelivery";1002;"2020-06-08"
13190;"energy";"electricity";2600;2612;"2018-09-10";"2018-12-01";"";"";"";"Berlin";"indelivery";1000;"2018-12-20"
13191;"energy";"electricity";2500;2582;"2019-10-04";"2020-10-01";"";"";"";"Hamburg";"indelivery";1000;"2020-08-01"
13192;"energy";"electricity";2100;2246;"2020-07-09";"2020-08-01";"";"";"";"Dortmund";"indelivery";1001;"2020-07-24"
13193;"energy";"electricity";2700;2767;"2018-07-03";"2019-01-01";"";"";"";"Cologne";"indelivery";1001;"2019-10-22"
13194;"energy";"electricity";2800;"";"2018-12-17";"2019-06-01";"2020-01-31";"2020-01-02";"fristgerecht durch LichtBlick";"Düsseldorf";"terminated";1001;"2019-02-09"
13195;"energy";"electricity";2300;2366;"2019-12-31";"2020-09-01";"";"";"";"Stuttgart";"indelivery";1001;"2020-07-25"
13196;"energy";"gas";9600;9365;"2019-04-18";"2019-09-01";"";"";"";"Düsseldorf";"indelivery";2001;"2019-07-05"
13197;"energy";"electricity";2100;2050;"2020-03-10";"2020-05-01";"";"";"";"Halle";"indelivery";1000;"2020-07-16"
13198;"energy";"gas";10200;10086;"2018-05-15";"2019-02-01";"";"";"";"Braunschweig";"indelivery";2000;"2019-05-17"
13199;"energy";"electricity";2600;"";"2018-04-16";"2018-09-01";"2019-01-31";"2018-12-30";"fristgerecht durch Kunde";"Kiel";"terminated";1002;"2018-05-05"
13200;"energy";"electricity";2300;2181;"2018-12-15";"2019-03-01";"";"";"";"Bielefeld";"indelivery";1000;"2020-04-19"
13201;"energy";"electricity";2900;3057;"2020-04-05";"2020-08-01";"";"";"";"Münster";"indelivery";1000;"2020-06-03"
13202;"energy";"electricity";2900;2920;"2018-08-20";"2018-11-01";"";"";"";"Dresden";"indelivery";1001;"2020-01-25"
13203;"energy";"gas";12000;12525;"2019-07-14";"2020-06-01";"";"";"";"Koblenz";"indelivery";2000;"2020-01-25"
13204;"energy";"electricity";2000;2107;"2019-01-29";"2019-02-01";"2020-10-31";"2020-09-29";"Umzug";"Cologne";"cancelled";1000;"2019-06-20"
13205;"energy";"gas";9000;9167;"2018-05-23";"2018-08-01";"2019-06-30";"2019-05-29";"fristgerecht durch LichtBlick";"Stuttgart";"terminated";2001;"2019-05-29"
13206;"energy";"electricity";2100;2166;"2020-05-11";"2020-12-01";"";"";"";"Hamburg";"active";1001;"2020-09-10"
13207;"energy";"electricity";2700;2921;"2019-01-14";"2019-08-01";"";"";"";"Hamburg";"indelivery";1001;"2019-08-07"
13208;"energy";"electricity";2100;2208;"2018-10-29";"2019-02-01";"";"";"";"Flensburg";"indelivery";1001;"2019-02-03"
13209;"energy";"electricity";2100;2046;"2018-03-29";"2018-05-01";"2019-07-31";"2019-06-21";"fristgerecht durch Kunde";"Berlin";"terminated";1001;"2019-06-21"
13210;"energy";"electricity";2500;2552;"2019-09-23";"2019-10-01";"2019-11-30";"2019-10-31";"fristgerecht durch Kunde";"Magdeburg";"terminated";1001;"2019-10-31"
13211;"energy";"electricity";2500;2668;"2018-03-01";"2018-06-01";"";"";"";"Cologne";"indelivery";1000;"2018-06-19"
13212;"energy";"electricity";2800;3003;"2020-03-11";"2020-11-01";"";"";"";"Wuppertal";"active";1000;"2020-08-17"
13213;"energy";"electricity";2100;2209;"2019-12-04";"2020-02-01";"";"";"";"Hamburg";"indelivery";1000;"2020-01-01"
13214;"energy";"electricity";2500;2494;"2018-05-31";"2018-10-01";"";"";"";"Hannover";"indelivery";1001;"2019-11-28"
13215;"energy";"electricity";2900;3022;"2020-07-03";"2020-11-01";"";"";"";"Wuppertal";"active";1002;"2020-09-13"
13216;"energy";"electricity";2300;2253;"2019-11-07";"2020-02-01";"";"";"";"Frankfurt";"indelivery";1000;"2020-04-02"
13217;"energy";"electricity";2700;2811;"2018-01-01";"2018-03-01";"";"";"";"Bremen";"indelivery";1001;"2020-05-21"
13218;"energy";"gas";10700;11049;"2019-07-25";"2020-01-01";"";"";"";"Hamburg";"indelivery";2001;"2020-09-24"
13219;"energy";"electricity";2300;2446;"2019-06-24";"2019-08-01";"";"";"";"Berlin";"indelivery";1002;"2020-08-30"
13220;"energy";"electricity";2200;2103;"2019-08-11";"2020-01-01";"";"";"";"Bielefeld";"indelivery";1000;"2020-08-18"
13221;"energy";"electricity";2900;2767;"2018-06-07";"2018-07-01";"";"";"";"Erfurt";"indelivery";1001;"2020-08-19"
13222;"energy";"electricity";2900;2780;"2020-07-11";"2020-11-01";"";"";"";"Oldenburg";"active";1001;"2020-09-22"
13223;"energy";"gas";7500;"";"2020-03-09";"2020-06-01";"";"";"";"Munich";"indelivery";2000;"2020-06-17"
13224;"energy";"gas";10400;11003;"2019-12-05";"2020-02-01";"";"";"";"Dresden";"indelivery";2000;"2020-07-28"
13225;"energy";"gas";10900;11040;"2019-04-06";"2019-11-01";"";"";"";"Leer";"indelivery";2001;"2019-07-15"
13226;"energy";"electricity";2700;2692;"2019-05-09";"2019-09-01";"";"";"";"Munich";"indelivery";1001;"2020-09-23"
13227;"energy";"electricity";2500;2339;"2020-03-18";"2020-07-01";"";"";"";"Essen";"indelivery";1000;"2020-06-02"
13228;"energy";"electricity";2000;2056;"2019-08-08";"2020-02-01";"";"";"";"Saarbrücken";"indelivery";1002;"2020-04-26"
13229;"energy";"electricity";2200;2170;"2019-09-14";"2020-01-01";"";"";"";"Bremen";"indelivery";1001;"2020-08-15"
13230;"energy";"electricity";2800;2730;"2019-07-02";"2019-08-01";"";"";"";"Potsdam";"indelivery";1002;"2020-02-24"
13231;"energy";"electricity";2200;2318;"2020-05-04";"2020-07-01";"";"";"";"Duisburg";"indelivery";1000;"2020-05-17"
13232;"energy";"electricity";2800;2897;"2020-03-11";"2020-04-01";"2020-06-30";"2020-06-01";"fristgerecht durch Kunde";"Berlin";"terminated";1001;"2020-06-01"
13233;"energy";"electricity";2600;2486;"2018-12-16";"2019-02-01";"";"";"";"Berlin";"indelivery";1001;"2019-05-16"
13234;"energy";"electricity";2500;2441;"2019-06-07";"2019-08-01";"";"";"";"Heide";"indelivery";1000;"2020-02-29"
13235;"energy";"electricity";2800;2771;"2020-06-14";"2020-07-01";"";"";"";"Göttingen";"indelivery";1001;"2020-07-24"
13236;"energy";"electricity";2000;1947;"2020-03-11";"2020-06-01";"";"";"";"Berlin";"indelivery";1001;"2020-08-03"
13237;"energy";"electricity";2300;2478;"2019-10-04";"2019-12-01";"";"";"";"Kiel";"indelivery";1000;"2020-08-14"
13238;"energy";"electricity";2400;2303;"2018-10-14";"2018-12-01";"";"";"";"Berlin";"indelivery";1001;"2019-04-15"
13239;"energy";"electricity";2300;2491;"2020-01-06";"2020-08-01";"";"";"";"Berlin";"indelivery";1002;"2020-05-04"
13240;"energy";"electricity";2800;2806;"2019-12-05";"2020-06-01";"";"";"";"Regensburg";"indelivery";1001;"2020-01-29"
13241;"energy";"electricity";2900;3083;"2019-04-05";"2019-06-01";"";"";"";"Mainz";"indelivery";1002;"2019-10-19"
13242;"energy";"electricity";2100;2184;"2019-06-10";"2020-01-01";"";"";"";"Kiel";"indelivery";1000;"2020-08-21"
13243;"energy";"gas";9500;"";"2018-01-15";"2018-03-01";"";"";"";"Dresden";"indelivery";2001;"2020-04-27"
13244;"energy";"electricity";2300;2348;"2018-12-27";"2019-03-01";"";"";"";"Berlin";"indelivery";1002;"2020-05-18"
13245;"energy";"electricity";2700;2591;"2020-03-25";"2020-06-01";"";"";"";"Berlin";"indelivery";1001;"2020-03-26"
13246;"energy";"electricity";2200;2162;"2018-02-07";"2018-07-01";"";"";"";"Stuttgart";"indelivery";1000;"2019-08-10"
13247;"energy";"gas";10600;10351;"2018-11-18";"2019-04-01";"";"";"";"Leipzig";"indelivery";2000;"2019-01-08"
13248;"energy";"electricity";2300;2395;"2020-01-15";"2020-02-01";"2020-04-30";"2020-04-01";"fristgerecht durch LichtBlick";"Hamburg";"terminated";1002;"2020-03-10"
13249;"energy";"electricity";2800;2960;"2018-11-15";"2019-01-01";"";"";"";"Mainz";"indelivery";1000;"2020-03-09"
13250;"energy";"electricity";2200;2275;"2018-01-08";"2018-04-01";"";"";"";"Leipzig";"indelivery";1002;"2019-12-25"
13251;"energy";"electricity";2200;2152;"2020-09-21";"2020-11-01";"";"";"";"Holzminden";"active";1000;"2020-09-25"
13252;"energy";"electricity";2600;2604;"2019-02-19";"2019-04-01";"";"";"";"Wilhelmshaven";"indelivery";1000;"2019-09-07"
13253;"energy";"electricity";2100;2090;"2019-05-23";"2019-06-01";"";"";"";"Berlin";"indelivery";1000;"2019-07-27"
13254;"energy";"electricity";2500;2401;"2018-01-26";"2018-07-01";"2019-08-31";"2019-08-01";"fristgerecht durch Kunde";"Naumburg";"terminated";1002;"2018-04-15"
13255;"energy";"gas";8300;7874;"2020-09-01";"2021-08-01";"";"";"";"Wiesbaden";"active";2001;"2020-09-29"
13256;"energy";"electricity";3000;3078;"2018-06-03";"2018-09-01";"2019-10-31";"2019-10-02";"fristgerecht durch Kunde";"Osnabrück";"terminated";1002;"2019-10-02"
13257;"energy";"electricity";2800;2699;"2018-05-08";"2019-01-01";"";"";"";"Essen";"indelivery";1001;"2019-08-05"
13258;"energy";"electricity";2100;2188;"2019-10-22";"2019-11-01";"";"";"";"Emden";"indelivery";1002;"2020-02-27"
13259;"energy";"electricity";2100;"";"2018-07-02";"2018-08-01";"2018-08-01";"2020-04-22";"Wiederruf";"Dortmund";"terminated";1000;"2019-01-10"
13260;"energy";"electricity";2500;2669;"2019-02-27";"2019-11-01";"2020-09-30";"2020-09-01";"Umzug";"Stuttgart";"terminated";1000;"2019-04-09"
13261;"energy";"electricity";2200;2223;"2020-03-14";"2020-08-01";"";"";"";"Braunschweig";"indelivery";1002;"2020-05-06"
13262;"energy";"gas";11200;11572;"2018-06-28";"2018-09-01";"";"";"";"Stuttgart";"indelivery";2001;"2018-09-10"
13263;"energy";"electricity";2200;2193;"2020-09-08";"2020-10-01";"";"";"";"Hamburg";"indelivery";1000;"2020-09-12"
13264;"energy";"electricity";2800;2884;"2020-09-14";"2020-11-01";"";"";"";"Munich";"active";1000;"2020-09-19"
13265;"energy";"electricity";2100;2280;"2019-10-20";"2020-03-01";"";"";"";"Marienberg";"indelivery";1001;"2020-03-04"
13266;"energy";"electricity";2600;2556;"2019-09-05";"2019-11-01";"";"";"";"Stralsund";"indelivery";1002;"2020-08-28"
13267;"energy";"electricity";2300;"";"2019-01-13";"2019-06-01";"";"";"";"Hamburg";"indelivery";1000;"2019-11-04"
13268;"energy";"electricity";2400;2363;"2018-05-04";"2018-10-01";"2018-10-01";"2019-05-02";"Wiederruf";"Simmern";"terminated";1001;"2018-06-12"
13269;"energy";"electricity";2700;2860;"2020-05-06";"2020-06-01";"";"";"";"Dortmund";"indelivery";1002;"2020-08-14"
13270;"energy";"electricity";2500;2602;"2020-03-03";"2020-05-01";"";"";"";"Bielefeld";"indelivery";1000;"2020-06-26"
13271;"energy";"electricity";2300;2376;"2018-02-07";"2018-05-01";"2019-03-31";"2019-02-22";"fristgerecht durch Kunde";"Hamburg";"terminated";1002;"2019-02-22"
13272;"energy";"electricity";2900;2842;"2020-05-31";"2021-02-01";"";"";"";"Freiburg";"active";1000;"2020-08-09"
13273;"energy";"electricity";2700;2853;"2018-12-03";"2019-07-01";"";"";"";"Cottbus";"indelivery";1002;"2020-01-04"
13274;"energy";"electricity";2700;2676;"2018-12-28";"2019-05-01";"";"";"";"Dortmund";"indelivery";1001;"2019-05-05"
13275;"energy";"electricity";2200;2137;"2019-02-14";"2019-03-01";"";"";"";"Berlin";"indelivery";1002;"2019-08-02"
13276;"energy";"electricity";2400;2390;"2020-01-15";"2020-04-01";"";"";"";"Hamburg";"indelivery";1000;"2020-07-20"
13277;"energy";"electricity";2700;2694;"2019-09-05";"2019-12-01";"";"";"";"Freiburg";"indelivery";1002;"2020-07-25"
13278;"energy";"electricity";2400;2509;"2019-04-03";"2019-06-01";"";"";"";"Sangerhausen";"indelivery";1001;"2020-04-09"
13279;"energy";"electricity";2200;2225;"2018-04-19";"2018-06-01";"";"";"";"Göttingen";"indelivery";1000;"2020-02-26"
13280;"energy";"electricity";2100;2141;"2020-01-07";"2020-05-01";"";"";"";"Hamburg";"indelivery";1002;"2020-05-02"
13281;"energy";"electricity";2900;2811;"2019-07-19";"2019-08-01";"";"";"";"Stuttgart";"indelivery";1002;"2019-10-30"
13282;"energy";"electricity";2900;3081;"2018-07-29";"2018-08-01";"2020-07-31";"2020-06-28";"Umzug";"Dresden";"terminated";1001;"2018-09-01"
13283;"energy";"electricity";2900;2753;"2019-03-03";"2019-07-01";"";"";"";"Göttingen";"indelivery";1001;"2020-04-27"
13284;"energy";"electricity";2100;2239;"2020-01-31";"2020-03-01";"";"";"";"Cologne";"indelivery";1000;"2020-08-22"
13285;"energy";"electricity";2700;2814;"2019-02-08";"2019-03-01";"";"";"";"Freiburg";"indelivery";1000;"2020-04-25"
13286;"energy";"electricity";2800;2771;"2019-06-28";"2019-09-01";"";"";"";"Berlin";"indelivery";1000;"2020-08-20"
13287;"energy";"electricity";2200;2389;"2019-11-02";"2020-06-01";"";"";"";"Göttingen";"indelivery";1002;"2020-02-28"
13288;"energy";"electricity";2500;2589;"2019-10-02";"2020-02-01";"2020-02-01";"2020-10-30";"Wiederruf";"Flensburg";"terminated";1001;"2020-02-27"
13289;"energy";"electricity";2800;2721;"2019-02-07";"2019-03-01";"";"";"";"Berlin";"indelivery";1000;"2020-08-28"
13290;"energy";"electricity";2900;2833;"2019-08-07";"2019-09-01";"";"";"";"Hannover";"indelivery";1001;"2020-01-07"
13291;"energy";"electricity";2800;2839;"2020-07-16";"2020-11-01";"";"";"";"Marienberg";"active";1000;"2020-08-31"
13292;"energy";"electricity";2700;2705;"2019-09-06";"2021-02-01";"";"";"";"Hamburg";"active";1000;"2019-10-22"
13293;"energy";"electricity";2600;2796;"2018-05-25";"2018-07-01";"";"";"";"Marienberg";"indelivery";1001;"2018-12-09"
13294;"energy";"electricity";2600;2633;"2018-06-11";"2018-09-01";"2019-06-30";"2019-05-30";"Umzug";"Gießen";"terminated";1002;"2019-05-30"
13295;"energy";"electricity";2200;"";"2018-10-31";"2019-01-01";"";"";"";"Marienberg";"indelivery";1001;"2019-01-30"
13296;"energy";"electricity";2100;2134;"2018-08-01";"2018-08-01";"2020-07-31";"2020-07-03";"fristgerecht durch Kunde";"Hamburg";"terminated";1002;"2019-05-21"
13297;"energy";"electricity";2700;2671;"2019-11-24";"2020-06-01";"";"";"";"Erfurt";"indelivery";1000;"2020-02-06"
13298;"energy";"electricity";2300;2493;"2019-01-22";"2019-03-01";"";"";"";"Dresden";"indelivery";1001;"2020-01-04"
13299;"energy";"electricity";2900;2983;"2020-06-25";"2020-12-01";"";"";"";"Marienberg";"active";1001;"2020-09-05"
13300;"energy";"electricity";3000;3030;"2019-07-13";"2019-10-01";"";"";"";"Freiburg";"indelivery";1002;"2020-01-08"
13301;"energy";"gas";8800;9386;"2018-04-01";"2018-06-01";"";"";"";"Marienberg";"indelivery";2000;"2018-04-21"
13302;"energy";"electricity";2400;2315;"2018-12-22";"2019-12-01";"";"";"";"Kiel";"indelivery";1000;"2020-09-19"
13303;"energy";"electricity";2300;2185;"2020-05-13";"2021-04-01";"";"";"";"Munich";"active";1002;"2020-06-10"
13304;"energy";"electricity";2300;2294;"2018-05-07";"2018-07-01";"2018-07-01";"2019-06-29";"Wiederruf";"Munich";"terminated";1001;"2018-06-18"
13305;"energy";"electricity";2400;2247;"2018-10-08";"2019-01-01";"";"";"";"Berlin";"indelivery";1001;"2020-05-15"
13306;"energy";"electricity";3000;3106;"2020-06-26";"2021-04-01";"";"";"";"Gießen";"active";1000;"2020-07-15"
13307;"energy";"electricity";2500;2468;"2019-03-09";"2019-05-01";"2020-06-30";"2020-06-02";"fristgerecht durch LichtBlick";"Düsseldorf";"terminated";1001;"2020-06-02"
13308;"energy";"electricity";2000;2106;"2019-04-09";"2019-06-01";"";"";"";"Altchemnitz";"indelivery";1002;"2020-09-19"
13309;"energy";"electricity";2300;2236;"2018-02-06";"2018-06-01";"2018-06-01";"2019-05-03";"Wiederruf";"Düsseldorf";"terminated";1001;"2018-09-22"
13310;"energy";"electricity";2100;2084;"2018-11-16";"2018-12-01";"";"";"";"Berlin";"indelivery";1000;"2018-12-13"
13311;"energy";"electricity";2100;2084;"2019-12-15";"2020-07-01";"";"";"";"Dresden";"indelivery";1002;"2020-08-27"
13312;"energy";"electricity";2100;2110;"2020-06-09";"2021-05-01";"";"";"";"Fürth";"active";1001;"2020-09-28"
13313;"energy";"gas";8600;9013;"2019-09-15";"2020-01-01";"2020-12-31";"2020-11-28";"fristgerecht durch LichtBlick";"Fürth";"cancelled";2000;"2020-05-26"
13314;"energy";"electricity";2900;2990;"2018-02-27";"2018-08-01";"";"";"";"Kaufbeuren";"indelivery";1000;"2019-03-26"
13315;"energy";"gas";11600;11760;"2019-07-24";"2019-08-01";"";"";"";"Munich";"indelivery";2001;"2020-01-09"
13316;"energy";"electricity";2000;1985;"2020-03-29";"2020-10-01";"";"";"";"Leipzig";"indelivery";1002;"2020-07-24"
13317;"energy";"electricity";2300;2426;"2018-09-21";"2019-02-01";"";"";"";"Dresden";"indelivery";1001;"2019-02-27"
13318;"energy";"electricity";2500;2677;"2018-02-08";"2018-05-01";"";"";"";"Hofeck";"indelivery";1000;"2019-05-14"
13319;"energy";"electricity";2900;2911;"2019-02-15";"2019-03-01";"2020-07-31";"2020-07-02";"fristgerecht durch Kunde";"Bonn";"terminated";1001;"2020-03-01"
13320;"energy";"gas";11100;11097;"2019-03-25";"2019-07-01";"";"";"";"Munich";"indelivery";2000;"2019-08-14"
13321;"energy";"electricity";2400;2315;"2018-08-16";"2018-12-01";"";"";"";"Munich";"indelivery";1001;"2019-10-13"
13322;"energy";"electricity";2100;"";"2019-09-13";"2019-10-01";"";"";"";"Berlin";"indelivery";1000;"2020-09-25"
13323;"energy";"electricity";2800;2728;"2018-05-23";"2018-08-01";"2019-06-30";"2019-06-01";"Umzug";"Jena";"terminated";1000;"2018-10-01"
13324;"energy";"gas";10800;11357;"2020-06-28";"2020-09-01";"";"";"";"Essen";"indelivery";2000;"2020-09-06"
13325;"energy";"electricity";2100;2024;"2019-08-18";"2019-09-01";"";"";"";"Cologne";"indelivery";1002;"2020-05-31"
13326;"energy";"electricity";2200;2205;"2018-04-05";"2018-06-01";"2020-04-30";"2020-04-02";"fristgerecht durch Kunde";"Düsseldorf";"terminated";1000;"2020-02-29"
13327;"energy";"electricity";3000;2891;"2018-06-24";"2018-09-01";"";"";"";"Dresden";"indelivery";1000;"2019-09-27"
13328;"energy";"electricity";2400;2560;"2019-02-13";"2019-05-01";"";"";"";"Berlin";"indelivery";1001;"2020-08-29"
13329;"energy";"gas";10900;11586;"2018-08-09";"2018-11-01";"";"";"";"Marienberg";"indelivery";2001;"2020-08-01"
13330;"energy";"electricity";2400;2399;"2020-05-19";"2020-10-01";"2020-10-01";"2020-11-02";"Wiederruf";"Stuttgart";"terminated";1001;"2020-07-29"
13331;"energy";"electricity";2400;2386;"2018-07-30";"2019-01-01";"";"";"";"Duisburg";"indelivery";1002;"2020-02-04"
13332;"energy";"gas";11300;12179;"2018-02-10";"2018-06-01";"";"";"";"Hamburg";"indelivery";2000;"2018-11-05"
13333;"energy";"electricity";2900;3016;"2018-07-30";"2018-09-01";"";"";"";"Magdeburg";"indelivery";1002;"2019-08-01"
13334;"energy";"electricity";2400;2444;"2018-10-16";"2019-01-01";"";"";"";"Cologne";"indelivery";1000;"2020-04-24"
13335;"energy";"electricity";2300;2164;"2018-04-02";"2018-07-01";"";"";"";"Braunschweig";"indelivery";1000;"2020-06-27"
13336;"energy";"electricity";2600;2634;"2020-02-24";"2020-04-01";"";"";"";"Braunschweig";"indelivery";1000;"2020-03-09"
13337;"energy";"electricity";2400;2544;"2019-08-24";"2020-06-01";"";"";"";"Munich";"indelivery";1001;"2020-01-28"
13338;"energy";"electricity";2000;1940;"2018-05-13";"2019-09-01";"";"";"";"Stralsund";"indelivery";1001;"2018-10-01"
13339;"energy";"gas";9600;10318;"2019-03-22";"2019-06-01";"";"";"";"Cologne";"indelivery";2000;"2019-05-31"
13340;"energy";"electricity";2700;2837;"2019-10-04";"2019-12-01";"";"";"";"Munich";"indelivery";1000;"2020-06-19"
13341;"energy";"electricity";2100;"";"2018-01-25";"2018-06-01";"2020-03-31";"2020-03-02";"Umzug";"Marienberg";"terminated";1000;"2019-09-18"
13342;"energy";"gas";8600;8431;"2020-08-31";"2020-12-01";"";"";"";"Berlin";"active";2000;"2020-09-14"
13343;"energy";"electricity";2100;2116;"2020-01-24";"2020-06-01";"2020-11-30";"2020-11-02";"Umzug";"Lübeck";"cancelled";1001;"2020-01-31"
13344;"energy";"electricity";2500;2633;"2019-06-30";"2019-12-01";"";"";"";"Marienberg";"indelivery";1002;"2019-09-21"
13345;"energy";"electricity";2000;2054;"2020-09-03";"2020-11-01";"";"";"";"Cologne";"active";1001;"2020-09-22"
13346;"energy";"electricity";2800;2870;"2019-05-27";"2019-08-01";"";"";"";"Hamburg";"indelivery";1000;"2020-07-04"
13347;"energy";"electricity";2500;"";"2018-07-25";"2018-12-01";"";"";"";"Hannover";"indelivery";1001;"2018-09-15"
13348;"energy";"electricity";2200;2374;"2019-12-14";"2020-02-01";"";"";"";"Cochem";"indelivery";1000;"2019-12-19"
13349;"energy";"electricity";2200;2177;"2020-06-27";"2020-07-01";"";"";"";"Freudenstadt";"indelivery";1002;"2020-07-30"
13350;"energy";"electricity";2600;"";"2019-06-07";"2019-08-01";"";"";"";"Berlin";"indelivery";1000;"2020-08-24"
13351;"energy";"electricity";2200;2249;"2018-12-16";"2019-07-01";"";"";"";"Munich";"indelivery";1001;"2019-12-26"
13352;"energy";"gas";10300;10204;"2019-01-01";"2019-05-01";"2019-12-31";"2019-12-03";"fristgerecht durch LichtBlick";"Stuttgart";"terminated";2001;"2019-06-18"
13353;"energy";"electricity";2400;2314;"2019-05-20";"2019-10-01";"";"";"";"Bad Neuenahr-Ahrweiler";"indelivery";1002;"2019-11-27"
13354;"energy";"electricity";2200;2314;"2019-02-16";"2019-04-01";"2020-06-30";"2020-05-30";"fristgerecht durch Kunde";"Frankfurt";"terminated";1002;"2019-10-21"
13355;"energy";"electricity";2900;"";"2019-02-10";"2019-10-01";"2020-11-30";"2020-11-01";"Umzug";"Braunschweig";"cancelled";1002;"2019-03-15"
13356;"energy";"electricity";2100;1966;"2019-11-20";"2020-01-01";"";"";"";"Oberhausen";"indelivery";1001;"2020-05-23"
13357;"energy";"electricity";2400;2474;"2020-07-08";"2020-09-01";"";"";"";"Stuttgart";"indelivery";1002;"2020-09-23"
13358;"energy";"electricity";2900;2909;"2018-02-27";"2018-10-01";"";"";"";"Duisburg";"indelivery";1001;"2018-08-10"
13359;"energy";"electricity";2300;2222;"2019-10-05";"2019-11-01";"";"";"";"Wismar";"indelivery";1002;"2020-03-29"
13360;"energy";"electricity";2000;2105;"2019-10-01";"2020-06-01";"";"";"";"Essen";"indelivery";1001;"2020-06-09"
13361;"energy";"electricity";2000;1928;"2018-07-04";"2018-09-01";"";"";"";"Leipzig";"indelivery";1002;"2018-09-01"
13362;"energy";"gas";8600;9166;"2019-05-03";"2019-07-01";"";"";"";"Marienberg";"indelivery";2000;"2019-08-29"
13363;"energy";"electricity";3000;3007;"2019-11-24";"2020-01-01";"";"";"";"Tübingen";"indelivery";1002;"2020-07-24"
13364;"energy";"electricity";2100;2025;"2020-05-10";"2020-08-01";"";"";"";"Hamburg";"indelivery";1001;"2020-07-16"
13365;"energy";"electricity";2400;"";"2019-03-16";"2019-04-01";"";"";"";"Essen";"indelivery";1001;"2019-08-17"
13366;"energy";"gas";8400;8727;"2018-10-13";"2019-06-01";"2019-12-31";"2019-12-01";"fristgerecht durch Kunde";"Bremen";"terminated";2001;"2019-04-03"
13367;"energy";"electricity";2400;2408;"2020-07-17";"2020-12-01";"";"";"";"Berlin";"active";1000;"2020-08-16"
13368;"energy";"electricity";2100;2170;"2020-06-12";"2020-07-01";"";"";"";"Berlin";"indelivery";1002;"2020-07-15"
13369;"energy";"electricity";2500;2483;"2020-09-18";"2021-03-01";"";"";"";"Regensburg";"active";1000;"2020-09-25"
13370;"energy";"electricity";2700;2565;"2020-05-28";"2021-01-01";"";"";"";"Berlin";"active";1002;"2020-07-11"
13371;"energy";"electricity";2700;2785;"2020-07-12";"2020-08-01";"";"";"";"Münster";"indelivery";1001;"2020-08-27"
13372;"energy";"electricity";2600;2776;"2019-11-08";"2020-05-01";"";"";"";"Frankfurt";"indelivery";1000;"2020-07-11"
13373;"energy";"electricity";2200;2392;"2019-01-18";"2019-05-01";"";"";"";"Viersen";"indelivery";1002;"2019-04-02"
13374;"energy";"electricity";2700;2651;"2019-06-12";"2019-11-01";"2019-11-01";"2020-07-01";"Wiederruf";"Duisburg";"terminated";1000;"2019-10-03"
13375;"energy";"electricity";2100;2056;"2020-02-20";"2020-04-01";"";"";"";"Kiel";"indelivery";1002;"2020-08-28"
13376;"energy";"electricity";2100;2173;"2020-06-05";"2020-08-01";"";"";"";"Munich";"indelivery";1000;"2020-07-31"
13377;"energy";"electricity";2200;2230;"2020-01-04";"2020-04-01";"2020-05-31";"2020-04-30";"Umzug";"Dresden";"terminated";1002;"2020-04-30"
13378;"energy";"electricity";2900;2832;"2020-01-16";"2020-08-01";"";"";"";"Essen";"indelivery";1002;"2020-03-03"
13379;"energy";"electricity";2400;"";"2018-09-10";"2019-01-01";"";"";"";"Stuttgart";"indelivery";1000;"2019-03-06"
13380;"energy";"electricity";2800;2913;"2018-05-25";"2018-08-01";"";"";"";"Magdeburg";"indelivery";1002;"2019-11-04"
13381;"energy";"electricity";2000;2067;"2019-04-24";"2019-05-01";"";"";"";"Dortmund";"indelivery";1002;"2020-02-05"
13382;"energy";"electricity";2100;2139;"2018-03-13";"2018-07-01";"";"";"";"Dortmund";"indelivery";1001;"2019-05-07"
13383;"energy";"electricity";2900;2986;"2019-06-28";"2020-04-01";"2020-04-01";"2020-06-02";"Wiederruf";"Kiel";"terminated";1002;"2019-11-02"
13384;"energy";"electricity";2100;"";"2018-08-20";"2018-09-01";"";"";"";"Augsburg";"indelivery";1001;"2020-08-18"
13385;"energy";"electricity";2300;2371;"2018-02-21";"2018-05-01";"2018-05-01";"2018-10-02";"Wiederruf";"Memmingen";"terminated";1002;"2018-10-02"
13386;"energy";"electricity";2300;2457;"2019-02-15";"2019-04-01";"";"";"";"Hamburg";"indelivery";1001;"2019-10-06"
13387;"energy";"electricity";2700;2592;"2018-10-12";"2019-02-01";"2020-03-31";"2020-03-03";"fristgerecht durch Kunde";"Berlin";"terminated";1001;"2020-02-29"
13388;"energy";"electricity";2500;2501;"2019-07-19";"2019-10-01";"";"";"";"Düsseldorf";"indelivery";1002;"2019-10-27"
13389;"energy";"electricity";2300;2304;"2018-04-04";"2018-09-01";"2018-12-31";"2018-12-03";"fristgerecht durch Kunde";"Osnabrück";"terminated";1001;"2018-08-10"
13390;"energy";"electricity";2800;2821;"2018-07-08";"2018-09-01";"2018-09-01";"2020-02-26";"Wiederruf";"Berlin";"terminated";1002;"2020-02-26"
13391;"energy";"electricity";2100;2107;"2020-08-28";"2020-10-01";"";"";"";"Münster";"indelivery";1002;"2020-09-02"
13392;"energy";"electricity";2000;2038;"2018-01-14";"2018-02-01";"2020-12-31";"2020-12-01";"fristgerecht durch LichtBlick";"Hannover";"cancelled";1000;"2018-09-03"
13393;"energy";"electricity";2700;2632;"2018-04-29";"2018-07-01";"";"";"";"Hamburg";"indelivery";1000;"2018-07-26"
13394;"energy";"electricity";2300;2360;"2020-07-10";"2020-09-01";"";"";"";"Jena";"indelivery";1001;"2020-08-26"
13395;"energy";"gas";10300;10429;"2018-11-29";"2018-12-01";"2018-12-01";"2020-05-27";"Wiederruf";"Senftenberg";"terminated";2001;"2019-01-07"
13396;"energy";"electricity";2800;2852;"2020-05-01";"2020-07-01";"";"";"";"Bremen";"indelivery";1000;"2020-08-11"
13397;"energy";"electricity";2700;2658;"2018-08-24";"2018-10-01";"2018-10-01";"2020-03-31";"Wiederruf";"Cologne";"terminated";1000;"2020-03-31"
13398;"energy";"electricity";2600;2670;"2018-12-23";"2019-06-01";"";"";"";"Merseburg";"indelivery";1002;"2020-03-11"
13399;"energy";"gas";11000;10493;"2018-01-10";"2018-03-01";"2020-12-31";"2020-11-27";"fristgerecht durch LichtBlick";"Frankfurt";"cancelled";2001;"2020-03-31"
13400;"energy";"electricity";2300;"";"2020-01-21";"2020-07-01";"";"";"";"Braunschweig";"indelivery";1001;"2020-07-20"
13401;"energy";"electricity";2900;2739;"2018-12-25";"2019-04-01";"";"";"";"Osnabrück";"indelivery";1000;"2019-10-27"
13402;"energy";"electricity";2700;2871;"2019-06-16";"2019-07-01";"";"";"";"Erfurt";"indelivery";1000;"2020-05-06"
13403;"energy";"electricity";2500;2576;"2020-08-19";"2020-10-01";"";"";"";"Coburg";"indelivery";1000;"2020-08-30"
13404;"energy";"electricity";2200;2283;"2019-02-23";"2019-07-01";"";"";"";"Essen";"indelivery";1002;"2019-03-11"
13405;"energy";"electricity";2300;2369;"2018-04-22";"2018-07-01";"";"";"";"Bonn";"indelivery";1001;"2019-01-24"
13406;"energy";"electricity";2900;2843;"2018-04-02";"2018-09-01";"2018-11-30";"2018-10-29";"Umzug";"Alzey";"terminated";1000;"2018-10-29"
13407;"energy";"electricity";2300;2403;"2020-07-03";"2020-12-01";"";"";"";"Berlin";"active";1001;"2020-08-08"
13408;"energy";"electricity";2100;2096;"2018-01-12";"2018-02-01";"";"";"";"Leipzig";"indelivery";1001;"2020-01-07"
13409;"energy";"gas";8700;"";"2020-03-18";"2020-07-01";"";"";"";"Torgau";"indelivery";2000;"2020-05-26"
13410;"energy";"electricity";1900;1862;"2018-01-28";"2018-05-01";"";"";"";"Berlin";"indelivery";1002;"2018-03-31"
13411;"energy";"electricity";2300;2412;"2018-12-20";"2019-01-01";"";"";"";"Berlin";"indelivery";1001;"2019-09-18"
13412;"energy";"electricity";2600;2580;"2020-08-05";"2021-01-01";"";"";"";"Kassel";"active";1000;"2020-09-23"
13413;"energy";"electricity";2300;2319;"2018-09-08";"2018-11-01";"";"";"";"Schwerin";"indelivery";1000;"2020-08-05"
13414;"energy";"electricity";2800;2914;"2019-06-24";"2019-08-01";"2020-07-31";"2020-06-30";"fristgerecht durch LichtBlick";"Berlin";"terminated";1002;"2020-04-06"
13415;"energy";"electricity";2100;2231;"2018-11-09";"2019-02-01";"";"";"";"Göttingen";"indelivery";1001;"2019-05-02"
13416;"energy";"electricity";2200;2329;"2020-03-02";"2020-08-01";"";"";"";"Münster";"indelivery";1002;"2020-09-18"
13417;"energy";"electricity";2400;2390;"2020-09-03";"2021-06-01";"";"";"";"Braunschweig";"active";1001;"2020-09-20"
13418;"energy";"electricity";2900;"";"2020-09-20";"2021-07-01";"";"";"";"Koblenz";"active";1002;"2020-09-25"
13419;"energy";"electricity";2200;2200;"2019-08-09";"2019-10-01";"";"";"";"Heidelberg";"indelivery";1001;"2020-08-22"
13420;"energy";"electricity";2100;2023;"2020-09-22";"2021-01-01";"";"";"";"Bremen";"active";1001;"2020-09-22"
13421;"energy";"electricity";2900;2946;"2020-03-08";"2020-04-01";"";"";"";"Hamburg";"indelivery";1000;"2020-03-23"
13422;"energy";"gas";10000;10302;"2018-03-05";"2018-05-01";"2020-04-30";"2020-04-01";"fristgerecht durch Kunde";"Berlin";"terminated";2001;"2019-05-14"
13423;"energy";"electricity";2100;2172;"2018-11-27";"2018-12-01";"";"";"";"Schwerin";"indelivery";1001;"2019-09-24"
13424;"energy";"electricity";2500;2520;"2018-05-11";"2018-07-01";"2019-05-31";"2019-04-28";"Umzug";"Berlin";"terminated";1000;"2019-04-28"
13425;"energy";"electricity";2200;2192;"2019-10-02";"2019-12-01";"2020-03-31";"2020-02-29";"fristgerecht durch Kunde";"Berlin";"terminated";1000;"2020-02-29"
13426;"energy";"electricity";2100;2032;"2020-01-05";"2020-03-01";"";"";"";"Frankfurt";"indelivery";1001;"2020-07-26"
13427;"energy";"electricity";2800;3003;"2019-04-13";"2019-10-01";"";"";"";"Munich";"indelivery";1002;"2020-08-29"
13428;"energy";"electricity";1900;1839;"2018-11-25";"2019-08-01";"";"";"";"Berlin";"indelivery";1001;"2020-04-16"
13429;"energy";"electricity";2300;2437;"2019-07-25";"2019-11-01";"";"";"";"Rostock";"indelivery";1001;"2020-05-25"
13430;"energy";"electricity";2100;2130;"2020-01-08";"2020-03-01";"";"";"";"Gießen";"indelivery";1000;"2020-05-16"
13431;"energy";"electricity";2600;2828;"2019-05-23";"2019-07-01";"";"";"";"Munich";"indelivery";1000;"2019-07-11"
13432;"energy";"electricity";2600;"";"2018-03-28";"2019-01-01";"";"";"";"Dortmund";"indelivery";1001;"2019-08-11"
13433;"energy";"gas";8000;7730;"2020-07-25";"2020-09-01";"";"";"";"Düsseldorf";"indelivery";2000;"2020-09-23"
13434;"energy";"electricity";2200;2371;"2018-07-28";"2018-12-01";"";"";"";"Duisburg";"indelivery";1000;"2018-12-19"
13435;"energy";"electricity";2600;2825;"2020-02-23";"2020-03-01";"";"";"";"Düsseldorf";"indelivery";1002;"2020-04-11"
13436;"energy";"electricity";2200;"";"2019-10-10";"2020-06-01";"";"";"";"Coburg";"indelivery";1001;"2020-09-24"
13437;"energy";"electricity";2600;2570;"2019-07-16";"2019-09-01";"";"";"";"Berlin";"indelivery";1002;"2020-06-17"
13438;"energy";"electricity";2700;2848;"2020-08-28";"2020-09-01";"";"";"";"Marienberg";"indelivery";1000;"2020-09-06"
13439;"energy";"electricity";2100;2018;"2020-03-12";"2020-07-01";"";"";"";"Koblenz";"indelivery";1002;"2020-09-28"
13440;"energy";"electricity";2300;"";"2020-01-05";"2020-10-01";"";"";"";"Bottrop";"indelivery";1000;"2020-03-31"
13441;"energy";"electricity";2700;2582;"2018-09-11";"2018-10-01";"";"";"";"Berlin";"indelivery";1002;"2019-02-19"
13442;"energy";"gas";10200;"";"2018-07-07";"2018-10-01";"";"";"";"Berlin";"indelivery";2001;"2019-02-09"
13443;"energy";"gas";10100;10118;"2018-07-02";"2018-12-01";"";"";"";"Saarbrücken";"indelivery";2000;"2019-05-25"
13444;"energy";"gas";8900;8546;"2018-04-09";"2018-09-01";"2020-11-30";"2020-10-28";"Umzug";"Duisburg";"cancelled";2000;"2018-06-26"
13445;"energy";"electricity";2800;2876;"2018-04-15";"2018-05-01";"2018-05-01";"2019-07-03";"Wiederruf";"Essen";"terminated";1001;"2019-07-03"
13446;"energy";"electricity";2000;2177;"2019-08-12";"2020-06-01";"";"";"";"Marienberg";"indelivery";1001;"2019-10-08"
13447;"energy";"electricity";2100;2143;"2018-12-09";"2019-01-01";"";"";"";"Bonn";"indelivery";1002;"2019-04-17"
13448;"energy";"electricity";2100;2181;"2018-08-12";"2018-11-01";"";"";"";"Berlin";"indelivery";1000;"2018-11-07"
13449;"energy";"electricity";2600;2533;"2018-12-08";"2019-04-01";"2020-11-30";"2020-10-26";"Umzug";"Duisburg";"cancelled";1000;"2019-12-11"
13450;"energy";"gas";11600;11394;"2020-06-17";"2021-04-01";"";"";"";"Ingolstadt";"active";2001;"2020-07-22"
13451;"energy";"electricity";2800;2811;"2019-09-15";"2020-01-01";"";"";"";"Leipzig";"indelivery";1001;"2020-04-13"
13452;"energy";"electricity";2200;2336;"2020-07-22";"2020-10-01";"";"";"";"Bochum";"indelivery";1000;"2020-09-04"
13453;"energy";"electricity";2900;3103;"2019-06-09";"2019-09-01";"";"";"";"Dresden";"indelivery";1002;"2020-04-04"
13454;"energy";"electricity";2300;"";"2018-02-26";"2018-08-01";"";"";"";"Hamburg";"indelivery";1000;"2019-08-13"
13455;"energy";"electricity";2600;2650;"2018-12-18";"2019-11-01";"";"";"";"Berlin";"indelivery";1000;"2019-10-22"
13456;"energy";"electricity";2100;2180;"2020-02-11";"2020-03-01";"";"";"";"Frankfurt";"indelivery";1002;"2020-03-21"
13457;"energy";"electricity";2300;2294;"2020-05-15";"2020-08-01";"";"";"";"Berlin";"indelivery";1002;"2020-06-02"
13458;"energy";"electricity";2500;2497;"2019-03-19";"2019-07-01";"2019-12-31";"2019-12-01";"fristgerecht durch LichtBlick";"Altchemnitz";"terminated";1002;"2019-10-09"
13459;"energy";"electricity";2400;"";"2019-09-02";"2019-10-01";"2020-05-31";"2020-05-02";"Umzug";"Freiburg";"terminated";1002;"2020-05-02"
13460;"energy";"electricity";2300;2466;"2018-09-02";"2019-05-01";"2020-03-31";"2020-02-29";"fristgerecht durch Kunde";"Cologne";"terminated";1001;"2020-02-29"
13461;"energy";"electricity";2100;2024;"2019-08-05";"2019-11-01";"";"";"";"Lübeck";"indelivery";1001;"2019-11-12"
13462;"energy";"electricity";2700;2698;"2018-10-12";"2018-12-01";"";"";"";"Leipzig";"indelivery";1002;"2019-08-24"
13463;"energy";"electricity";2500;2702;"2019-08-12";"2019-10-01";"";"";"";"Stuttgart";"indelivery";1000;"2020-07-17"
13464;"energy";"electricity";2900;2978;"2018-10-12";"2018-11-01";"";"";"";"Essen";"indelivery";1001;"2018-12-13"
13465;"energy";"electricity";2200;2369;"2018-04-28";"2018-06-01";"";"";"";"Essen";"indelivery";1001;"2018-08-24"
13466;"energy";"gas";10800;11311;"2019-05-31";"2019-06-01";"";"";"";"Schwerin";"indelivery";2000;"2020-02-26"
13467;"energy";"electricity";2100;2091;"2019-09-10";"2019-11-01";"2020-07-31";"2020-07-02";"Umzug";"Wuppertal";"terminated";1000;"2020-05-15"
13468;"energy";"electricity";2400;2372;"2020-05-30";"2020-09-01";"";"";"";"Hamburg";"indelivery";1002;"2020-08-20"
13469;"energy";"electricity";2300;2326;"2019-01-06";"2019-05-01";"";"";"";"Dortmund";"indelivery";1000;"2019-01-14"
13470;"energy";"electricity";2200;2080;"2018-03-15";"2018-04-01";"2018-04-01";"2018-12-28";"Wiederruf";"Berlin";"terminated";1002;"2018-12-28"
13471;"energy";"electricity";2200;2355;"2018-09-30";"2018-11-01";"";"";"";"Rosenheim";"indelivery";1000;"2019-08-26"
13472;"energy";"gas";9500;9038;"2018-04-20";"2018-07-01";"2018-07-01";"2019-01-26";"Wiederruf";"Freiburg";"terminated";2000;"2018-10-11"
13473;"energy";"electricity";2100;"";"2019-11-21";"2020-06-01";"";"";"";"Dresden";"indelivery";1001;"2020-02-11"
13474;"energy";"electricity";2800;2706;"2018-03-16";"2018-06-01";"";"";"";"Berlin";"indelivery";1000;"2019-12-17"
13475;"energy";"electricity";2300;2323;"2018-06-09";"2018-08-01";"2020-09-30";"2020-08-30";"fristgerecht durch LichtBlick";"Cologne";"terminated";1001;"2019-10-28"
13476;"energy";"electricity";2600;"";"2018-05-01";"2018-07-01";"";"";"";"Berlin";"indelivery";1001;"2019-03-12"
13477;"energy";"electricity";2000;2067;"2019-09-11";"2020-01-01";"";"";"";"Essen";"indelivery";1000;"2019-11-09"
13478;"energy";"electricity";2500;2357;"2018-06-13";"2018-08-01";"2019-01-31";"2019-01-03";"fristgerecht durch Kunde";"Hamburg";"terminated";1000;"2018-12-23"
13479;"energy";"electricity";3000;3076;"2018-08-13";"2019-04-01";"";"";"";"Wiesbaden";"indelivery";1000;"2018-12-08"
13480;"energy";"electricity";2100;"";"2020-03-22";"2020-05-01";"";"";"";"Magdeburg";"indelivery";1002;"2020-05-15"
13481;"energy";"electricity";2900;2845;"2018-10-26";"2019-07-01";"";"";"";"Göttingen";"indelivery";1001;"2019-12-26"
13482;"energy";"electricity";2200;2120;"2019-01-23";"2019-06-01";"2020-11-30";"2020-10-28";"fristgerecht durch Kunde";"Frankfurt";"cancelled";1002;"2020-07-30"
13483;"energy";"electricity";2200;2312;"2019-02-11";"2019-04-01";"";"";"";"Leipzig";"indelivery";1000;"2020-05-12"
13484;"energy";"electricity";2400;2387;"2020-08-05";"2020-10-01";"";"";"";"Wuppertal";"indelivery";1002;"2020-08-18"
13485;"energy";"electricity";2000;1976;"2018-07-28";"2019-04-01";"";"";"";"Oldenburg";"indelivery";1000;"2019-11-11"
13486;"energy";"electricity";2400;2564;"2018-09-07";"2019-02-01";"2019-09-30";"2019-09-01";"fristgerecht durch Kunde";"Rostock";"terminated";1002;"2018-12-30"
13487;"energy";"electricity";2300;2379;"2019-12-17";"2020-03-01";"";"";"";"Hamburg";"indelivery";1001;"2020-05-12"
13488;"energy";"electricity";2400;2527;"2018-05-23";"2018-11-01";"";"";"";"Hannover";"indelivery";1000;"2019-08-04"
13489;"energy";"electricity";2500;2358;"2020-03-29";"2020-05-01";"";"";"";"Stuttgart";"indelivery";1001;"2020-06-04"
13490;"energy";"electricity";2000;2122;"2018-12-18";"2019-05-01";"";"";"";"Altchemnitz";"indelivery";1001;"2019-01-31"
13491;"energy";"gas";10300;11091;"2020-04-27";"2020-06-01";"";"";"";"Cottbus";"indelivery";2000;"2020-06-27"
13492;"energy";"gas";7400;7074;"2020-03-16";"2020-07-01";"";"";"";"Hamburg";"indelivery";2000;"2020-08-30"
13493;"energy";"electricity";2700;2672;"2020-08-05";"2020-09-01";"";"";"";"Hamburg";"indelivery";1001;"2020-08-10"
13494;"energy";"electricity";2700;2641;"2019-08-16";"2020-06-01";"2020-06-01";"2020-10-31";"Wiederruf";"Magdeburg";"terminated";1002;"2019-12-17"
13495;"energy";"electricity";2100;2040;"2019-02-04";"2019-04-01";"";"";"";"Munich";"indelivery";1002;"2019-12-26"
13496;"energy";"electricity";2500;2604;"2018-02-14";"2018-04-01";"";"";"";"Marienberg";"indelivery";1000;"2019-08-15"
13497;"energy";"gas";9000;8763;"2019-12-22";"2020-03-01";"";"";"";"Düsseldorf";"indelivery";2001;"2020-08-31"
13498;"energy";"electricity";2800;2807;"2020-02-13";"2020-04-01";"2020-06-30";"2020-06-01";"Umzug";"Cologne";"terminated";1001;"2020-05-19"
13499;"energy";"electricity";2900;2880;"2020-04-28";"2020-10-01";"";"";"";"Hannover";"indelivery";1000;"2020-08-17"
13500;"energy";"electricity";2100;2175;"2019-02-03";"2019-10-01";"";"";"";"Hamburg";"indelivery";1001;"2020-08-06"
13501;"energy";"electricity";3000;3126;"2019-04-02";"2019-05-01";"";"";"";"Göppingen";"indelivery";1000;"2020-06-03"
13502;"energy";"electricity";2600;2522;"2018-07-01";"2018-11-01";"";"";"";"Bremen";"indelivery";1002;"2020-06-08"
13503;"energy";"electricity";2700;2839;"2019-11-04";"2020-02-01";"";"";"";"Berlin";"indelivery";1002;"2019-12-28"
13504;"energy";"electricity";2000;1972;"2019-07-19";"2019-09-01";"2019-12-31";"2019-12-01";"fristgerecht durch LichtBlick";"Munich";"terminated";1001;"2019-12-01"
13505;"energy";"electricity";2200;"";"2020-07-29";"2020-10-01";"";"";"";"Altchemnitz";"indelivery";1001;"2020-08-19"
13506;"energy";"electricity";3000;3078;"2020-06-10";"2020-12-01";"";"";"";"Emden";"active";1000;"2020-08-20"
13507;"energy";"electricity";2600;2535;"2019-05-27";"2019-07-01";"";"";"";"Bremen";"indelivery";1002;"2020-07-22"
13508;"energy";"electricity";2700;2715;"2020-06-26";"2020-11-01";"";"";"";"Leipzig";"active";1000;"2020-08-08"
13509;"energy";"electricity";2400;2342;"2020-04-02";"2020-06-01";"";"";"";"Berlin";"indelivery";1001;"2020-06-13"
13510;"energy";"electricity";2800;2689;"2019-10-14";"2020-03-01";"";"";"";"Berlin";"indelivery";1002;"2019-10-20"
13511;"energy";"electricity";2400;2504;"2020-04-25";"2020-06-01";"";"";"";"Essen";"indelivery";1002;"2020-06-28"
13512;"energy";"electricity";2200;2150;"2018-10-19";"2018-11-01";"";"";"";"Wiesbaden";"indelivery";1002;"2020-02-20"
13513;"energy";"electricity";2200;2156;"2018-10-30";"2018-11-01";"2018-11-01";"2019-01-31";"Wiederruf";"Fürth";"terminated";1002;"2019-01-31"
13514;"energy";"electricity";2400;2413;"2020-03-28";"2020-05-01";"";"";"";"Stuttgart";"indelivery";1002;"2020-04-21"
13515;"energy";"electricity";2200;2203;"2018-03-13";"2018-06-01";"2018-12-31";"2018-12-02";"Umzug";"Düsseldorf";"terminated";1000;"2018-04-12"
13516;"energy";"electricity";2400;2393;"2020-04-21";"2020-05-01";"";"";"";"Frankfurt";"indelivery";1002;"2020-07-14"
13517;"energy";"electricity";3000;2871;"2020-05-05";"2020-09-01";"";"";"";"Oldenburg";"indelivery";1002;"2020-09-28"
13518;"energy";"electricity";2000;"";"2018-10-13";"2019-01-01";"";"";"";"Frankfurt";"indelivery";1000;"2020-07-26"
13519;"energy";"electricity";2800;2872;"2019-08-12";"2020-01-01";"";"";"";"Frankfurt";"indelivery";1002;"2020-06-29"
13520;"energy";"electricity";2500;"";"2018-08-27";"2019-01-01";"2019-06-30";"2019-05-31";"Umzug";"Magdeburg";"terminated";1000;"2019-05-31"
13521;"energy";"electricity";2800;2861;"2019-10-16";"2020-01-01";"";"";"";"Saarbrücken";"indelivery";1002;"2019-11-05"
13522;"energy";"gas";8300;8478;"2020-07-25";"2020-08-01";"";"";"";"Berlin";"indelivery";2001;"2020-09-26"
13523;"energy";"gas";9400;8965;"2020-08-09";"2021-04-01";"";"";"";"Heidelberg";"active";2001;"2020-09-04"
13524;"energy";"electricity";2300;2233;"2018-11-23";"2018-12-01";"2019-07-31";"2019-07-01";"Umzug";"Hamburg";"terminated";1000;"2019-07-01"
13525;"energy";"gas";9700;9746;"2019-04-05";"2019-06-01";"";"";"";"Frankfurt";"indelivery";2001;"2019-11-08"
13526;"energy";"electricity";2300;2446;"2019-04-10";"2020-05-01";"";"";"";"Berlin";"indelivery";1002;"2019-07-13"
13527;"energy";"electricity";2500;2497;"2019-09-04";"2019-11-01";"";"";"";"Leipzig";"indelivery";1002;"2020-07-17"
13528;"energy";"electricity";2500;2400;"2019-02-04";"2019-03-01";"";"";"";"Karlsruhe";"indelivery";1000;"2020-01-28"
13529;"energy";"electricity";2000;2124;"2018-09-29";"2018-11-01";"";"";"";"Erfurt";"indelivery";1002;"2020-03-22"
13530;"energy";"electricity";2100;"";"2018-05-12";"2018-08-01";"";"";"";"Marienberg";"indelivery";1001;"2018-09-12"
13531;"energy";"electricity";2800;2850;"2019-01-09";"2019-03-01";"";"";"";"Duisburg";"indelivery";1000;"2020-02-09"
13532;"energy";"gas";9800;10254;"2019-03-17";"2019-10-01";"";"";"";"Dortmund";"indelivery";2000;"2020-08-17"
13533;"energy";"electricity";2300;2327;"2019-10-10";"2019-12-01";"2020-10-31";"2020-10-03";"Umzug";"Essen";"cancelled";1000;"2020-07-01"
13534;"energy";"electricity";2300;2284;"2019-02-16";"2019-06-01";"2020-12-31";"2020-12-03";"Umzug";"Hamburg";"cancelled";1002;"2019-12-27"
13535;"energy";"electricity";2300;2392;"2018-11-05";"2019-08-01";"";"";"";"Stuttgart";"indelivery";1001;"2019-12-02"
13536;"energy";"gas";10300;10024;"2019-03-15";"2019-11-01";"";"";"";"Saalfeld";"indelivery";2000;"2020-03-03"
13537;"energy";"electricity";2700;2818;"2019-05-15";"2019-07-01";"2019-07-01";"2019-08-28";"Wiederruf";"Greifswald";"terminated";1001;"2019-05-21"
13538;"energy";"gas";11900;12709;"2018-11-11";"2019-04-01";"";"";"";"Stuttgart";"indelivery";2000;"2020-09-28"
13539;"energy";"electricity";2200;"";"2020-03-19";"2020-06-01";"";"";"";"Hannover";"indelivery";1002;"2020-04-12"
13540;"energy";"electricity";2300;2304;"2018-10-06";"2018-12-01";"";"";"";"Dresden";"indelivery";1001;"2019-03-05"
13541;"energy";"gas";11500;12287;"2020-04-19";"2020-09-01";"";"";"";"Viersen";"indelivery";2001;"2020-05-21"
13542;"energy";"electricity";2500;2486;"2018-06-06";"2019-01-01";"2019-11-30";"2019-11-02";"fristgerecht durch Kunde";"Cologne";"terminated";1001;"2018-06-17"
13543;"energy";"electricity";2200;2229;"2018-02-03";"2018-06-01";"2019-07-31";"2019-06-30";"Umzug";"Wittmund";"terminated";1001;"2019-06-30"
13544;"energy";"gas";12000;12127;"2018-06-04";"2018-07-01";"2018-07-01";"2019-06-02";"Wiederruf";"Tuttlingen";"terminated";2001;"2018-08-05"
13545;"energy";"electricity";2900;2885;"2018-07-20";"2018-09-01";"";"";"";"Karlsruhe";"indelivery";1001;"2019-03-15"
13546;"energy";"electricity";2600;2593;"2018-08-20";"2018-11-01";"2019-02-28";"2019-01-29";"fristgerecht durch LichtBlick";"Leipzig";"terminated";1002;"2019-01-29"
13547;"energy";"electricity";2200;2174;"2018-03-13";"2018-09-01";"";"";"";"Dortmund";"indelivery";1000;"2020-07-02"
13548;"energy";"electricity";2700;2711;"2018-10-21";"2019-03-01";"";"";"";"Frankfurt";"indelivery";1001;"2019-02-11"
13549;"energy";"gas";11300;11860;"2018-07-02";"2018-08-01";"2020-12-31";"2020-12-02";"fristgerecht durch Kunde";"Berlin";"cancelled";2001;"2019-09-09"
13550;"energy";"electricity";3000;2940;"2020-05-17";"2021-01-01";"";"";"";"Leipzig";"active";1000;"2020-08-23"
13551;"energy";"electricity";2100;1993;"2020-06-28";"2020-12-01";"";"";"";"Frankfurt";"active";1002;"2020-07-29"
13552;"energy";"electricity";2800;2905;"2020-02-11";"2021-05-01";"";"";"";"Berlin";"active";1002;"2020-07-11"
13553;"energy";"electricity";2000;1975;"2018-10-15";"2018-12-01";"2020-06-30";"2020-05-31";"fristgerecht durch Kunde";"Berlin";"terminated";1001;"2020-05-29"
13554;"energy";"electricity";2700;2528;"2019-02-21";"2019-04-01";"";"";"";"Erfurt";"indelivery";1000;"2020-06-27"
13555;"energy";"gas";8200;8674;"2019-03-13";"2019-05-01";"2020-01-31";"2020-01-01";"fristgerecht durch LichtBlick";"Dortmund";"terminated";2000;"2020-01-01"
13556;"energy";"electricity";2500;2634;"2019-06-14";"2019-08-01";"";"";"";"Hamburg";"indelivery";1001;"2019-12-31"
13557;"energy";"electricity";2600;2640;"2019-10-03";"2020-03-01";"2020-10-31";"2020-10-02";"fristgerecht durch Kunde";"Bremen";"cancelled";1002;"2020-01-08"
13558;"energy";"electricity";2700;2738;"2019-07-19";"2019-12-01";"";"";"";"Berlin";"indelivery";1002;"2020-04-14"
13559;"energy";"electricity";2300;2400;"2020-09-29";"2020-10-01";"";"";"";"Frankfurt";"indelivery";1000;"2020-09-29"
13560;"energy";"electricity";2400;2463;"2019-10-23";"2019-12-01";"";"";"";"Ratzeburg";"indelivery";1001;"2020-04-18"
13561;"energy";"electricity";1900;1795;"2018-01-20";"2018-03-01";"2019-11-30";"2019-11-02";"fristgerecht durch Kunde";"Munich";"terminated";1001;"2018-12-18"
13562;"energy";"electricity";2000;2014;"2018-01-14";"2018-07-01";"";"";"";"Berlin";"indelivery";1001;"2019-03-06"
13563;"energy";"electricity";2400;2355;"2020-02-02";"2020-06-01";"";"";"";"Jena";"indelivery";1001;"2020-03-09"
13564;"energy";"electricity";2500;"";"2018-10-25";"2019-03-01";"";"";"";"Hamburg";"indelivery";1001;"2019-09-06"
13565;"energy";"electricity";2900;2996;"2019-11-10";"2020-04-01";"";"";"";"Berlin";"indelivery";1000;"2020-05-11"
13566;"energy";"electricity";2800;2699;"2018-06-25";"2018-07-01";"2019-06-30";"2019-06-02";"Umzug";"Marienberg";"terminated";1001;"2019-01-03"
13567;"energy";"electricity";2500;2497;"2020-04-29";"2021-02-01";"";"";"";"Berlin";"active";1001;"2020-08-25"
13568;"energy";"electricity";2100;2042;"2019-02-08";"2019-04-01";"";"";"";"Dresden";"indelivery";1000;"2020-03-22"
13569;"energy";"electricity";2100;2230;"2019-04-11";"2019-06-01";"";"";"";"Marienberg";"indelivery";1000;"2019-11-26"
13570;"energy";"electricity";2500;"";"2019-10-18";"2019-12-01";"";"";"";"Gießen";"indelivery";1001;"2020-07-20"
13571;"energy";"electricity";2900;2982;"2019-04-12";"2020-03-01";"2020-04-30";"2020-04-02";"Umzug";"Hannover";"terminated";1000;"2020-04-02"
13572;"energy";"electricity";3000;2873;"2018-01-04";"2018-05-01";"2018-05-01";"2019-12-03";"Wiederruf";"Düsseldorf";"terminated";1000;"2019-10-25"
13573;"energy";"electricity";2600;2624;"2018-02-28";"2018-10-01";"";"";"";"Frankfurt";"indelivery";1001;"2019-03-28"
13574;"energy";"electricity";3000;3052;"2018-04-06";"2019-01-01";"2019-08-31";"2019-08-01";"fristgerecht durch Kunde";"Saarbrücken";"terminated";1001;"2018-08-17"
13575;"energy";"electricity";2500;2616;"2019-10-30";"2020-05-01";"";"";"";"Hamburg";"indelivery";1002;"2020-06-06"
13576;"energy";"gas";11600;11298;"2018-03-22";"2018-08-01";"";"";"";"Altchemnitz";"indelivery";2000;"2019-10-26"
13577;"energy";"electricity";2400;2419;"2018-01-16";"2018-04-01";"";"";"";"Paderborn";"indelivery";1002;"2020-05-19"
13578;"energy";"electricity";2100;2167;"2020-07-25";"2020-10-01";"";"";"";"Berlin";"indelivery";1000;"2020-08-15"
13579;"energy";"electricity";2400;2371;"2020-08-21";"2020-11-01";"";"";"";"Düsseldorf";"active";1001;"2020-09-03"
13580;"energy";"electricity";2300;2381;"2018-09-29";"2019-05-01";"2019-10-31";"2019-10-02";"fristgerecht durch LichtBlick";"Göttingen";"terminated";1001;"2018-10-17"
13581;"energy";"electricity";2400;2290;"2018-12-01";"2019-01-01";"2019-05-31";"2019-05-01";"Umzug";"Hamburg";"terminated";1000;"2019-03-16"
13582;"energy";"electricity";2100;2115;"2019-08-10";"2019-10-01";"";"";"";"Berlin";"indelivery";1002;"2020-02-22"
13583;"energy";"electricity";2500;2594;"2018-06-18";"2019-01-01";"2019-07-31";"2019-06-30";"fristgerecht durch LichtBlick";"Duisburg";"terminated";1002;"2018-12-02"
13584;"energy";"gas";8900;9513;"2018-07-08";"2018-10-01";"";"";"";"Berlin";"indelivery";2001;"2019-05-17"
13585;"energy";"electricity";2300;"";"2019-01-19";"2019-05-01";"";"";"";"Pfaffenhofen";"indelivery";1002;"2020-06-08"
13586;"energy";"electricity";3000;3015;"2020-03-23";"2020-06-01";"";"";"";"Mannheim";"indelivery";1002;"2020-06-28"
13587;"energy";"electricity";2800;2879;"2018-01-19";"2018-03-01";"";"";"";"Mannheim";"indelivery";1000;"2019-12-14"
13588;"energy";"electricity";2200;2150;"2020-09-02";"2020-11-01";"";"";"";"Neunkirchen";"active";1002;"2020-09-05"
13589;"energy";"electricity";2700;"";"2018-09-27";"2019-03-01";"";"";"";"Mainz";"indelivery";1000;"2019-06-19"
13590;"energy";"gas";8600;"";"2018-10-04";"2019-03-01";"2020-01-31";"2019-12-31";"Umzug";"Karlsruhe";"terminated";2000;"2019-10-21"
13591;"energy";"gas";10600;10847;"2020-03-20";"2020-05-01";"";"";"";"Braunschweig";"indelivery";2001;"2020-08-09"
13592;"energy";"electricity";2500;2661;"2020-08-22";"2021-03-01";"";"";"";"Berlin";"active";1002;"2020-09-22"
13593;"energy";"electricity";2800;2926;"2018-10-16";"2018-12-01";"";"";"";"Kassel";"indelivery";1000;"2018-10-21"
13594;"energy";"electricity";2500;2433;"2020-03-27";"2020-04-01";"";"";"";"Ulm";"indelivery";1000;"2020-03-27"
13595;"energy";"electricity";2500;2444;"2019-12-10";"2020-06-01";"";"";"";"Berlin";"indelivery";1002;"2020-09-15"
13596;"energy";"electricity";2900;2886;"2020-05-22";"2021-01-01";"";"";"";"Cologne";"active";1002;"2020-08-23"
13597;"energy";"electricity";2800;2762;"2020-07-17";"2020-09-01";"";"";"";"Wuppertal";"indelivery";1000;"2020-09-04"
13598;"energy";"electricity";2900;2758;"2018-09-03";"2018-12-01";"";"";"";"Düsseldorf";"indelivery";1001;"2020-02-08"
13599;"energy";"electricity";2200;2384;"2020-06-22";"2020-08-01";"";"";"";"Munich";"indelivery";1002;"2020-09-18"
13600;"energy";"electricity";2700;2758;"2020-01-03";"2020-12-01";"";"";"";"Munich";"active";1001;"2020-03-10"
13601;"energy";"gas";9300;9376;"2020-05-18";"2020-08-01";"";"";"";"Essen";"indelivery";2000;"2020-09-14"
13602;"energy";"electricity";2900;2774;"2019-03-02";"2019-05-01";"";"";"";"Bad Neustadt";"indelivery";1002;"2020-01-21"
13603;"energy";"gas";11500;11005;"2018-06-23";"2019-05-01";"";"";"";"Stuttgart";"indelivery";2001;"2019-06-10"
13604;"energy";"electricity";2800;2972;"2018-03-05";"2018-10-01";"";"";"";"Freiburg";"indelivery";1002;"2019-09-09"
13605;"energy";"electricity";2500;2437;"2019-07-27";"2019-09-01";"2020-12-31";"2020-11-26";"Umzug";"Erfurt";"cancelled";1001;"2020-07-22"
13606;"energy";"electricity";2600;2551;"2019-12-20";"2020-01-01";"";"";"";"Marienberg";"indelivery";1000;"2020-08-01"
13607;"energy";"electricity";2500;2617;"2020-04-28";"2020-07-01";"";"";"";"Hannover";"indelivery";1000;"2020-05-31"
13608;"energy";"electricity";2500;2699;"2018-03-02";"2018-08-01";"";"";"";"Berlin";"indelivery";1002;"2020-04-02"
13609;"energy";"electricity";2200;2355;"2018-12-21";"2019-06-01";"";"";"";"Kassel";"indelivery";1000;"2020-03-02"
13610;"energy";"gas";11700;11708;"2018-06-08";"2018-12-01";"2019-05-31";"2019-05-03";"fristgerecht durch Kunde";"Birkenfeld";"terminated";2000;"2019-05-03"
13611;"energy";"electricity";2500;2573;"2020-07-12";"2021-08-01";"";"";"";"Dresden";"active";1000;"2020-08-22"
13612;"energy";"gas";7900;7868;"2018-08-22";"2018-11-01";"";"";"";"Cologne";"indelivery";2000;"2019-09-01"
13613;"energy";"electricity";2700;2847;"2018-09-30";"2018-11-01";"2018-11-01";"2019-10-30";"Wiederruf";"Jena";"terminated";1001;"2019-10-30"
13614;"energy";"electricity";2200;2151;"2019-01-14";"2019-06-01";"";"";"";"Würzburg";"indelivery";1000;"2020-04-03"
13615;"energy";"electricity";2700;2595;"2018-12-21";"2019-05-01";"";"";"";"Hamburg";"indelivery";1000;"2020-02-11"
13616;"energy";"electricity";2200;2201;"2020-06-26";"2020-10-01";"";"";"";"Berlin";"indelivery";1002;"2020-09-29"
13617;"energy";"electricity";1900;1999;"2019-05-10";"2019-07-01";"";"";"";"Berlin";"indelivery";1000;"2020-02-26"
13618;"energy";"electricity";2800;2767;"2019-06-05";"2019-12-01";"";"";"";"Stuttgart";"indelivery";1000;"2020-04-05"
13619;"energy";"electricity";2400;2575;"2020-04-29";"2021-01-01";"";"";"";"Hamburg";"active";1000;"2020-05-02"
13620;"energy";"electricity";2600;2716;"2020-08-11";"2020-11-01";"";"";"";"Hamburg";"active";1002;"2020-08-13"
13621;"energy";"electricity";2100;2078;"2018-07-28";"2018-11-01";"";"";"";"Frankfurt";"indelivery";1002;"2020-09-16"
13622;"energy";"electricity";2500;2623;"2019-08-27";"2019-09-01";"";"";"";"Wuppertal";"indelivery";1002;"2019-09-10"
13623;"energy";"electricity";2600;2529;"2018-07-16";"2018-10-01";"";"";"";"Munich";"indelivery";1002;"2020-08-03"
13624;"energy";"electricity";2300;2451;"2018-01-13";"2018-03-01";"";"";"";"Hamburg";"indelivery";1002;"2020-04-15"
13625;"energy";"gas";11200;10781;"2019-03-02";"2019-05-01";"";"";"";"Hamburg";"indelivery";2001;"2020-02-02"
13626;"energy";"electricity";2700;2568;"2018-12-30";"2019-07-01";"";"";"";"Bremen";"indelivery";1000;"2019-03-05"
13627;"energy";"electricity";2800;2883;"2019-08-27";"2019-10-01";"";"";"";"Berlin";"indelivery";1000;"2020-02-21"
13628;"energy";"electricity";2700;"";"2018-02-22";"2018-04-01";"";"";"";"Bonn";"indelivery";1001;"2018-08-23"
13629;"energy";"electricity";2600;2741;"2020-03-25";"2020-07-01";"";"";"";"Berlin";"indelivery";1000;"2020-04-18"
13630;"energy";"electricity";2300;2390;"2020-08-01";"2020-11-01";"";"";"";"Hamburg";"active";1000;"2020-08-31"
13631;"energy";"electricity";2100;1967;"2018-03-05";"2018-05-01";"";"";"";"Bielefeld";"indelivery";1000;"2019-02-03"
13632;"energy";"electricity";2500;2409;"2020-04-09";"2021-04-01";"";"";"";"Frankfurt";"active";1000;"2020-05-07"
13633;"energy";"electricity";2500;2599;"2020-01-31";"2020-06-01";"2020-07-31";"2020-07-02";"Umzug";"Berlin";"terminated";1001;"2020-04-03"
13634;"energy";"electricity";2300;2389;"2020-06-15";"2020-10-01";"";"";"";"Hamburg";"indelivery";1000;"2020-07-15"
13635;"energy";"electricity";2900;2732;"2019-11-11";"2020-05-01";"";"";"";"Düsseldorf";"indelivery";1000;"2020-06-06"
13636;"energy";"electricity";2500;2565;"2019-01-31";"2019-04-01";"2019-06-30";"2019-06-02";"fristgerecht durch LichtBlick";"Essen";"terminated";1000;"2019-06-02"
13637;"energy";"electricity";2900;2761;"2020-08-29";"2020-09-01";"";"";"";"Wuppertal";"indelivery";1002;"2020-09-04"
13638;"energy";"electricity";2100;2176;"2018-05-05";"2018-08-01";"";"";"";"Leipzig";"indelivery";1002;"2019-05-11"
13639;"energy";"electricity";2300;2373;"2018-03-07";"2018-10-01";"";"";"";"Landsberg";"indelivery";1000;"2020-05-24"
13640;"energy";"electricity";2800;3010;"2018-09-08";"2018-11-01";"2019-02-28";"2019-01-29";"fristgerecht durch Kunde";"Biberach";"terminated";1000;"2019-01-29"
13641;"energy";"gas";9400;9931;"2020-06-22";"2020-09-01";"";"";"";"Hannover";"indelivery";2001;"2020-07-09"
13642;"energy";"electricity";2300;2250;"2018-08-12";"2018-09-01";"2020-01-31";"2019-12-29";"Umzug";"Cologne";"terminated";1001;"2019-12-29"
13643;"energy";"gas";10300;11010;"2020-03-08";"2020-05-01";"";"";"";"Haßfurt";"indelivery";2000;"2020-05-30"
13644;"energy";"electricity";2500;2489;"2018-04-10";"2018-06-01";"";"";"";"Schwerin";"indelivery";1002;"2019-11-01"
13645;"energy";"electricity";2700;2609;"2019-02-20";"2019-03-01";"";"";"";"Dresden";"indelivery";1002;"2020-03-14"
13646;"energy";"electricity";2900;2879;"2018-03-29";"2018-05-01";"";"";"";"Bremerhaven";"indelivery";1001;"2018-10-15"
13647;"energy";"electricity";2400;2333;"2018-03-12";"2018-08-01";"";"";"";"Erfurt";"indelivery";1000;"2020-03-30"
13648;"energy";"electricity";2300;2270;"2018-05-11";"2018-10-01";"";"";"";"Bremerhaven";"indelivery";1001;"2020-08-27"
13649;"energy";"gas";8800;8854;"2018-11-04";"2018-12-01";"2019-11-30";"2019-11-02";"fristgerecht durch LichtBlick";"Hannover";"terminated";2000;"2019-05-23"
13650;"energy";"electricity";2700;2795;"2019-06-26";"2019-07-01";"";"";"";"Frankfurt";"indelivery";1000;"2020-04-03"
13651;"energy";"electricity";2800;2856;"2018-04-24";"2018-10-01";"2020-02-29";"2020-01-31";"fristgerecht durch Kunde";"Cologne";"terminated";1002;"2019-11-07"
13652;"energy";"electricity";2000;1947;"2020-05-17";"2020-08-01";"";"";"";"Berlin";"indelivery";1002;"2020-09-02"
13653;"energy";"gas";11200;11901;"2018-08-19";"2019-02-01";"";"";"";"Leipzig";"indelivery";2000;"2019-04-17"
13654;"energy";"electricity";2100;2181;"2020-06-01";"2020-07-01";"";"";"";"Hamburg";"indelivery";1002;"2020-09-21"
13655;"energy";"electricity";2100;2085;"2020-07-09";"2020-11-01";"";"";"";"Augsburg";"active";1002;"2020-09-15"
13656;"energy";"electricity";2500;2626;"2020-04-16";"2020-08-01";"";"";"";"Braunschweig";"indelivery";1001;"2020-09-08"
13657;"energy";"electricity";2800;2906;"2019-08-08";"2020-02-01";"";"";"";"Augsburg";"indelivery";1001;"2020-03-28"
13658;"energy";"electricity";2200;2290;"2019-03-10";"2019-08-01";"";"";"";"Altchemnitz";"indelivery";1002;"2019-05-20"
13659;"energy";"electricity";2300;2298;"2018-03-08";"2018-06-01";"";"";"";"Osnabrück";"indelivery";1001;"2019-01-29"
13660;"energy";"electricity";2300;2316;"2019-02-10";"2019-04-01";"";"";"";"Berlin";"indelivery";1001;"2019-03-22"
13661;"energy";"electricity";2200;2085;"2019-03-16";"2019-06-01";"";"";"";"Hannover";"indelivery";1001;"2020-09-19"
13662;"energy";"electricity";2300;2275;"2018-10-01";"2018-11-01";"2018-11-01";"2019-08-02";"Wiederruf";"Duisburg";"terminated";1000;"2019-03-16"
13663;"energy";"electricity";2000;1966;"2019-05-08";"2019-12-01";"";"";"";"Frankfurt";"indelivery";1002;"2020-03-10"
13664;"energy";"electricity";1900;1965;"2020-03-31";"2020-07-01";"";"";"";"Berlin";"indelivery";1000;"2020-08-20"
13665;"energy";"gas";9100;9258;"2019-11-04";"2020-01-01";"";"";"";"Bielefeld";"indelivery";2000;"2020-05-22"
13666;"energy";"electricity";2300;2318;"2018-09-15";"2018-12-01";"2018-12-01";"2019-04-30";"Wiederruf";"Bonn";"terminated";1002;"2019-04-30"
13667;"energy";"electricity";2200;2110;"2018-09-09";"2018-11-01";"";"";"";"Dresden";"indelivery";1000;"2019-10-03"
13668;"energy";"electricity";2100;2232;"2018-01-18";"2018-03-01";"2020-01-31";"2020-01-03";"fristgerecht durch LichtBlick";"Essen";"terminated";1000;"2018-05-10"
13669;"energy";"electricity";2600;2706;"2019-03-17";"2019-04-01";"";"";"";"Stuttgart";"indelivery";1001;"2019-11-06"
13670;"energy";"electricity";2900;2860;"2019-11-29";"2020-07-01";"";"";"";"Hamburg";"indelivery";1002;"2020-07-20"
13671;"energy";"electricity";2500;"";"2019-04-26";"2019-06-01";"";"";"";"Gera";"indelivery";1002;"2020-07-06"
13672;"energy";"electricity";2400;2512;"2019-05-09";"2019-09-01";"";"";"";"Sangerhausen";"indelivery";1002;"2020-04-05"
13673;"energy";"electricity";2300;2344;"2020-02-03";"2020-05-01";"";"";"";"Stuttgart";"indelivery";1002;"2020-03-22"
13674;"energy";"electricity";2100;2069;"2020-01-13";"2020-02-01";"";"";"";"Hamburg";"indelivery";1001;"2020-03-31"
13675;"energy";"electricity";2800;2934;"2019-09-06";"2020-01-01";"";"";"";"Berlin";"indelivery";1000;"2020-03-16"
13676;"energy";"electricity";1900;"";"2018-06-06";"2018-09-01";"2018-09-01";"2020-05-02";"Wiederruf";"Cologne";"terminated";1002;"2019-04-25"
13677;"energy";"electricity";2600;2680;"2019-03-18";"2019-06-01";"";"";"";"Würzburg";"indelivery";1000;"2020-08-03"
13678;"energy";"electricity";2700;2707;"2019-09-14";"2019-10-01";"";"";"";"Dortmund";"indelivery";1001;"2020-02-17"
13679;"energy";"gas";9800;9483;"2019-04-16";"2019-05-01";"";"";"";"Berlin";"indelivery";2000;"2019-07-04"
13680;"energy";"electricity";2100;2057;"2020-08-01";"2020-09-01";"";"";"";"Berlin";"indelivery";1000;"2020-08-25"
13681;"energy";"electricity";2300;2406;"2018-06-01";"2019-10-01";"";"";"";"Hannover";"indelivery";1002;"2020-05-02"
13682;"energy";"gas";11100;11290;"2020-08-01";"2020-11-01";"";"";"";"Hamburg";"active";2001;"2020-09-03"
13683;"energy";"electricity";2100;2105;"2018-02-28";"2018-08-01";"2019-06-30";"2019-05-30";"fristgerecht durch LichtBlick";"Frankfurt";"terminated";1001;"2018-03-12"
13684;"energy";"gas";8500;9035;"2019-06-23";"2019-08-01";"2019-10-31";"2019-10-01";"fristgerecht durch Kunde";"Hamburg";"terminated";2000;"2019-10-01"
13685;"energy";"electricity";2600;2601;"2018-06-24";"2019-04-01";"2019-04-01";"2020-09-01";"Wiederruf";"Göttingen";"terminated";1001;"2020-07-25"
13686;"energy";"electricity";2300;2390;"2019-01-23";"2019-07-01";"";"";"";"Marienberg";"indelivery";1001;"2019-08-09"
13687;"energy";"electricity";2700;2798;"2018-06-25";"2019-03-01";"";"";"";"Hamburg";"indelivery";1000;"2019-07-25"
13688;"energy";"electricity";2400;"";"2018-04-21";"2018-07-01";"";"";"";"Marienberg";"indelivery";1001;"2018-10-27"
13689;"energy";"electricity";2200;2285;"2020-07-13";"2020-09-01";"";"";"";"Regen";"indelivery";1000;"2020-09-09"
13690;"energy";"electricity";2200;2120;"2018-10-16";"2018-12-01";"2020-12-31";"2020-12-02";"Umzug";"Bremerhaven";"cancelled";1001;"2018-12-14"
13691;"energy";"electricity";2800;2705;"2020-09-12";"2021-08-01";"";"";"";"Wolfsburg";"active";1002;"2020-09-25"
13692;"energy";"electricity";2400;2511;"2019-05-14";"2019-07-01";"";"";"";"Düsseldorf";"indelivery";1002;"2020-09-02"
13693;"energy";"gas";9200;9842;"2019-04-05";"2019-05-01";"";"";"";"Gelsenkirchen";"indelivery";2000;"2019-04-27"
13694;"energy";"electricity";2800;2768;"2020-08-07";"2020-10-01";"";"";"";"Karlsruhe";"indelivery";1001;"2020-08-30"
13695;"energy";"electricity";2700;2779;"2019-02-28";"2019-07-01";"2020-06-30";"2020-05-29";"fristgerecht durch Kunde";"Berlin";"terminated";1001;"2019-04-13"
13696;"energy";"electricity";2400;2448;"2020-08-05";"2021-03-01";"";"";"";"Burg";"active";1000;"2020-09-22"
13697;"energy";"electricity";2800;2695;"2020-02-04";"2020-09-01";"";"";"";"Frankfurt";"indelivery";1000;"2020-04-05"
13698;"energy";"gas";11000;10754;"2018-08-27";"2018-11-01";"2019-10-31";"2019-10-02";"fristgerecht durch Kunde";"Stuttgart";"terminated";2000;"2019-10-02"
13699;"energy";"electricity";2800;2723;"2019-05-02";"2019-08-01";"";"";"";"Dortmund";"indelivery";1000;"2019-07-22"
13700;"energy";"electricity";2400;2540;"2019-09-27";"2019-11-01";"2020-07-31";"2020-07-03";"fristgerecht durch Kunde";"Hamburg";"terminated";1001;"2019-10-24"
13701;"energy";"electricity";2600;2491;"2018-10-03";"2019-05-01";"2019-07-31";"2019-07-03";"fristgerecht durch Kunde";"Mannheim";"terminated";1000;"2019-07-03"
13702;"energy";"electricity";2400;2426;"2019-07-14";"2020-02-01";"";"";"";"Hannover";"indelivery";1001;"2019-11-27"
13703;"energy";"electricity";2500;2506;"2018-10-22";"2019-05-01";"2019-08-31";"2019-08-03";"Umzug";"Wiesbaden";"terminated";1002;"2019-08-03"
13704;"energy";"gas";8100;8488;"2019-09-17";"2020-02-01";"";"";"";"Dortmund";"indelivery";2000;"2020-05-09"
13705;"energy";"gas";10100;"";"2019-10-04";"2020-01-01";"";"";"";"Munich";"indelivery";2000;"2020-04-13"
13706;"energy";"electricity";2000;1932;"2018-05-24";"2018-12-01";"2020-06-30";"2020-06-02";"Umzug";"Hannover";"terminated";1000;"2020-06-02"
13707;"energy";"electricity";2600;2650;"2020-07-25";"2020-11-01";"";"";"";"Düsseldorf";"active";1002;"2020-09-19"
13708;"energy";"electricity";2400;2518;"2019-04-17";"2019-07-01";"";"";"";"Wiesbaden";"indelivery";1001;"2020-06-11"
13709;"energy";"electricity";2400;2495;"2020-02-12";"2020-05-01";"";"";"";"Berlin";"indelivery";1002;"2020-08-11"
13710;"energy";"electricity";2500;2556;"2018-01-20";"2018-05-01";"";"";"";"Cologne";"indelivery";1000;"2018-05-19"
13711;"energy";"electricity";2000;1948;"2020-01-08";"2020-02-01";"";"";"";"Berlin";"indelivery";1002;"2020-06-19"
13712;"energy";"electricity";2600;2552;"2020-01-11";"2021-02-01";"";"";"";"Berlin";"active";1001;"2020-09-12"
13713;"energy";"electricity";2800;2836;"2020-03-18";"2020-05-01";"";"";"";"Gera";"indelivery";1002;"2020-08-27"
13714;"energy";"electricity";2700;"";"2020-07-08";"2020-12-01";"";"";"";"Cologne";"active";1002;"2020-09-21"
13715;"energy";"electricity";2400;2494;"2018-10-01";"2019-07-01";"";"";"";"Mainz";"indelivery";1001;"2019-05-12"
13716;"energy";"electricity";2500;2605;"2020-01-04";"2020-05-01";"2020-06-30";"2020-05-27";"fristgerecht durch LichtBlick";"Mannheim";"terminated";1002;"2020-05-27"
13717;"energy";"electricity";2600;2467;"2019-03-21";"2019-05-01";"2019-05-01";"2020-10-29";"Wiederruf";"Heidelberg";"terminated";1002;"2020-03-08"
13718;"energy";"electricity";2700;2813;"2019-12-27";"2020-02-01";"";"";"";"Stuttgart";"indelivery";1002;"2020-04-17"
13719;"energy";"gas";9300;9528;"2020-01-31";"2020-09-01";"";"";"";"Hamburg";"indelivery";2001;"2020-05-06"
13720;"energy";"electricity";2600;2505;"2018-11-30";"2018-12-01";"";"";"";"Munich";"indelivery";1001;"2019-02-14"
13721;"energy";"electricity";2800;2663;"2020-01-21";"2020-03-01";"";"";"";"Duisburg";"indelivery";1001;"2020-06-05"
13722;"energy";"electricity";2000;2205;"2018-09-01";"2018-10-01";"2020-10-31";"2020-09-30";"Umzug";"Würzburg";"cancelled";1000;"2020-02-15"
13723;"energy";"electricity";2300;"";"2020-08-26";"2020-10-01";"";"";"";"Berlin";"indelivery";1002;"2020-09-01"
13724;"energy";"electricity";2300;2314;"2019-12-23";"2020-05-01";"";"";"";"Fürth";"indelivery";1001;"2020-07-01"
13725;"energy";"electricity";2400;2465;"2020-02-20";"2020-03-01";"";"";"";"Erfurt";"indelivery";1002;"2020-08-20"
13726;"energy";"electricity";2400;"";"2019-10-08";"2020-01-01";"";"";"";"Freiburg";"indelivery";1000;"2019-12-07"
13727;"energy";"gas";8500;8256;"2018-04-02";"2018-06-01";"";"";"";"Wiesbaden";"indelivery";2000;"2019-06-06"
13728;"energy";"electricity";2600;"";"2019-11-28";"2019-12-01";"";"";"";"Berlin";"indelivery";1000;"2020-06-23"
13729;"energy";"electricity";3000;3109;"2019-03-26";"2019-04-01";"2020-03-31";"2020-03-01";"fristgerecht durch Kunde";"Essen";"terminated";1002;"2019-06-14"
13730;"energy";"electricity";2000;2004;"2020-05-22";"2020-07-01";"";"";"";"Braunschweig";"indelivery";1000;"2020-08-10"
13731;"energy";"electricity";2900;3120;"2018-10-22";"2019-10-01";"";"";"";"Wuppertal";"indelivery";1002;"2019-04-12"
13732;"energy";"electricity";2100;2135;"2018-05-28";"2018-06-01";"";"";"";"Oldenburg";"indelivery";1001;"2019-11-26"
13733;"energy";"electricity";2400;2376;"2018-10-05";"2018-12-01";"";"";"";"Amberg";"indelivery";1001;"2019-04-10"
13734;"energy";"electricity";2200;2309;"2020-09-14";"2021-03-01";"";"";"";"Cologne";"active";1000;"2020-09-22"
13735;"energy";"electricity";1900;2027;"2019-08-31";"2019-11-01";"2019-11-01";"2020-08-30";"Wiederruf";"Hamburg";"terminated";1001;"2020-07-01"
13736;"energy";"electricity";2100;2193;"2018-11-11";"2019-04-01";"";"";"";"Bielefeld";"indelivery";1002;"2019-06-25"
13737;"energy";"electricity";2000;2038;"2019-05-14";"2019-07-01";"2020-10-31";"2020-10-02";"fristgerecht durch LichtBlick";"Munich";"cancelled";1001;"2019-06-23"
13738;"energy";"electricity";2800;2655;"2018-03-14";"2018-06-01";"2020-05-31";"2020-05-01";"Umzug";"Berlin";"terminated";1000;"2018-06-12"
13739;"energy";"gas";9200;9684;"2019-06-19";"2019-10-01";"";"";"";"Hamburg";"indelivery";2001;"2020-09-20"
13740;"energy";"electricity";2600;2674;"2020-08-11";"2020-10-01";"";"";"";"Berlin";"indelivery";1000;"2020-09-13"
13741;"energy";"electricity";2800;2785;"2018-05-02";"2018-06-01";"2018-06-01";"2019-07-30";"Wiederruf";"Jena";"terminated";1001;"2019-07-30"
13742;"energy";"electricity";2300;2230;"2020-08-10";"2020-09-01";"";"";"";"Frankfurt";"indelivery";1001;"2020-08-24"
13743;"energy";"electricity";2100;2190;"2019-10-08";"2019-11-01";"";"";"";"Berlin";"indelivery";1000;"2020-02-02"
13744;"energy";"electricity";2100;2216;"2019-07-15";"2020-01-01";"";"";"";"Oldenburg";"indelivery";1002;"2020-01-24"
13745;"energy";"gas";10500;11245;"2018-04-18";"2018-05-01";"2019-08-31";"2019-08-03";"fristgerecht durch Kunde";"Karlstadt";"terminated";2000;"2018-08-05"
13746;"energy";"electricity";2500;"";"2019-07-04";"2019-09-01";"2020-06-30";"2020-06-02";"fristgerecht durch Kunde";"Kassel";"terminated";1002;"2020-06-02"
13747;"energy";"electricity";3000;"";"2018-11-17";"2019-05-01";"";"";"";"Emden";"indelivery";1000;"2020-02-10"
13748;"energy";"electricity";2500;2658;"2018-10-22";"2019-01-01";"";"";"";"Bremen";"indelivery";1002;"2019-12-12"
13749;"energy";"electricity";2100;2002;"2019-02-16";"2019-09-01";"2020-07-31";"2020-07-03";"fristgerecht durch Kunde";"Karlsruhe";"terminated";1001;"2020-06-19"
13750;"energy";"electricity";2900;2817;"2020-05-16";"2020-07-01";"";"";"";"Frankfurt";"indelivery";1000;"2020-06-12"
13751;"energy";"gas";9700;9661;"2020-06-25";"2020-11-01";"";"";"";"Hannover";"active";2001;"2020-08-31"
13752;"energy";"electricity";2900;2931;"2019-11-15";"2020-07-01";"";"";"";"Marienberg";"indelivery";1000;"2019-11-18"
13753;"energy";"electricity";2900;"";"2018-11-15";"2019-04-01";"";"";"";"Berlin";"indelivery";1000;"2018-12-20"
13754;"energy";"electricity";2700;2847;"2019-04-16";"2020-05-01";"";"";"";"Weißenburg";"indelivery";1001;"2019-07-30"
13755;"energy";"gas";8500;8048;"2020-02-01";"2020-04-01";"";"";"";"Stuttgart";"indelivery";2001;"2020-07-29"
13756;"energy";"electricity";2800;2690;"2018-06-20";"2018-10-01";"";"";"";"Berlin";"indelivery";1002;"2018-10-31"
13757;"energy";"electricity";2900;2942;"2018-03-30";"2018-07-01";"";"";"";"Karlsruhe";"indelivery";1001;"2020-08-12"
13758;"energy";"gas";9500;9381;"2019-07-18";"2020-01-01";"";"";"";"Essen";"indelivery";2000;"2019-08-06"
13759;"energy";"electricity";2200;2164;"2019-01-22";"2019-03-01";"";"";"";"Marienberg";"indelivery";1001;"2019-10-22"
13760;"energy";"gas";8300;8540;"2019-09-12";"2020-02-01";"";"";"";"Jever";"indelivery";2001;"2019-09-19"
13761;"energy";"electricity";2800;"";"2018-10-12";"2018-12-01";"";"";"";"Wuppertal";"indelivery";1002;"2019-11-14"
13762;"energy";"electricity";3000;2821;"2019-11-02";"2020-01-01";"";"";"";"Wuppertal";"indelivery";1002;"2020-01-12"
13763;"energy";"electricity";3000;2896;"2018-05-09";"2018-12-01";"";"";"";"Hannover";"indelivery";1000;"2018-05-18"
13764;"energy";"electricity";2900;2728;"2019-09-22";"2020-03-01";"";"";"";"Dresden";"indelivery";1001;"2020-08-15"
13765;"energy";"electricity";2400;2388;"2018-03-21";"2018-10-01";"";"";"";"Hamburg";"indelivery";1000;"2018-05-17"
13766;"energy";"electricity";2700;2663;"2018-08-10";"2018-09-01";"";"";"";"Mannheim";"indelivery";1002;"2019-04-30"
13767;"energy";"electricity";2100;2051;"2020-01-21";"2020-02-01";"";"";"";"Frankfurt";"indelivery";1000;"2020-08-14"
13768;"energy";"electricity";2900;2998;"2018-01-23";"2018-02-01";"2019-12-31";"2019-11-26";"Umzug";"Berlin";"terminated";1002;"2019-11-26"
13769;"energy";"electricity";2600;2584;"2020-01-13";"2020-02-01";"";"";"";"Marienberg";"indelivery";1001;"2020-05-20"
13770;"energy";"electricity";2100;2247;"2018-07-16";"2018-09-01";"";"";"";"Bremen";"indelivery";1002;"2018-10-28"
13771;"energy";"gas";11000;11758;"2020-09-05";"2021-01-01";"";"";"";"Essen";"active";2000;"2020-09-05"
13772;"energy";"gas";11600;11536;"2020-06-04";"2020-09-01";"";"";"";"Biberach";"indelivery";2000;"2020-08-06"
13773;"energy";"electricity";2500;2534;"2020-08-16";"2021-10-01";"";"";"";"Freiburg";"active";1002;"2020-09-04"
13774;"energy";"electricity";2200;2118;"2018-08-24";"2018-10-01";"";"";"";"Düsseldorf";"indelivery";1002;"2020-02-09"
13775;"energy";"gas";9400;10034;"2018-03-30";"2018-06-01";"2018-06-01";"2019-01-01";"Wiederruf";"Augsburg";"terminated";2000;"2019-01-01"
13776;"energy";"electricity";2400;2331;"2018-11-26";"2018-12-01";"";"";"";"Hamburg";"indelivery";1002;"2019-04-02"
13777;"energy";"electricity";2100;2151;"2018-02-25";"2018-10-01";"2018-10-01";"2019-01-26";"Wiederruf";"Berlin";"terminated";1001;"2019-01-26"
13778;"energy";"electricity";2300;2356;"2020-06-12";"2021-04-01";"";"";"";"Hamburg";"active";1001;"2020-06-30"
13779;"energy";"electricity";2800;"";"2019-04-19";"2019-07-01";"2020-11-30";"2020-10-31";"fristgerecht durch LichtBlick";"Stuttgart";"cancelled";1000;"2019-12-08"
13780;"energy";"electricity";2100;2176;"2018-07-16";"2018-09-01";"2019-05-31";"2019-04-28";"fristgerecht durch LichtBlick";"Dortmund";"terminated";1000;"2019-04-28"
13781;"energy";"electricity";2700;2831;"2020-01-03";"2020-03-01";"";"";"";"Berlin";"indelivery";1000;"2020-08-08"
13782;"energy";"electricity";2500;2571;"2019-01-15";"2019-05-01";"";"";"";"Magdeburg";"indelivery";1002;"2019-05-23"
13783;"energy";"electricity";2800;2887;"2019-06-27";"2020-02-01";"";"";"";"Berlin";"indelivery";1000;"2020-01-12"
13784;"energy";"electricity";2800;2802;"2020-01-06";"2020-02-01";"";"";"";"Kassel";"indelivery";1001;"2020-01-29"
13785;"energy";"electricity";2400;"";"2020-08-13";"2021-01-01";"";"";"";"Berlin";"active";1000;"2020-08-21"
13786;"energy";"electricity";2100;2031;"2019-07-25";"2019-11-01";"";"";"";"Mainz";"indelivery";1002;"2019-10-13"
13787;"energy";"electricity";2300;2380;"2019-04-08";"2019-08-01";"";"";"";"Gütersloh";"indelivery";1000;"2019-09-26"
13788;"energy";"electricity";2500;2424;"2018-01-21";"2018-05-01";"";"";"";"Stuttgart";"indelivery";1002;"2018-12-09"
13789;"energy";"electricity";2300;2400;"2018-09-08";"2018-11-01";"";"";"";"Regensburg";"indelivery";1002;"2020-07-26"
13790;"energy";"electricity";3000;3229;"2019-12-25";"2020-06-01";"";"";"";"Lübeck";"indelivery";1000;"2019-12-28"
13791;"energy";"gas";9200;9339;"2019-11-06";"2020-01-01";"";"";"";"Leipzig";"indelivery";2000;"2020-06-27"
13792;"energy";"electricity";1900;2074;"2019-11-22";"2020-03-01";"";"";"";"Berlin";"indelivery";1000;"2019-12-23"
13793;"energy";"electricity";2600;2566;"2020-03-21";"2020-05-01";"";"";"";"Altchemnitz";"indelivery";1002;"2020-03-27"
13794;"energy";"gas";10400;10527;"2019-08-10";"2020-01-01";"";"";"";"Berlin";"indelivery";2001;"2020-06-08"
13795;"energy";"electricity";2600;2644;"2018-10-10";"2018-11-01";"";"";"";"Duisburg";"indelivery";1000;"2020-05-17"
13796;"energy";"electricity";2600;2664;"2020-09-03";"2020-12-01";"";"";"";"Berlin";"active";1002;"2020-09-08"
13797;"energy";"gas";10800;10366;"2018-12-01";"2019-01-01";"2019-01-01";"2019-09-02";"Wiederruf";"Marienberg";"terminated";2000;"2019-09-02"
13798;"energy";"electricity";2400;2293;"2019-08-07";"2019-10-01";"";"";"";"Jena";"indelivery";1002;"2019-09-23"
13799;"energy";"electricity";2800;2743;"2018-07-19";"2018-12-01";"";"";"";"Hannover";"indelivery";1000;"2019-10-02"
13800;"energy";"electricity";2700;2657;"2018-10-22";"2019-05-01";"";"";"";"Dortmund";"indelivery";1000;"2019-12-26"
13801;"energy";"electricity";2200;2082;"2020-07-08";"2021-04-01";"";"";"";"Cologne";"active";1001;"2020-09-06"
13802;"energy";"electricity";2300;2346;"2020-03-15";"2020-05-01";"";"";"";"Hannover";"indelivery";1001;"2020-04-07"
13803;"energy";"electricity";2100;2274;"2019-11-18";"2020-08-01";"2020-09-30";"2020-09-02";"fristgerecht durch LichtBlick";"Hamburg";"terminated";1002;"2020-04-22"
13804;"energy";"electricity";2400;2351;"2019-04-15";"2019-11-01";"";"";"";"Jena";"indelivery";1001;"2019-12-31"
13805;"energy";"electricity";2900;2905;"2018-01-05";"2018-03-01";"";"";"";"Bielefeld";"indelivery";1000;"2019-04-04"
13806;"energy";"electricity";2900;2959;"2020-03-28";"2020-07-01";"";"";"";"Marienberg";"indelivery";1000;"2020-04-04"
13807;"energy";"electricity";2600;2816;"2019-01-12";"2019-07-01";"2020-02-29";"2020-01-29";"fristgerecht durch Kunde";"Flensburg";"terminated";1001;"2019-07-19"
13808;"energy";"electricity";2400;"";"2019-06-18";"2020-03-01";"";"";"";"Hamburg";"indelivery";1000;"2019-11-05"
13809;"energy";"electricity";2300;2287;"2020-05-18";"2020-09-01";"2020-10-31";"2020-10-01";"Umzug";"Hamburg";"cancelled";1001;"2020-06-22"
13810;"energy";"electricity";2100;2106;"2019-09-15";"2019-11-01";"";"";"";"Hamburg";"indelivery";1000;"2020-08-19"
13811;"energy";"electricity";2000;2180;"2020-08-16";"2020-09-01";"";"";"";"Munich";"indelivery";1000;"2020-09-25"
13812;"energy";"electricity";2900;2983;"2018-01-08";"2018-08-01";"";"";"";"Münster";"indelivery";1002;"2019-07-17"
13813;"energy";"electricity";2400;2524;"2020-06-26";"2021-01-01";"";"";"";"Frankfurt";"active";1002;"2020-08-11"
13814;"energy";"electricity";2500;2519;"2020-08-30";"2021-01-01";"";"";"";"Hamburg";"active";1001;"2020-09-25"
13815;"energy";"electricity";2100;2229;"2019-06-05";"2019-08-01";"";"";"";"Berlin";"indelivery";1000;"2019-10-27"
13816;"energy";"electricity";2400;2455;"2018-12-15";"2019-01-01";"2020-04-30";"2020-03-30";"fristgerecht durch Kunde";"Altchemnitz";"terminated";1002;"2020-02-05"
13817;"energy";"electricity";2300;2465;"2018-06-30";"2018-08-01";"2020-12-31";"2020-12-02";"fristgerecht durch Kunde";"Osnabrück";"cancelled";1000;"2019-11-27"
13818;"energy";"electricity";2800;2797;"2019-08-22";"2019-10-01";"2019-10-01";"2020-05-26";"Wiederruf";"Berlin";"terminated";1002;"2019-09-08"
13819;"energy";"gas";11000;10957;"2020-07-23";"2020-12-01";"";"";"";"Essen";"active";2000;"2020-08-22"
13820;"energy";"electricity";1900;1897;"2018-03-02";"2018-05-01";"2019-04-30";"2019-04-01";"fristgerecht durch Kunde";"Berlin";"terminated";1000;"2018-04-20"
13821;"energy";"electricity";2500;2487;"2019-08-11";"2019-09-01";"";"";"";"Calw";"indelivery";1001;"2020-03-04"
13822;"energy";"electricity";2900;2894;"2019-01-31";"2019-04-01";"";"";"";"Karlsruhe";"indelivery";1001;"2019-10-24"
13823;"energy";"electricity";2200;2207;"2020-06-12";"2020-10-01";"";"";"";"Kassel";"indelivery";1002;"2020-08-02"
13824;"energy";"gas";10500;10131;"2019-11-07";"2020-05-01";"";"";"";"Dortmund";"indelivery";2000;"2020-04-09"
13825;"energy";"electricity";2400;"";"2020-02-09";"2020-06-01";"";"";"";"Berlin";"indelivery";1000;"2020-08-25"
13826;"energy";"electricity";2300;2202;"2018-11-26";"2019-04-01";"";"";"";"Erfurt";"indelivery";1002;"2019-11-24"
13827;"energy";"electricity";2100;"";"2020-06-05";"2020-11-01";"";"";"";"Munich";"active";1000;"2020-06-14"
13828;"energy";"gas";7800;8047;"2018-06-15";"2019-01-01";"2019-08-31";"2019-07-28";"Umzug";"Hamburg";"terminated";2001;"2018-09-29"
13829;"energy";"electricity";2700;2703;"2018-03-06";"2018-04-01";"";"";"";"Stuttgart";"indelivery";1001;"2019-04-07"
13830;"energy";"electricity";2200;2271;"2019-09-15";"2020-01-01";"";"";"";"Stuttgart";"indelivery";1002;"2020-07-20"
13831;"energy";"electricity";2300;2168;"2019-06-23";"2019-08-01";"";"";"";"Oldenburg";"indelivery";1001;"2020-01-26"
13832;"energy";"electricity";2900;2838;"2018-07-18";"2018-09-01";"";"";"";"Heidelberg";"indelivery";1002;"2018-08-24"
13833;"energy";"electricity";2100;2145;"2018-04-11";"2018-08-01";"2020-10-31";"2020-10-02";"fristgerecht durch Kunde";"Altchemnitz";"cancelled";1002;"2019-12-10"
13834;"energy";"electricity";2800;2860;"2020-03-01";"2020-04-01";"2020-07-31";"2020-06-30";"fristgerecht durch Kunde";"Augsburg";"terminated";1000;"2020-06-30"
13835;"energy";"electricity";2100;2085;"2018-01-18";"2018-05-01";"2018-05-01";"2020-03-02";"Wiederruf";"Cologne";"terminated";1000;"2018-12-14"
13836;"energy";"gas";10800;11322;"2020-09-16";"2020-11-01";"";"";"";"Hamburg";"active";2000;"2020-09-26"
13837;"energy";"electricity";2400;2508;"2018-07-14";"2019-02-01";"";"";"";"Frankfurt";"indelivery";1002;"2020-07-09"
13838;"energy";"electricity";2600;2683;"2018-01-16";"2018-03-01";"";"";"";"Berlin";"indelivery";1001;"2018-10-16"
13839;"energy";"electricity";2100;2085;"2019-04-09";"2019-06-01";"";"";"";"Munich";"indelivery";1002;"2019-12-07"
13840;"energy";"gas";12400;12078;"2020-04-16";"2020-06-01";"";"";"";"Euskirchen";"indelivery";2000;"2020-05-08"
13841;"energy";"electricity";2100;2084;"2018-10-22";"2019-01-01";"";"";"";"Hamburg";"indelivery";1002;"2018-12-22"
13842;"energy";"electricity";2700;2639;"2020-06-21";"2020-09-01";"";"";"";"Bielefeld";"indelivery";1002;"2020-06-29"
13843;"energy";"electricity";2000;2012;"2020-09-05";"2021-01-01";"";"";"";"Munich";"active";1001;"2020-09-26"
13844;"energy";"gas";11400;11451;"2020-03-22";"2020-05-01";"";"";"";"Munich";"indelivery";2001;"2020-06-13"
13845;"energy";"electricity";2000;2181;"2019-03-14";"2019-08-01";"";"";"";"Hannover";"indelivery";1001;"2020-06-19"
13846;"energy";"electricity";2400;2360;"2020-02-21";"2020-04-01";"";"";"";"Osnabrück";"indelivery";1000;"2020-07-29"
13847;"energy";"electricity";2900;"";"2019-07-06";"2019-08-01";"";"";"";"Karlsruhe";"indelivery";1000;"2020-09-10"
13848;"energy";"gas";11500;11366;"2018-11-23";"2019-05-01";"";"";"";"Augsburg";"indelivery";2000;"2019-12-27"
13849;"energy";"electricity";2600;2440;"2019-10-21";"2020-02-01";"";"";"";"Munich";"indelivery";1002;"2020-01-19"
13850;"energy";"electricity";2100;2058;"2019-12-12";"2020-03-01";"2020-09-30";"2020-09-02";"fristgerecht durch Kunde";"Dortmund";"terminated";1000;"2020-04-17"
13851;"energy";"electricity";2600;2603;"2020-01-12";"2020-06-01";"";"";"";"Berlin";"indelivery";1002;"2020-09-12"
13852;"energy";"electricity";2000;2186;"2020-01-07";"2020-03-01";"";"";"";"Bielefeld";"indelivery";1002;"2020-03-01"
13853;"energy";"electricity";2500;2497;"2019-01-29";"2019-04-01";"";"";"";"Berlin";"indelivery";1001;"2020-07-16"
13854;"energy";"electricity";2300;2289;"2018-02-06";"2018-07-01";"";"";"";"Remscheid";"indelivery";1002;"2020-06-09"
13855;"energy";"electricity";2400;2510;"2019-03-02";"2019-06-01";"";"";"";"Stuttgart";"indelivery";1002;"2020-09-22"
13856;"energy";"electricity";2500;2517;"2019-02-09";"2019-04-01";"2020-11-30";"2020-11-01";"fristgerecht durch LichtBlick";"Jena";"cancelled";1002;"2019-07-30"
13857;"energy";"electricity";2500;2553;"2019-07-01";"2019-11-01";"2020-07-31";"2020-07-02";"Umzug";"Duisburg";"terminated";1001;"2019-08-16"
13858;"energy";"electricity";2300;2304;"2018-06-22";"2018-08-01";"";"";"";"Karlsruhe";"indelivery";1000;"2019-05-05"
13859;"energy";"electricity";2200;2220;"2019-04-06";"2019-08-01";"";"";"";"Erfurt";"indelivery";1001;"2020-06-08"
13860;"energy";"gas";8800;8659;"2020-01-04";"2020-04-01";"";"";"";"Berlin";"indelivery";2000;"2020-06-29"
13861;"energy";"electricity";2100;2217;"2018-04-15";"2018-07-01";"2020-10-31";"2020-10-02";"Umzug";"Dortmund";"cancelled";1002;"2020-03-31"
13862;"energy";"electricity";2400;2308;"2019-07-18";"2019-09-01";"";"";"";"Magdeburg";"indelivery";1001;"2020-09-10"
13863;"energy";"electricity";2100;1977;"2020-02-11";"2020-04-01";"";"";"";"Wiesbaden";"indelivery";1002;"2020-03-20"
13864;"energy";"electricity";2900;2830;"2018-06-16";"2018-07-01";"2019-07-31";"2019-06-26";"fristgerecht durch Kunde";"Koblenz";"terminated";1002;"2018-11-20"
13865;"energy";"electricity";2300;"";"2020-03-17";"2020-06-01";"";"";"";"Berlin";"indelivery";1000;"2020-06-19"
13866;"energy";"electricity";2500;2480;"2018-05-13";"2018-07-01";"2020-10-31";"2020-10-01";"fristgerecht durch LichtBlick";"Berlin";"cancelled";1002;"2020-01-16"
13867;"energy";"electricity";2300;2272;"2018-10-24";"2018-12-01";"";"";"";"Bielefeld";"indelivery";1001;"2019-11-21"
13868;"energy";"electricity";2400;2513;"2019-07-07";"2019-09-01";"";"";"";"Freiburg";"indelivery";1002;"2020-08-14"
13869;"energy";"electricity";2500;2613;"2020-01-12";"2020-03-01";"";"";"";"Dresden";"indelivery";1001;"2020-06-19"
13870;"energy";"electricity";2600;2742;"2019-11-04";"2021-04-01";"";"";"";"Marienberg";"active";1002;"2020-09-21"
13871;"energy";"electricity";2100;2165;"2018-11-02";"2019-01-01";"";"";"";"Marienberg";"indelivery";1001;"2019-06-25"
13872;"energy";"electricity";2200;2386;"2020-07-14";"2020-09-01";"";"";"";"Schwerin";"indelivery";1000;"2020-08-22"
13873;"energy";"electricity";2200;2257;"2020-03-06";"2020-05-01";"";"";"";"Fürth";"indelivery";1000;"2020-08-20"
13874;"energy";"electricity";2800;2890;"2019-04-17";"2019-05-01";"";"";"";"Berlin";"indelivery";1000;"2019-08-01"
13875;"energy";"electricity";1900;1971;"2018-03-21";"2018-09-01";"";"";"";"Berlin";"indelivery";1002;"2020-05-06"
13876;"energy";"gas";8400;8250;"2020-03-03";"2020-09-01";"";"";"";"Potsdam";"indelivery";2001;"2020-04-26"
13877;"energy";"electricity";2800;3062;"2020-04-29";"2020-05-01";"";"";"";"Berlin";"indelivery";1002;"2020-08-30"
13878;"energy";"electricity";2200;2127;"2020-04-20";"2020-07-01";"2020-07-01";"2020-11-22";"Wiederruf";"Hamburg";"terminated";1002;"2020-04-23"
13879;"energy";"gas";8700;"";"2019-07-16";"2020-03-01";"";"";"";"Bonn";"indelivery";2001;"2020-03-09"
13880;"energy";"electricity";2600;2680;"2020-09-04";"2020-11-01";"";"";"";"Hamburg";"active";1002;"2020-09-30"
13881;"energy";"gas";11700;12129;"2018-06-15";"2018-09-01";"";"";"";"Karlsruhe";"indelivery";2000;"2019-03-24"
13882;"energy";"electricity";2700;2844;"2019-05-23";"2019-07-01";"";"";"";"Berlin";"indelivery";1002;"2020-01-19"
13883;"energy";"electricity";2700;2601;"2020-04-25";"2020-06-01";"";"";"";"Munich";"indelivery";1000;"2020-08-21"
13884;"energy";"electricity";2600;2628;"2018-02-15";"2018-05-01";"2019-05-31";"2019-05-02";"fristgerecht durch LichtBlick";"Rostock";"terminated";1000;"2019-05-02"
13885;"energy";"gas";8600;"";"2019-05-03";"2019-07-01";"";"";"";"Freiburg";"indelivery";2000;"2019-12-31"
13886;"energy";"electricity";2500;"";"2018-08-24";"2018-11-01";"";"";"";"Berlin";"indelivery";1002;"2020-09-11"
13887;"energy";"electricity";2100;1991;"2020-08-25";"2020-11-01";"";"";"";"Mannheim";"active";1000;"2020-09-14"
13888;"energy";"electricity";2100;2088;"2019-11-23";"2019-12-01";"";"";"";"Ulm";"indelivery";1001;"2020-06-12"
13889;"energy";"electricity";2600;2640;"2019-10-11";"2020-03-01";"";"";"";"Frankfurt";"indelivery";1002;"2020-06-29"
13890;"energy";"electricity";2800;2780;"2019-12-16";"2020-02-01";"";"";"";"Duisburg";"indelivery";1002;"2020-01-15"
13891;"energy";"electricity";2300;2221;"2018-12-30";"2019-04-01";"";"";"";"Solingen";"indelivery";1002;"2019-03-06"
13892;"energy";"electricity";2200;2330;"2019-07-14";"2019-12-01";"";"";"";"Berlin";"indelivery";1002;"2019-09-03"
13893;"energy";"electricity";2400;2564;"2018-08-26";"2019-02-01";"";"";"";"Berlin";"indelivery";1000;"2019-06-20"
13894;"energy";"electricity";2300;2399;"2020-09-11";"2020-12-01";"";"";"";"Cologne";"active";1000;"2020-09-14"
13895;"energy";"electricity";2200;2388;"2020-04-17";"2020-09-01";"";"";"";"Regensburg";"indelivery";1000;"2020-04-18"
13896;"energy";"electricity";2400;2416;"2019-05-12";"2019-07-01";"";"";"";"Frankfurt";"indelivery";1001;"2020-07-27"
13897;"energy";"electricity";2200;2127;"2020-03-13";"2020-05-01";"";"";"";"Münster";"indelivery";1002;"2020-09-09"
13898;"energy";"electricity";2600;2482;"2020-05-20";"2020-06-01";"";"";"";"Berlin";"indelivery";1001;"2020-08-26"
13899;"energy";"electricity";2900;2779;"2019-01-23";"2019-10-01";"";"";"";"Lübeck";"indelivery";1000;"2019-06-13"
13900;"energy";"electricity";2000;2123;"2020-03-05";"2020-04-01";"";"";"";"Hofeck";"indelivery";1002;"2020-04-27"
13901;"energy";"electricity";2400;2253;"2018-06-06";"2018-10-01";"";"";"";"Cologne";"indelivery";1000;"2020-03-30"
13902;"energy";"electricity";2600;2748;"2020-07-28";"2020-11-01";"";"";"";"Hamburg";"active";1002;"2020-09-10"
13903;"energy";"electricity";2500;2561;"2019-02-20";"2019-04-01";"";"";"";"Dresden";"indelivery";1002;"2019-11-14"
13904;"energy";"electricity";1900;1943;"2018-01-21";"2018-08-01";"";"";"";"Hamburg";"indelivery";1000;"2020-09-04"
13905;"energy";"electricity";2100;1978;"2019-02-14";"2019-04-01";"";"";"";"Jena";"indelivery";1001;"2020-04-29"
13906;"energy";"electricity";2000;"";"2019-12-04";"2020-02-01";"2020-02-01";"2020-06-02";"Wiederruf";"Frankfurt";"terminated";1001;"2020-06-02"
13907;"energy";"gas";9500;9345;"2018-06-08";"2018-07-01";"";"";"";"Hannover";"indelivery";2001;"2020-04-24"
13908;"energy";"electricity";3000;3151;"2020-09-01";"2020-10-01";"";"";"";"Marienberg";"indelivery";1000;"2020-09-20"
13909;"energy";"electricity";2200;2092;"2018-12-16";"2019-07-01";"";"";"";"Erfurt";"indelivery";1000;"2020-08-05"
13910;"energy";"electricity";2000;1956;"2019-05-15";"2019-08-01";"";"";"";"Augsburg";"indelivery";1001;"2019-05-21"
13911;"energy";"electricity";2500;2412;"2019-07-11";"2019-08-01";"2020-08-31";"2020-08-03";"fristgerecht durch LichtBlick";"Duisburg";"terminated";1001;"2019-08-26"
13912;"energy";"electricity";2100;1994;"2020-01-02";"2020-06-01";"";"";"";"Berlin";"indelivery";1001;"2020-08-31"
13913;"energy";"electricity";2500;2402;"2019-08-20";"2020-03-01";"";"";"";"Mannheim";"indelivery";1001;"2020-08-06"
13914;"energy";"electricity";2200;2145;"2020-03-24";"2020-05-01";"";"";"";"Karlsruhe";"indelivery";1001;"2020-06-20"
13915;"energy";"electricity";2100;2267;"2020-08-29";"2020-12-01";"";"";"";"Magdeburg";"active";1002;"2020-09-26"
13916;"energy";"electricity";2100;2272;"2019-07-03";"2019-10-01";"";"";"";"Munich";"indelivery";1002;"2020-02-12"
13917;"energy";"gas";10100;10902;"2019-03-06";"2019-05-01";"";"";"";"Lübeck";"indelivery";2000;"2019-04-25"
13918;"energy";"electricity";2900;3089;"2020-01-28";"2020-08-01";"";"";"";"Mainz";"indelivery";1000;"2020-06-03"
13919;"energy";"gas";7700;7812;"2018-07-26";"2018-11-01";"";"";"";"Berlin";"indelivery";2001;"2019-07-11"
13920;"energy";"electricity";2300;2482;"2019-07-16";"2020-06-01";"";"";"";"Berlin";"indelivery";1000;"2019-09-21"
13921;"energy";"electricity";2400;2423;"2018-10-28";"2018-11-01";"2020-09-30";"2020-08-25";"fristgerecht durch Kunde";"Oldenburg";"terminated";1001;"2020-07-05"
13922;"energy";"electricity";2700;2833;"2020-07-03";"2020-10-01";"";"";"";"Berlin";"indelivery";1001;"2020-09-28"
13923;"energy";"electricity";2800;2989;"2018-10-16";"2019-08-01";"";"";"";"Cologne";"indelivery";1001;"2019-12-30"
13924;"energy";"gas";9500;9858;"2019-01-11";"2019-02-01";"2020-03-31";"2020-03-03";"fristgerecht durch LichtBlick";"Hamburg";"terminated";2000;"2019-02-05"
13925;"energy";"electricity";2300;2388;"2018-08-20";"2018-10-01";"";"";"";"Wiesbaden";"indelivery";1001;"2020-08-07"
13926;"energy";"electricity";2400;2388;"2019-08-08";"2020-08-01";"";"";"";"Hamburg";"indelivery";1000;"2020-03-14"
13927;"energy";"electricity";2800;2802;"2019-04-17";"2019-06-01";"2020-09-30";"2020-09-01";"Umzug";"Essen";"terminated";1001;"2019-05-24"
13928;"energy";"electricity";2800;2851;"2019-06-19";"2020-01-01";"2020-03-31";"2020-03-02";"fristgerecht durch LichtBlick";"Münster";"terminated";1001;"2019-07-26"
13929;"energy";"gas";9700;"";"2018-08-22";"2018-10-01";"";"";"";"Saarbrücken";"indelivery";2000;"2018-09-11"
13930;"energy";"electricity";2800;2978;"2019-04-20";"2019-09-01";"";"";"";"Schwerin";"indelivery";1001;"2020-01-06"
13931;"energy";"electricity";3000;2928;"2018-10-25";"2018-12-01";"";"";"";"Wilhelmshaven";"indelivery";1002;"2019-10-24"
13932;"energy";"electricity";2100;2107;"2020-08-07";"2021-03-01";"";"";"";"Schwerin";"active";1001;"2020-09-08"
13933;"energy";"electricity";2200;2353;"2020-05-20";"2021-04-01";"";"";"";"Hamburg";"active";1002;"2020-07-30"
13934;"energy";"electricity";2700;2603;"2018-05-26";"2018-06-01";"";"";"";"Munich";"indelivery";1001;"2019-02-21"
13935;"energy";"electricity";2300;2390;"2018-09-15";"2018-11-01";"2018-11-01";"2019-01-03";"Wiederruf";"Munich";"terminated";1001;"2019-01-03"
13936;"energy";"gas";9900;9755;"2019-10-14";"2020-01-01";"";"";"";"Freyung";"indelivery";2000;"2020-03-06"
13937;"energy";"electricity";2900;3112;"2018-09-05";"2018-11-01";"";"";"";"Berlin";"indelivery";1000;"2020-07-20"
13938;"energy";"electricity";2700;2708;"2018-07-17";"2018-10-01";"2019-06-30";"2019-06-02";"fristgerecht durch Kunde";"Göttingen";"terminated";1000;"2019-02-07"
13939;"energy";"electricity";2100;2045;"2018-05-07";"2018-07-01";"2019-02-28";"2019-01-30";"Umzug";"Hamburg";"terminated";1001;"2018-11-15"
13940;"energy";"electricity";2500;2431;"2020-07-01";"2020-08-01";"";"";"";"Stuttgart";"indelivery";1002;"2020-07-31"
13941;"energy";"electricity";1900;1959;"2018-03-09";"2018-06-01";"";"";"";"Cologne";"indelivery";1002;"2018-05-26"
13942;"energy";"electricity";2100;1984;"2019-12-12";"2020-03-01";"";"";"";"Munich";"indelivery";1001;"2020-03-25"
13943;"energy";"electricity";2800;2668;"2019-03-26";"2019-10-01";"";"";"";"Essen";"indelivery";1002;"2019-11-16"
13944;"energy";"electricity";2700;2798;"2019-12-29";"2020-02-01";"";"";"";"Berlin";"indelivery";1002;"2020-03-28"
13945;"energy";"electricity";2500;2626;"2019-08-07";"2019-10-01";"2020-05-31";"2020-04-30";"Umzug";"Berlin";"terminated";1002;"2020-04-30"
13946;"energy";"electricity";2000;1895;"2018-07-06";"2019-03-01";"";"";"";"Stuttgart";"indelivery";1000;"2020-01-02"
13947;"energy";"electricity";2300;2158;"2018-12-29";"2019-03-01";"";"";"";"Berlin";"indelivery";1001;"2019-09-29"
13948;"energy";"electricity";2900;2788;"2020-08-16";"2020-09-01";"";"";"";"Bielefeld";"indelivery";1000;"2020-09-01"
13949;"energy";"electricity";2400;2585;"2019-02-28";"2019-04-01";"";"";"";"Saarbrücken";"indelivery";1000;"2020-03-19"
13950;"energy";"electricity";2800;2832;"2020-06-07";"2020-08-01";"";"";"";"Berlin";"indelivery";1000;"2020-08-05"
13951;"energy";"electricity";2800;2744;"2019-07-28";"2019-09-01";"";"";"";"Berlin";"indelivery";1002;"2020-09-04"
13952;"energy";"electricity";2000;2182;"2018-12-10";"2019-01-01";"";"";"";"Berlin";"indelivery";1001;"2019-12-02"
13953;"energy";"gas";9900;10035;"2020-06-07";"2020-11-01";"";"";"";"Marienberg";"active";2001;"2020-06-29"
13954;"energy";"electricity";2800;"";"2018-11-24";"2019-09-01";"2020-08-31";"2020-08-01";"fristgerecht durch LichtBlick";"Rostock";"terminated";1000;"2019-06-09"
13955;"energy";"electricity";2900;2785;"2018-05-09";"2018-06-01";"2019-07-31";"2019-06-26";"fristgerecht durch LichtBlick";"Berlin";"terminated";1002;"2018-08-09"
13956;"energy";"electricity";2400;2415;"2018-06-16";"2018-09-01";"";"";"";"Hamburg";"indelivery";1001;"2019-08-14"
13957;"energy";"electricity";2200;2238;"2019-11-15";"2020-06-01";"";"";"";"Kassel";"indelivery";1000;"2020-05-06"
13958;"energy";"electricity";2200;2314;"2020-04-22";"2020-11-01";"";"";"";"Dresden";"active";1001;"2020-08-04"
13959;"energy";"electricity";2500;2519;"2018-10-28";"2018-11-01";"";"";"";"Bremerhaven";"indelivery";1001;"2019-04-04"
13960;"energy";"gas";8500;9001;"2019-09-21";"2019-11-01";"";"";"";"Bonn";"indelivery";2001;"2020-07-07"
13961;"energy";"gas";9700;9905;"2020-09-07";"2021-05-01";"";"";"";"Berlin";"active";2000;"2020-09-24"
13962;"energy";"electricity";2600;2674;"2018-12-23";"2019-08-01";"";"";"";"Ulm";"indelivery";1002;"2019-01-13"
13963;"energy";"electricity";3000;2954;"2020-03-31";"2020-08-01";"";"";"";"Bremerhaven";"indelivery";1000;"2020-08-21"
13964;"energy";"electricity";2700;2615;"2018-05-17";"2018-08-01";"2018-09-30";"2018-09-01";"fristgerecht durch LichtBlick";"Berlin";"terminated";1000;"2018-09-01"
13965;"energy";"gas";9800;9736;"2020-01-30";"2020-12-01";"";"";"";"Hamburg";"active";2001;"2020-08-12"
13966;"energy";"gas";10900;11583;"2020-02-16";"2020-05-01";"";"";"";"Jena";"indelivery";2000;"2020-02-26"
13967;"energy";"electricity";3000;2898;"2019-09-08";"2020-01-01";"";"";"";"Münster";"indelivery";1002;"2020-04-20"
13968;"energy";"electricity";2000;1986;"2019-10-01";"2020-08-01";"";"";"";"Essen";"indelivery";1000;"2020-08-05"
13969;"energy";"electricity";2100;2221;"2018-09-21";"2018-10-01";"";"";"";"Karlsruhe";"indelivery";1000;"2020-05-08"
13970;"energy";"electricity";2300;2394;"2020-09-30";"2020-12-01";"";"";"";"Koblenz";"active";1001;"2020-09-30"
13971;"energy";"electricity";2000;"";"2019-10-17";"2020-04-01";"";"";"";"Wiesbaden";"indelivery";1001;"2019-10-24"
13972;"energy";"electricity";2100;2228;"2019-07-04";"2019-12-01";"";"";"";"Braunschweig";"indelivery";1002;"2020-07-23"
13973;"energy";"electricity";2500;2446;"2018-08-07";"2018-09-01";"2018-11-30";"2018-11-01";"fristgerecht durch LichtBlick";"Wuppertal";"terminated";1000;"2018-11-01"
13974;"energy";"electricity";2900;2763;"2018-11-25";"2019-01-01";"";"";"";"Bremen";"indelivery";1002;"2020-02-19"
13975;"energy";"gas";11900;12683;"2018-08-15";"2018-10-01";"2019-04-30";"2019-03-27";"fristgerecht durch Kunde";"Bonn";"terminated";2000;"2018-12-14"
13976;"energy";"electricity";2700;"";"2019-10-20";"2020-04-01";"";"";"";"Essen";"indelivery";1000;"2020-02-01"
13977;"energy";"electricity";3100;3093;"2019-02-11";"2020-01-01";"";"";"";"Burg";"indelivery";1002;"2020-07-12"
13978;"energy";"electricity";2600;2634;"2020-06-17";"2020-08-01";"";"";"";"Heidelberg";"indelivery";1000;"2020-09-20"
13979;"energy";"electricity";2200;2192;"2018-02-21";"2018-04-01";"2018-04-01";"2020-10-31";"Wiederruf";"Berlin";"terminated";1001;"2018-06-02"
13980;"energy";"electricity";2500;"";"2020-04-30";"2020-06-01";"2020-11-30";"2020-11-02";"fristgerecht durch Kunde";"Bielefeld";"cancelled";1001;"2020-09-15"
13981;"energy";"gas";9200;9231;"2018-12-03";"2019-04-01";"2019-04-01";"2019-08-03";"Wiederruf";"Hannover";"terminated";2001;"2019-08-03"
13982;"energy";"gas";10100;10493;"2018-11-05";"2018-12-01";"2020-03-31";"2020-03-02";"Umzug";"Mannheim";"terminated";2001;"2019-08-10"
13983;"energy";"electricity";2500;2377;"2018-04-25";"2018-09-01";"";"";"";"Würzburg";"indelivery";1002;"2020-01-06"
13984;"energy";"electricity";2800;2952;"2018-12-24";"2020-04-01";"2020-10-31";"2020-09-30";"fristgerecht durch Kunde";"Essen";"cancelled";1002;"2019-10-15"
13985;"energy";"gas";9500;9002;"2020-06-16";"2020-07-01";"";"";"";"Emden";"indelivery";2001;"2020-07-25"
13986;"energy";"electricity";2000;1908;"2018-10-06";"2019-01-01";"";"";"";"Frankfurt";"indelivery";1002;"2019-07-30"
13987;"energy";"electricity";2500;2564;"2020-08-10";"2021-02-01";"";"";"";"Marienberg";"active";1002;"2020-09-23"
13988;"energy";"electricity";2600;2554;"2019-08-12";"2019-09-01";"";"";"";"Duisburg";"indelivery";1002;"2020-03-20"
13989;"energy";"electricity";2100;2198;"2018-05-18";"2018-10-01";"";"";"";"Hamburg";"indelivery";1000;"2019-08-24"
13990;"energy";"electricity";2600;2582;"2019-08-30";"2020-02-01";"";"";"";"Hamburg";"indelivery";1001;"2020-01-22"
13991;"energy";"electricity";2900;3000;"2018-05-16";"2018-11-01";"2020-12-31";"2020-12-01";"fristgerecht durch Kunde";"Calw";"cancelled";1000;"2020-02-14"
13992;"energy";"electricity";2600;2574;"2018-10-21";"2019-04-01";"2019-04-01";"2019-06-24";"Wiederruf";"Duisburg";"terminated";1001;"2018-10-24"
13993;"energy";"electricity";2600;2604;"2019-09-15";"2019-10-01";"2019-10-01";"2020-09-01";"Wiederruf";"Düsseldorf";"terminated";1001;"2019-12-06"
13994;"energy";"gas";9700;9963;"2020-01-25";"2020-02-01";"";"";"";"Hamburg";"indelivery";2000;"2020-05-14"
13995;"energy";"gas";10900;10513;"2019-07-31";"2019-08-01";"2020-12-31";"2020-12-02";"Umzug";"Berlin";"cancelled";2001;"2020-07-15"
13996;"energy";"electricity";2100;2095;"2018-02-26";"2018-03-01";"";"";"";"Cologne";"indelivery";1001;"2019-06-07"
13997;"energy";"electricity";2900;3156;"2020-02-25";"2020-05-01";"";"";"";"Bielefeld";"indelivery";1002;"2020-08-17"
13998;"energy";"electricity";2500;2534;"2018-11-19";"2018-12-01";"";"";"";"Rosenheim";"indelivery";1002;"2020-01-15"
13999;"energy";"electricity";2600;2470;"2020-03-31";"2020-05-01";"";"";"";"Frankfurt";"indelivery";1001;"2020-06-10"
14000;"energy";"electricity";2100;2121;"2019-11-20";"2020-08-01";"";"";"";"Dortmund";"indelivery";1001;"2020-05-28"
14001;"energy";"electricity";2100;1993;"2019-12-21";"2020-05-01";"";"";"";"Jena";"indelivery";1002;"2020-07-21"
14002;"energy";"electricity";2500;2422;"2018-10-27";"2018-12-01";"";"";"";"Münster";"indelivery";1001;"2019-08-14"
14003;"energy";"electricity";2800;2826;"2019-06-05";"2019-08-01";"";"";"";"Karlsruhe";"indelivery";1002;"2020-03-19"
14004;"energy";"electricity";2000;2028;"2019-08-23";"2019-11-01";"";"";"";"Cologne";"indelivery";1000;"2019-12-14"
14005;"energy";"electricity";2100;"";"2018-01-05";"2018-06-01";"2019-12-31";"2019-12-02";"Umzug";"Magdeburg";"terminated";1000;"2019-12-02"
14006;"energy";"electricity";2000;2012;"2020-02-22";"2020-05-01";"";"";"";"Gießen";"indelivery";1001;"2020-05-14"
14007;"energy";"electricity";2200;2168;"2018-05-02";"2018-10-01";"";"";"";"Essen";"indelivery";1001;"2018-09-01"
14008;"energy";"electricity";2100;2242;"2020-07-31";"2020-10-01";"";"";"";"Osnabrück";"indelivery";1002;"2020-08-25"
14009;"energy";"electricity";2100;"";"2019-08-26";"2020-03-01";"";"";"";"Saarbrücken";"indelivery";1001;"2020-06-05"
14010;"energy";"electricity";3000;3120;"2018-09-19";"2018-11-01";"2019-06-30";"2019-05-31";"Umzug";"Hannover";"terminated";1001;"2019-05-31"
14011;"energy";"gas";10300;10732;"2018-06-10";"2018-07-01";"2019-04-30";"2019-04-01";"Umzug";"Dresden";"terminated";2000;"2019-02-27"
14012;"energy";"electricity";2400;2349;"2020-05-08";"2020-07-01";"";"";"";"Marienberg";"indelivery";1001;"2020-08-17"
14013;"energy";"electricity";2600;2654;"2020-02-16";"2020-05-01";"";"";"";"Munich";"indelivery";1002;"2020-07-07"
14014;"energy";"electricity";2500;2565;"2020-01-19";"2020-03-01";"";"";"";"Munich";"indelivery";1000;"2020-06-16"
14015;"energy";"electricity";2300;2266;"2020-07-29";"2020-08-01";"";"";"";"Berlin";"indelivery";1001;"2020-09-28"
14016;"energy";"electricity";2600;2537;"2019-06-07";"2019-09-01";"";"";"";"Hannover";"indelivery";1000;"2020-05-19"
14017;"energy";"electricity";2900;2771;"2020-01-03";"2020-07-01";"";"";"";"Essen";"indelivery";1002;"2020-09-19"
14018;"energy";"electricity";2200;2102;"2018-05-13";"2018-07-01";"2020-02-29";"2020-01-15";"fristgerecht durch Kunde";"Vechta";"terminated";1002;"2020-01-15"
14019;"energy";"electricity";2100;2237;"2019-02-12";"2019-03-01";"";"";"";"Wiesbaden";"indelivery";1002;"2020-02-14"
14020;"energy";"electricity";2800;2818;"2018-01-22";"2018-02-01";"";"";"";"Berlin";"indelivery";1002;"2020-08-18"
14021;"energy";"electricity";2600;2684;"2018-01-06";"2018-03-01";"2018-03-01";"2019-01-31";"Wiederruf";"Bielefeld";"terminated";1002;"2019-01-05"
14022;"energy";"electricity";2700;"";"2019-12-16";"2020-06-01";"2020-11-30";"2020-10-29";"fristgerecht durch Kunde";"Berlin";"cancelled";1002;"2020-07-04"
14023;"energy";"electricity";2700;"";"2019-08-02";"2019-11-01";"2020-11-30";"2020-10-28";"fristgerecht durch LichtBlick";"Essen";"cancelled";1002;"2019-09-08"
14024;"energy";"gas";8500;9107;"2019-07-06";"2019-08-01";"";"";"";"Berlin";"indelivery";2001;"2019-07-21"
14025;"energy";"gas";8700;8669;"2018-08-12";"2019-01-01";"2020-04-30";"2020-03-30";"fristgerecht durch Kunde";"Limburg";"terminated";2000;"2020-03-30"
14026;"energy";"gas";10400;10799;"2020-08-31";"2020-10-01";"";"";"";"Altchemnitz";"indelivery";2000;"2020-09-24"
14027;"energy";"electricity";2700;2828;"2019-05-28";"2019-12-01";"";"";"";"Berlin";"indelivery";1002;"2020-08-28"
14028;"energy";"electricity";2200;2328;"2020-09-11";"2021-03-01";"";"";"";"Munich";"active";1002;"2020-09-19"
14029;"energy";"electricity";2700;2806;"2020-05-17";"2021-03-01";"";"";"";"Berlin";"active";1001;"2020-08-17"
14030;"energy";"electricity";2000;2006;"2019-09-24";"2019-11-01";"";"";"";"Dortmund";"indelivery";1001;"2019-10-15"
14031;"energy";"electricity";2400;2526;"2018-10-06";"2018-11-01";"";"";"";"Dresden";"indelivery";1001;"2020-09-19"
14032;"energy";"electricity";2800;2753;"2018-05-10";"2018-10-01";"";"";"";"Frankfurt";"indelivery";1000;"2020-06-30"
14033;"energy";"electricity";2800;2667;"2018-01-19";"2018-03-01";"";"";"";"Frankfurt";"indelivery";1002;"2018-12-15"
14034;"energy";"electricity";2700;2694;"2019-11-28";"2019-12-01";"2020-02-29";"2020-01-28";"fristgerecht durch LichtBlick";"Kusel";"terminated";1002;"2020-01-28"
14035;"energy";"gas";11400;11649;"2020-06-13";"2020-08-01";"";"";"";"Saarbrücken";"indelivery";2001;"2020-08-05"
14036;"energy";"gas";9200;9611;"2018-03-29";"2018-11-01";"2019-10-31";"2019-10-03";"fristgerecht durch Kunde";"Leipzig";"terminated";2000;"2019-10-03"
14037;"energy";"gas";10600;10912;"2020-03-27";"2021-01-01";"";"";"";"Munich";"active";2000;"2020-06-27"
14038;"energy";"electricity";2600;2754;"2019-04-17";"2019-10-01";"";"";"";"Saarbrücken";"indelivery";1002;"2019-09-10"
14039;"energy";"electricity";2600;2744;"2020-04-11";"2020-07-01";"2020-12-31";"2020-11-28";"fristgerecht durch LichtBlick";"Cologne";"cancelled";1002;"2020-08-30"
14040;"energy";"electricity";2200;2235;"2019-11-30";"2020-02-01";"2020-06-30";"2020-05-28";"fristgerecht durch Kunde";"Karlsruhe";"terminated";1002;"2020-05-28"
14041;"energy";"electricity";2600;2791;"2020-05-17";"2020-11-01";"";"";"";"Altchemnitz";"active";1000;"2020-06-23"
14042;"energy";"electricity";2200;2295;"2019-12-12";"2020-05-01";"";"";"";"Bremen";"indelivery";1000;"2020-07-01"
14043;"energy";"electricity";1900;2015;"2020-04-25";"2020-08-01";"";"";"";"Munich";"indelivery";1000;"2020-07-06"
14044;"energy";"electricity";2800;2776;"2018-08-11";"2019-01-01";"";"";"";"Hamburg";"indelivery";1000;"2020-03-05"
14045;"energy";"electricity";2700;2612;"2019-09-22";"2019-12-01";"";"";"";"Dresden";"indelivery";1001;"2020-04-26"
14046;"energy";"electricity";2400;2571;"2018-12-21";"2019-04-01";"";"";"";"Wuppertal";"indelivery";1000;"2019-11-14"
14047;"energy";"electricity";2200;2328;"2018-04-29";"2018-05-01";"";"";"";"Mannheim";"indelivery";1000;"2020-04-04"
14048;"energy";"electricity";2200;"";"2018-11-04";"2019-05-01";"";"";"";"Kassel";"indelivery";1002;"2019-06-17"
14049;"energy";"gas";11900;11294;"2020-06-07";"2020-08-01";"";"";"";"Ingolstadt";"indelivery";2001;"2020-09-26"
14050;"energy";"electricity";2300;"";"2019-09-05";"2020-04-01";"2020-12-31";"2020-11-27";"fristgerecht durch LichtBlick";"Bielefeld";"cancelled";1000;"2019-09-09"
14051;"energy";"electricity";3000;2887;"2019-07-25";"2020-01-01";"";"";"";"Dortmund";"indelivery";1002;"2019-09-07"
14052;"energy";"electricity";2200;2326;"2020-08-03";"2021-04-01";"";"";"";"Münster";"active";1000;"2020-09-19"
14053;"energy";"electricity";2200;2366;"2019-10-31";"2020-02-01";"";"";"";"Homburg";"indelivery";1002;"2019-11-05"
14054;"energy";"electricity";2400;2544;"2018-08-19";"2018-11-01";"2019-12-31";"2019-12-02";"fristgerecht durch LichtBlick";"Frankfurt";"terminated";1000;"2019-12-02"
14055;"energy";"electricity";2300;2401;"2018-11-27";"2019-01-01";"2019-01-01";"2019-01-26";"Wiederruf";"Cologne";"terminated";1001;"2019-01-26"
14056;"energy";"electricity";2700;2637;"2019-09-19";"2019-11-01";"2020-02-29";"2020-01-31";"fristgerecht durch Kunde";"Dortmund";"terminated";1000;"2020-01-31"
14057;"energy";"electricity";2200;2188;"2019-07-02";"2019-08-01";"";"";"";"Wiesbaden";"indelivery";1001;"2019-09-04"
14058;"energy";"electricity";2200;2235;"2019-10-31";"2019-12-01";"2020-12-31";"2020-11-30";"fristgerecht durch Kunde";"Saarbrücken";"cancelled";1001;"2020-06-07"
14059;"energy";"electricity";2200;"";"2018-03-22";"2018-09-01";"";"";"";"Hamburg";"indelivery";1002;"2020-01-07"
14060;"energy";"electricity";2600;2567;"2020-07-28";"2020-08-01";"";"";"";"Mannheim";"indelivery";1000;"2020-09-30"
14061;"energy";"electricity";2500;2506;"2020-04-01";"2020-07-01";"";"";"";"Heidelberg";"indelivery";1000;"2020-08-16"
14062;"energy";"gas";11700;"";"2018-05-27";"2018-06-01";"";"";"";"Berlin";"indelivery";2001;"2019-10-30"
14063;"energy";"gas";10600;11153;"2020-07-26";"2021-02-01";"";"";"";"Hofeck";"active";2001;"2020-07-30"
14064;"energy";"electricity";2400;2388;"2019-12-15";"2020-02-01";"";"";"";"Münster";"indelivery";1002;"2020-09-22"
14065;"energy";"electricity";2200;2371;"2018-12-05";"2019-04-01";"";"";"";"Kiel";"indelivery";1002;"2019-11-09"
14066;"energy";"electricity";2700;2604;"2020-07-09";"2020-09-01";"";"";"";"Berlin";"indelivery";1002;"2020-07-10"
14067;"energy";"electricity";2900;3055;"2020-08-02";"2021-03-01";"";"";"";"Cologne";"active";1000;"2020-09-24"
14068;"energy";"electricity";2200;2229;"2020-04-22";"2020-07-01";"";"";"";"Leipzig";"indelivery";1002;"2020-06-27"
14069;"energy";"electricity";2300;2487;"2019-09-08";"2019-12-01";"";"";"";"Hamburg";"indelivery";1002;"2019-11-14"
14070;"energy";"electricity";2100;2168;"2018-06-28";"2018-09-01";"2019-08-31";"2019-08-02";"Umzug";"Berlin";"terminated";1000;"2018-08-12"
14071;"energy";"gas";8700;8513;"2018-07-25";"2018-09-01";"";"";"";"Stuttgart";"indelivery";2000;"2019-05-01"
14072;"energy";"electricity";2400;2547;"2019-10-20";"2019-11-01";"";"";"";"Bremen";"indelivery";1001;"2020-02-03"
14073;"energy";"electricity";2700;2734;"2020-05-06";"2020-06-01";"";"";"";"Mannheim";"indelivery";1002;"2020-05-18"
14074;"energy";"electricity";2200;2349;"2020-02-21";"2020-04-01";"";"";"";"Münster";"indelivery";1001;"2020-08-06"
14075;"energy";"electricity";2300;2271;"2020-06-29";"2020-08-01";"";"";"";"Bielefeld";"indelivery";1001;"2020-07-14"
14076;"energy";"electricity";2300;2293;"2018-04-09";"2018-09-01";"2019-02-28";"2019-01-26";"fristgerecht durch Kunde";"Wiesbaden";"terminated";1000;"2019-01-26"
14077;"energy";"electricity";2300;2363;"2018-08-06";"2018-09-01";"2019-06-30";"2019-05-25";"fristgerecht durch LichtBlick";"Frankfurt";"terminated";1001;"2019-05-25"
14078;"energy";"gas";11100;10734;"2018-07-31";"2018-10-01";"";"";"";"Berlin";"indelivery";2000;"2020-08-20"
14079;"energy";"electricity";2100;2130;"2018-02-07";"2018-08-01";"";"";"";"Unna";"indelivery";1001;"2018-06-01"
14080;"energy";"electricity";2000;1934;"2020-04-11";"2021-01-01";"";"";"";"Hamburg";"active";1002;"2020-05-21"
14081;"energy";"electricity";3000;"";"2019-11-09";"2020-01-01";"";"";"";"Mannheim";"indelivery";1002;"2020-06-27"
14082;"energy";"electricity";2300;2233;"2019-01-07";"2019-02-01";"";"";"";"Berlin";"indelivery";1001;"2020-02-03"
14083;"energy";"electricity";2400;2277;"2019-03-25";"2019-05-01";"";"";"";"Hannover";"indelivery";1002;"2020-08-19"
14084;"energy";"electricity";2800;2936;"2018-07-11";"2018-11-01";"2019-02-28";"2019-01-30";"fristgerecht durch Kunde";"Hamburg";"terminated";1000;"2019-01-30"
14085;"energy";"electricity";2700;2881;"2020-01-26";"2020-05-01";"2020-12-31";"2020-11-30";"fristgerecht durch Kunde";"Augsburg";"cancelled";1002;"2020-05-07"
14086;"energy";"electricity";2600;2747;"2018-08-19";"2019-01-01";"2020-10-31";"2020-10-03";"Umzug";"Hannover";"cancelled";1000;"2020-09-18"
14087;"energy";"electricity";2800;2696;"2018-01-20";"2018-03-01";"";"";"";"Dachau";"indelivery";1000;"2019-10-09"
14088;"energy";"electricity";2500;2555;"2019-04-08";"2019-09-01";"";"";"";"Gera";"indelivery";1002;"2020-03-25"
14089;"energy";"electricity";2600;2612;"2019-10-03";"2019-12-01";"2020-04-30";"2020-04-01";"fristgerecht durch Kunde";"Cologne";"terminated";1002;"2020-01-04"
14090;"energy";"electricity";2000;2023;"2018-12-07";"2019-02-01";"";"";"";"Munich";"indelivery";1000;"2020-06-11"
14091;"energy";"electricity";2900;2850;"2018-04-07";"2018-06-01";"";"";"";"Regensburg";"indelivery";1002;"2020-03-29"
14092;"energy";"electricity";2300;2378;"2020-07-08";"2020-10-01";"";"";"";"Düsseldorf";"indelivery";1002;"2020-08-07"
14093;"energy";"electricity";2200;2232;"2018-02-12";"2018-06-01";"";"";"";"Essen";"indelivery";1002;"2020-05-20"
14094;"energy";"electricity";2800;2926;"2019-12-11";"2020-06-01";"";"";"";"Marienberg";"indelivery";1002;"2020-04-06"
14095;"energy";"electricity";2200;2178;"2019-12-22";"2020-06-01";"";"";"";"Munich";"indelivery";1001;"2020-02-08"
14096;"energy";"electricity";2600;"";"2019-05-29";"2019-11-01";"";"";"";"Emmendingen";"indelivery";1000;"2019-06-28"
14097;"energy";"electricity";3000;3071;"2019-03-11";"2019-05-01";"";"";"";"Ingolstadt";"indelivery";1001;"2019-11-08"
14098;"energy";"electricity";2600;2777;"2019-11-17";"2020-04-01";"";"";"";"Dresden";"indelivery";1001;"2020-04-05"
14099;"energy";"gas";9500;9113;"2020-02-23";"2020-04-01";"2020-07-31";"2020-06-29";"Umzug";"Stralsund";"terminated";2001;"2020-06-29"
14100;"energy";"electricity";2000;2031;"2019-01-18";"2019-04-01";"";"";"";"Berlin";"indelivery";1002;"2020-07-04"
14101;"energy";"gas";8000;8248;"2018-11-11";"2019-05-01";"";"";"";"Ulm";"indelivery";2001;"2020-03-27"
14102;"energy";"gas";10300;10493;"2019-11-20";"2019-12-01";"";"";"";"Wiesbaden";"indelivery";2001;"2020-06-19"
14103;"energy";"electricity";2200;2339;"2019-10-19";"2019-11-01";"";"";"";"Münster";"indelivery";1002;"2019-12-22"
14104;"energy";"gas";8700;9374;"2018-07-28";"2019-04-01";"";"";"";"Bonn";"indelivery";2001;"2019-07-25"
14105;"energy";"electricity";2400;2423;"2018-08-14";"2018-10-01";"";"";"";"Stuttgart";"indelivery";1000;"2020-05-08"
14106;"energy";"electricity";2200;"";"2019-02-24";"2019-04-01";"2020-09-30";"2020-08-30";"Umzug";"Mannheim";"terminated";1002;"2020-03-16"
14107;"energy";"gas";7900;7888;"2019-02-11";"2019-05-01";"2020-06-30";"2020-06-01";"fristgerecht durch Kunde";"Hamburg";"terminated";2001;"2019-03-15"
14108;"energy";"electricity";2800;2686;"2019-05-18";"2019-10-01";"";"";"";"Hamburg";"indelivery";1002;"2019-12-14"
14109;"energy";"electricity";2800;2794;"2020-03-05";"2020-07-01";"";"";"";"Cologne";"indelivery";1001;"2020-03-16"
14110;"energy";"gas";11200;11468;"2018-03-10";"2018-06-01";"2018-10-31";"2018-09-28";"Umzug";"Berlin";"terminated";2001;"2018-09-28"
14111;"energy";"electricity";2400;2585;"2019-06-25";"2020-02-01";"";"";"";"Hamburg";"indelivery";1002;"2019-10-29"
14112;"energy";"electricity";2400;2349;"2019-02-05";"2019-03-01";"";"";"";"Cologne";"indelivery";1002;"2020-05-04"
14113;"energy";"electricity";2600;2636;"2018-06-06";"2018-10-01";"";"";"";"Düsseldorf";"indelivery";1001;"2019-12-05"
14114;"energy";"electricity";2900;"";"2018-10-13";"2019-01-01";"2019-10-31";"2019-09-29";"fristgerecht durch LichtBlick";"Hamburg";"terminated";1000;"2018-10-18"
14115;"energy";"electricity";2000;2046;"2020-01-25";"2020-06-01";"";"";"";"Frankfurt";"indelivery";1002;"2020-08-27"
14116;"energy";"electricity";2000;"";"2018-11-04";"2019-01-01";"";"";"";"Rostock";"indelivery";1002;"2019-02-10"
14117;"energy";"electricity";2700;2625;"2019-08-21";"2020-04-01";"";"";"";"Kassel";"indelivery";1000;"2020-03-18"
14118;"energy";"electricity";2100;2218;"2019-07-04";"2019-11-01";"";"";"";"Hamburg";"indelivery";1000;"2019-09-13"
14119;"energy";"electricity";2500;2498;"2018-03-22";"2018-08-01";"";"";"";"Wiesbaden";"indelivery";1000;"2020-01-13"
14120;"energy";"electricity";2500;2503;"2019-09-05";"2020-05-01";"";"";"";"Munich";"indelivery";1000;"2019-10-24"
14121;"energy";"electricity";2900;3036;"2019-02-05";"2019-03-01";"";"";"";"Cologne";"indelivery";1001;"2019-08-03"
14122;"energy";"electricity";2100;"";"2018-07-29";"2018-08-01";"";"";"";"Berlin";"indelivery";1000;"2018-11-13"
14123;"energy";"electricity";2600;2711;"2018-03-12";"2018-08-01";"";"";"";"Holzminden";"indelivery";1000;"2018-08-04"
14124;"energy";"electricity";2100;2114;"2020-02-21";"2020-06-01";"";"";"";"Berlin";"indelivery";1000;"2020-06-16"
14125;"energy";"electricity";2300;2488;"2020-05-20";"2021-01-01";"";"";"";"Stuttgart";"active";1002;"2020-09-29"
14126;"energy";"gas";10400;10720;"2020-03-23";"2020-08-01";"";"";"";"Dresden";"indelivery";2000;"2020-05-27"
14127;"energy";"electricity";2500;2613;"2019-03-27";"2019-04-01";"";"";"";"Hannover";"indelivery";1001;"2020-05-10"
14128;"energy";"electricity";2600;2668;"2019-06-06";"2020-05-01";"";"";"";"Stuttgart";"indelivery";1000;"2020-07-03"
14129;"energy";"electricity";2600;2593;"2019-09-12";"2019-11-01";"";"";"";"Kassel";"indelivery";1000;"2019-10-07"
14130;"energy";"electricity";2500;2641;"2018-01-09";"2018-07-01";"2020-07-31";"2020-07-02";"Umzug";"Munich";"terminated";1000;"2018-03-12"
14131;"energy";"electricity";2500;2535;"2018-07-17";"2018-08-01";"2020-01-31";"2020-01-02";"fristgerecht durch Kunde";"Bautzen";"terminated";1002;"2019-10-06"
14132;"energy";"gas";9200;9891;"2019-03-24";"2019-07-01";"";"";"";"Düsseldorf";"indelivery";2000;"2019-10-27"
14133;"energy";"electricity";2300;2416;"2020-03-07";"2020-04-01";"";"";"";"Hamburg";"indelivery";1001;"2020-08-05"
14134;"energy";"electricity";2200;2349;"2019-06-02";"2020-02-01";"";"";"";"Munich";"indelivery";1000;"2020-08-27"
14135;"energy";"electricity";2400;"";"2019-10-26";"2020-02-01";"";"";"";"Bielefeld";"indelivery";1000;"2020-01-06"
14136;"energy";"electricity";2100;2200;"2018-01-10";"2018-05-01";"2018-07-31";"2018-07-03";"fristgerecht durch Kunde";"Hannover";"terminated";1001;"2018-07-03"
14137;"energy";"electricity";2700;2632;"2018-05-08";"2018-10-01";"";"";"";"Dresden";"indelivery";1001;"2018-05-27"
14138;"energy";"electricity";2000;2172;"2020-07-12";"2021-05-01";"";"";"";"Münster";"active";1002;"2020-07-13"
14139;"energy";"electricity";2900;3032;"2019-12-31";"2020-07-01";"";"";"";"Schwerin";"indelivery";1001;"2020-06-10"
14140;"energy";"electricity";2700;2561;"2019-03-13";"2019-11-01";"2019-11-01";"2020-03-03";"Wiederruf";"Erfurt";"terminated";1002;"2019-08-07"
14141;"energy";"electricity";3000;2827;"2018-12-28";"2019-06-01";"";"";"";"Duisburg";"indelivery";1001;"2019-07-14"
14142;"energy";"electricity";2600;2717;"2018-03-13";"2018-11-01";"2020-07-31";"2020-07-03";"fristgerecht durch Kunde";"Berlin";"terminated";1001;"2020-01-19"
14143;"energy";"electricity";2900;"";"2019-08-30";"2019-11-01";"2019-11-01";"2020-03-30";"Wiederruf";"Berlin";"terminated";1001;"2020-01-17"
14144;"energy";"electricity";2100;2096;"2018-02-24";"2018-08-01";"";"";"";"Emden";"indelivery";1000;"2018-10-14"
14145;"energy";"electricity";2700;"";"2018-09-10";"2018-12-01";"";"";"";"Essen";"indelivery";1001;"2019-10-11"
14146;"energy";"electricity";2600;2585;"2020-03-15";"2020-07-01";"";"";"";"Augsburg";"indelivery";1002;"2020-06-25"
14147;"energy";"electricity";2100;2190;"2018-02-03";"2018-03-01";"";"";"";"Duisburg";"indelivery";1001;"2019-08-03"
14148;"energy";"electricity";2300;2276;"2019-05-20";"2019-06-01";"";"";"";"Cologne";"indelivery";1000;"2020-04-12"
14149;"energy";"electricity";2400;2572;"2018-04-16";"2018-07-01";"";"";"";"Munich";"indelivery";1001;"2020-08-13"
14150;"energy";"electricity";2600;2658;"2019-02-18";"2019-08-01";"";"";"";"Düsseldorf";"indelivery";1000;"2019-10-30"
14151;"energy";"gas";10500;10599;"2019-01-24";"2019-02-01";"";"";"";"Dresden";"indelivery";2000;"2019-04-20"
14152;"energy";"electricity";2600;2760;"2018-03-24";"2018-09-01";"2020-12-31";"2020-12-02";"fristgerecht durch Kunde";"Korbach";"cancelled";1000;"2018-05-06"
14153;"energy";"electricity";2700;2790;"2019-11-14";"2020-06-01";"";"";"";"Münster";"indelivery";1001;"2020-08-14"
14154;"energy";"electricity";2100;"";"2018-08-23";"2018-10-01";"";"";"";"Braunschweig";"indelivery";1000;"2019-06-03"
14155;"energy";"electricity";2200;2201;"2019-03-04";"2019-04-01";"";"";"";"Munich";"indelivery";1001;"2019-03-14"
14156;"energy";"electricity";2100;2269;"2020-08-12";"2020-10-01";"";"";"";"Wunsiedel";"indelivery";1001;"2020-09-25"
14157;"energy";"electricity";2600;2580;"2019-10-14";"2020-08-01";"";"";"";"Berlin";"indelivery";1002;"2020-01-17"
14158;"energy";"electricity";2400;2533;"2020-03-14";"2020-07-01";"";"";"";"Jena";"indelivery";1002;"2020-09-16"
14159;"energy";"gas";11100;11635;"2019-02-05";"2019-04-01";"2019-08-31";"2019-07-31";"Umzug";"Hamburg";"terminated";2000;"2019-07-31"
14160;"energy";"electricity";2400;2272;"2019-11-24";"2020-02-01";"";"";"";"Hamburg";"indelivery";1000;"2020-03-21"
14161;"energy";"electricity";2300;2233;"2019-08-27";"2019-10-01";"";"";"";"Braunschweig";"indelivery";1002;"2020-05-16"
14162;"energy";"electricity";2600;2684;"2019-06-22";"2019-08-01";"";"";"";"Dresden";"indelivery";1000;"2019-10-30"
14163;"energy";"electricity";2800;2907;"2018-11-10";"2019-05-01";"";"";"";"Lüdenscheid";"indelivery";1000;"2020-01-31"
14164;"energy";"electricity";2200;2245;"2018-07-22";"2019-07-01";"2020-10-31";"2020-09-30";"fristgerecht durch Kunde";"Hamburg";"cancelled";1002;"2020-08-31"
14165;"energy";"gas";9400;9732;"2019-05-31";"2019-08-01";"";"";"";"Dresden";"indelivery";2000;"2020-09-04"
14166;"energy";"electricity";2400;2436;"2018-06-12";"2019-01-01";"";"";"";"Berlin";"indelivery";1002;"2020-07-12"
14167;"energy";"electricity";2700;2707;"2018-10-20";"2019-03-01";"";"";"";"Marienberg";"indelivery";1000;"2018-11-24"
14168;"energy";"electricity";2500;2660;"2019-08-20";"2019-10-01";"";"";"";"Marienberg";"indelivery";1002;"2020-08-14"
14169;"energy";"electricity";2800;2619;"2018-06-21";"2018-09-01";"";"";"";"Berlin";"indelivery";1000;"2020-07-09"
14170;"energy";"electricity";2200;2161;"2020-02-14";"2020-04-01";"";"";"";"Berlin";"indelivery";1000;"2020-09-18"
14171;"energy";"electricity";3000;"";"2020-06-13";"2020-10-01";"";"";"";"Cottbus";"indelivery";1002;"2020-07-13"
14172;"energy";"electricity";2300;2254;"2019-09-13";"2020-02-01";"";"";"";"Würzburg";"indelivery";1001;"2020-09-19"
14173;"energy";"electricity";2700;2686;"2018-07-02";"2019-01-01";"";"";"";"Cologne";"indelivery";1002;"2020-02-14"
14174;"energy";"gas";11100;11069;"2020-03-03";"2020-07-01";"";"";"";"Berlin";"indelivery";2001;"2020-08-05"
14175;"energy";"electricity";2400;2450;"2020-07-16";"2021-01-01";"";"";"";"Hamburg";"active";1001;"2020-08-19"
14176;"energy";"electricity";2800;2838;"2019-09-17";"2019-12-01";"";"";"";"Berlin";"indelivery";1002;"2020-04-17"
14177;"energy";"electricity";2500;2487;"2019-05-29";"2019-07-01";"2019-07-01";"2020-01-26";"Wiederruf";"Düsseldorf";"terminated";1002;"2019-06-30"
14178;"energy";"electricity";2600;2718;"2019-05-21";"2019-09-01";"2020-05-31";"2020-05-01";"fristgerecht durch Kunde";"Frankfurt";"terminated";1001;"2019-12-01"
14179;"energy";"electricity";3000;3043;"2020-03-10";"2020-10-01";"";"";"";"Cologne";"indelivery";1002;"2020-04-06"
14180;"energy";"electricity";2700;2908;"2020-06-30";"2020-10-01";"";"";"";"Düsseldorf";"indelivery";1000;"2020-09-11"
14181;"energy";"electricity";2700;2792;"2018-08-15";"2019-02-01";"";"";"";"Erfurt";"indelivery";1002;"2019-11-26"
14182;"energy";"electricity";2900;2989;"2019-01-02";"2019-02-01";"2019-04-30";"2019-04-02";"Umzug";"Oldenburg";"terminated";1001;"2019-04-02"
14183;"energy";"electricity";2700;2915;"2019-07-19";"2019-09-01";"";"";"";"Augsburg";"indelivery";1002;"2019-11-07"
14184;"energy";"gas";8900;9332;"2020-01-17";"2020-05-01";"";"";"";"Berlin";"indelivery";2000;"2020-05-28"
14185;"energy";"electricity";2300;2334;"2019-11-18";"2020-04-01";"";"";"";"Stuttgart";"indelivery";1000;"2020-07-10"
14186;"energy";"electricity";2900;2941;"2019-10-26";"2019-11-01";"";"";"";"Berlin";"indelivery";1001;"2020-01-26"
14187;"energy";"electricity";2100;2017;"2019-12-24";"2020-08-01";"";"";"";"Berlin";"indelivery";1002;"2020-09-26"
14188;"energy";"electricity";2200;"";"2020-07-07";"2020-09-01";"";"";"";"Cologne";"indelivery";1002;"2020-09-13"
14189;"energy";"electricity";2000;"";"2019-11-06";"2020-01-01";"";"";"";"Düsseldorf";"indelivery";1000;"2020-09-11"
14190;"energy";"electricity";2200;2168;"2018-04-27";"2018-06-01";"2019-12-31";"2019-11-29";"fristgerecht durch Kunde";"Cologne";"terminated";1000;"2019-03-07"
14191;"energy";"electricity";2800;2907;"2020-01-04";"2020-02-01";"";"";"";"Dortmund";"indelivery";1002;"2020-03-07"
14192;"energy";"electricity";2000;2138;"2018-11-02";"2019-01-01";"";"";"";"Cologne";"indelivery";1000;"2019-01-11"
14193;"energy";"gas";10300;11022;"2018-04-01";"2018-11-01";"";"";"";"Bielefeld";"indelivery";2000;"2018-07-25"
14194;"energy";"gas";11400;12111;"2018-09-26";"2018-10-01";"";"";"";"Saarbrücken";"indelivery";2000;"2020-02-20"
14195;"energy";"electricity";2200;2345;"2018-11-16";"2019-04-01";"";"";"";"Kiel";"indelivery";1002;"2020-04-11"
14196;"energy";"electricity";2200;2194;"2019-03-25";"2020-02-01";"";"";"";"Hamburg";"indelivery";1002;"2019-10-29"
14197;"energy";"electricity";2700;2717;"2018-11-14";"2019-11-01";"";"";"";"Düsseldorf";"indelivery";1000;"2019-03-16"
14198;"energy";"gas";11800;11339;"2019-09-24";"2020-01-01";"";"";"";"Kassel";"indelivery";2000;"2020-07-15"
14199;"energy";"electricity";2200;2119;"2018-05-24";"2018-06-01";"";"";"";"Frankfurt";"indelivery";1002;"2020-07-07"
14200;"energy";"electricity";3000;"";"2018-08-08";"2018-10-01";"";"";"";"Bonn";"indelivery";1001;"2020-03-27"
14201;"energy";"electricity";2000;2132;"2018-03-22";"2018-04-01";"";"";"";"Berlin";"indelivery";1001;"2019-06-18"
14202;"energy";"gas";11100;10968;"2018-08-23";"2019-02-01";"";"";"";"Freiburg";"indelivery";2000;"2020-01-24"
14203;"energy";"gas";8400;8328;"2019-04-15";"2019-07-01";"";"";"";"Berlin";"indelivery";2001;"2020-01-05"
14204;"energy";"electricity";2600;"";"2018-05-06";"2018-11-01";"";"";"";"Munich";"indelivery";1000;"2020-01-01"
14205;"energy";"gas";8500;8405;"2020-04-26";"2020-08-01";"";"";"";"Leipzig";"indelivery";2000;"2020-08-29"
14206;"energy";"electricity";2600;2752;"2020-02-07";"2020-04-01";"";"";"";"Leipzig";"indelivery";1001;"2020-03-31"
14207;"energy";"electricity";2900;2885;"2019-12-29";"2020-02-01";"";"";"";"Düsseldorf";"indelivery";1001;"2020-02-26"
14208;"energy";"electricity";3000;2885;"2020-05-04";"2020-07-01";"";"";"";"Ulm";"indelivery";1002;"2020-08-17"
14209;"energy";"electricity";2900;"";"2019-04-08";"2019-08-01";"2019-12-31";"2019-11-30";"fristgerecht durch Kunde";"Dortmund";"terminated";1001;"2019-11-30"
14210;"energy";"electricity";3100;3270;"2018-04-04";"2018-07-01";"";"";"";"Lüneburg";"indelivery";1002;"2020-06-27"
14211;"energy";"electricity";2000;2029;"2018-11-21";"2019-05-01";"";"";"";"Hamburg";"indelivery";1001;"2019-07-18"
14212;"energy";"electricity";2000;1938;"2020-06-28";"2020-11-01";"";"";"";"Bremerhaven";"active";1000;"2020-08-29"
14213;"energy";"electricity";2800;2693;"2018-01-11";"2018-06-01";"2020-04-30";"2020-03-22";"fristgerecht durch LichtBlick";"Munich";"terminated";1002;"2019-06-25"
14214;"energy";"electricity";2000;2069;"2018-06-18";"2018-07-01";"";"";"";"Frankfurt";"indelivery";1002;"2019-02-09"
14215;"energy";"gas";11700;12307;"2019-04-15";"2019-05-01";"2020-10-31";"2020-09-28";"fristgerecht durch Kunde";"Essen";"cancelled";2000;"2020-06-23"
14216;"energy";"electricity";3000;3117;"2018-04-16";"2018-05-01";"";"";"";"Hamburg";"indelivery";1002;"2018-05-16"
14217;"energy";"electricity";2000;1935;"2019-01-13";"2019-06-01";"";"";"";"Düsseldorf";"indelivery";1000;"2020-08-06"
14218;"energy";"electricity";2200;2123;"2018-03-03";"2018-07-01";"";"";"";"Berlin";"indelivery";1001;"2019-01-01"
14219;"energy";"electricity";2400;2531;"2018-09-17";"2018-12-01";"";"";"";"Altchemnitz";"indelivery";1002;"2020-07-18"
14220;"energy";"electricity";2100;2179;"2020-07-27";"2020-08-01";"";"";"";"Altchemnitz";"indelivery";1001;"2020-08-12"
14221;"energy";"gas";9100;9218;"2018-01-16";"2018-06-01";"";"";"";"Bremen";"indelivery";2000;"2019-04-28"
14222;"energy";"electricity";2100;2130;"2019-02-11";"2019-06-01";"";"";"";"Cologne";"indelivery";1002;"2019-04-23"
14223;"energy";"electricity";2500;2514;"2018-09-06";"2019-01-01";"";"";"";"Heide";"indelivery";1000;"2020-07-27"
14224;"energy";"electricity";1900;1912;"2018-01-20";"2018-07-01";"";"";"";"Berlin";"indelivery";1001;"2019-11-13"
14225;"energy";"electricity";2300;2338;"2018-10-26";"2019-03-01";"2020-09-30";"2020-09-01";"fristgerecht durch Kunde";"Bremen";"terminated";1001;"2019-01-07"
14226;"energy";"electricity";2600;2565;"2020-03-07";"2020-08-01";"";"";"";"Bonn";"indelivery";1002;"2020-06-07"
14227;"energy";"electricity";2300;2450;"2020-02-08";"2020-04-01";"";"";"";"Duisburg";"indelivery";1002;"2020-09-25"
14228;"energy";"electricity";2300;2281;"2018-08-23";"2019-02-01";"";"";"";"Marienberg";"indelivery";1001;"2019-11-03"
14229;"energy";"electricity";2600;2699;"2019-02-13";"2019-07-01";"2019-11-30";"2019-11-02";"Umzug";"Schwerin";"terminated";1000;"2019-10-19"
14230;"energy";"electricity";2600;2817;"2018-01-07";"2018-06-01";"";"";"";"Augsburg";"indelivery";1002;"2018-08-28"
14231;"energy";"electricity";2100;2135;"2018-05-26";"2018-06-01";"";"";"";"Frankfurt";"indelivery";1001;"2020-07-19"
14232;"energy";"electricity";2000;1948;"2018-11-10";"2019-02-01";"";"";"";"Saarbrücken";"indelivery";1001;"2020-04-03"
14233;"energy";"electricity";2100;2198;"2019-03-14";"2019-07-01";"2019-08-31";"2019-07-31";"fristgerecht durch Kunde";"Stuttgart";"terminated";1001;"2019-06-05"
14234;"energy";"electricity";2700;2885;"2019-10-05";"2020-03-01";"";"";"";"Rostock";"indelivery";1000;"2020-03-21"
14235;"energy";"gas";9000;9548;"2018-05-18";"2018-07-01";"";"";"";"Saarbrücken";"indelivery";2000;"2019-07-10"
14236;"energy";"electricity";2000;1970;"2019-10-13";"2019-12-01";"2020-01-31";"2020-01-02";"Umzug";"Cologne";"terminated";1002;"2019-10-20"
14237;"energy";"electricity";2000;"";"2020-09-08";"2021-06-01";"";"";"";"Berlin";"active";1002;"2020-09-29"
14238;"energy";"electricity";2400;2515;"2018-07-15";"2018-09-01";"";"";"";"Leipzig";"indelivery";1001;"2020-08-20"
14239;"energy";"gas";11500;11185;"2020-03-18";"2020-10-01";"";"";"";"Dresden";"indelivery";2000;"2020-07-20"
14240;"energy";"electricity";2000;2034;"2019-11-29";"2020-07-01";"";"";"";"Dresden";"indelivery";1002;"2020-09-12"
14241;"energy";"electricity";2600;2449;"2019-07-18";"2020-02-01";"";"";"";"Hamburg";"indelivery";1000;"2019-10-23"
14242;"energy";"gas";8600;"";"2018-06-24";"2018-09-01";"";"";"";"Stuttgart";"indelivery";2001;"2019-05-18"
14243;"energy";"electricity";2600;2643;"2019-10-04";"2019-11-01";"";"";"";"Wiesbaden";"indelivery";1002;"2020-01-07"
14244;"energy";"electricity";2900;3103;"2019-12-18";"2020-08-01";"";"";"";"Koblenz";"indelivery";1001;"2020-06-18"
14245;"energy";"electricity";2500;2630;"2020-04-04";"2020-09-01";"";"";"";"Marienberg";"indelivery";1001;"2020-05-03"
14246;"energy";"gas";11700;11860;"2019-04-12";"2019-10-01";"";"";"";"Münster";"indelivery";2000;"2019-05-24"
14247;"energy";"gas";10300;10251;"2019-04-28";"2019-10-01";"";"";"";"Hamburg";"indelivery";2001;"2020-03-11"
14248;"energy";"electricity";2400;2556;"2019-10-13";"2020-01-01";"";"";"";"Munich";"indelivery";1001;"2020-04-01"
14249;"energy";"electricity";2500;2697;"2018-02-07";"2018-06-01";"";"";"";"Oldenburg";"indelivery";1000;"2018-03-02"
14250;"energy";"electricity";3000;3098;"2019-06-07";"2019-09-01";"2019-09-01";"2019-10-03";"Wiederruf";"Dresden";"terminated";1000;"2019-10-03"
14251;"energy";"electricity";2200;2145;"2020-05-22";"2021-02-01";"";"";"";"Koblenz";"active";1002;"2020-06-15"
14252;"energy";"electricity";2700;2954;"2019-03-12";"2019-04-01";"2020-03-31";"2020-03-03";"fristgerecht durch LichtBlick";"Leipzig";"terminated";1000;"2019-09-03"
14253;"energy";"electricity";2700;2618;"2018-06-26";"2018-09-01";"2020-07-31";"2020-07-02";"Umzug";"Hofeck";"terminated";1000;"2020-02-13"
14254;"energy";"electricity";2700;2831;"2020-06-20";"2021-04-01";"";"";"";"Frankfurt";"active";1002;"2020-08-12"
14255;"energy";"electricity";2500;2637;"2019-05-02";"2020-03-01";"";"";"";"Berlin";"indelivery";1001;"2020-02-26"
14256;"energy";"electricity";2500;2475;"2020-01-22";"2020-06-01";"";"";"";"Wuppertal";"indelivery";1001;"2020-02-08"
14257;"energy";"electricity";2400;2444;"2018-01-21";"2018-05-01";"";"";"";"Berlin";"indelivery";1000;"2019-11-23"
14258;"energy";"electricity";2200;2360;"2020-01-05";"2020-05-01";"";"";"";"Hannover";"indelivery";1000;"2020-03-08"
14259;"energy";"electricity";2600;2718;"2018-10-22";"2018-12-01";"";"";"";"Wolfsburg";"indelivery";1001;"2020-02-08"
14260;"energy";"electricity";2900;2832;"2018-03-01";"2018-04-01";"2019-06-30";"2019-05-30";"Umzug";"Wesel";"terminated";1002;"2018-05-04"
14261;"energy";"electricity";2900;2865;"2018-08-26";"2019-01-01";"";"";"";"Munich";"indelivery";1002;"2019-12-11"
14262;"energy";"electricity";2300;2297;"2020-03-08";"2020-08-01";"2020-09-30";"2020-08-28";"fristgerecht durch Kunde";"Marienberg";"terminated";1002;"2020-06-10"
14263;"energy";"electricity";2300;2373;"2019-07-04";"2019-10-01";"";"";"";"Leipzig";"indelivery";1001;"2020-08-05"
14264;"energy";"electricity";2500;"";"2020-01-27";"2020-11-01";"";"";"";"Heilbronn";"active";1000;"2020-03-24"
14265;"energy";"electricity";2500;2635;"2020-03-13";"2020-05-01";"2020-06-30";"2020-06-01";"fristgerecht durch Kunde";"Berlin";"terminated";1000;"2020-06-01"
14266;"energy";"electricity";2800;2869;"2020-01-19";"2020-07-01";"";"";"";"Kiel";"indelivery";1001;"2020-03-24"
14267;"energy";"electricity";2300;2165;"2020-06-27";"2020-08-01";"";"";"";"Münster";"indelivery";1002;"2020-09-18"
14268;"energy";"electricity";2400;2503;"2020-01-07";"2020-06-01";"";"";"";"Bielefeld";"indelivery";1000;"2020-06-22"
14269;"energy";"electricity";2700;2632;"2018-07-03";"2018-11-01";"";"";"";"Stuttgart";"indelivery";1002;"2018-07-06"
14270;"energy";"electricity";2200;2304;"2019-11-30";"2020-03-01";"";"";"";"Heidelberg";"indelivery";1001;"2020-07-28"
14271;"energy";"electricity";2700;2867;"2019-11-06";"2020-02-01";"";"";"";"Essen";"indelivery";1000;"2020-05-22"
14272;"energy";"electricity";2800;2673;"2018-02-20";"2018-08-01";"";"";"";"Würzburg";"indelivery";1001;"2020-03-12"
14273;"energy";"electricity";2700;2870;"2018-09-24";"2019-03-01";"";"";"";"Cologne";"indelivery";1002;"2019-04-11"
14274;"energy";"electricity";2200;2361;"2020-03-25";"2020-06-01";"";"";"";"Hannover";"indelivery";1000;"2020-06-25"
14275;"energy";"electricity";1900;2032;"2020-06-15";"2020-07-01";"";"";"";"Berlin";"indelivery";1001;"2020-08-20"
14276;"energy";"electricity";2200;2142;"2019-02-04";"2019-12-01";"";"";"";"Frankfurt";"indelivery";1001;"2020-01-12"
14277;"energy";"electricity";2300;2373;"2019-10-31";"2019-11-01";"";"";"";"Hamburg";"indelivery";1002;"2019-11-07"
14278;"energy";"gas";8400;8033;"2018-07-22";"2019-02-01";"";"";"";"Dortmund";"indelivery";2000;"2020-08-29"
14279;"energy";"gas";8200;8602;"2019-02-20";"2019-04-01";"";"";"";"Frankfurt";"indelivery";2001;"2019-11-02"
14280;"energy";"electricity";3000;3078;"2020-07-17";"2020-09-01";"";"";"";"Landsberg";"indelivery";1002;"2020-08-18"
14281;"energy";"electricity";2600;2558;"2018-09-27";"2018-12-01";"";"";"";"Berlin";"indelivery";1001;"2019-11-08"
14282;"energy";"electricity";2800;"";"2018-09-30";"2019-06-01";"2019-06-01";"2019-09-29";"Wiederruf";"Hannover";"terminated";1000;"2019-05-29"
14283;"energy";"electricity";2400;2525;"2019-09-12";"2019-10-01";"2019-10-01";"2020-06-27";"Wiederruf";"Dresden";"terminated";1000;"2019-10-14"
14284;"energy";"electricity";2300;2417;"2018-11-15";"2019-01-01";"";"";"";"Osnabrück";"indelivery";1001;"2020-01-29"
14285;"energy";"electricity";2200;2147;"2020-08-29";"2021-05-01";"";"";"";"Bremen";"active";1001;"2020-09-19"
14286;"energy";"electricity";2400;2246;"2019-05-22";"2019-07-01";"";"";"";"Bielefeld";"indelivery";1002;"2020-09-15"
14287;"energy";"electricity";2600;2818;"2018-04-22";"2018-05-01";"";"";"";"Cologne";"indelivery";1002;"2020-03-05"
14288;"energy";"gas";11500;12170;"2019-12-13";"2020-02-01";"";"";"";"Wuppertal";"indelivery";2000;"2020-07-23"
14289;"energy";"electricity";2800;2934;"2020-04-27";"2020-08-01";"";"";"";"Oldenburg";"indelivery";1002;"2020-06-27"
14290;"energy";"electricity";2500;2625;"2020-07-14";"2020-11-01";"";"";"";"Munich";"active";1000;"2020-08-23"
14291;"energy";"electricity";1900;1830;"2019-04-12";"2019-11-01";"";"";"";"Frankfurt";"indelivery";1001;"2020-09-12"
14292;"energy";"electricity";2100;2028;"2020-06-05";"2020-11-01";"";"";"";"Berlin";"active";1000;"2020-09-19"
14293;"energy";"gas";10100;"";"2019-01-13";"2019-04-01";"2019-04-01";"2020-02-26";"Wiederruf";"Berlin";"terminated";2000;"2020-02-26"
14294;"energy";"electricity";2700;2800;"2018-06-09";"2018-08-01";"2020-07-31";"2020-07-02";"fristgerecht durch Kunde";"Berlin";"terminated";1002;"2018-12-20"
14295;"energy";"electricity";2700;2719;"2018-09-11";"2018-10-01";"";"";"";"Coburg";"indelivery";1000;"2020-09-13"
14296;"energy";"electricity";2500;"";"2018-09-19";"2018-12-01";"";"";"";"Berlin";"indelivery";1000;"2020-01-11"
14297;"energy";"electricity";2200;2257;"2018-04-21";"2018-05-01";"2019-02-28";"2019-01-31";"Umzug";"Coburg";"terminated";1000;"2019-01-31"
14298;"energy";"electricity";2200;2227;"2019-12-21";"2020-02-01";"";"";"";"Stuttgart";"indelivery";1001;"2020-03-17"
14299;"energy";"electricity";2000;2145;"2019-08-11";"2020-01-01";"";"";"";"Mainz";"indelivery";1000;"2020-09-12"
14300;"energy";"electricity";3000;3027;"2019-04-14";"2019-11-01";"2019-12-31";"2019-11-29";"Umzug";"Alzey";"terminated";1002;"2019-09-06"
14301;"energy";"electricity";2800;3006;"2020-03-13";"2020-07-01";"";"";"";"Berlin";"indelivery";1000;"2020-08-28"
14302;"energy";"electricity";2600;2705;"2019-09-23";"2019-11-01";"";"";"";"Flensburg";"indelivery";1000;"2020-02-06"
14303;"energy";"gas";8400;8284;"2020-09-28";"2021-04-01";"";"";"";"Wuppertal";"active";2001;"2020-09-30"
14304;"energy";"electricity";2300;"";"2020-07-15";"2020-09-01";"";"";"";"Hamburg";"indelivery";1001;"2020-07-15"
14305;"energy";"electricity";3000;2841;"2019-10-25";"2020-01-01";"";"";"";"Frankfurt";"indelivery";1001;"2019-12-04"
14306;"energy";"electricity";2700;2824;"2019-01-10";"2019-12-01";"";"";"";"Stuttgart";"indelivery";1002;"2020-04-12"
14307;"energy";"electricity";2100;2096;"2018-08-13";"2019-06-01";"2020-09-30";"2020-08-29";"fristgerecht durch Kunde";"Bonn";"terminated";1001;"2019-08-29"
14308;"energy";"electricity";2700;2679;"2018-03-22";"2018-07-01";"2019-04-30";"2019-04-01";"fristgerecht durch LichtBlick";"Freiburg";"terminated";1001;"2019-04-01"
14309;"energy";"electricity";2600;2733;"2020-03-21";"2020-06-01";"";"";"";"Cologne";"indelivery";1001;"2020-06-29"
14310;"energy";"gas";10000;10420;"2018-11-23";"2019-02-01";"";"";"";"Münster";"indelivery";2000;"2019-04-20"
14311;"energy";"electricity";2500;2441;"2020-07-23";"2020-10-01";"2020-10-01";"2020-10-31";"Wiederruf";"Hamburg";"terminated";1002;"2020-08-05"
14312;"energy";"electricity";3000;3068;"2018-01-24";"2018-03-01";"2019-01-31";"2019-01-03";"fristgerecht durch LichtBlick";"Düsseldorf";"terminated";1001;"2019-01-03"
14313;"energy";"electricity";2900;3073;"2018-12-31";"2019-05-01";"2020-04-30";"2020-03-31";"fristgerecht durch LichtBlick";"Dresden";"terminated";1002;"2019-10-04"
14314;"energy";"electricity";2800;2699;"2018-01-26";"2018-04-01";"";"";"";"Bremen";"indelivery";1000;"2020-08-11"
14315;"energy";"electricity";2000;2110;"2018-11-17";"2019-01-01";"";"";"";"Wuppertal";"indelivery";1001;"2019-06-22"
14316;"energy";"gas";9800;10103;"2020-02-04";"2020-03-01";"";"";"";"Dresden";"indelivery";2001;"2020-05-27"
14317;"energy";"electricity";3000;3014;"2019-11-23";"2020-02-01";"";"";"";"Osnabrück";"indelivery";1001;"2020-08-20"
14318;"energy";"electricity";2500;2617;"2020-08-29";"2020-09-01";"";"";"";"Munich";"indelivery";1001;"2020-09-01"
14319;"energy";"gas";8100;8249;"2018-09-21";"2019-03-01";"";"";"";"Hannover";"indelivery";2001;"2018-10-19"
14320;"energy";"electricity";2400;2529;"2018-05-18";"2018-08-01";"";"";"";"Düsseldorf";"indelivery";1001;"2020-04-06"
14321;"energy";"electricity";2200;2300;"2018-04-14";"2018-08-01";"";"";"";"Oldenburg";"indelivery";1002;"2018-11-13"
14322;"energy";"gas";10600;10892;"2018-12-16";"2019-12-01";"";"";"";"Hamburg";"indelivery";2001;"2019-07-02"
14323;"energy";"electricity";2300;2222;"2020-03-12";"2020-10-01";"";"";"";"Hamburg";"indelivery";1002;"2020-04-01"
14324;"energy";"gas";10700;11229;"2019-07-01";"2019-09-01";"";"";"";"Bielefeld";"indelivery";2000;"2019-09-20"
14325;"energy";"gas";8000;8212;"2019-12-03";"2020-03-01";"";"";"";"Altchemnitz";"indelivery";2001;"2020-05-29"
14326;"energy";"electricity";2100;2169;"2020-01-23";"2020-03-01";"";"";"";"Berlin";"indelivery";1000;"2020-02-24"
14327;"energy";"electricity";2200;2241;"2018-08-19";"2018-10-01";"";"";"";"Osnabrück";"indelivery";1001;"2020-04-04"
14328;"energy";"gas";9500;9051;"2019-09-12";"2020-03-01";"";"";"";"Kirchheimbolanden";"indelivery";2000;"2020-03-23"
14329;"energy";"electricity";2900;2833;"2019-11-02";"2020-09-01";"";"";"";"Wiesbaden";"indelivery";1002;"2020-04-11"
14330;"energy";"electricity";2300;2239;"2019-02-11";"2019-04-01";"";"";"";"Berlin";"indelivery";1000;"2020-07-20"
14331;"energy";"electricity";2300;2335;"2019-08-06";"2019-10-01";"";"";"";"Berlin";"indelivery";1001;"2019-09-04"
14332;"energy";"electricity";2200;2306;"2019-02-10";"2019-06-01";"2020-12-31";"2020-11-26";"fristgerecht durch Kunde";"Wiesbaden";"cancelled";1002;"2020-09-08"
14333;"energy";"electricity";2700;2779;"2019-06-20";"2019-10-01";"";"";"";"Berlin";"indelivery";1002;"2019-10-30"
14334;"energy";"electricity";2400;2436;"2018-11-15";"2019-01-01";"";"";"";"Berlin";"indelivery";1002;"2019-08-22"
14335;"energy";"electricity";2100;2085;"2019-12-18";"2020-11-01";"";"";"";"Fulda";"active";1001;"2020-05-20"
14336;"energy";"electricity";2800;2893;"2019-10-11";"2020-03-01";"";"";"";"Wiesbaden";"indelivery";1002;"2020-01-04"
14337;"energy";"electricity";2600;2521;"2019-09-09";"2019-11-01";"";"";"";"Münster";"indelivery";1001;"2020-07-10"
14338;"energy";"electricity";2200;2099;"2018-08-16";"2019-03-01";"";"";"";"Dortmund";"indelivery";1001;"2018-10-20"
14339;"energy";"electricity";3000;2888;"2019-08-26";"2019-10-01";"";"";"";"Rosenheim";"indelivery";1001;"2019-12-15"
14340;"energy";"electricity";2800;"";"2019-12-16";"2020-01-01";"2020-09-30";"2020-08-31";"fristgerecht durch LichtBlick";"Marienberg";"terminated";1002;"2020-05-05"
14341;"energy";"electricity";2100;2005;"2019-07-06";"2020-04-01";"2020-09-30";"2020-08-29";"fristgerecht durch Kunde";"Essen";"terminated";1002;"2019-09-19"
14342;"energy";"electricity";2900;2882;"2020-04-09";"2021-02-01";"";"";"";"Schwerin";"active";1000;"2020-09-07"
14343;"energy";"gas";10000;10702;"2019-02-25";"2019-09-01";"";"";"";"Munich";"indelivery";2000;"2019-08-04"
14344;"energy";"electricity";2700;2742;"2020-07-28";"2020-12-01";"";"";"";"Essen";"active";1001;"2020-09-09"
14345;"energy";"electricity";2300;2384;"2018-08-13";"2018-10-01";"2019-04-30";"2019-03-30";"fristgerecht durch Kunde";"Bonn";"terminated";1001;"2019-03-30"
14346;"energy";"electricity";2500;2566;"2019-03-19";"2019-09-01";"";"";"";"Berlin";"indelivery";1000;"2020-06-07"
14347;"energy";"electricity";2800;2779;"2019-11-26";"2020-04-01";"";"";"";"Freiburg";"indelivery";1001;"2019-12-18"
14348;"energy";"electricity";2800;2898;"2019-06-11";"2020-04-01";"2020-12-31";"2020-11-25";"fristgerecht durch Kunde";"Duisburg";"cancelled";1001;"2020-07-13"
14349;"energy";"electricity";2500;2478;"2018-12-27";"2019-05-01";"";"";"";"Hamburg";"indelivery";1001;"2019-01-01"
14350;"energy";"electricity";2100;2068;"2018-05-13";"2018-06-01";"2018-06-01";"2019-12-03";"Wiederruf";"Karlsruhe";"terminated";1000;"2019-03-02"
14351;"energy";"gas";9700;9673;"2020-08-20";"2022-02-01";"";"";"";"Magdeburg";"active";2000;"2020-09-22"
14352;"energy";"gas";11200;11480;"2019-07-21";"2019-09-01";"";"";"";"Marienberg";"indelivery";2000;"2020-01-26"
14353;"energy";"electricity";2200;2295;"2020-04-09";"2020-05-01";"";"";"";"Dortmund";"indelivery";1001;"2020-05-24"
14354;"energy";"gas";10600;10536;"2020-09-17";"2021-01-01";"";"";"";"Braunschweig";"active";2000;"2020-09-24"
14355;"energy";"electricity";3000;3156;"2018-05-30";"2018-07-01";"2018-07-01";"2020-10-02";"Wiederruf";"Meiningen";"terminated";1000;"2020-05-19"
14356;"energy";"gas";9700;9764;"2018-11-13";"2019-04-01";"2020-10-31";"2020-09-28";"fristgerecht durch Kunde";"Munich";"cancelled";2000;"2019-02-17"
14357;"energy";"electricity";2300;2394;"2019-09-02";"2019-11-01";"";"";"";"Frankfurt";"indelivery";1001;"2020-08-25"
14358;"energy";"electricity";2400;2565;"2019-01-30";"2019-06-01";"";"";"";"Berlin";"indelivery";1002;"2020-03-30"
14359;"energy";"electricity";2400;2462;"2018-04-27";"2018-05-01";"2020-09-30";"2020-09-01";"fristgerecht durch Kunde";"Holzminden";"terminated";1002;"2020-04-18"
14360;"energy";"electricity";2700;2879;"2018-11-30";"2019-05-01";"";"";"";"Marienberg";"indelivery";1002;"2020-08-18"
14361;"energy";"electricity";2000;2161;"2020-03-20";"2020-07-01";"";"";"";"Stuttgart";"indelivery";1000;"2020-05-07"
14362;"energy";"electricity";2900;2901;"2018-10-29";"2019-04-01";"";"";"";"Karlsruhe";"indelivery";1002;"2020-09-09"
14363;"energy";"electricity";2000;2078;"2018-07-02";"2018-08-01";"2018-08-01";"2019-12-31";"Wiederruf";"Munich";"terminated";1002;"2019-12-31"
14364;"energy";"gas";8100;7995;"2019-03-07";"2019-09-01";"";"";"";"Göttingen";"indelivery";2000;"2019-03-18"
14365;"energy";"electricity";2200;2413;"2019-06-18";"2019-11-01";"2020-09-30";"2020-08-31";"fristgerecht durch LichtBlick";"Munich";"terminated";1001;"2020-05-13"
14366;"energy";"electricity";2800;3006;"2020-08-16";"2021-04-01";"";"";"";"Hamburg";"active";1001;"2020-09-27"
14367;"energy";"electricity";2800;2748;"2018-03-25";"2018-05-01";"";"";"";"Erfurt";"indelivery";1000;"2018-05-05"
14368;"energy";"electricity";2300;2377;"2019-11-30";"2020-01-01";"";"";"";"Berlin";"indelivery";1001;"2020-09-19"
14369;"energy";"electricity";2500;2531;"2020-04-27";"2020-06-01";"";"";"";"Cologne";"indelivery";1001;"2020-09-01"
14370;"energy";"electricity";2100;2145;"2020-08-25";"2020-11-01";"";"";"";"Esslingen";"active";1001;"2020-09-17"
14371;"energy";"electricity";2400;2324;"2019-05-18";"2019-08-01";"";"";"";"Bielefeld";"indelivery";1002;"2019-11-21"
14372;"energy";"electricity";2200;2178;"2018-03-06";"2018-04-01";"";"";"";"Mannheim";"indelivery";1001;"2018-07-24"
14373;"energy";"electricity";2000;2087;"2020-05-21";"2020-10-01";"";"";"";"Stuttgart";"indelivery";1002;"2020-06-12"
14374;"energy";"electricity";2500;"";"2019-02-27";"2019-03-01";"";"";"";"Lübeck";"indelivery";1002;"2020-08-26"
14375;"energy";"electricity";1800;1773;"2018-10-11";"2018-12-01";"";"";"";"Berlin";"indelivery";1000;"2019-11-24"
14376;"energy";"electricity";2200;2131;"2019-02-05";"2019-03-01";"";"";"";"Kiel";"indelivery";1001;"2020-03-30"
14377;"energy";"electricity";2800;2638;"2018-07-27";"2019-01-01";"";"";"";"Stuttgart";"indelivery";1001;"2019-08-06"
14378;"energy";"electricity";2100;2008;"2020-07-05";"2020-08-01";"";"";"";"Hamburg";"indelivery";1000;"2020-07-09"
14379;"energy";"electricity";2700;2643;"2020-08-15";"2021-03-01";"";"";"";"Flensburg";"active";1001;"2020-08-16"
14380;"energy";"gas";10000;9728;"2019-11-14";"2019-12-01";"";"";"";"Duisburg";"indelivery";2001;"2020-09-26"
14381;"energy";"electricity";2600;2612;"2019-02-11";"2019-04-01";"2019-04-01";"2020-05-31";"Wiederruf";"Münster";"terminated";1001;"2020-04-15"
14382;"energy";"electricity";2600;2795;"2018-12-01";"2019-01-01";"";"";"";"Rosenheim";"indelivery";1001;"2019-07-17"
14383;"energy";"electricity";2800;2975;"2019-08-10";"2019-10-01";"";"";"";"Cottbus";"indelivery";1001;"2020-07-06"
14384;"energy";"electricity";2300;2521;"2018-04-03";"2018-10-01";"2019-07-31";"2019-07-02";"fristgerecht durch Kunde";"Potsdam";"terminated";1001;"2019-07-02"
14385;"energy";"gas";10100;9743;"2020-05-04";"2020-09-01";"";"";"";"Leipzig";"indelivery";2001;"2020-09-05"
14386;"energy";"electricity";2700;2607;"2020-03-13";"2020-05-01";"";"";"";"Schleswig";"indelivery";1000;"2020-07-25"
14387;"energy";"electricity";2100;2026;"2018-01-22";"2018-07-01";"";"";"";"Magdeburg";"indelivery";1001;"2019-04-05"
14388;"energy";"electricity";2200;2329;"2020-02-11";"2020-10-01";"";"";"";"Düsseldorf";"indelivery";1002;"2020-06-19"
14389;"energy";"gas";11000;11280;"2019-06-04";"2020-01-01";"";"";"";"Saarbrücken";"indelivery";2001;"2020-01-31"
14390;"energy";"gas";9700;10076;"2018-07-31";"2018-08-01";"2020-06-30";"2020-06-02";"fristgerecht durch LichtBlick";"Karlsruhe";"terminated";2001;"2018-12-04"
14391;"energy";"electricity";2700;2654;"2018-02-15";"2018-10-01";"";"";"";"Berlin";"indelivery";1001;"2018-04-15"
14392;"energy";"electricity";2200;2376;"2020-06-14";"2021-05-01";"";"";"";"Berlin";"active";1000;"2020-07-23"
14393;"energy";"gas";8500;8950;"2018-09-13";"2018-12-01";"";"";"";"Hamburg";"indelivery";2000;"2020-03-30"
14394;"energy";"electricity";2700;2773;"2020-04-12";"2020-06-01";"";"";"";"Berlin";"indelivery";1002;"2020-04-28"
14395;"energy";"electricity";2100;2155;"2018-11-15";"2018-12-01";"2020-05-31";"2020-05-03";"fristgerecht durch LichtBlick";"Mannheim";"terminated";1002;"2019-12-25"
14396;"energy";"electricity";2900;2865;"2018-06-11";"2018-07-01";"";"";"";"Leipzig";"indelivery";1000;"2019-11-21"
14397;"energy";"electricity";2600;2717;"2019-05-13";"2019-07-01";"";"";"";"Oldenburg";"indelivery";1000;"2020-06-30"
14398;"energy";"electricity";2000;1994;"2019-05-16";"2019-09-01";"2020-10-31";"2020-09-29";"Umzug";"Berlin";"cancelled";1002;"2019-10-04"
14399;"energy";"gas";10700;11227;"2018-03-28";"2018-05-01";"";"";"";"Hamburg";"indelivery";2000;"2018-05-13"
14400;"energy";"electricity";2100;2079;"2019-04-06";"2019-06-01";"2019-06-01";"2020-05-02";"Wiederruf";"Munich";"terminated";1002;"2020-04-21"
14401;"energy";"electricity";2400;2377;"2018-08-04";"2018-09-01";"";"";"";"Mainz";"indelivery";1002;"2019-11-08"
14402;"energy";"electricity";2400;2502;"2018-12-22";"2019-06-01";"2019-08-31";"2019-08-02";"Umzug";"Berlin";"terminated";1002;"2019-08-02"
14403;"energy";"electricity";2100;2138;"2018-12-26";"2019-01-01";"";"";"";"Rostock";"indelivery";1000;"2019-01-22"
14404;"energy";"electricity";2200;2246;"2018-03-18";"2018-09-01";"2019-09-30";"2019-08-27";"fristgerecht durch LichtBlick";"Berlin";"terminated";1001;"2018-03-25"
14405;"energy";"electricity";2400;2576;"2019-09-23";"2019-11-01";"";"";"";"Wuppertal";"indelivery";1002;"2019-11-07"
14406;"energy";"electricity";2100;2202;"2018-02-02";"2018-04-01";"";"";"";"Essen";"indelivery";1000;"2019-03-05"
14407;"energy";"electricity";2700;2638;"2018-03-29";"2018-04-01";"";"";"";"Dresden";"indelivery";1002;"2018-07-06"
14408;"energy";"gas";8800;9091;"2020-02-28";"2020-04-01";"";"";"";"Saarbrücken";"indelivery";2000;"2020-04-23"
14409;"energy";"electricity";2500;"";"2019-05-12";"2019-12-01";"";"";"";"Hamburg";"indelivery";1002;"2019-10-11"
14410;"energy";"electricity";2900;3002;"2019-04-03";"2019-05-01";"";"";"";"Hamburg";"indelivery";1001;"2019-05-27"
14411;"energy";"electricity";2800;2685;"2019-06-03";"2019-09-01";"";"";"";"Stuttgart";"indelivery";1000;"2020-06-23"
14412;"energy";"electricity";2100;2258;"2018-04-23";"2018-10-01";"2020-01-31";"2020-01-03";"fristgerecht durch Kunde";"Bielefeld";"terminated";1001;"2020-01-03"
14413;"energy";"electricity";2300;2411;"2020-06-07";"2020-11-01";"";"";"";"Cologne";"active";1002;"2020-09-18"
14414;"energy";"gas";8300;8690;"2020-02-21";"2020-04-01";"2020-07-31";"2020-06-27";"fristgerecht durch Kunde";"Jena";"terminated";2000;"2020-06-27"
14415;"energy";"electricity";2500;2648;"2018-08-01";"2019-03-01";"2019-12-31";"2019-11-30";"fristgerecht durch Kunde";"Augsburg";"terminated";1001;"2019-11-30"
14416;"energy";"electricity";2100;2116;"2020-09-03";"2020-10-01";"";"";"";"Saarbrücken";"indelivery";1000;"2020-09-20"
14417;"energy";"electricity";2600;2544;"2020-04-06";"2020-08-01";"";"";"";"Berlin";"indelivery";1000;"2020-09-05"
14418;"energy";"gas";8400;8197;"2019-07-06";"2019-09-01";"";"";"";"Essen";"indelivery";2000;"2020-02-27"
14419;"energy";"electricity";3000;3011;"2019-06-03";"2019-08-01";"";"";"";"Stralsund";"indelivery";1001;"2020-04-05"
14420;"energy";"electricity";2500;2394;"2019-06-18";"2019-09-01";"2020-07-31";"2020-07-02";"fristgerecht durch Kunde";"Berlin";"terminated";1001;"2020-07-02"
14421;"energy";"electricity";2900;2964;"2020-03-22";"2020-05-01";"2020-05-01";"2020-06-01";"Wiederruf";"Dortmund";"terminated";1002;"2020-04-09"
14422;"energy";"gas";8500;8407;"2018-04-09";"2019-03-01";"";"";"";"Bonn";"indelivery";2000;"2018-06-22"
14423;"energy";"electricity";2400;2407;"2018-04-23";"2018-08-01";"2020-12-31";"2020-12-01";"fristgerecht durch LichtBlick";"Cologne";"cancelled";1000;"2020-05-24"
14424;"energy";"electricity";2000;2050;"2018-10-17";"2019-05-01";"";"";"";"Hamburg";"indelivery";1001;"2019-11-13"
14425;"energy";"electricity";2100;2015;"2020-07-28";"2021-07-01";"";"";"";"Munich";"active";1000;"2020-08-17"
14426;"energy";"electricity";2300;2226;"2020-08-09";"2020-11-01";"";"";"";"Würzburg";"active";1002;"2020-09-20"
14427;"energy";"electricity";2400;"";"2019-06-03";"2019-10-01";"";"";"";"Karlsruhe";"indelivery";1000;"2020-03-13"
14428;"energy";"electricity";2400;2303;"2020-01-12";"2020-03-01";"";"";"";"Berlin";"indelivery";1000;"2020-07-15"
14429;"energy";"electricity";2700;2697;"2020-08-01";"2020-09-01";"";"";"";"Berlin";"indelivery";1000;"2020-08-17"
14430;"energy";"electricity";2400;2443;"2019-09-08";"2019-12-01";"";"";"";"Düsseldorf";"indelivery";1001;"2019-09-23"
14431;"energy";"electricity";2200;2314;"2018-03-05";"2018-04-01";"";"";"";"Kiel";"indelivery";1000;"2019-11-12"
14432;"energy";"electricity";2700;2599;"2018-03-28";"2018-04-01";"";"";"";"Cologne";"indelivery";1001;"2018-08-31"
14433;"energy";"electricity";3000;"";"2019-07-23";"2019-08-01";"2020-07-31";"2020-07-03";"fristgerecht durch LichtBlick";"Augsburg";"terminated";1000;"2019-10-06"
14434;"energy";"electricity";2200;2218;"2019-10-18";"2020-03-01";"";"";"";"Saarbrücken";"indelivery";1002;"2020-05-28"
14435;"energy";"gas";8400;8807;"2019-09-04";"2020-04-01";"";"";"";"Bielefeld";"indelivery";2000;"2019-11-04"
14436;"energy";"electricity";2700;2826;"2018-03-29";"2018-10-01";"";"";"";"Dortmund";"indelivery";1000;"2020-04-28"
14437;"energy";"gas";9500;9761;"2018-10-07";"2018-11-01";"";"";"";"Düsseldorf";"indelivery";2001;"2020-08-13"
14438;"energy";"electricity";2400;2492;"2018-12-13";"2019-10-01";"";"";"";"Berlin";"indelivery";1000;"2020-02-14"
14439;"energy";"electricity";2700;2755;"2018-02-08";"2018-03-01";"";"";"";"Magdeburg";"indelivery";1001;"2020-08-06"
14440;"energy";"electricity";2300;2288;"2019-08-26";"2020-03-01";"";"";"";"Dortmund";"indelivery";1002;"2019-12-24"
14441;"energy";"electricity";2300;2435;"2020-07-16";"2020-12-01";"";"";"";"Munich";"active";1001;"2020-07-25"
14442;"energy";"electricity";2700;2920;"2020-07-27";"2021-01-01";"";"";"";"Munich";"active";1002;"2020-08-30"
14443;"energy";"electricity";3000;3183;"2019-04-11";"2019-07-01";"";"";"";"Essen";"indelivery";1002;"2020-06-08"
14444;"energy";"electricity";2800;2762;"2018-01-26";"2018-02-01";"";"";"";"Lüdenscheid";"indelivery";1000;"2019-06-01"
14445;"energy";"gas";9400;10045;"2019-09-01";"2020-06-01";"";"";"";"Berlin";"indelivery";2001;"2020-07-24"
14446;"energy";"electricity";2200;2316;"2018-04-06";"2018-11-01";"";"";"";"Munich";"indelivery";1000;"2019-08-15"
14447;"energy";"electricity";2400;2370;"2020-07-02";"2020-08-01";"";"";"";"Eutin";"indelivery";1000;"2020-07-03"
14448;"energy";"electricity";2000;2037;"2020-07-02";"2020-08-01";"";"";"";"Düsseldorf";"indelivery";1001;"2020-07-08"
14449;"energy";"electricity";2200;2053;"2020-07-19";"2020-11-01";"";"";"";"Wuppertal";"active";1002;"2020-08-31"
14450;"energy";"electricity";2700;"";"2018-07-12";"2019-01-01";"";"";"";"Berlin";"indelivery";1000;"2018-10-16"
14451;"energy";"electricity";2400;2431;"2018-09-06";"2018-12-01";"";"";"";"Düsseldorf";"indelivery";1000;"2020-01-28"
14452;"energy";"electricity";2400;2319;"2018-06-05";"2018-08-01";"";"";"";"Munich";"indelivery";1001;"2020-04-28"
14453;"energy";"electricity";2500;2439;"2019-12-01";"2019-12-01";"";"";"";"Hamburg";"indelivery";1000;"2020-04-04"
14454;"energy";"electricity";2800;3003;"2019-11-09";"2020-03-01";"";"";"";"Düsseldorf";"indelivery";1001;"2020-02-22"
14455;"energy";"electricity";2300;2233;"2018-07-27";"2018-09-01";"";"";"";"Dresden";"indelivery";1002;"2019-10-06"
14456;"energy";"electricity";2000;2055;"2019-04-06";"2020-01-01";"2020-01-01";"2020-12-03";"Wiederruf";"Munich";"terminated";1002;"2020-05-05"
14457;"energy";"electricity";2200;2181;"2019-04-12";"2019-10-01";"";"";"";"Rostock";"indelivery";1002;"2019-11-02"
14458;"energy";"electricity";2000;2083;"2018-08-24";"2018-10-01";"";"";"";"Berlin";"indelivery";1001;"2018-09-21"
14459;"energy";"gas";11100;11928;"2019-01-20";"2019-04-01";"";"";"";"Tauberbischofsheim";"indelivery";2001;"2019-09-03"
14460;"energy";"electricity";2500;2652;"2019-02-12";"2019-09-01";"";"";"";"Essen";"indelivery";1002;"2019-08-09"
14461;"energy";"electricity";2300;2383;"2018-03-29";"2018-04-01";"2019-02-28";"2019-01-29";"fristgerecht durch Kunde";"Cologne";"terminated";1000;"2019-01-29"
14462;"energy";"electricity";2400;2334;"2020-06-04";"2020-09-01";"";"";"";"Bernburg";"indelivery";1002;"2020-07-29"
14463;"energy";"electricity";2400;2334;"2018-05-17";"2018-10-01";"";"";"";"Würzburg";"indelivery";1002;"2019-04-27"
14464;"energy";"electricity";2400;2407;"2019-06-15";"2019-08-01";"";"";"";"Stuttgart";"indelivery";1002;"2020-05-16"
14465;"energy";"electricity";2400;2381;"2020-01-31";"2020-05-01";"";"";"";"Essen";"indelivery";1002;"2020-07-21"
14466;"energy";"electricity";2800;2985;"2018-04-11";"2018-09-01";"2020-12-31";"2020-12-03";"fristgerecht durch LichtBlick";"Berlin";"cancelled";1002;"2020-08-27"
14467;"energy";"electricity";2400;2321;"2019-10-20";"2020-01-01";"";"";"";"Magdeburg";"indelivery";1001;"2020-05-19"
14468;"energy";"electricity";2800;2847;"2019-08-03";"2020-04-01";"";"";"";"Magdeburg";"indelivery";1001;"2020-07-22"
14469;"energy";"electricity";2600;2559;"2018-03-28";"2018-10-01";"";"";"";"Dresden";"indelivery";1002;"2019-04-14"
14470;"energy";"electricity";2500;"";"2020-04-04";"2020-08-01";"";"";"";"Berlin";"indelivery";1000;"2020-06-19"
14471;"energy";"electricity";2700;"";"2019-05-01";"2019-06-01";"2019-11-30";"2019-11-01";"fristgerecht durch Kunde";"Munich";"terminated";1001;"2019-09-09"
14472;"energy";"electricity";2400;2473;"2019-03-19";"2019-09-01";"2020-11-30";"2020-11-01";"fristgerecht durch LichtBlick";"Cologne";"cancelled";1002;"2020-03-16"
14473;"energy";"electricity";2100;2197;"2020-07-30";"2020-12-01";"";"";"";"Potsdam";"active";1000;"2020-08-19"
14474;"energy";"gas";9000;8740;"2020-06-28";"2020-12-01";"";"";"";"Berlin";"active";2001;"2020-08-15"
14475;"energy";"electricity";2300;2352;"2019-11-02";"2020-01-01";"";"";"";"Schleswig";"indelivery";1002;"2019-12-13"
14476;"energy";"electricity";2500;2630;"2018-12-16";"2019-02-01";"";"";"";"Berlin";"indelivery";1001;"2019-04-06"
14477;"energy";"electricity";2600;2524;"2018-10-15";"2018-11-01";"2019-05-31";"2019-05-02";"Umzug";"Leipzig";"terminated";1002;"2019-05-02"
14478;"energy";"electricity";2600;2703;"2019-05-21";"2019-09-01";"";"";"";"Cologne";"indelivery";1001;"2020-05-28"
14479;"energy";"electricity";2300;2328;"2020-04-02";"2020-07-01";"";"";"";"Münster";"indelivery";1001;"2020-06-19"
14480;"energy";"electricity";3200;3088;"2018-11-20";"2018-12-01";"";"";"";"Donauwörth";"indelivery";1000;"2020-08-02"
14481;"energy";"electricity";2500;2390;"2018-07-21";"2018-08-01";"";"";"";"Hannover";"indelivery";1000;"2020-05-24"
14482;"energy";"electricity";2000;1983;"2019-07-14";"2019-09-01";"";"";"";"Berlin";"indelivery";1002;"2020-04-10"
14483;"energy";"gas";9600;10103;"2018-02-12";"2019-02-01";"2020-06-30";"2020-06-01";"fristgerecht durch Kunde";"Bayreuth";"terminated";2001;"2020-03-03"
14484;"energy";"electricity";2400;2528;"2018-07-28";"2018-11-01";"";"";"";"Bielefeld";"indelivery";1002;"2020-01-06"
14485;"energy";"electricity";3000;2999;"2020-04-17";"2020-08-01";"";"";"";"Leipzig";"indelivery";1002;"2020-09-17"
14486;"energy";"electricity";2500;2413;"2020-01-24";"2020-02-01";"";"";"";"Düsseldorf";"indelivery";1000;"2020-03-30"
14487;"energy";"electricity";2400;2445;"2020-03-06";"2020-05-01";"";"";"";"Berlin";"indelivery";1000;"2020-09-01"
14488;"energy";"gas";8100;7875;"2019-10-02";"2020-06-01";"";"";"";"Berlin";"indelivery";2001;"2020-01-20"
14489;"energy";"gas";11500;11804;"2019-10-21";"2020-04-01";"";"";"";"Bonn";"indelivery";2001;"2020-07-20"
14490;"energy";"electricity";2100;2038;"2020-07-18";"2020-09-01";"";"";"";"Berlin";"indelivery";1000;"2020-08-23"
14491;"energy";"electricity";2400;2575;"2020-01-01";"2020-03-01";"";"";"";"Berlin";"indelivery";1002;"2020-05-23"
14492;"energy";"gas";8200;7947;"2020-01-31";"2021-04-01";"";"";"";"Essen";"active";2000;"2020-02-24"
14493;"energy";"gas";11800;11512;"2019-06-16";"2019-09-01";"";"";"";"Düsseldorf";"indelivery";2000;"2019-12-01"
14494;"energy";"electricity";3100;3203;"2020-07-27";"2021-09-01";"";"";"";"Salzgitter";"active";1001;"2020-08-10"
14495;"energy";"electricity";2200;2169;"2020-02-01";"2020-05-01";"";"";"";"Frankfurt";"indelivery";1002;"2020-03-06"
14496;"energy";"electricity";2200;2217;"2019-05-08";"2019-11-01";"";"";"";"Nuremberg";"indelivery";1000;"2019-07-11"
14497;"energy";"gas";10500;10242;"2020-09-16";"2021-05-01";"";"";"";"Munich";"active";2001;"2020-09-18"
14498;"energy";"electricity";3000;2862;"2020-07-14";"2021-02-01";"";"";"";"Oldenburg";"active";1000;"2020-08-14"
14499;"energy";"electricity";2000;1991;"2020-01-18";"2020-06-01";"";"";"";"Berlin";"indelivery";1000;"2020-07-04"
14500;"energy";"electricity";2500;2347;"2019-02-19";"2019-07-01";"2019-07-01";"2020-01-29";"Wiederruf";"Hamburg";"terminated";1001;"2020-01-29"
14501;"energy";"electricity";2600;2483;"2020-09-02";"2021-03-01";"";"";"";"Homberg";"active";1001;"2020-09-04"
14502;"energy";"gas";10700;11564;"2018-10-04";"2019-02-01";"";"";"";"Kassel";"indelivery";2000;"2018-10-23"
14503;"energy";"electricity";2100;2082;"2019-03-15";"2019-05-01";"";"";"";"Karlsruhe";"indelivery";1002;"2019-08-31"
14504;"energy";"electricity";2400;2492;"2019-02-13";"2019-04-01";"";"";"";"Dillingen";"indelivery";1002;"2019-08-03"
14505;"energy";"electricity";2200;2233;"2019-07-06";"2020-01-01";"";"";"";"Hamburg";"indelivery";1001;"2020-06-13"
14506;"energy";"electricity";3000;"";"2020-07-26";"2020-09-01";"";"";"";"Dortmund";"indelivery";1001;"2020-08-27"
14507;"energy";"electricity";2300;2291;"2018-02-20";"2018-06-01";"";"";"";"Dresden";"indelivery";1001;"2018-12-12"
14508;"energy";"electricity";2200;2289;"2019-11-07";"2020-02-01";"";"";"";"Munich";"indelivery";1001;"2019-12-04"
14509;"energy";"electricity";2300;2232;"2018-03-05";"2019-06-01";"";"";"";"Bremen";"indelivery";1002;"2019-08-30"
14510;"energy";"electricity";2400;2499;"2018-05-04";"2018-07-01";"";"";"";"Potsdam";"indelivery";1002;"2019-11-04"
14511;"energy";"electricity";2300;2322;"2018-05-01";"2018-10-01";"";"";"";"Hamburg";"indelivery";1000;"2019-02-03"
14512;"energy";"electricity";2300;"";"2018-05-05";"2018-06-01";"2019-03-31";"2019-03-03";"Umzug";"Essen";"terminated";1001;"2019-03-03"
14513;"energy";"electricity";2200;2195;"2018-08-10";"2018-10-01";"";"";"";"Limburg";"indelivery";1000;"2019-11-03"
14514;"energy";"gas";9300;9478;"2018-07-17";"2018-11-01";"";"";"";"Kassel";"indelivery";2001;"2020-04-17"
14515;"energy";"electricity";2500;"";"2018-09-15";"2018-12-01";"";"";"";"Magdeburg";"indelivery";1000;"2019-05-05"
14516;"energy";"electricity";2100;2218;"2019-03-30";"2019-11-01";"";"";"";"Gera";"indelivery";1000;"2020-01-30"
14517;"energy";"electricity";2300;2325;"2020-01-06";"2021-03-01";"";"";"";"Kassel";"active";1000;"2020-06-06"
14518;"energy";"electricity";2800;2970;"2019-09-18";"2019-12-01";"2020-07-31";"2020-06-30";"fristgerecht durch LichtBlick";"Cologne";"terminated";1000;"2020-06-30"
14519;"energy";"electricity";2100;2302;"2019-08-16";"2019-10-01";"";"";"";"Marienberg";"indelivery";1000;"2020-06-06"
14520;"energy";"electricity";2700;2686;"2019-04-23";"2019-07-01";"";"";"";"Munich";"indelivery";1002;"2020-08-14"
14521;"energy";"gas";11400;11663;"2020-08-12";"2021-02-01";"";"";"";"Cologne";"active";2000;"2020-08-16"
14522;"energy";"electricity";2700;"";"2018-04-12";"2018-08-01";"2020-01-31";"2020-01-02";"Umzug";"Leipzig";"terminated";1002;"2020-01-02"
14523;"energy";"electricity";2800;2699;"2020-05-07";"2020-06-01";"";"";"";"Frankfurt";"indelivery";1001;"2020-06-14"
14524;"energy";"electricity";2000;1998;"2018-06-23";"2018-07-01";"2019-02-28";"2019-01-30";"fristgerecht durch Kunde";"Cologne";"terminated";1000;"2019-01-30"
14525;"energy";"electricity";2200;2190;"2018-02-12";"2018-03-01";"2020-02-29";"2020-01-23";"Umzug";"Frankfurt";"terminated";1001;"2020-01-23"
14526;"energy";"electricity";2600;"";"2018-12-13";"2019-03-01";"";"";"";"Münster";"indelivery";1001;"2020-01-31"
14527;"energy";"electricity";2400;2520;"2019-10-28";"2020-01-01";"";"";"";"Cottbus";"indelivery";1002;"2020-09-27"
14528;"energy";"electricity";2600;2668;"2019-05-05";"2020-06-01";"";"";"";"Munich";"indelivery";1002;"2020-07-26"
14529;"energy";"electricity";2000;"";"2018-03-21";"2019-02-01";"2019-02-01";"2019-09-02";"Wiederruf";"Karlsruhe";"terminated";1002;"2019-09-02"
14530;"energy";"electricity";2500;2369;"2020-03-11";"2021-01-01";"";"";"";"Bonn";"active";1001;"2020-08-30"
14531;"energy";"electricity";2300;2400;"2018-08-11";"2019-08-01";"";"";"";"Coburg";"indelivery";1000;"2019-05-20"
14532;"energy";"electricity";2200;2387;"2020-09-05";"2020-12-01";"";"";"";"Osnabrück";"active";1001;"2020-09-11"
14533;"energy";"gas";8600;8604;"2019-03-09";"2019-05-01";"";"";"";"Hannover";"indelivery";2000;"2020-06-23"
14534;"energy";"electricity";2500;2554;"2018-11-14";"2019-05-01";"";"";"";"Ulm";"indelivery";1001;"2019-12-05"
14535;"energy";"electricity";2900;2882;"2020-06-13";"2020-08-01";"";"";"";"Hamburg";"indelivery";1000;"2020-09-10"
14536;"energy";"electricity";2800;2970;"2019-11-01";"2021-01-01";"";"";"";"Bremen";"active";1002;"2019-11-03"
14537;"energy";"electricity";2100;2032;"2018-01-09";"2018-02-01";"2019-08-31";"2019-07-31";"fristgerecht durch Kunde";"Hamburg";"terminated";1002;"2019-07-31"
14538;"energy";"electricity";2400;2537;"2018-01-27";"2018-05-01";"";"";"";"Berlin";"indelivery";1002;"2019-12-01"
14539;"energy";"electricity";2400;2569;"2019-10-11";"2019-11-01";"";"";"";"Dortmund";"indelivery";1002;"2020-03-26"
14540;"energy";"gas";9100;9118;"2018-12-03";"2019-09-01";"";"";"";"Berlin";"indelivery";2000;"2020-06-11"
14541;"energy";"electricity";2800;2734;"2020-04-24";"2020-07-01";"";"";"";"Neu-Ulm";"indelivery";1001;"2020-06-21"
14542;"energy";"electricity";2200;2391;"2020-05-18";"2020-11-01";"";"";"";"Munich";"active";1000;"2020-08-07"
14543;"energy";"electricity";2300;2460;"2019-06-29";"2020-02-01";"";"";"";"Leipzig";"indelivery";1001;"2020-05-22"
14544;"energy";"gas";9600;9898;"2020-08-18";"2020-09-01";"";"";"";"Düsseldorf";"indelivery";2000;"2020-09-30"
14545;"energy";"electricity";2500;2459;"2018-06-18";"2018-11-01";"";"";"";"Karlsruhe";"indelivery";1002;"2020-03-30"
14546;"energy";"electricity";2300;2511;"2020-01-06";"2020-04-01";"";"";"";"Hamburg";"indelivery";1000;"2020-06-07"
14547;"energy";"electricity";2300;2216;"2018-06-06";"2018-09-01";"";"";"";"Marienberg";"indelivery";1000;"2020-04-15"
14548;"energy";"electricity";2400;2414;"2019-05-03";"2019-06-01";"";"";"";"Cologne";"indelivery";1000;"2020-05-22"
14549;"energy";"electricity";2400;2418;"2019-09-20";"2021-03-01";"";"";"";"Düsseldorf";"active";1001;"2019-09-24"
14550;"energy";"electricity";2100;2028;"2018-12-03";"2019-01-01";"2019-02-28";"2019-01-24";"fristgerecht durch LichtBlick";"Marienberg";"terminated";1001;"2019-01-24"
14551;"energy";"electricity";2200;2261;"2019-11-09";"2021-01-01";"";"";"";"Berlin";"active";1000;"2020-02-25"
14552;"energy";"electricity";2300;2378;"2020-01-28";"2020-03-01";"2020-10-31";"2020-10-03";"fristgerecht durch LichtBlick";"Gera";"cancelled";1002;"2020-07-23"
14553;"energy";"electricity";2800;2690;"2018-09-11";"2018-10-01";"";"";"";"Vechta";"indelivery";1000;"2020-09-12"
14554;"energy";"electricity";2500;2386;"2020-08-12";"2021-04-01";"";"";"";"Bremen";"active";1001;"2020-09-03"
14555;"energy";"electricity";2500;2707;"2018-05-31";"2019-01-01";"";"";"";"Essen";"indelivery";1001;"2018-09-27"
14556;"energy";"electricity";2700;2681;"2018-03-22";"2019-01-01";"";"";"";"Berlin";"indelivery";1001;"2018-11-18"
14557;"energy";"electricity";2200;2185;"2018-03-12";"2018-05-01";"";"";"";"Duisburg";"indelivery";1000;"2020-05-26"
14558;"energy";"electricity";2200;2143;"2020-01-18";"2020-04-01";"";"";"";"Berlin";"indelivery";1001;"2020-02-02"
14559;"energy";"gas";11700;12050;"2018-01-27";"2018-03-01";"";"";"";"Berlin";"indelivery";2001;"2019-03-25"
14560;"energy";"electricity";2800;2781;"2018-05-18";"2018-07-01";"";"";"";"Wuppertal";"indelivery";1001;"2020-06-09"
14561;"energy";"electricity";2200;2276;"2019-03-04";"2019-09-01";"";"";"";"Berlin";"indelivery";1000;"2020-05-04"
14562;"energy";"electricity";2600;2484;"2019-02-16";"2019-07-01";"";"";"";"Bremen";"indelivery";1002;"2020-05-02"
14563;"energy";"electricity";2700;2663;"2019-02-10";"2019-09-01";"";"";"";"Bremen";"indelivery";1002;"2020-06-03"
14564;"energy";"electricity";1900;1950;"2019-10-14";"2020-05-01";"";"";"";"Hamburg";"indelivery";1002;"2020-06-27"
14565;"energy";"gas";11000;11829;"2018-02-03";"2018-03-01";"";"";"";"Stuttgart";"indelivery";2000;"2018-08-06"
14566;"energy";"electricity";2900;2990;"2018-03-18";"2018-08-01";"";"";"";"Dresden";"indelivery";1002;"2018-12-05"
14567;"energy";"electricity";2900;2927;"2019-03-27";"2019-06-01";"";"";"";"Marienberg";"indelivery";1002;"2020-09-12"
14568;"energy";"electricity";2600;2750;"2020-04-13";"2020-09-01";"";"";"";"Berlin";"indelivery";1000;"2020-05-13"
14569;"energy";"electricity";2100;"";"2018-11-14";"2019-07-01";"";"";"";"Munich";"indelivery";1002;"2019-02-01"
14570;"energy";"electricity";2600;2511;"2020-07-15";"2020-12-01";"";"";"";"Hannover";"active";1000;"2020-07-27"
14571;"energy";"electricity";2400;2335;"2020-06-26";"2021-01-01";"";"";"";"Stuttgart";"active";1000;"2020-06-29"
14572;"energy";"electricity";2600;2470;"2018-05-13";"2018-11-01";"2020-07-31";"2020-07-02";"fristgerecht durch LichtBlick";"Frankfurt";"terminated";1000;"2019-07-08"
14573;"energy";"electricity";2200;2227;"2019-12-16";"2020-08-01";"";"";"";"Berlin";"indelivery";1001;"2020-08-11"
14574;"energy";"gas";8500;8916;"2019-01-14";"2019-05-01";"";"";"";"Berlin";"indelivery";2001;"2019-07-21"
14575;"energy";"electricity";2900;3127;"2019-12-27";"2020-01-01";"";"";"";"Saarbrücken";"indelivery";1000;"2020-04-21"
14576;"energy";"electricity";2200;"";"2019-03-12";"2019-04-01";"";"";"";"Berlin";"indelivery";1001;"2020-04-13"
14577;"energy";"electricity";2800;2692;"2018-07-25";"2018-11-01";"";"";"";"Leipzig";"indelivery";1000;"2020-01-07"
14578;"energy";"electricity";2100;2138;"2020-08-10";"2021-01-01";"";"";"";"Munich";"active";1000;"2020-08-19"
14579;"energy";"electricity";2700;2666;"2019-11-16";"2019-12-01";"";"";"";"Saarbrücken";"indelivery";1000;"2020-05-17"
14580;"energy";"electricity";2900;3162;"2018-06-12";"2018-09-01";"";"";"";"Leipzig";"indelivery";1002;"2018-08-29"
14581;"energy";"electricity";2100;2059;"2020-03-06";"2021-01-01";"";"";"";"Munich";"active";1000;"2020-07-25"
14582;"energy";"electricity";2700;2827;"2018-11-17";"2019-01-01";"";"";"";"Berlin";"indelivery";1002;"2018-12-05"
14583;"energy";"electricity";2300;2364;"2018-10-24";"2018-12-01";"";"";"";"Freising";"indelivery";1002;"2020-02-20"
14584;"energy";"electricity";2200;"";"2020-08-09";"2020-12-01";"";"";"";"Wuppertal";"active";1002;"2020-08-23"
14585;"energy";"electricity";2800;2966;"2020-06-28";"2020-10-01";"";"";"";"Olpe";"indelivery";1001;"2020-06-29"
14586;"energy";"electricity";2500;2473;"2019-05-25";"2019-07-01";"";"";"";"Berlin";"indelivery";1000;"2019-11-22"
14587;"energy";"electricity";2500;2600;"2018-05-30";"2018-10-01";"2018-10-01";"2018-10-31";"Wiederruf";"Berlin";"terminated";1000;"2018-08-24"
14588;"energy";"electricity";2800;3025;"2019-06-01";"2020-01-01";"";"";"";"Osnabrück";"indelivery";1001;"2019-07-07"
14589;"energy";"electricity";2100;2201;"2019-11-17";"2020-08-01";"";"";"";"Stuttgart";"indelivery";1002;"2020-08-05"
14590;"energy";"electricity";2700;2853;"2020-05-29";"2020-08-01";"";"";"";"Essen";"indelivery";1002;"2020-09-06"
14591;"energy";"electricity";2400;2375;"2019-06-22";"2019-07-01";"";"";"";"Erfurt";"indelivery";1002;"2020-04-08"
14592;"energy";"electricity";2300;2306;"2020-04-03";"2021-02-01";"";"";"";"Osnabrück";"active";1000;"2020-07-23"
14593;"energy";"electricity";2300;2246;"2019-08-28";"2020-03-01";"";"";"";"Mannheim";"indelivery";1000;"2019-11-21"
14594;"energy";"electricity";2600;2642;"2018-08-13";"2019-02-01";"";"";"";"Mannheim";"indelivery";1002;"2020-04-15"
14595;"energy";"gas";10900;10989;"2018-08-13";"2018-10-01";"2018-10-01";"2018-10-26";"Wiederruf";"Hamburg";"terminated";2000;"2018-10-26"
14596;"energy";"electricity";2200;2368;"2020-02-08";"2020-07-01";"";"";"";"Hamburg";"indelivery";1000;"2020-06-17"
14597;"energy";"electricity";2600;2749;"2019-04-13";"2019-06-01";"2020-12-31";"2020-12-01";"Umzug";"Stuttgart";"cancelled";1002;"2019-11-24"
14598;"energy";"electricity";2500;2626;"2019-08-03";"2019-09-01";"";"";"";"Bonn";"indelivery";1002;"2020-04-29"
14599;"energy";"electricity";2200;2072;"2019-05-18";"2019-11-01";"2020-10-31";"2020-10-03";"fristgerecht durch LichtBlick";"Bielefeld";"cancelled";1000;"2020-07-07"
14600;"energy";"electricity";2200;2201;"2018-09-28";"2018-11-01";"";"";"";"Göttingen";"indelivery";1001;"2019-11-13"
14601;"energy";"electricity";2600;2609;"2018-10-14";"2019-01-01";"2020-09-30";"2020-09-01";"Umzug";"Hamburg";"terminated";1000;"2019-09-08"
14602;"energy";"gas";10500;10624;"2018-09-21";"2019-06-01";"";"";"";"Stralsund";"indelivery";2000;"2020-09-03"
14603;"energy";"electricity";2600;2784;"2018-08-24";"2019-01-01";"2020-12-31";"2020-12-02";"fristgerecht durch Kunde";"Berlin";"cancelled";1002;"2019-09-14"
14604;"energy";"electricity";2300;2393;"2018-12-04";"2019-02-01";"2020-11-30";"2020-11-01";"fristgerecht durch Kunde";"Freiburg";"cancelled";1002;"2019-05-10"
14605;"energy";"electricity";2600;2761;"2018-09-13";"2019-02-01";"2019-06-30";"2019-06-01";"fristgerecht durch LichtBlick";"Berlin";"terminated";1002;"2019-06-01"
14606;"energy";"gas";7600;7786;"2019-01-01";"2019-07-01";"";"";"";"Munich";"indelivery";2000;"2020-02-16"
14607;"energy";"electricity";2800;2923;"2020-04-05";"2020-06-01";"";"";"";"Erfurt";"indelivery";1002;"2020-07-31"
14608;"energy";"gas";11100;11870;"2019-06-27";"2019-07-01";"";"";"";"Bremen";"indelivery";2001;"2020-05-23"
14609;"energy";"electricity";2900;3026;"2018-12-29";"2019-06-01";"";"";"";"Mannheim";"indelivery";1000;"2019-12-21"
14610;"energy";"gas";8700;8715;"2018-06-08";"2019-02-01";"2019-07-31";"2019-06-30";"Umzug";"Munich";"terminated";2000;"2018-07-15"
14611;"energy";"electricity";2700;2921;"2019-03-18";"2019-08-01";"";"";"";"Erfurt";"indelivery";1002;"2020-02-24"
14612;"energy";"electricity";2200;2333;"2020-04-12";"2021-02-01";"";"";"";"Dortmund";"active";1002;"2020-04-24"
14613;"energy";"electricity";2200;2135;"2018-08-18";"2018-09-01";"";"";"";"Bremen";"indelivery";1001;"2020-08-25"
14614;"energy";"electricity";2500;2462;"2018-07-03";"2018-09-01";"";"";"";"Wiesbaden";"indelivery";1002;"2019-08-18"
14615;"energy";"electricity";2600;2616;"2018-04-14";"2018-06-01";"2018-07-31";"2018-06-29";"fristgerecht durch Kunde";"Augsburg";"terminated";1002;"2018-06-29"
14616;"energy";"gas";11700;12547;"2019-03-17";"2019-06-01";"";"";"";"Freiburg";"indelivery";2000;"2020-08-02"
14617;"energy";"electricity";2800;2995;"2019-06-06";"2020-05-01";"";"";"";"Düsseldorf";"indelivery";1002;"2020-07-18"
14618;"energy";"electricity";2200;2279;"2019-08-01";"2019-08-01";"";"";"";"Wuppertal";"indelivery";1002;"2019-12-29"
14619;"energy";"electricity";2700;2856;"2018-02-04";"2018-04-01";"2020-02-29";"2020-01-24";"fristgerecht durch Kunde";"Munich";"terminated";1000;"2018-12-17"
14620;"energy";"electricity";2500;2382;"2018-05-31";"2018-09-01";"";"";"";"Berlin";"indelivery";1002;"2018-12-18"
14621;"energy";"electricity";2100;2025;"2019-05-29";"2019-07-01";"";"";"";"Munich";"indelivery";1001;"2020-08-15"
14622;"energy";"electricity";2400;2362;"2019-09-16";"2019-12-01";"";"";"";"Kassel";"indelivery";1002;"2019-11-10"
14623;"energy";"electricity";2000;1961;"2019-04-02";"2019-05-01";"";"";"";"Bonn";"indelivery";1001;"2020-02-15"
14624;"energy";"electricity";3000;2819;"2019-11-22";"2019-12-01";"";"";"";"Wuppertal";"indelivery";1000;"2020-03-24"
14625;"energy";"electricity";2000;1940;"2020-01-22";"2020-03-01";"";"";"";"Cologne";"indelivery";1001;"2020-07-17"
14626;"energy";"electricity";2600;2610;"2020-04-20";"2020-07-01";"";"";"";"Magdeburg";"indelivery";1000;"2020-06-24"
14627;"energy";"electricity";2600;2769;"2020-06-17";"2021-01-01";"";"";"";"Hannover";"active";1001;"2020-08-31"
14628;"energy";"electricity";2600;2641;"2020-03-22";"2020-08-01";"";"";"";"Koblenz";"indelivery";1002;"2020-08-28"
14629;"energy";"electricity";2100;2151;"2019-06-10";"2020-02-01";"";"";"";"Stuttgart";"indelivery";1002;"2020-08-29"
14630;"energy";"electricity";3000;2831;"2020-02-17";"2020-04-01";"";"";"";"Mannheim";"indelivery";1000;"2020-08-21"
14631;"energy";"electricity";2500;"";"2020-06-27";"2020-07-01";"";"";"";"Frankfurt";"indelivery";1002;"2020-07-06"
14632;"energy";"electricity";2500;2538;"2018-06-10";"2018-12-01";"2020-01-31";"2020-01-03";"Umzug";"Rostock";"terminated";1001;"2019-08-05"
14633;"energy";"electricity";2000;1941;"2020-05-29";"2020-07-01";"";"";"";"Berlin";"indelivery";1001;"2020-09-22"
14634;"energy";"electricity";2300;2448;"2018-05-11";"2018-08-01";"2020-06-30";"2020-06-02";"fristgerecht durch Kunde";"Essen";"terminated";1002;"2019-09-28"
14635;"energy";"electricity";2300;2349;"2018-12-28";"2019-02-01";"";"";"";"Wuppertal";"indelivery";1001;"2019-05-30"
14636;"energy";"electricity";2800;2846;"2018-08-31";"2019-01-01";"";"";"";"Bielefeld";"indelivery";1002;"2018-11-04"
14637;"energy";"electricity";2800;2692;"2020-03-10";"2021-03-01";"";"";"";"Munich";"active";1001;"2020-06-01"
14638;"energy";"electricity";2700;2615;"2019-09-08";"2019-11-01";"";"";"";"Munich";"indelivery";1001;"2019-11-12"
14639;"energy";"electricity";2900;2907;"2020-06-20";"2020-11-01";"";"";"";"Kirchheimbolanden";"active";1001;"2020-06-29"
14640;"energy";"electricity";2700;2780;"2020-08-18";"2021-03-01";"";"";"";"Cologne";"active";1001;"2020-09-22"
14641;"energy";"electricity";2300;2220;"2018-09-10";"2019-02-01";"";"";"";"Hamburg";"indelivery";1002;"2019-06-29"
14642;"energy";"electricity";2400;2547;"2019-03-19";"2019-05-01";"";"";"";"Düsseldorf";"indelivery";1001;"2020-07-28"
14643;"energy";"electricity";2500;2444;"2020-08-20";"2020-11-01";"";"";"";"Essen";"active";1002;"2020-09-02"
14644;"energy";"electricity";2900;2934;"2019-01-19";"2019-06-01";"";"";"";"Munich";"indelivery";1001;"2020-07-11"
14645;"energy";"electricity";2700;2757;"2018-01-13";"2018-05-01";"";"";"";"Munich";"indelivery";1002;"2019-01-20"
14646;"energy";"gas";10600;"";"2018-11-13";"2019-01-01";"";"";"";"Cologne";"indelivery";2001;"2019-12-28"
14647;"energy";"electricity";2600;2756;"2019-01-27";"2019-03-01";"";"";"";"Bremen";"indelivery";1001;"2019-05-25"
14648;"energy";"electricity";2600;"";"2020-08-22";"2020-11-01";"";"";"";"Berlin";"active";1002;"2020-08-24"
14649;"energy";"electricity";2300;2445;"2020-02-24";"2020-03-01";"";"";"";"Leipzig";"indelivery";1000;"2020-04-25"
14650;"energy";"electricity";2400;"";"2018-10-19";"2019-03-01";"";"";"";"Dortmund";"indelivery";1000;"2018-12-19"
14651;"energy";"electricity";2400;2267;"2019-01-30";"2019-04-01";"";"";"";"Berlin";"indelivery";1001;"2019-06-14"
14652;"energy";"electricity";2400;2330;"2020-08-06";"2020-11-01";"";"";"";"Frankfurt";"active";1000;"2020-08-11"
14653;"energy";"electricity";3000;2928;"2019-08-03";"2020-05-01";"";"";"";"Braunschweig";"indelivery";1000;"2020-01-17"
14654;"energy";"electricity";2100;2183;"2020-02-13";"2020-06-01";"";"";"";"Cologne";"indelivery";1000;"2020-04-09"
14655;"energy";"electricity";2200;2207;"2020-02-25";"2020-07-01";"";"";"";"Berlin";"indelivery";1001;"2020-05-09"
14656;"energy";"electricity";2000;1977;"2018-04-07";"2019-01-01";"";"";"";"Frankfurt";"indelivery";1000;"2018-05-08"
14657;"energy";"electricity";2200;2193;"2020-02-09";"2020-07-01";"";"";"";"Bremerhaven";"indelivery";1001;"2020-04-09"
14658;"energy";"gas";10800;10356;"2020-01-08";"2020-03-01";"";"";"";"Altchemnitz";"indelivery";2000;"2020-06-29"
14659;"energy";"electricity";2100;2135;"2019-03-17";"2019-09-01";"2019-10-31";"2019-10-03";"fristgerecht durch Kunde";"Duisburg";"terminated";1000;"2019-07-08"
14660;"energy";"electricity";2100;2218;"2019-03-21";"2019-04-01";"";"";"";"Dresden";"indelivery";1002;"2020-07-27"
14661;"energy";"gas";11200;11638;"2020-05-06";"2020-09-01";"";"";"";"Wiesbaden";"indelivery";2000;"2020-08-27"
14662;"energy";"electricity";2200;2225;"2018-04-03";"2018-05-01";"2019-11-30";"2019-10-29";"fristgerecht durch LichtBlick";"Gera";"terminated";1001;"2019-10-28"
14663;"energy";"electricity";2200;2324;"2019-07-11";"2019-11-01";"";"";"";"Rosenheim";"indelivery";1002;"2019-11-09"
14664;"energy";"electricity";2100;2057;"2018-08-07";"2018-10-01";"";"";"";"Bielefeld";"indelivery";1000;"2019-08-26"
14665;"energy";"electricity";2800;2955;"2019-06-24";"2019-07-01";"2020-12-31";"2020-11-28";"fristgerecht durch Kunde";"Berlin";"cancelled";1000;"2019-09-11"
14666;"energy";"electricity";2300;2449;"2018-03-11";"2018-06-01";"";"";"";"Ingolstadt";"indelivery";1002;"2019-05-27"
14667;"energy";"electricity";2200;2361;"2018-10-10";"2019-01-01";"";"";"";"Freiburg";"indelivery";1002;"2020-05-18"
14668;"energy";"electricity";2100;2075;"2019-05-06";"2019-07-01";"";"";"";"Berlin";"indelivery";1002;"2020-02-16"
14669;"energy";"electricity";2200;2134;"2018-08-23";"2019-01-01";"";"";"";"Marienberg";"indelivery";1002;"2019-05-26"
14670;"energy";"gas";11900;11451;"2020-01-20";"2020-05-01";"";"";"";"Waiblingen";"indelivery";2001;"2020-09-17"
14671;"energy";"gas";8000;7863;"2019-06-14";"2019-12-01";"";"";"";"Berlin";"indelivery";2000;"2019-08-07"
14672;"energy";"electricity";2600;2789;"2019-11-03";"2020-01-01";"2020-03-31";"2020-02-29";"fristgerecht durch LichtBlick";"Hamburg";"terminated";1000;"2020-02-29"
14673;"energy";"electricity";2200;2227;"2018-05-11";"2019-04-01";"2020-06-30";"2020-06-01";"Umzug";"Osterholz-Scharmbeck";"terminated";1000;"2018-10-18"
14674;"energy";"electricity";2700;2702;"2019-05-02";"2019-07-01";"";"";"";"Düsseldorf";"indelivery";1000;"2020-04-09"
14675;"energy";"electricity";2500;2630;"2019-09-20";"2019-11-01";"";"";"";"Cologne";"indelivery";1002;"2020-05-25"
14676;"energy";"electricity";2500;2559;"2019-10-24";"2019-12-01";"2020-01-31";"2019-12-29";"Umzug";"Ratzeburg";"terminated";1000;"2019-12-29"
14677;"energy";"gas";9600;10083;"2020-05-11";"2020-07-01";"";"";"";"Bielefeld";"indelivery";2001;"2020-08-15"
14678;"energy";"electricity";2600;2707;"2019-05-22";"2019-10-01";"";"";"";"Essen";"indelivery";1002;"2019-12-12"
14679;"energy";"electricity";2100;2194;"2020-05-18";"2020-10-01";"";"";"";"Dortmund";"indelivery";1001;"2020-08-29"
14680;"energy";"electricity";2300;2357;"2019-01-29";"2019-02-01";"2019-09-30";"2019-08-28";"fristgerecht durch LichtBlick";"Berlin";"terminated";1001;"2019-07-11"
14681;"energy";"electricity";2700;2666;"2020-06-04";"2020-10-01";"";"";"";"Karlsruhe";"indelivery";1000;"2020-08-03"
14682;"energy";"electricity";2500;2631;"2018-02-07";"2019-02-01";"";"";"";"Cologne";"indelivery";1001;"2019-01-07"
14683;"energy";"electricity";2800;2640;"2019-10-30";"2020-02-01";"";"";"";"Münster";"indelivery";1001;"2020-09-02"
14684;"energy";"gas";8600;8699;"2020-03-07";"2020-05-01";"";"";"";"Bielefeld";"indelivery";2000;"2020-09-02"
14685;"energy";"electricity";2800;2714;"2018-05-02";"2018-08-01";"";"";"";"Hannover";"indelivery";1001;"2018-09-19"
14686;"energy";"electricity";2000;2080;"2020-05-28";"2020-06-01";"";"";"";"Wiesbaden";"indelivery";1000;"2020-08-04"
14687;"energy";"electricity";2100;"";"2019-04-08";"2019-06-01";"";"";"";"Kassel";"indelivery";1000;"2020-04-30"
14688;"energy";"electricity";2600;2677;"2018-11-19";"2019-01-01";"";"";"";"Braunschweig";"indelivery";1000;"2020-05-19"
14689;"energy";"gas";9100;8910;"2018-04-08";"2018-05-01";"";"";"";"Duisburg";"indelivery";2001;"2020-09-28"
14690;"energy";"electricity";2600;2487;"2020-09-18";"2021-01-01";"";"";"";"Mannheim";"active";1001;"2020-09-21"
14691;"energy";"electricity";2200;2325;"2018-10-26";"2018-12-01";"2019-09-30";"2019-09-01";"Umzug";"Hamburg";"terminated";1002;"2019-09-01"
14692;"energy";"electricity";2400;2526;"2018-07-05";"2018-09-01";"";"";"";"Düsseldorf";"indelivery";1001;"2019-03-07"
14693;"energy";"electricity";3000;3181;"2018-09-08";"2019-05-01";"";"";"";"Karlsruhe";"indelivery";1001;"2020-05-13"
14694;"energy";"electricity";2300;2170;"2020-03-24";"2020-06-01";"";"";"";"Bremen";"indelivery";1001;"2020-09-20"
14695;"energy";"electricity";2700;2877;"2019-12-02";"2020-05-01";"";"";"";"Mainz";"indelivery";1002;"2020-09-21"
14696;"energy";"gas";8000;8011;"2018-09-19";"2019-03-01";"";"";"";"Berlin";"indelivery";2001;"2020-08-28"
14697;"energy";"gas";11600;11402;"2018-12-27";"2019-03-01";"";"";"";"Leipzig";"indelivery";2001;"2020-05-07"
14698;"energy";"electricity";2700;2674;"2019-03-08";"2019-08-01";"";"";"";"Wiesbaden";"indelivery";1000;"2020-01-18"
14699;"energy";"gas";8800;9346;"2018-05-14";"2019-06-01";"";"";"";"Frankfurt";"indelivery";2000;"2019-02-07"
14700;"energy";"electricity";2200;2288;"2018-02-17";"2019-05-01";"";"";"";"Düsseldorf";"indelivery";1001;"2018-07-20"
14701;"energy";"electricity";2700;2803;"2019-06-29";"2019-11-01";"2020-12-31";"2020-12-02";"fristgerecht durch Kunde";"Munich";"cancelled";1000;"2020-02-09"
14702;"energy";"electricity";2900;2887;"2019-08-30";"2020-02-01";"";"";"";"Essen";"indelivery";1000;"2019-10-21"
14703;"energy";"electricity";2200;2190;"2020-01-19";"2020-06-01";"";"";"";"Schwerin";"indelivery";1002;"2020-06-12"
14704;"energy";"gas";11700;12356;"2019-04-01";"2019-08-01";"";"";"";"Mannheim";"indelivery";2001;"2020-06-24"
14705;"energy";"electricity";2800;2838;"2019-06-28";"2019-09-01";"";"";"";"Frankfurt";"indelivery";1002;"2020-04-17"
14706;"energy";"electricity";2000;2127;"2019-12-03";"2020-01-01";"";"";"";"Bielefeld";"indelivery";1001;"2020-05-25"
14707;"energy";"gas";11900;12562;"2020-07-02";"2020-10-01";"";"";"";"Bonn";"indelivery";2001;"2020-08-02"
14708;"energy";"electricity";2000;2057;"2019-08-18";"2019-11-01";"";"";"";"Cologne";"indelivery";1000;"2020-01-12"
14709;"energy";"gas";8600;8254;"2019-06-23";"2019-12-01";"2020-03-31";"2020-03-03";"fristgerecht durch Kunde";"Berlin";"terminated";2001;"2019-08-30"
14710;"energy";"electricity";2600;2716;"2019-10-13";"2019-11-01";"";"";"";"Cologne";"indelivery";1002;"2020-08-14"
14711;"energy";"electricity";2500;"";"2019-06-08";"2020-05-01";"";"";"";"Hamburg";"indelivery";1001;"2020-05-08"
14712;"energy";"gas";9800;10534;"2019-06-09";"2019-08-01";"";"";"";"Merseburg";"indelivery";2001;"2019-10-18"
14713;"energy";"electricity";2500;2646;"2019-08-05";"2020-06-01";"";"";"";"Rosenheim";"indelivery";1002;"2020-05-27"
14714;"energy";"gas";10200;10109;"2018-05-01";"2019-01-01";"";"";"";"Wuppertal";"indelivery";2000;"2020-09-09"
14715;"energy";"electricity";2900;2943;"2018-06-19";"2018-08-01";"";"";"";"Munich";"indelivery";1001;"2020-07-31"
14716;"energy";"gas";9400;9795;"2019-09-29";"2019-11-01";"2020-10-31";"2020-10-01";"fristgerecht durch LichtBlick";"Magdeburg";"cancelled";2000;"2019-11-09"
14717;"energy";"electricity";2300;2324;"2018-11-25";"2019-01-01";"";"";"";"Berlin";"indelivery";1000;"2019-02-22"
14718;"energy";"electricity";2800;2657;"2020-09-22";"2020-11-01";"";"";"";"Cologne";"active";1001;"2020-09-26"
14719;"energy";"gas";11400;"";"2019-03-02";"2019-08-01";"";"";"";"Cologne";"indelivery";2001;"2020-07-05"
14720;"energy";"electricity";2200;2240;"2019-01-18";"2019-08-01";"";"";"";"Berlin";"indelivery";1002;"2020-01-06"
14721;"energy";"electricity";2200;2296;"2018-07-20";"2019-05-01";"";"";"";"Duisburg";"indelivery";1001;"2020-04-24"
14722;"energy";"electricity";2200;2192;"2019-11-26";"2019-12-01";"2020-03-31";"2020-03-01";"Umzug";"Munich";"terminated";1000;"2020-03-01"
14723;"energy";"electricity";3000;3176;"2019-04-27";"2019-06-01";"2020-02-29";"2020-01-31";"fristgerecht durch Kunde";"Torgau";"terminated";1002;"2020-01-31"
14724;"energy";"electricity";2200;2276;"2019-11-04";"2020-02-01";"";"";"";"Berlin";"indelivery";1001;"2020-05-16"
14725;"energy";"gas";10800;10622;"2018-07-15";"2018-08-01";"";"";"";"Kiel";"indelivery";2001;"2020-09-26"
14726;"energy";"electricity";2800;"";"2020-05-08";"2020-10-01";"";"";"";"Tübingen";"indelivery";1000;"2020-08-29"
14727;"energy";"electricity";2600;2488;"2018-12-27";"2019-08-01";"";"";"";"Düsseldorf";"indelivery";1000;"2019-05-08"
14728;"energy";"electricity";2300;2347;"2019-03-19";"2020-01-01";"2020-07-31";"2020-07-02";"Umzug";"Hof";"terminated";1001;"2020-05-11"
14729;"energy";"electricity";2400;2542;"2020-06-16";"2020-08-01";"";"";"";"Hannover";"indelivery";1000;"2020-08-20"
14730;"energy";"gas";9200;8938;"2018-09-14";"2019-04-01";"";"";"";"Hamburg";"indelivery";2000;"2020-05-10"
14731;"energy";"gas";9400;9115;"2018-11-11";"2019-01-01";"";"";"";"Bremen";"indelivery";2000;"2019-07-22"
14732;"energy";"electricity";2200;"";"2019-11-25";"2020-06-01";"";"";"";"Hamburg";"indelivery";1001;"2020-02-13"
14733;"energy";"electricity";2600;2699;"2018-06-07";"2018-08-01";"";"";"";"Berlin";"indelivery";1002;"2019-10-21"
14734;"energy";"electricity";2600;2568;"2019-01-29";"2019-08-01";"";"";"";"Berlin";"indelivery";1002;"2019-08-15"
14735;"energy";"electricity";2700;2638;"2018-10-25";"2019-04-01";"";"";"";"Berlin";"indelivery";1000;"2020-01-14"
14736;"energy";"electricity";2400;"";"2019-01-13";"2019-10-01";"";"";"";"Leipzig";"indelivery";1001;"2020-03-10"
14737;"energy";"electricity";2700;2646;"2020-07-04";"2020-09-01";"";"";"";"Berlin";"indelivery";1001;"2020-07-08"
14738;"energy";"electricity";2400;2323;"2019-10-09";"2019-11-01";"";"";"";"Bremen";"indelivery";1001;"2020-03-10"
14739;"energy";"electricity";2100;2107;"2018-10-08";"2019-01-01";"";"";"";"Munich";"indelivery";1001;"2018-10-27"
14740;"energy";"electricity";2400;2444;"2019-06-22";"2020-05-01";"";"";"";"Hamburg";"indelivery";1001;"2020-06-22"
14741;"energy";"electricity";2500;2551;"2020-04-16";"2020-07-01";"";"";"";"Marienberg";"indelivery";1002;"2020-09-24"
14742;"energy";"electricity";2600;2716;"2020-05-19";"2020-08-01";"";"";"";"Magdeburg";"indelivery";1001;"2020-05-22"
14743;"energy";"electricity";2300;2213;"2020-05-13";"2020-11-01";"";"";"";"Munich";"active";1002;"2020-07-21"
14744;"energy";"electricity";2300;2453;"2020-08-30";"2020-11-01";"";"";"";"Bonn";"active";1000;"2020-09-09"
14745;"energy";"electricity";2200;2341;"2018-01-12";"2018-03-01";"2018-03-01";"2020-06-02";"Wiederruf";"Berlin";"terminated";1000;"2020-06-02"
14746;"energy";"gas";10500;"";"2018-11-30";"2019-07-01";"2020-03-31";"2020-02-28";"Umzug";"Karlsruhe";"terminated";2001;"2020-02-22"
14747;"energy";"electricity";2900;2949;"2018-03-05";"2018-12-01";"";"";"";"Mainz";"indelivery";1001;"2019-05-08"
14748;"energy";"electricity";2600;2756;"2019-09-17";"2019-12-01";"";"";"";"Altchemnitz";"indelivery";1000;"2019-11-29"
14749;"energy";"electricity";2400;"";"2020-06-06";"2020-07-01";"";"";"";"Frankfurt";"indelivery";1000;"2020-06-13"
14750;"energy";"electricity";2700;2768;"2019-01-26";"2019-08-01";"";"";"";"Rosenheim";"indelivery";1000;"2020-05-30"
14751;"energy";"electricity";2600;"";"2019-09-11";"2020-02-01";"2020-06-30";"2020-06-02";"fristgerecht durch Kunde";"Magdeburg";"terminated";1001;"2020-06-02"
14752;"energy";"gas";9000;8987;"2019-10-28";"2020-02-01";"";"";"";"Jena";"indelivery";2000;"2020-05-01"
14753;"energy";"electricity";3000;3043;"2019-11-04";"2020-01-01";"";"";"";"Hanau";"indelivery";1001;"2020-07-16"
14754;"energy";"electricity";2900;3135;"2018-12-19";"2019-02-01";"";"";"";"Offenburg";"indelivery";1001;"2019-09-26"
14755;"energy";"electricity";2200;2226;"2019-09-29";"2020-04-01";"";"";"";"Munich";"indelivery";1000;"2020-09-04"
14756;"energy";"gas";10800;10948;"2018-06-11";"2018-09-01";"2019-01-31";"2019-01-01";"Umzug";"Hamburg";"terminated";2000;"2018-11-25"
14757;"energy";"gas";9000;9189;"2018-10-18";"2019-01-01";"2020-03-31";"2020-02-23";"Umzug";"Berlin";"terminated";2001;"2018-12-28"
14758;"energy";"electricity";2400;2360;"2020-01-22";"2020-02-01";"";"";"";"Bonn";"indelivery";1000;"2020-08-11"
14759;"energy";"electricity";2000;2151;"2020-01-04";"2020-03-01";"";"";"";"Essen";"indelivery";1000;"2020-07-15"
14760;"energy";"electricity";3000;2848;"2020-04-08";"2020-10-01";"";"";"";"Hannover";"indelivery";1002;"2020-05-08"
14761;"energy";"electricity";2500;2502;"2020-04-22";"2020-10-01";"";"";"";"Dortmund";"indelivery";1000;"2020-06-20"
14762;"energy";"electricity";2300;2388;"2019-02-24";"2019-04-01";"";"";"";"Cologne";"indelivery";1000;"2020-04-05"
14763;"energy";"electricity";2600;2583;"2018-08-25";"2018-11-01";"";"";"";"Dresden";"indelivery";1001;"2019-02-09"
14764;"energy";"electricity";2000;1974;"2020-03-02";"2020-05-01";"";"";"";"Münster";"indelivery";1002;"2020-08-11"
14765;"energy";"electricity";2000;2062;"2020-07-02";"2020-11-01";"";"";"";"Essen";"active";1001;"2020-09-27"
14766;"energy";"electricity";2500;2603;"2019-02-05";"2019-03-01";"";"";"";"Duisburg";"indelivery";1001;"2020-09-26"
14767;"energy";"electricity";2500;2410;"2018-12-22";"2019-03-01";"2020-02-29";"2020-01-30";"Umzug";"Düsseldorf";"terminated";1001;"2020-01-09"
14768;"energy";"electricity";2600;2510;"2019-03-04";"2019-04-01";"";"";"";"Soest";"indelivery";1001;"2020-01-13"
14769;"energy";"gas";8400;9021;"2018-12-25";"2019-01-01";"";"";"";"Bremen";"indelivery";2001;"2018-12-28"
14770;"energy";"electricity";2100;2222;"2019-10-13";"2020-01-01";"";"";"";"Berlin";"indelivery";1001;"2020-03-15"
14771;"energy";"electricity";2400;2245;"2019-07-16";"2019-09-01";"2019-09-01";"2020-02-29";"Wiederruf";"Hannover";"terminated";1002;"2019-09-19"
14772;"energy";"gas";10700;10815;"2018-09-18";"2019-02-01";"";"";"";"Duisburg";"indelivery";2000;"2019-04-27"
14773;"energy";"electricity";1900;"";"2019-02-16";"2019-04-01";"";"";"";"Frankfurt";"indelivery";1001;"2020-08-31"
14774;"energy";"electricity";2100;2081;"2020-01-06";"2020-05-01";"";"";"";"Berlin";"indelivery";1002;"2020-09-06"
14775;"energy";"electricity";2700;2758;"2018-07-23";"2019-03-01";"2019-10-31";"2019-09-29";"fristgerecht durch Kunde";"Kirchheimbolanden";"terminated";1001;"2019-09-29"
14776;"energy";"electricity";2100;2117;"2020-05-17";"2020-07-01";"";"";"";"Essen";"indelivery";1001;"2020-07-20"
14777;"energy";"electricity";2300;2240;"2018-02-22";"2018-06-01";"2018-08-31";"2018-08-01";"Umzug";"Essen";"terminated";1002;"2018-08-01"
14778;"energy";"electricity";2600;2666;"2018-08-20";"2018-12-01";"";"";"";"Münster";"indelivery";1000;"2019-10-02"
14779;"energy";"electricity";3000;3134;"2020-03-08";"2020-07-01";"";"";"";"Düsseldorf";"indelivery";1002;"2020-03-17"
14780;"energy";"electricity";3000;3107;"2019-10-05";"2019-12-01";"2020-07-31";"2020-07-02";"Umzug";"Regensburg";"terminated";1000;"2020-01-19"
14781;"energy";"electricity";2800;2750;"2020-06-14";"2020-08-01";"";"";"";"Düsseldorf";"indelivery";1000;"2020-06-17"
14782;"energy";"electricity";2300;2293;"2020-09-28";"2021-04-01";"";"";"";"Hamburg";"active";1001;"2020-09-30"
14783;"energy";"electricity";2800;2907;"2020-01-29";"2020-03-01";"";"";"";"Wiesbaden";"indelivery";1002;"2020-02-27"
14784;"energy";"gas";11300;11132;"2018-12-22";"2020-03-01";"";"";"";"Berlin";"indelivery";2001;"2020-09-16"
14785;"energy";"electricity";2500;2440;"2019-02-05";"2019-10-01";"";"";"";"Wuppertal";"indelivery";1000;"2019-03-20"
14786;"energy";"electricity";3000;3073;"2019-04-19";"2019-05-01";"";"";"";"Berlin";"indelivery";1000;"2019-04-28"
14787;"energy";"electricity";2100;2011;"2020-07-29";"2020-09-01";"";"";"";"Hamburg";"indelivery";1000;"2020-09-16"
14788;"energy";"gas";10200;9841;"2019-08-26";"2020-01-01";"2020-03-31";"2020-02-29";"fristgerecht durch Kunde";"Cologne";"terminated";2001;"2020-02-29"
14789;"energy";"electricity";2900;3009;"2019-04-05";"2019-11-01";"";"";"";"Bremerhaven";"indelivery";1000;"2020-04-16"
14790;"energy";"electricity";2900;2930;"2020-01-12";"2020-04-01";"2020-09-30";"2020-08-31";"fristgerecht durch LichtBlick";"Augsburg";"terminated";1000;"2020-07-15"
14791;"energy";"electricity";2500;2375;"2018-10-26";"2019-05-01";"2020-01-31";"2019-12-28";"fristgerecht durch LichtBlick";"Duisburg";"terminated";1000;"2019-12-28"
14792;"energy";"electricity";2500;2574;"2018-01-05";"2018-03-01";"";"";"";"Munich";"indelivery";1002;"2019-08-18"
14793;"energy";"electricity";2300;2486;"2020-03-26";"2020-05-01";"2020-10-31";"2020-10-03";"Umzug";"Berlin";"cancelled";1001;"2020-04-07"
14794;"energy";"gas";9100;9154;"2019-01-08";"2019-06-01";"";"";"";"Kiel";"indelivery";2000;"2020-08-07"
14795;"energy";"electricity";2300;2336;"2018-09-11";"2018-11-01";"";"";"";"Düsseldorf";"indelivery";1002;"2019-08-20"
14796;"energy";"gas";9300;9665;"2018-05-29";"2018-08-01";"";"";"";"Berlin";"indelivery";2000;"2019-09-03"
14797;"energy";"electricity";3000;"";"2018-02-25";"2018-05-01";"2020-03-31";"2020-02-29";"fristgerecht durch Kunde";"Peine";"terminated";1000;"2020-02-29"
14798;"energy";"electricity";2100;2080;"2018-02-01";"2018-05-01";"";"";"";"Dresden";"indelivery";1002;"2019-07-26"
14799;"energy";"gas";11200;10717;"2020-09-04";"2020-11-01";"";"";"";"Potsdam";"active";2000;"2020-09-13"
14800;"energy";"electricity";2500;2552;"2019-02-06";"2019-07-01";"";"";"";"Bonn";"indelivery";1000;"2020-08-27"
14801;"energy";"gas";10900;"";"2019-06-01";"2019-07-01";"";"";"";"Marienberg";"indelivery";2001;"2020-01-22"
14802;"energy";"electricity";2200;2276;"2018-10-14";"2018-12-01";"";"";"";"Flensburg";"indelivery";1002;"2020-06-08"
14803;"energy";"electricity";2400;2303;"2018-01-11";"2019-06-01";"";"";"";"Cologne";"indelivery";1000;"2018-08-17"
14804;"energy";"electricity";2200;2290;"2018-08-13";"2019-06-01";"";"";"";"Wiesbaden";"indelivery";1002;"2018-12-10"
14805;"energy";"gas";11000;11836;"2019-12-06";"2020-03-01";"";"";"";"Parchim";"indelivery";2001;"2020-09-13"
14806;"energy";"electricity";2800;2712;"2019-03-11";"2020-01-01";"";"";"";"Leipzig";"indelivery";1001;"2019-08-31"
14807;"energy";"electricity";2300;2210;"2018-06-23";"2018-08-01";"2018-12-31";"2018-12-01";"Umzug";"Duisburg";"terminated";1000;"2018-11-30"
14808;"energy";"electricity";2800;2631;"2018-11-22";"2018-12-01";"";"";"";"Hannover";"indelivery";1001;"2019-02-13"
14809;"energy";"electricity";2700;2590;"2019-09-11";"2020-04-01";"";"";"";"Hamburg";"indelivery";1000;"2020-03-27"
14810;"energy";"electricity";2600;2557;"2019-03-22";"2019-04-01";"";"";"";"Marienberg";"indelivery";1002;"2019-06-27"
14811;"energy";"electricity";2600;2682;"2019-02-08";"2019-07-01";"";"";"";"Berlin";"indelivery";1002;"2020-01-30"
14812;"energy";"electricity";2500;"";"2020-08-22";"2020-09-01";"";"";"";"Wuppertal";"indelivery";1001;"2020-08-23"
14813;"energy";"electricity";2500;2487;"2018-06-25";"2018-09-01";"";"";"";"Munich";"indelivery";1001;"2018-08-08"
14814;"energy";"electricity";2400;2295;"2019-02-26";"2019-04-01";"";"";"";"Frankfurt";"indelivery";1001;"2020-08-10"
14815;"energy";"electricity";2700;2854;"2020-03-09";"2020-05-01";"";"";"";"Göttingen";"indelivery";1000;"2020-03-28"
14816;"energy";"electricity";2100;2077;"2020-02-05";"2020-03-01";"";"";"";"Kiel";"indelivery";1001;"2020-06-03"
14817;"energy";"electricity";2000;2052;"2020-03-03";"2020-10-01";"";"";"";"Cologne";"indelivery";1002;"2020-09-01"
14818;"energy";"electricity";2700;2897;"2020-07-20";"2020-08-01";"";"";"";"Frankfurt";"indelivery";1002;"2020-08-19"
14819;"energy";"electricity";2100;1994;"2019-04-01";"2019-05-01";"";"";"";"Karlsruhe";"indelivery";1002;"2020-01-20"
14820;"energy";"electricity";2600;2755;"2020-02-11";"2020-04-01";"2020-06-30";"2020-05-28";"fristgerecht durch LichtBlick";"Reutlingen";"terminated";1000;"2020-05-28"
14821;"energy";"electricity";2200;2306;"2019-07-24";"2019-10-01";"";"";"";"Oldenburg";"indelivery";1002;"2019-08-11"
14822;"energy";"gas";9000;9436;"2019-11-17";"2020-10-01";"";"";"";"Essen";"indelivery";2001;"2020-08-12"
14823;"energy";"gas";10000;10391;"2018-01-03";"2018-11-01";"";"";"";"Berlin";"indelivery";2001;"2018-02-28"
14824;"energy";"electricity";2700;2585;"2020-03-19";"2020-09-01";"";"";"";"Mannheim";"indelivery";1001;"2020-06-23"
14825;"energy";"electricity";2300;2454;"2020-04-27";"2020-08-01";"";"";"";"Berlin";"indelivery";1002;"2020-07-24"
14826;"energy";"electricity";2200;2343;"2018-11-21";"2019-03-01";"";"";"";"Berlin";"indelivery";1000;"2020-09-02"
14827;"energy";"electricity";2900;3073;"2018-11-23";"2019-06-01";"";"";"";"Frankfurt";"indelivery";1000;"2020-06-12"
14828;"energy";"electricity";2800;2703;"2019-06-08";"2019-12-01";"";"";"";"Munich";"indelivery";1000;"2019-12-28"
14829;"energy";"electricity";2200;2279;"2020-05-01";"2020-09-01";"";"";"";"Berlin";"indelivery";1001;"2020-06-20"
14830;"energy";"electricity";2000;2021;"2020-06-29";"2020-07-01";"";"";"";"Bremen";"indelivery";1001;"2020-09-26"
14831;"energy";"gas";8200;8257;"2020-01-28";"2020-03-01";"";"";"";"Duisburg";"indelivery";2000;"2020-07-31"
14832;"energy";"electricity";2500;2443;"2020-07-15";"2020-09-01";"";"";"";"Frankfurt";"indelivery";1002;"2020-07-21"
14833;"energy";"electricity";2600;2519;"2019-05-30";"2019-10-01";"2019-10-01";"2020-04-23";"Wiederruf";"Karlsruhe";"terminated";1002;"2020-04-23"
14834;"energy";"electricity";2200;2137;"2020-07-11";"2021-01-01";"";"";"";"Berlin";"active";1000;"2020-08-06"
14835;"energy";"electricity";2700;2572;"2019-09-20";"2020-11-01";"";"";"";"Cologne";"active";1002;"2020-03-07"
14836;"energy";"electricity";2900;2826;"2019-05-25";"2019-08-01";"";"";"";"Wiesbaden";"indelivery";1000;"2020-05-24"
14837;"energy";"electricity";2000;1979;"2019-01-03";"2019-04-01";"";"";"";"Cottbus";"indelivery";1000;"2019-08-12"
14838;"energy";"electricity";2900;3082;"2018-08-25";"2018-12-01";"";"";"";"Magdeburg";"indelivery";1001;"2019-04-09"
14839;"energy";"electricity";2600;"";"2018-12-05";"2019-03-01";"";"";"";"Berlin";"indelivery";1002;"2019-06-12"
14840;"energy";"gas";8900;9033;"2020-08-03";"2020-09-01";"";"";"";"Saarbrücken";"indelivery";2000;"2020-09-21"
14841;"energy";"electricity";2800;2997;"2020-03-26";"2020-04-01";"";"";"";"Gera";"indelivery";1000;"2020-04-01"
14842;"energy";"gas";8200;8020;"2018-07-23";"2018-08-01";"";"";"";"Berlin";"indelivery";2001;"2019-09-08"
14843;"energy";"electricity";2100;2003;"2019-09-14";"2019-11-01";"";"";"";"Dresden";"indelivery";1002;"2020-09-11"
14844;"energy";"electricity";2600;"";"2019-09-16";"2019-12-01";"";"";"";"Osnabrück";"indelivery";1001;"2020-07-08"
14845;"energy";"electricity";2900;2800;"2019-02-12";"2019-06-01";"";"";"";"Duisburg";"indelivery";1002;"2020-03-18"
14846;"energy";"electricity";2800;2800;"2018-07-10";"2018-08-01";"";"";"";"Wiesbaden";"indelivery";1000;"2019-03-22"
14847;"energy";"electricity";2700;2662;"2018-09-25";"2018-12-01";"2020-07-31";"2020-07-03";"fristgerecht durch LichtBlick";"Leipzig";"terminated";1002;"2019-05-17"
14848;"energy";"electricity";2900;2967;"2019-11-20";"2020-02-01";"";"";"";"Munich";"indelivery";1001;"2020-06-25"
14849;"energy";"electricity";2400;2501;"2020-05-04";"2020-07-01";"";"";"";"Duisburg";"indelivery";1001;"2020-05-25"
14850;"energy";"electricity";2000;1985;"2018-01-18";"2018-03-01";"2020-03-31";"2020-03-02";"fristgerecht durch Kunde";"Duisburg";"terminated";1000;"2019-09-24"
14851;"energy";"electricity";2300;2318;"2020-02-07";"2020-04-01";"2020-10-31";"2020-10-02";"Umzug";"Cologne";"cancelled";1000;"2020-03-24"
14852;"energy";"gas";11300;"";"2019-11-04";"2020-01-01";"";"";"";"Berlin";"indelivery";2000;"2019-12-22"
14853;"energy";"electricity";2600;2568;"2020-07-04";"2020-09-01";"";"";"";"Frankfurt";"indelivery";1002;"2020-07-22"
14854;"energy";"electricity";3000;3013;"2020-09-27";"2021-02-01";"";"";"";"Hamburg";"active";1000;"2020-09-28"
14855;"energy";"electricity";2900;3002;"2019-12-31";"2020-03-01";"";"";"";"Ingolstadt";"indelivery";1000;"2020-08-26"
14856;"energy";"electricity";2700;2613;"2018-05-08";"2018-06-01";"";"";"";"Leipzig";"indelivery";1000;"2020-01-12"
14857;"energy";"electricity";2500;2433;"2019-03-30";"2019-04-01";"";"";"";"Leipzig";"indelivery";1002;"2020-08-14"
14858;"energy";"electricity";2600;2511;"2018-03-02";"2018-04-01";"";"";"";"Stuttgart";"indelivery";1001;"2019-02-26"
14859;"energy";"gas";9200;9026;"2018-02-05";"2018-03-01";"2018-11-30";"2018-10-30";"Umzug";"Munich";"terminated";2000;"2018-10-30"
14860;"energy";"electricity";2300;"";"2019-06-16";"2019-07-01";"2019-09-30";"2019-08-29";"fristgerecht durch LichtBlick";"Waldshut-Tiengen";"terminated";1000;"2019-07-27"
14861;"energy";"electricity";2200;2267;"2018-10-03";"2019-04-01";"";"";"";"Neustadt";"indelivery";1002;"2019-05-19"
14862;"energy";"electricity";2700;2727;"2018-10-02";"2019-05-01";"";"";"";"Altchemnitz";"indelivery";1001;"2020-01-01"
14863;"energy";"electricity";2600;2583;"2020-06-27";"2020-07-01";"";"";"";"Leipzig";"indelivery";1000;"2020-09-19"
14864;"energy";"electricity";2800;2788;"2020-02-09";"2020-04-01";"";"";"";"Cologne";"indelivery";1000;"2020-06-18"
14865;"energy";"gas";7600;7250;"2018-07-03";"2018-08-01";"2019-02-28";"2019-01-28";"fristgerecht durch LichtBlick";"Frankfurt";"terminated";2000;"2019-01-28"
14866;"energy";"gas";10400;10074;"2020-01-04";"2020-08-01";"";"";"";"Stuttgart";"indelivery";2000;"2020-08-29"
14867;"energy";"electricity";2500;2627;"2018-12-10";"2019-06-01";"";"";"";"Altchemnitz";"indelivery";1002;"2019-10-18"
14868;"energy";"electricity";2200;2313;"2018-02-11";"2018-08-01";"";"";"";"Munich";"indelivery";1002;"2018-08-18"
14869;"energy";"electricity";2100;2117;"2019-05-02";"2019-07-01";"";"";"";"Berlin";"indelivery";1002;"2019-11-20"
14870;"energy";"gas";8400;"";"2018-01-18";"2018-06-01";"";"";"";"Munich";"indelivery";2000;"2018-07-04"
14871;"energy";"electricity";2700;2800;"2018-08-27";"2018-09-01";"2019-10-31";"2019-10-01";"Umzug";"Leipzig";"terminated";1002;"2019-08-17"
14872;"energy";"electricity";2100;2268;"2019-01-15";"2019-03-01";"2019-03-01";"2019-07-01";"Wiederruf";"Berlin";"terminated";1000;"2019-07-01"
14873;"energy";"electricity";2800;2862;"2018-11-09";"2019-01-01";"";"";"";"Berlin";"indelivery";1001;"2019-01-30"
14874;"energy";"electricity";2600;2511;"2018-09-26";"2019-01-01";"";"";"";"Hamburg";"indelivery";1001;"2019-04-29"
14875;"energy";"electricity";2300;"";"2018-09-02";"2019-03-01";"";"";"";"Berlin";"indelivery";1002;"2020-02-18"
14876;"energy";"electricity";2600;2589;"2018-09-15";"2019-04-01";"";"";"";"Neustadt";"indelivery";1002;"2020-04-09"
14877;"energy";"electricity";2000;2109;"2020-03-19";"2020-07-01";"";"";"";"Stuttgart";"indelivery";1000;"2020-05-11"
14878;"energy";"gas";9300;9905;"2018-12-19";"2019-07-01";"2019-07-01";"2019-08-03";"Wiederruf";"Marienberg";"terminated";2001;"2019-07-19"
14879;"energy";"electricity";2000;1910;"2019-05-06";"2019-06-01";"";"";"";"Hamburg";"indelivery";1000;"2020-09-29"
14880;"energy";"electricity";2300;2460;"2018-09-10";"2018-10-01";"2018-10-01";"2020-11-02";"Wiederruf";"Freiburg";"terminated";1002;"2020-05-21"
14881;"energy";"electricity";2100;2128;"2020-07-09";"2021-01-01";"";"";"";"Berlin";"active";1002;"2020-07-16"
14882;"energy";"electricity";2600;2517;"2018-10-03";"2019-01-01";"2019-01-01";"2020-06-25";"Wiederruf";"Dortmund";"terminated";1000;"2019-04-19"
14883;"energy";"electricity";2200;"";"2019-10-10";"2020-03-01";"";"";"";"Essen";"indelivery";1001;"2019-11-25"
14884;"energy";"electricity";2700;2841;"2018-04-24";"2018-06-01";"";"";"";"Stuttgart";"indelivery";1000;"2019-03-15"
14885;"energy";"electricity";2900;2762;"2018-07-27";"2018-12-01";"";"";"";"Merzig";"indelivery";1000;"2020-09-17"
14886;"energy";"electricity";2400;"";"2018-09-17";"2018-12-01";"";"";"";"Heidelberg";"indelivery";1002;"2020-07-21"
14887;"energy";"electricity";2000;2098;"2020-03-03";"2020-07-01";"";"";"";"Munich";"indelivery";1000;"2020-03-24"
14888;"energy";"electricity";2200;2220;"2018-03-02";"2018-04-01";"";"";"";"Dresden";"indelivery";1000;"2019-01-03"
14889;"energy";"electricity";2200;2292;"2019-01-09";"2019-07-01";"";"";"";"Wuppertal";"indelivery";1000;"2020-07-05"
14890;"energy";"electricity";2700;2657;"2018-07-13";"2018-11-01";"";"";"";"Altchemnitz";"indelivery";1001;"2020-04-27"
14891;"energy";"gas";12100;12362;"2019-12-29";"2020-02-01";"";"";"";"Kaiserslautern";"indelivery";2000;"2020-05-06"
14892;"energy";"electricity";2100;2071;"2018-05-03";"2018-08-01";"";"";"";"Bremen";"indelivery";1000;"2018-11-09"
14893;"energy";"electricity";2200;2292;"2020-05-14";"2020-06-01";"";"";"";"Jena";"indelivery";1001;"2020-07-22"
14894;"energy";"gas";11600;11881;"2020-09-12";"2020-12-01";"";"";"";"Essen";"active";2000;"2020-09-18"
14895;"energy";"electricity";2200;2259;"2019-03-08";"2019-05-01";"";"";"";"Altchemnitz";"indelivery";1000;"2019-11-08"
14896;"energy";"gas";9800;10120;"2019-12-19";"2020-02-01";"";"";"";"Osnabrück";"indelivery";2000;"2020-06-01"
14897;"energy";"electricity";3000;2966;"2019-10-09";"2020-02-01";"";"";"";"Düsseldorf";"indelivery";1000;"2019-11-17"
14898;"energy";"gas";12300;12459;"2019-10-18";"2020-05-01";"";"";"";"Seelow";"indelivery";2000;"2020-05-24"
14899;"energy";"gas";9000;8841;"2019-04-10";"2019-06-01";"";"";"";"Hamburg";"indelivery";2000;"2020-05-12"
14900;"energy";"electricity";2300;2190;"2019-02-17";"2019-07-01";"";"";"";"Bremen";"indelivery";1002;"2019-06-15"
14901;"energy";"electricity";2300;2308;"2018-02-24";"2019-01-01";"2019-10-31";"2019-10-02";"fristgerecht durch Kunde";"Berlin";"terminated";1001;"2019-07-21"
14902;"energy";"electricity";2600;2591;"2019-06-03";"2019-09-01";"";"";"";"Lauf";"indelivery";1002;"2020-06-09"
14903;"energy";"gas";8200;8347;"2018-05-20";"2018-06-01";"2018-09-30";"2018-09-01";"Umzug";"Marienberg";"terminated";2000;"2018-09-01"
14904;"energy";"electricity";2400;2286;"2020-08-27";"2021-02-01";"";"";"";"Berlin";"active";1001;"2020-09-28"
14905;"energy";"gas";11900;11507;"2019-09-09";"2019-12-01";"";"";"";"Kiel";"indelivery";2001;"2020-08-17"
14906;"energy";"electricity";2500;2564;"2018-08-13";"2019-03-01";"2020-07-31";"2020-06-30";"fristgerecht durch Kunde";"Rostock";"terminated";1000;"2020-06-30"
14907;"energy";"electricity";2800;2738;"2020-05-08";"2020-09-01";"";"";"";"Augsburg";"indelivery";1002;"2020-06-03"
14908;"energy";"electricity";2700;2881;"2020-09-12";"2021-01-01";"";"";"";"Hamburg";"active";1001;"2020-09-26"
14909;"energy";"gas";8200;8462;"2020-01-03";"2020-03-01";"";"";"";"Essen";"indelivery";2000;"2020-02-07"
14910;"energy";"electricity";2100;2184;"2018-10-10";"2019-06-01";"2020-04-30";"2020-04-01";"Umzug";"Berlin";"terminated";1001;"2019-04-04"
14911;"energy";"electricity";2400;2492;"2018-01-11";"2018-05-01";"2019-08-31";"2019-07-29";"fristgerecht durch Kunde";"Bad Neuenahr-Ahrweiler";"terminated";1002;"2019-07-29"
14912;"energy";"electricity";2900;2883;"2019-02-15";"2019-04-01";"";"";"";"Duisburg";"indelivery";1002;"2019-10-07"
14913;"energy";"gas";8700;8593;"2020-06-11";"2020-08-01";"";"";"";"Potsdam";"indelivery";2000;"2020-08-07"
14914;"energy";"electricity";2000;2147;"2018-09-13";"2018-11-01";"";"";"";"Cologne";"indelivery";1000;"2019-06-21"
14915;"energy";"electricity";2100;2052;"2018-04-30";"2018-09-01";"";"";"";"Berlin";"indelivery";1002;"2019-10-25"
14916;"energy";"electricity";2600;2705;"2020-08-03";"2021-07-01";"";"";"";"Munich";"active";1002;"2020-09-07"
14917;"energy";"electricity";1900;"";"2019-09-29";"2020-04-01";"";"";"";"Hamburg";"indelivery";1002;"2020-07-18"
14918;"energy";"electricity";2200;2392;"2018-01-07";"2018-03-01";"";"";"";"Berlin";"indelivery";1001;"2020-07-14"
14919;"energy";"gas";10700;10721;"2020-09-13";"2020-12-01";"";"";"";"Marienberg";"active";2001;"2020-09-30"
14920;"energy";"electricity";2900;"";"2018-07-15";"2018-09-01";"";"";"";"Stuttgart";"indelivery";1002;"2019-05-19"
14921;"energy";"electricity";2000;"";"2020-04-06";"2021-01-01";"";"";"";"Munich";"active";1001;"2020-09-25"
14922;"energy";"gas";9400;9358;"2018-02-15";"2018-07-01";"";"";"";"Cologne";"indelivery";2001;"2019-12-31"
14923;"energy";"electricity";2700;2827;"2018-11-16";"2019-01-01";"2019-02-28";"2019-01-31";"Umzug";"Stuttgart";"terminated";1002;"2019-01-31"
14924;"energy";"electricity";2600;2617;"2020-07-17";"2020-09-01";"";"";"";"Munich";"indelivery";1002;"2020-07-26"
14925;"energy";"gas";8200;7847;"2019-03-18";"2019-09-01";"";"";"";"Ulm";"indelivery";2001;"2019-12-06"
14926;"energy";"gas";9000;9299;"2018-09-30";"2018-11-01";"";"";"";"Koblenz";"indelivery";2001;"2018-10-04"
14927;"energy";"gas";10700;11195;"2020-02-07";"2020-09-01";"";"";"";"Wiesbaden";"indelivery";2000;"2020-05-31"
14928;"energy";"electricity";2900;2981;"2020-07-18";"2020-09-01";"";"";"";"Augsburg";"indelivery";1000;"2020-09-23"
14929;"energy";"electricity";2600;2532;"2018-11-13";"2018-12-01";"";"";"";"Cologne";"indelivery";1000;"2019-07-17"
14930;"energy";"electricity";2000;2009;"2020-06-13";"2020-07-01";"2020-12-31";"2020-11-30";"Umzug";"Hofeck";"cancelled";1000;"2020-09-28"
14931;"energy";"electricity";2400;2330;"2019-11-23";"2020-04-01";"";"";"";"Fürth";"indelivery";1001;"2020-09-24"
14932;"energy";"electricity";2100;2048;"2019-07-28";"2019-12-01";"";"";"";"Dortmund";"indelivery";1002;"2019-08-30"
14933;"energy";"electricity";2000;2028;"2018-07-03";"2018-09-01";"";"";"";"Essen";"indelivery";1001;"2018-09-05"
14934;"energy";"electricity";2900;2867;"2018-07-30";"2018-11-01";"";"";"";"Hamburg";"indelivery";1002;"2019-06-11"
14935;"energy";"electricity";2200;2210;"2020-04-26";"2020-06-01";"";"";"";"Cologne";"indelivery";1001;"2020-06-07"
14936;"energy";"electricity";2000;2026;"2020-07-21";"2020-10-01";"";"";"";"Hamburg";"indelivery";1001;"2020-07-24"
14937;"energy";"gas";8100;8766;"2020-04-08";"2020-09-01";"";"";"";"Fürth";"indelivery";2000;"2020-08-09"
14938;"energy";"electricity";2800;2904;"2019-09-05";"2019-12-01";"2019-12-01";"2020-04-02";"Wiederruf";"Munich";"terminated";1000;"2020-01-07"
14939;"energy";"electricity";2500;2458;"2019-10-02";"2019-12-01";"";"";"";"Munich";"indelivery";1002;"2019-11-22"
14940;"energy";"electricity";2800;2706;"2018-03-20";"2018-05-01";"";"";"";"Munich";"indelivery";1002;"2018-10-11"
14941;"energy";"electricity";2400;2428;"2018-11-05";"2019-01-01";"2020-06-30";"2020-06-01";"Umzug";"Marienberg";"terminated";1000;"2020-05-30"
14942;"energy";"electricity";2700;2770;"2018-07-24";"2019-02-01";"2019-07-31";"2019-06-28";"Umzug";"Essen";"terminated";1002;"2018-11-23"
14943;"energy";"electricity";2600;2647;"2019-06-13";"2019-08-01";"";"";"";"Heidelberg";"indelivery";1000;"2020-01-23"
14944;"energy";"electricity";2200;2271;"2018-06-06";"2019-02-01";"";"";"";"Wuppertal";"indelivery";1001;"2018-12-04"
14945;"energy";"electricity";2500;2655;"2018-10-25";"2019-02-01";"";"";"";"Berlin";"indelivery";1002;"2018-11-05"
14946;"energy";"electricity";2300;2329;"2020-02-05";"2020-06-01";"";"";"";"Dresden";"indelivery";1001;"2020-05-27"
14947;"energy";"electricity";2700;2841;"2019-05-30";"2019-08-01";"";"";"";"Braunschweig";"indelivery";1002;"2020-06-11"
14948;"energy";"electricity";2200;2087;"2019-04-25";"2019-08-01";"";"";"";"Hamburg";"indelivery";1000;"2020-05-04"
14949;"energy";"electricity";2300;2408;"2018-03-26";"2018-08-01";"";"";"";"Frankfurt";"indelivery";1002;"2019-10-25"
14950;"energy";"electricity";2300;2489;"2019-11-16";"2020-04-01";"";"";"";"Bremerhaven";"indelivery";1002;"2020-01-23"
14951;"energy";"electricity";2800;2936;"2019-09-16";"2019-11-01";"";"";"";"Mannheim";"indelivery";1002;"2020-06-28"
14952;"energy";"electricity";2500;2604;"2019-09-23";"2020-03-01";"";"";"";"Cologne";"indelivery";1000;"2019-11-24"
14953;"energy";"electricity";2600;2780;"2020-04-01";"2020-06-01";"";"";"";"Gera";"indelivery";1000;"2020-07-01"
14954;"energy";"electricity";2600;2757;"2018-09-08";"2018-12-01";"2019-02-28";"2019-01-28";"Umzug";"Munich";"terminated";1001;"2019-01-28"
14955;"energy";"electricity";2400;2489;"2020-04-27";"2020-05-01";"";"";"";"Düsseldorf";"indelivery";1001;"2020-06-25"
14956;"energy";"electricity";2100;2101;"2020-08-04";"2020-12-01";"";"";"";"Munich";"active";1001;"2020-08-27"
14957;"energy";"gas";7800;8268;"2018-02-14";"2018-05-01";"";"";"";"Munich";"indelivery";2000;"2020-05-16"
14958;"energy";"electricity";2000;1993;"2018-10-21";"2018-12-01";"";"";"";"Cologne";"indelivery";1001;"2020-08-20"
14959;"energy";"electricity";2600;2600;"2018-08-11";"2018-12-01";"";"";"";"Stuttgart";"indelivery";1002;"2019-04-10"
14960;"energy";"electricity";1900;1857;"2018-10-06";"2018-11-01";"";"";"";"Hamburg";"indelivery";1001;"2020-01-15"
14961;"energy";"electricity";2100;2173;"2020-05-13";"2020-07-01";"";"";"";"Hamburg";"indelivery";1001;"2020-08-04"
14962;"energy";"electricity";2200;2259;"2018-05-06";"2018-11-01";"2020-08-31";"2020-07-26";"Umzug";"Düsseldorf";"terminated";1000;"2018-07-30"
14963;"energy";"electricity";2700;2800;"2019-07-17";"2019-09-01";"2020-05-31";"2020-05-03";"fristgerecht durch Kunde";"Hamburg";"terminated";1002;"2020-05-03"
14964;"energy";"electricity";2400;2566;"2018-01-08";"2018-05-01";"2020-03-31";"2020-03-01";"fristgerecht durch Kunde";"Rathenow";"terminated";1000;"2019-10-19"
14965;"energy";"electricity";2000;2176;"2020-08-31";"2020-09-01";"";"";"";"Marienberg";"indelivery";1001;"2020-09-10"
14966;"energy";"electricity";2700;2736;"2020-06-17";"2020-12-01";"";"";"";"Berlin";"active";1002;"2020-09-10"
14967;"energy";"electricity";3000;3087;"2020-08-28";"2020-09-01";"";"";"";"Marienberg";"indelivery";1000;"2020-09-03"
14968;"energy";"electricity";2500;2569;"2020-05-19";"2020-07-01";"";"";"";"Dortmund";"indelivery";1000;"2020-07-09"
14969;"energy";"gas";8500;8777;"2018-07-11";"2018-10-01";"2020-01-31";"2020-01-03";"fristgerecht durch LichtBlick";"Dresden";"terminated";2000;"2019-10-02"
14970;"energy";"electricity";3000;2931;"2018-11-13";"2019-05-01";"2020-10-31";"2020-09-30";"fristgerecht durch Kunde";"Chemnitz";"cancelled";1000;"2019-01-30"
14971;"energy";"electricity";2800;2948;"2019-12-15";"2020-02-01";"";"";"";"Bremen";"indelivery";1000;"2020-03-23"
14972;"energy";"electricity";2000;1953;"2020-02-11";"2020-12-01";"";"";"";"Munich";"active";1000;"2020-04-28"
14973;"energy";"electricity";2000;2076;"2018-01-04";"2018-07-01";"";"";"";"Berlin";"indelivery";1002;"2020-05-17"
14974;"energy";"electricity";2100;2181;"2018-06-10";"2018-07-01";"";"";"";"Braunschweig";"indelivery";1001;"2018-08-08"
14975;"energy";"electricity";2400;2432;"2018-02-09";"2018-06-01";"";"";"";"Bremen";"indelivery";1002;"2020-05-08"
14976;"energy";"electricity";2800;2838;"2018-04-23";"2018-08-01";"2020-04-30";"2020-03-30";"fristgerecht durch Kunde";"Berlin";"terminated";1002;"2020-03-02"
14977;"energy";"electricity";2200;2275;"2020-08-15";"2021-12-01";"";"";"";"Berlin";"active";1002;"2020-08-18"
14978;"energy";"gas";9400;9750;"2019-01-16";"2019-08-01";"";"";"";"Hamburg";"indelivery";2000;"2020-07-28"
14979;"energy";"electricity";2400;2464;"2018-11-13";"2019-02-01";"";"";"";"Essen";"indelivery";1000;"2020-08-30"
14980;"energy";"electricity";2800;2688;"2018-01-29";"2018-03-01";"";"";"";"Lübeck";"indelivery";1002;"2019-11-24"
14981;"energy";"electricity";2500;2458;"2019-04-26";"2019-09-01";"";"";"";"Berlin";"indelivery";1002;"2020-03-28"
14982;"energy";"electricity";2800;3004;"2020-04-30";"2020-06-01";"";"";"";"Berlin";"indelivery";1000;"2020-05-04"
14983;"energy";"electricity";2800;2768;"2020-03-20";"2020-05-01";"";"";"";"Potsdam";"indelivery";1002;"2020-05-13"
14984;"energy";"electricity";2400;2314;"2020-02-17";"2020-03-01";"";"";"";"Braunschweig";"indelivery";1002;"2020-09-18"
14985;"energy";"electricity";2300;2289;"2019-02-08";"2019-04-01";"";"";"";"Lübeck";"indelivery";1001;"2019-11-02"
14986;"energy";"electricity";2200;2290;"2019-12-30";"2020-05-01";"";"";"";"Münster";"indelivery";1001;"2019-12-30"
14987;"energy";"gas";10500;10432;"2018-08-06";"2018-12-01";"";"";"";"Hamburg";"indelivery";2001;"2020-05-19"
14988;"energy";"electricity";2700;2656;"2019-04-29";"2019-06-01";"";"";"";"Potsdam";"indelivery";1000;"2019-07-28"
14989;"energy";"electricity";2000;1986;"2018-06-26";"2018-10-01";"2018-10-01";"2020-09-28";"Wiederruf";"Bonn";"terminated";1000;"2019-09-30"
14990;"energy";"gas";11600;11124;"2018-04-17";"2018-06-01";"2020-03-31";"2020-03-03";"fristgerecht durch Kunde";"Gießen";"terminated";2001;"2019-05-24"
14991;"energy";"electricity";2200;2250;"2019-07-24";"2020-03-01";"";"";"";"Munich";"indelivery";1002;"2020-09-15"
14992;"energy";"electricity";2500;2664;"2020-09-21";"2020-11-01";"";"";"";"Bonn";"active";1001;"2020-09-23"
14993;"energy";"gas";10400;10448;"2018-03-01";"2018-05-01";"";"";"";"Berlin";"indelivery";2001;"2019-10-22"
14994;"energy";"electricity";2700;2709;"2019-09-29";"2019-10-01";"";"";"";"Schwerin";"indelivery";1002;"2020-09-01"
14995;"energy";"gas";8500;8716;"2018-12-20";"2019-09-01";"";"";"";"Cologne";"indelivery";2001;"2019-12-19"
14996;"energy";"electricity";2500;2593;"2020-01-06";"2020-02-01";"";"";"";"Essen";"indelivery";1000;"2020-02-16"
14997;"energy";"electricity";2200;"";"2019-06-01";"2019-07-01";"";"";"";"Cologne";"indelivery";1000;"2019-06-08"
14998;"energy";"electricity";2200;2149;"2018-10-29";"2018-12-01";"";"";"";"Berlin";"indelivery";1000;"2019-05-20"
14999;"energy";"electricity";2700;2876;"2020-09-26";"2020-12-01";"";"";"";"Bremen";"active";1002;"2020-09-28"
15000;"energy";"gas";11600;12080;"2020-07-22";"2021-05-01";"";"";"";"Ingolstadt";"active";2000;"2020-08-11"
15001;"energy";"gas";10800;11513;"2018-12-08";"2019-04-01";"2020-09-30";"2020-09-02";"Umzug";"Kiel";"terminated";2000;"2019-01-01"
15002;"energy";"electricity";2900;2919;"2018-10-13";"2018-12-01";"";"";"";"Berlin";"indelivery";1001;"2020-09-09"
15003;"energy";"electricity";2800;2960;"2019-07-23";"2020-01-01";"";"";"";"Cologne";"indelivery";1002;"2020-03-06"
15004;"energy";"electricity";2200;2202;"2018-12-06";"2019-03-01";"";"";"";"Braunschweig";"indelivery";1001;"2018-12-24"
15005;"energy";"electricity";3000;3042;"2018-02-20";"2018-09-01";"2019-04-30";"2019-04-02";"fristgerecht durch Kunde";"Marienberg";"terminated";1002;"2018-04-22"
15006;"energy";"electricity";2100;2091;"2019-01-21";"2019-03-01";"";"";"";"Munich";"indelivery";1000;"2020-01-30"
15007;"energy";"gas";9600;9794;"2018-04-05";"2018-06-01";"";"";"";"Munich";"indelivery";2000;"2020-07-29"
15008;"energy";"gas";9900;9757;"2018-04-19";"2018-08-01";"";"";"";"Munich";"indelivery";2000;"2019-12-18"
15009;"energy";"electricity";2900;2914;"2018-07-04";"2018-12-01";"";"";"";"Rosenheim";"indelivery";1001;"2019-11-06"
15010;"energy";"electricity";2800;3034;"2019-10-11";"2019-11-01";"";"";"";"Bonn";"indelivery";1001;"2020-09-27"
15011;"energy";"electricity";2900;2901;"2019-04-01";"2019-05-01";"";"";"";"Wuppertal";"indelivery";1002;"2020-09-26"
15012;"energy";"electricity";2100;2055;"2020-05-15";"2020-11-01";"";"";"";"Cologne";"active";1000;"2020-09-28"
15013;"energy";"electricity";2500;"";"2019-06-21";"2019-09-01";"";"";"";"Bremen";"indelivery";1002;"2020-02-19"
15014;"energy";"electricity";2200;2317;"2018-07-19";"2018-09-01";"2020-09-30";"2020-08-31";"fristgerecht durch LichtBlick";"Cologne";"terminated";1002;"2019-04-06"
15015;"energy";"gas";10100;9803;"2018-11-12";"2018-12-01";"";"";"";"Böblingen";"indelivery";2001;"2019-03-17"
15016;"energy";"electricity";2300;2440;"2018-06-29";"2018-07-01";"2019-06-30";"2019-05-31";"fristgerecht durch Kunde";"Berlin";"terminated";1002;"2019-05-31"
15017;"energy";"electricity";2600;2789;"2018-07-29";"2018-11-01";"";"";"";"Munich";"indelivery";1000;"2019-09-02"
15018;"energy";"electricity";2600;2590;"2018-02-09";"2018-05-01";"2020-06-30";"2020-05-31";"fristgerecht durch LichtBlick";"Saarbrücken";"terminated";1002;"2020-05-23"
15019;"energy";"electricity";2200;2345;"2020-08-18";"2020-09-01";"";"";"";"Duisburg";"indelivery";1002;"2020-08-27"
15020;"energy";"gas";11000;11640;"2018-09-07";"2018-11-01";"";"";"";"Stuttgart";"indelivery";2001;"2019-09-14"
15021;"energy";"electricity";2100;2204;"2018-02-27";"2018-12-01";"2020-01-31";"2020-01-03";"fristgerecht durch LichtBlick";"Hamburg";"terminated";1000;"2019-08-25"
15022;"energy";"electricity";2800;2996;"2019-05-27";"2019-07-01";"";"";"";"Bonn";"indelivery";1002;"2020-09-02"
15023;"energy";"electricity";2700;2897;"2019-07-04";"2020-02-01";"";"";"";"Düsseldorf";"indelivery";1001;"2020-05-29"
15024;"energy";"electricity";2300;2305;"2018-10-25";"2019-02-01";"2020-01-31";"2019-12-31";"fristgerecht durch Kunde";"Erfurt";"terminated";1002;"2019-12-08"
15025;"energy";"electricity";2100;2051;"2020-05-24";"2020-09-01";"";"";"";"Dresden";"indelivery";1001;"2020-09-23"
15026;"energy";"gas";9900;9589;"2020-03-05";"2020-11-01";"";"";"";"Münster";"active";2000;"2020-05-16"
15027;"energy";"electricity";2900;2745;"2018-05-18";"2019-06-01";"";"";"";"Wuppertal";"indelivery";1001;"2018-07-11"
15028;"energy";"gas";7900;8127;"2019-09-13";"2019-12-01";"";"";"";"Munich";"indelivery";2000;"2020-09-16"
15029;"energy";"electricity";2000;2072;"2018-08-19";"2018-12-01";"";"";"";"Marienberg";"indelivery";1002;"2020-07-14"
15030;"energy";"electricity";2700;2833;"2019-12-18";"2020-02-01";"";"";"";"Rostock";"indelivery";1001;"2020-09-24"
15031;"energy";"electricity";2600;2487;"2019-09-13";"2019-11-01";"";"";"";"Saarbrücken";"indelivery";1001;"2020-04-10"
15032;"energy";"electricity";2600;2721;"2018-01-09";"2018-07-01";"2019-06-30";"2019-06-01";"fristgerecht durch LichtBlick";"Bremen";"terminated";1002;"2019-06-01"
15033;"energy";"electricity";2500;2482;"2019-03-10";"2019-05-01";"";"";"";"Essen";"indelivery";1002;"2019-06-21"
15034;"energy";"electricity";2100;2177;"2018-07-05";"2018-09-01";"";"";"";"Hamburg";"indelivery";1000;"2019-10-01"
15035;"energy";"electricity";2500;2440;"2019-02-08";"2019-08-01";"2019-08-01";"2020-08-03";"Wiederruf";"Kiel";"terminated";1001;"2019-10-20"
15036;"energy";"electricity";2400;"";"2019-09-10";"2020-04-01";"";"";"";"Dresden";"indelivery";1001;"2020-03-19"
15037;"energy";"gas";10500;10756;"2020-01-26";"2020-08-01";"";"";"";"Mainz";"indelivery";2001;"2020-07-22"
15038;"energy";"electricity";2900;3058;"2019-04-03";"2019-06-01";"";"";"";"Würzburg";"indelivery";1001;"2020-02-29"
15039;"energy";"electricity";2500;2416;"2019-02-20";"2019-05-01";"";"";"";"Berlin";"indelivery";1002;"2019-07-25"
15040;"energy";"electricity";2100;2036;"2018-03-24";"2018-04-01";"";"";"";"Dresden";"indelivery";1000;"2018-12-14"
15041;"energy";"electricity";2700;2749;"2019-09-09";"2019-11-01";"";"";"";"Rostock";"indelivery";1002;"2020-09-10"
15042;"energy";"electricity";2600;2715;"2019-06-18";"2019-08-01";"";"";"";"Hamburg";"indelivery";1002;"2019-09-21"
15043;"energy";"gas";10800;11601;"2019-07-07";"2019-09-01";"2020-07-31";"2020-07-01";"fristgerecht durch LichtBlick";"Bonn";"terminated";2000;"2020-07-01"
15044;"energy";"gas";9100;9322;"2018-06-10";"2019-08-01";"";"";"";"Essen";"indelivery";2000;"2020-05-10"
15045;"energy";"electricity";2300;2349;"2020-08-28";"2020-12-01";"";"";"";"Mannheim";"active";1000;"2020-09-27"
15046;"energy";"electricity";2300;2318;"2020-01-24";"2020-03-01";"";"";"";"Düsseldorf";"indelivery";1002;"2020-05-26"
15047;"energy";"electricity";2100;"";"2020-05-11";"2020-12-01";"";"";"";"Berlin";"active";1000;"2020-08-20"
15048;"energy";"electricity";2800;"";"2018-02-14";"2018-04-01";"";"";"";"Landau";"indelivery";1000;"2020-02-27"
15049;"energy";"electricity";2100;"";"2018-04-21";"2019-02-01";"";"";"";"Altchemnitz";"indelivery";1001;"2020-01-20"
15050;"energy";"electricity";2800;2787;"2019-06-03";"2019-07-01";"";"";"";"Berlin";"indelivery";1002;"2019-07-02"
15051;"energy";"gas";9400;"";"2019-01-08";"2019-03-01";"";"";"";"Mannheim";"indelivery";2001;"2020-01-22"
15052;"energy";"electricity";2200;2266;"2020-06-26";"2020-11-01";"";"";"";"Ingolstadt";"active";1001;"2020-09-12"
15053;"energy";"electricity";2300;2449;"2018-03-24";"2018-10-01";"";"";"";"Osnabrück";"indelivery";1000;"2018-10-06"
15054;"energy";"electricity";2700;2603;"2019-03-24";"2019-05-01";"2020-02-29";"2020-01-31";"Umzug";"Koblenz";"terminated";1001;"2019-07-21"
15055;"energy";"electricity";2100;2080;"2019-09-20";"2019-11-01";"";"";"";"Fürth";"indelivery";1000;"2019-10-16"
15056;"energy";"electricity";2400;2487;"2019-11-16";"2020-04-01";"";"";"";"Fürth";"indelivery";1001;"2020-05-30"
15057;"energy";"electricity";2300;2317;"2020-04-16";"2020-06-01";"";"";"";"Bremen";"indelivery";1002;"2020-08-14"
15058;"energy";"electricity";2300;2481;"2018-05-18";"2018-07-01";"";"";"";"Freiburg";"indelivery";1002;"2020-06-09"
15059;"energy";"electricity";2300;2339;"2019-02-19";"2019-04-01";"";"";"";"Berlin";"indelivery";1001;"2019-03-03"
15060;"energy";"gas";11700;12598;"2020-05-21";"2020-07-01";"";"";"";"Hannover";"indelivery";2001;"2020-07-19"
15061;"energy";"electricity";2400;2389;"2018-07-31";"2018-12-01";"";"";"";"Munich";"indelivery";1001;"2019-02-11"
15062;"energy";"electricity";2600;2808;"2019-12-05";"2020-02-01";"";"";"";"Berlin";"indelivery";1002;"2020-07-21"
15063;"energy";"electricity";2400;2509;"2020-04-25";"2020-09-01";"";"";"";"Dortmund";"indelivery";1002;"2020-05-07"
15064;"energy";"electricity";2400;"";"2019-01-27";"2019-03-01";"";"";"";"Munich";"indelivery";1000;"2020-07-10"
15065;"energy";"electricity";2800;2887;"2020-02-23";"2020-04-01";"";"";"";"Essen";"indelivery";1000;"2020-08-17"
15066;"energy";"electricity";2100;2024;"2020-07-17";"2020-08-01";"";"";"";"Ingolstadt";"indelivery";1002;"2020-09-23"
15067;"energy";"electricity";3000;3197;"2019-04-22";"2020-02-01";"2020-10-31";"2020-10-01";"fristgerecht durch Kunde";"Hamburg";"cancelled";1001;"2019-10-09"
15068;"energy";"electricity";2400;2544;"2018-12-27";"2019-07-01";"";"";"";"Bonn";"indelivery";1002;"2020-07-17"
15069;"energy";"electricity";2300;2383;"2020-06-23";"2021-01-01";"";"";"";"Dresden";"active";1000;"2020-09-27"
15070;"energy";"electricity";2100;2221;"2020-03-14";"2020-06-01";"";"";"";"Wiesbaden";"indelivery";1002;"2020-07-21"
15071;"energy";"electricity";2900;3023;"2019-04-11";"2019-05-01";"";"";"";"Lüneburg";"indelivery";1001;"2019-06-28"
15072;"energy";"gas";11500;"";"2018-01-02";"2018-02-01";"";"";"";"Göttingen";"indelivery";2001;"2018-07-27"
15073;"energy";"electricity";2200;2177;"2019-02-10";"2020-01-01";"2020-06-30";"2020-06-02";"fristgerecht durch Kunde";"Mannheim";"terminated";1002;"2019-05-19"
15074;"energy";"electricity";2800;2824;"2020-08-07";"2021-01-01";"";"";"";"Munich";"active";1002;"2020-09-27"
15075;"energy";"electricity";2200;"";"2019-10-02";"2019-12-01";"";"";"";"Ingelheim";"indelivery";1002;"2019-12-12"
15076;"energy";"electricity";2100;2164;"2019-09-06";"2019-10-01";"";"";"";"Münster";"indelivery";1002;"2019-09-22"
15077;"energy";"gas";11600;12424;"2019-08-07";"2019-09-01";"";"";"";"Wuppertal";"indelivery";2000;"2020-08-11"
15078;"energy";"electricity";2300;2260;"2019-06-01";"2019-10-01";"";"";"";"Berlin";"indelivery";1002;"2020-01-08"
15079;"energy";"electricity";2500;2698;"2020-06-03";"2020-08-01";"";"";"";"Cologne";"indelivery";1000;"2020-09-08"
15080;"energy";"electricity";2800;2896;"2020-06-08";"2020-07-01";"";"";"";"Cologne";"indelivery";1001;"2020-07-09"
15081;"energy";"electricity";2600;2693;"2020-03-18";"2020-06-01";"";"";"";"Berlin";"indelivery";1000;"2020-05-19"
15082;"energy";"electricity";2500;2512;"2020-05-25";"2020-07-01";"";"";"";"Dortmund";"indelivery";1001;"2020-06-18"
15083;"energy";"electricity";2400;2332;"2018-04-10";"2018-11-01";"";"";"";"Braunschweig";"indelivery";1001;"2020-05-06"
15084;"energy";"gas";9500;9453;"2019-05-29";"2019-09-01";"";"";"";"Cologne";"indelivery";2001;"2020-09-15"
15085;"energy";"electricity";2800;2831;"2020-05-10";"2021-01-01";"";"";"";"Berlin";"active";1000;"2020-07-17"
15086;"energy";"electricity";2800;2872;"2020-03-14";"2020-06-01";"";"";"";"Cologne";"indelivery";1002;"2020-06-04"
15087;"energy";"electricity";2100;2226;"2020-01-05";"2020-04-01";"";"";"";"Kassel";"indelivery";1001;"2020-06-01"
15088;"energy";"electricity";2300;2416;"2018-09-28";"2018-11-01";"";"";"";"Berlin";"indelivery";1000;"2020-03-28"
15089;"energy";"electricity";2200;2334;"2019-04-11";"2019-10-01";"";"";"";"Hamburg";"indelivery";1001;"2020-03-04"
15090;"energy";"electricity";2000;"";"2019-04-26";"2019-11-01";"";"";"";"Cologne";"indelivery";1001;"2019-12-22"
15091;"energy";"electricity";3000;3104;"2019-03-13";"2019-05-01";"";"";"";"Hannover";"indelivery";1001;"2019-09-23"
15092;"energy";"electricity";3000;3166;"2019-02-14";"2019-04-01";"";"";"";"Flensburg";"indelivery";1001;"2019-04-18"
15093;"energy";"electricity";2400;2309;"2020-08-30";"2020-09-01";"";"";"";"Berlin";"indelivery";1002;"2020-09-21"
15094;"energy";"electricity";2100;2238;"2019-07-29";"2019-08-01";"";"";"";"Munich";"indelivery";1001;"2019-10-23"
15095;"energy";"electricity";2200;2317;"2018-12-01";"2019-03-01";"";"";"";"Dresden";"indelivery";1002;"2020-07-03"
15096;"energy";"electricity";2400;2408;"2019-03-12";"2019-07-01";"";"";"";"Berlin";"indelivery";1001;"2019-12-19"
15097;"energy";"electricity";2100;1962;"2019-01-20";"2019-10-01";"";"";"";"Munich";"indelivery";1001;"2020-01-07"
15098;"energy";"gas";10700;11491;"2020-09-18";"2020-11-01";"2020-12-31";"2020-12-03";"fristgerecht durch Kunde";"Hamburg";"cancelled";2001;"2020-09-20"
15099;"energy";"electricity";2500;2615;"2019-06-04";"2019-09-01";"";"";"";"Bremen";"indelivery";1000;"2020-07-22"
15100;"energy";"gas";9500;9093;"2020-07-10";"2020-08-01";"";"";"";"Hamburg";"indelivery";2000;"2020-07-25"
15101;"energy";"electricity";2600;2624;"2019-06-10";"2019-09-01";"";"";"";"Oldenburg";"indelivery";1002;"2020-08-11"
15102;"energy";"electricity";2500;2512;"2020-09-25";"2020-10-01";"";"";"";"Essen";"indelivery";1001;"2020-09-29"
15103;"energy";"electricity";2900;3069;"2019-09-28";"2019-10-01";"";"";"";"Freiburg";"indelivery";1002;"2019-11-21"
15104;"energy";"gas";8800;8738;"2020-02-12";"2020-06-01";"";"";"";"Erfurt";"indelivery";2001;"2020-09-24"
15105;"energy";"gas";7500;7786;"2019-11-12";"2020-02-01";"";"";"";"Frankfurt";"indelivery";2001;"2020-01-13"
15106;"energy";"gas";11400;11938;"2020-05-18";"2020-09-01";"";"";"";"Göttingen";"indelivery";2001;"2020-08-31"
15107;"energy";"electricity";2200;2158;"2019-09-19";"2020-02-01";"";"";"";"Hamburg";"indelivery";1000;"2020-05-15"
15108;"energy";"gas";11100;11188;"2020-08-15";"2020-09-01";"";"";"";"Munich";"indelivery";2001;"2020-08-29"
15109;"energy";"electricity";2700;"";"2020-03-20";"2020-04-01";"";"";"";"Essen";"indelivery";1001;"2020-09-24"
15110;"energy";"electricity";2400;2253;"2020-02-02";"2020-03-01";"";"";"";"Duisburg";"indelivery";1002;"2020-03-11"
15111;"energy";"electricity";2900;3075;"2020-02-02";"2020-12-01";"";"";"";"Frankfurt";"active";1000;"2020-04-11"
15112;"energy";"electricity";2700;2831;"2019-01-11";"2020-07-01";"";"";"";"Stuttgart";"indelivery";1001;"2020-05-14"
15113;"energy";"electricity";2400;2438;"2019-09-06";"2020-03-01";"";"";"";"Münster";"indelivery";1000;"2019-10-03"
15114;"energy";"gas";10600;10901;"2020-01-21";"2020-08-01";"";"";"";"Berlin";"indelivery";2000;"2020-02-25"
15115;"energy";"electricity";2300;2394;"2019-04-19";"2019-06-01";"2020-01-31";"2020-01-02";"fristgerecht durch Kunde";"Hamburg";"terminated";1001;"2020-01-02"
15116;"energy";"electricity";2400;2409;"2019-05-09";"2019-07-01";"2019-09-30";"2019-08-31";"fristgerecht durch Kunde";"Koblenz";"terminated";1000;"2019-08-31"
15117;"energy";"electricity";2400;2602;"2020-04-18";"2021-08-01";"";"";"";"Marienberg";"active";1000;"2020-07-04"
15118;"energy";"electricity";3000;3076;"2018-09-15";"2018-12-01";"2018-12-01";"2019-12-02";"Wiederruf";"Freiburg";"terminated";1001;"2019-12-02"
15119;"energy";"electricity";2200;2346;"2018-08-22";"2018-10-01";"2019-12-31";"2019-11-27";"fristgerecht durch LichtBlick";"Mainz";"terminated";1000;"2018-12-19"
15120;"energy";"electricity";2400;2437;"2020-05-08";"2020-08-01";"";"";"";"Cologne";"indelivery";1002;"2020-07-22"
15121;"energy";"electricity";2600;2786;"2019-05-15";"2019-08-01";"";"";"";"Saarbrücken";"indelivery";1002;"2019-06-13"
15122;"energy";"electricity";2600;2760;"2018-11-15";"2019-01-01";"2019-04-30";"2019-04-02";"fristgerecht durch Kunde";"Hamburg";"terminated";1002;"2019-01-05"
15123;"energy";"electricity";2600;2717;"2018-10-16";"2019-08-01";"";"";"";"Hannover";"indelivery";1000;"2019-03-20"
15124;"energy";"electricity";2500;2561;"2018-05-04";"2018-07-01";"2018-07-01";"2018-09-02";"Wiederruf";"Dortmund";"terminated";1001;"2018-09-02"
15125;"energy";"electricity";1900;1943;"2019-08-31";"2020-06-01";"";"";"";"Munich";"indelivery";1002;"2020-09-15"
15126;"energy";"electricity";3000;3106;"2019-09-06";"2020-09-01";"";"";"";"Görlitz";"indelivery";1000;"2020-08-22"
15127;"energy";"electricity";2300;2459;"2020-04-08";"2020-07-01";"";"";"";"Saarbrücken";"indelivery";1001;"2020-06-23"
15128;"energy";"gas";10400;"";"2020-05-29";"2020-09-01";"";"";"";"Cologne";"indelivery";2000;"2020-07-15"
15129;"energy";"electricity";2300;2198;"2018-01-03";"2018-05-01";"2018-05-01";"2019-04-02";"Wiederruf";"Hamburg";"terminated";1002;"2019-04-02"
15130;"energy";"electricity";2900;2935;"2019-04-11";"2020-02-01";"";"";"";"Berlin";"indelivery";1002;"2020-05-01"
15131;"energy";"electricity";2200;2380;"2018-12-17";"2019-01-01";"";"";"";"Berlin";"indelivery";1000;"2019-05-12"
15132;"energy";"electricity";2800;2870;"2019-11-25";"2020-02-01";"";"";"";"Dresden";"indelivery";1002;"2019-12-11"
15133;"energy";"gas";10800;11547;"2020-04-02";"2020-06-01";"";"";"";"Göttingen";"indelivery";2001;"2020-06-04"
15134;"energy";"electricity";2400;2471;"2018-05-16";"2018-06-01";"";"";"";"Essen";"indelivery";1001;"2019-02-11"
15135;"energy";"electricity";2000;1964;"2019-12-24";"2020-07-01";"";"";"";"Berlin";"indelivery";1002;"2020-01-20"
15136;"energy";"electricity";2600;2578;"2018-01-21";"2018-02-01";"";"";"";"Braunschweig";"indelivery";1002;"2018-09-14"
15137;"energy";"electricity";2700;2743;"2018-06-03";"2018-09-01";"";"";"";"Hamburg";"indelivery";1000;"2018-10-12"
15138;"energy";"electricity";1900;1919;"2019-08-18";"2020-06-01";"";"";"";"Hamburg";"indelivery";1001;"2020-02-23"
15139;"energy";"electricity";1900;1886;"2018-01-14";"2018-02-01";"";"";"";"Berlin";"indelivery";1000;"2020-05-25"
15140;"energy";"electricity";2600;2509;"2018-02-05";"2018-03-01";"2018-11-30";"2018-10-28";"fristgerecht durch Kunde";"Dortmund";"terminated";1000;"2018-07-05"
15141;"energy";"electricity";2100;2049;"2018-09-18";"2018-10-01";"2019-04-30";"2019-04-01";"Umzug";"Stuttgart";"terminated";1002;"2019-04-01"
15142;"energy";"electricity";2600;2703;"2018-04-24";"2018-07-01";"2019-06-30";"2019-05-29";"Umzug";"Göttingen";"terminated";1000;"2018-11-20"
15143;"energy";"electricity";2600;2585;"2018-11-18";"2019-02-01";"";"";"";"Duisburg";"indelivery";1002;"2019-05-07"
15144;"energy";"electricity";2000;1962;"2020-07-29";"2020-10-01";"";"";"";"Dortmund";"indelivery";1001;"2020-09-09"
15145;"energy";"electricity";2000;2121;"2019-05-26";"2019-06-01";"2019-11-30";"2019-10-29";"fristgerecht durch LichtBlick";"Altchemnitz";"terminated";1001;"2019-10-13"
15146;"energy";"gas";10100;9961;"2020-09-07";"2020-11-01";"";"";"";"Kassel";"active";2001;"2020-09-18"
15147;"energy";"electricity";2500;2576;"2018-11-03";"2018-12-01";"";"";"";"Munich";"indelivery";1002;"2019-02-08"
15148;"energy";"electricity";2100;1996;"2018-04-26";"2018-07-01";"";"";"";"Cologne";"indelivery";1002;"2020-07-22"
15149;"energy";"electricity";3000;2856;"2020-09-14";"2021-02-01";"";"";"";"Essen";"active";1001;"2020-09-27"
15150;"energy";"electricity";2000;2123;"2020-01-05";"2020-04-01";"";"";"";"Berlin";"indelivery";1001;"2020-03-31"
15151;"energy";"electricity";2400;2299;"2019-08-07";"2019-10-01";"2020-01-31";"2020-01-02";"fristgerecht durch Kunde";"Braunschweig";"terminated";1000;"2020-01-02"
15152;"energy";"electricity";2600;2637;"2018-03-30";"2018-06-01";"";"";"";"Bremen";"indelivery";1002;"2020-01-27"
15153;"energy";"electricity";2900;3111;"2019-11-25";"2019-12-01";"";"";"";"Düsseldorf";"indelivery";1002;"2020-05-07"
15154;"energy";"electricity";2100;2027;"2019-06-02";"2019-08-01";"";"";"";"Essen";"indelivery";1000;"2020-08-17"
15155;"energy";"electricity";2000;2104;"2019-07-07";"2019-11-01";"";"";"";"Duisburg";"indelivery";1001;"2019-07-16"
15156;"energy";"electricity";2500;2461;"2018-11-22";"2019-01-01";"";"";"";"Koblenz";"indelivery";1001;"2019-09-26"
15157;"energy";"electricity";2400;"";"2019-05-05";"2019-07-01";"";"";"";"Münster";"indelivery";1000;"2020-02-06"
15158;"energy";"electricity";2900;3071;"2019-05-28";"2019-12-01";"";"";"";"Erfurt";"indelivery";1001;"2020-02-25"
15159;"energy";"electricity";2800;"";"2019-11-23";"2020-05-01";"";"";"";"Bremerhaven";"indelivery";1002;"2019-12-18"
15160;"energy";"electricity";2800;2849;"2019-12-09";"2020-02-01";"";"";"";"Wiesbaden";"indelivery";1001;"2020-02-19"
15161;"energy";"electricity";2500;2618;"2019-10-21";"2019-11-01";"";"";"";"Naumburg";"indelivery";1000;"2020-02-21"
15162;"energy";"electricity";2700;"";"2018-05-08";"2018-07-01";"";"";"";"Freiburg";"indelivery";1002;"2019-09-04"
15163;"energy";"electricity";2100;2074;"2018-02-01";"2018-07-01";"2018-07-01";"2019-01-27";"Wiederruf";"Rostock";"terminated";1001;"2018-11-16"
15164;"energy";"electricity";2700;2574;"2019-11-14";"2019-12-01";"";"";"";"Münster";"indelivery";1001;"2020-07-04"
15165;"energy";"electricity";2500;2486;"2019-11-08";"2020-01-01";"";"";"";"Hamburg";"indelivery";1001;"2020-01-14"
15166;"energy";"electricity";2600;2772;"2019-06-07";"2019-08-01";"";"";"";"Bielefeld";"indelivery";1001;"2020-01-10"
15167;"energy";"gas";10700;10510;"2020-03-17";"2020-05-01";"2020-05-01";"2020-10-02";"Wiederruf";"Munich";"terminated";2000;"2020-04-13"
15168;"energy";"gas";9000;"";"2019-07-17";"2019-11-01";"";"";"";"Munich";"indelivery";2000;"2020-01-26"
15169;"energy";"electricity";2200;2204;"2018-06-05";"2018-12-01";"2019-09-30";"2019-08-27";"Umzug";"Dortmund";"terminated";1001;"2018-09-25"
15170;"energy";"electricity";2000;2060;"2019-01-27";"2019-02-01";"";"";"";"Munich";"indelivery";1000;"2019-07-24"
15171;"energy";"electricity";2500;"";"2018-05-31";"2018-07-01";"";"";"";"Dortmund";"indelivery";1002;"2020-03-30"
15172;"energy";"electricity";2100;2158;"2020-09-28";"2020-10-01";"";"";"";"Göttingen";"indelivery";1002;"2020-09-30"
15173;"energy";"electricity";3000;3119;"2019-10-10";"2019-11-01";"2019-11-01";"2020-10-02";"Wiederruf";"Wuppertal";"terminated";1002;"2020-04-08"
15174;"energy";"electricity";2000;2114;"2018-03-02";"2018-05-01";"";"";"";"Altchemnitz";"indelivery";1000;"2019-10-24"
15175;"energy";"electricity";2500;2562;"2019-01-10";"2019-11-01";"";"";"";"Stralsund";"indelivery";1001;"2019-01-14"
15176;"energy";"electricity";2400;"";"2018-08-10";"2018-10-01";"";"";"";"Wiesbaden";"indelivery";1002;"2018-09-30"
15177;"energy";"electricity";2300;2378;"2020-08-20";"2021-02-01";"";"";"";"Hamburg";"active";1002;"2020-08-20"
15178;"energy";"electricity";2700;2787;"2018-07-09";"2019-04-01";"";"";"";"Bonn";"indelivery";1001;"2019-07-18"
15179;"energy";"electricity";2100;2096;"2020-07-31";"2020-09-01";"";"";"";"Mannheim";"indelivery";1002;"2020-08-24"
15180;"energy";"electricity";2600;2767;"2019-11-09";"2020-05-01";"";"";"";"Frankfurt";"indelivery";1001;"2020-03-13"
15181;"energy";"electricity";2800;2877;"2019-09-02";"2020-02-01";"";"";"";"Lübeck";"indelivery";1001;"2020-02-17"
15182;"energy";"electricity";2100;2291;"2020-04-06";"2020-08-01";"";"";"";"Berlin";"indelivery";1002;"2020-08-31"
15183;"energy";"electricity";2300;2272;"2019-08-21";"2020-01-01";"";"";"";"Berlin";"indelivery";1002;"2020-01-08"
15184;"energy";"electricity";2100;2000;"2018-07-28";"2018-11-01";"";"";"";"Stralsund";"indelivery";1002;"2020-03-20"
15185;"energy";"electricity";2200;2263;"2018-04-27";"2018-08-01";"2020-01-31";"2019-12-29";"fristgerecht durch LichtBlick";"Berlin";"terminated";1001;"2019-12-05"
15186;"energy";"electricity";2700;2677;"2019-03-10";"2019-11-01";"";"";"";"Hamburg";"indelivery";1002;"2020-01-01"
15187;"energy";"gas";11900;11654;"2020-07-23";"2020-09-01";"";"";"";"Mannheim";"indelivery";2000;"2020-08-23"
15188;"energy";"electricity";2300;2467;"2019-01-17";"2019-05-01";"";"";"";"Marktoberdorf";"indelivery";1000;"2019-06-30"
15189;"energy";"gas";11300;11928;"2018-09-21";"2018-12-01";"";"";"";"Dresden";"indelivery";2001;"2019-03-27"
15190;"energy";"electricity";2200;"";"2019-11-06";"2020-01-01";"";"";"";"Cologne";"indelivery";1001;"2020-02-27"
15191;"energy";"electricity";2800;2854;"2020-06-08";"2020-12-01";"";"";"";"Dortmund";"active";1002;"2020-08-27"
15192;"energy";"electricity";2100;2294;"2018-07-29";"2018-12-01";"2018-12-01";"2019-07-01";"Wiederruf";"Mannheim";"terminated";1002;"2018-09-13"
15193;"energy";"electricity";2100;2169;"2018-01-17";"2018-09-01";"";"";"";"Hamburg";"indelivery";1002;"2019-11-10"
15194;"energy";"electricity";2100;1983;"2018-12-29";"2020-03-01";"2020-03-01";"2020-09-02";"Wiederruf";"Hamburg";"terminated";1000;"2020-03-17"
15195;"energy";"electricity";3000;2986;"2018-06-11";"2018-09-01";"";"";"";"Altchemnitz";"indelivery";1000;"2020-03-30"
15196;"energy";"electricity";2400;2444;"2018-10-11";"2019-06-01";"";"";"";"Bottrop";"indelivery";1000;"2020-03-11"
15197;"energy";"electricity";2500;2536;"2019-10-13";"2019-11-01";"";"";"";"Stuttgart";"indelivery";1002;"2020-09-13"
15198;"energy";"electricity";2600;2739;"2019-07-12";"2019-08-01";"";"";"";"Duisburg";"indelivery";1002;"2020-05-06"
15199;"energy";"gas";9800;9989;"2020-05-29";"2020-08-01";"";"";"";"Düsseldorf";"indelivery";2000;"2020-07-22"
15200;"energy";"electricity";2600;2702;"2020-03-17";"2020-05-01";"";"";"";"Kassel";"indelivery";1001;"2020-07-15"
15201;"energy";"electricity";2900;2834;"2019-08-01";"2019-12-01";"";"";"";"Stuttgart";"indelivery";1002;"2020-04-15"
15202;"energy";"electricity";2700;2694;"2019-02-03";"2019-05-01";"2020-07-31";"2020-07-03";"fristgerecht durch Kunde";"Emden";"terminated";1001;"2019-06-21"
15203;"energy";"electricity";2600;2530;"2018-11-30";"2019-05-01";"";"";"";"Berlin";"indelivery";1002;"2019-01-23"
15204;"energy";"electricity";2700;2823;"2019-06-18";"2019-07-01";"";"";"";"Altchemnitz";"indelivery";1001;"2020-03-01"
15205;"energy";"gas";10900;10460;"2018-11-24";"2019-04-01";"";"";"";"Berlin";"indelivery";2001;"2019-02-01"
15206;"energy";"electricity";2200;2118;"2018-10-25";"2018-11-01";"";"";"";"Gera";"indelivery";1001;"2020-01-26"
15207;"energy";"electricity";2500;2608;"2019-10-20";"2019-12-01";"";"";"";"Karlsruhe";"indelivery";1002;"2020-04-04"
15208;"energy";"electricity";2000;2083;"2020-01-10";"2020-06-01";"";"";"";"Düsseldorf";"indelivery";1002;"2020-06-22"
15209;"energy";"gas";11000;11195;"2018-06-01";"2018-08-01";"2020-10-31";"2020-09-27";"fristgerecht durch Kunde";"Munich";"cancelled";2000;"2019-09-24"
15210;"energy";"electricity";2400;"";"2018-01-14";"2018-05-01";"";"";"";"Kassel";"indelivery";1001;"2018-07-04"
15211;"energy";"electricity";2700;2831;"2020-04-27";"2020-10-01";"";"";"";"Essen";"indelivery";1000;"2020-08-19"
15212;"energy";"electricity";2400;2576;"2018-08-11";"2018-10-01";"";"";"";"Freiburg";"indelivery";1002;"2019-12-18"
15213;"energy";"electricity";2800;2850;"2019-05-17";"2019-09-01";"";"";"";"Freiburg";"indelivery";1000;"2020-04-29"
15214;"energy";"electricity";2600;2799;"2019-12-03";"2020-02-01";"2020-03-31";"2020-02-27";"Umzug";"Cologne";"terminated";1001;"2020-02-27"
15215;"energy";"gas";10900;11462;"2019-11-22";"2020-09-01";"";"";"";"Essen";"indelivery";2000;"2020-02-29"
15216;"energy";"electricity";2200;2163;"2020-01-18";"2020-02-01";"";"";"";"Ulm";"indelivery";1001;"2020-04-09"
15217;"energy";"gas";9300;10063;"2019-06-25";"2019-07-01";"";"";"";"Hamburg";"indelivery";2001;"2019-10-17"
15218;"energy";"electricity";2000;2009;"2018-11-24";"2019-02-01";"";"";"";"Rostock";"indelivery";1001;"2020-04-17"
15219;"energy";"electricity";2600;2508;"2019-05-30";"2020-05-01";"";"";"";"Frankfurt";"indelivery";1002;"2020-04-28"
15220;"energy";"electricity";2400;"";"2019-07-23";"2019-09-01";"";"";"";"Munich";"indelivery";1000;"2020-01-16"
15221;"energy";"electricity";2500;2728;"2018-05-03";"2018-08-01";"2020-11-30";"2020-11-02";"Umzug";"Hannover";"cancelled";1001;"2019-03-31"
15222;"energy";"gas";8300;8259;"2018-05-29";"2018-09-01";"2018-10-31";"2018-10-03";"Umzug";"Cologne";"terminated";2000;"2018-09-03"
15223;"energy";"gas";10600;11155;"2018-03-13";"2018-10-01";"";"";"";"Munich";"indelivery";2001;"2020-02-26"
15224;"energy";"electricity";2800;2832;"2020-08-07";"2021-04-01";"";"";"";"Hamburg";"active";1002;"2020-08-18"
15225;"energy";"electricity";2600;2585;"2018-05-27";"2019-01-01";"";"";"";"Bonn";"indelivery";1000;"2019-01-21"
15226;"energy";"electricity";2700;2554;"2019-07-04";"2019-09-01";"2020-04-30";"2020-03-29";"fristgerecht durch LichtBlick";"Essen";"terminated";1001;"2020-03-29"
15227;"energy";"electricity";2400;2603;"2019-08-12";"2019-10-01";"2020-11-30";"2020-11-02";"Umzug";"Hannover";"cancelled";1000;"2020-07-17"
15228;"energy";"electricity";2700;2666;"2020-03-29";"2020-08-01";"";"";"";"Berlin";"indelivery";1002;"2020-04-27"
15229;"energy";"electricity";2100;"";"2018-01-21";"2018-05-01";"";"";"";"Cologne";"indelivery";1001;"2018-09-17"
15230;"energy";"electricity";2200;2266;"2019-05-21";"2019-09-01";"";"";"";"Munich";"indelivery";1002;"2020-03-24"
15231;"energy";"electricity";2300;2308;"2020-06-30";"2021-04-01";"";"";"";"Göttingen";"active";1001;"2020-09-12"
15232;"energy";"electricity";2300;2313;"2019-04-03";"2019-07-01";"";"";"";"Berlin";"indelivery";1000;"2019-07-18"
15233;"energy";"electricity";2300;2367;"2019-06-06";"2019-09-01";"";"";"";"Hamburg";"indelivery";1002;"2019-10-22"
15234;"energy";"electricity";2900;2821;"2019-11-19";"2020-02-01";"";"";"";"Bielefeld";"indelivery";1001;"2019-12-13"
15235;"energy";"electricity";3000;3192;"2020-08-07";"2020-10-01";"";"";"";"Altchemnitz";"indelivery";1000;"2020-08-11"
15236;"energy";"gas";9000;"";"2020-04-16";"2020-06-01";"";"";"";"Duisburg";"indelivery";2001;"2020-06-14"
15237;"energy";"electricity";2200;2359;"2020-04-02";"2020-07-01";"";"";"";"Mühldorf";"indelivery";1001;"2020-05-10"
15238;"energy";"electricity";2200;2191;"2018-07-20";"2018-11-01";"";"";"";"Dortmund";"indelivery";1002;"2020-03-28"
15239;"energy";"electricity";2500;2561;"2019-01-16";"2019-04-01";"";"";"";"Berlin";"indelivery";1001;"2019-05-09"
15240;"energy";"gas";8100;8176;"2019-09-02";"2019-11-01";"";"";"";"Osnabrück";"indelivery";2000;"2020-05-13"
15241;"energy";"electricity";2900;2913;"2020-08-08";"2020-11-01";"";"";"";"Bielefeld";"active";1001;"2020-09-22"
15242;"energy";"electricity";2700;2843;"2018-02-26";"2018-08-01";"";"";"";"Berlin";"indelivery";1001;"2018-04-29"
15243;"energy";"electricity";2900;2984;"2019-05-03";"2019-08-01";"";"";"";"Bremen";"indelivery";1002;"2019-09-17"
15244;"energy";"gas";8300;8005;"2020-01-31";"2020-10-01";"";"";"";"Freiburg";"indelivery";2000;"2020-05-14"
15245;"energy";"electricity";2200;2238;"2018-08-04";"2019-06-01";"";"";"";"Oldenburg";"indelivery";1000;"2018-10-24"
15246;"energy";"electricity";2600;2538;"2019-04-05";"2019-05-01";"";"";"";"Oldenburg";"indelivery";1001;"2019-09-21"
15247;"energy";"electricity";2100;2111;"2020-08-02";"2021-02-01";"";"";"";"Koblenz";"active";1002;"2020-08-16"
15248;"energy";"gas";10000;10439;"2019-03-16";"2019-04-01";"";"";"";"Freiburg";"indelivery";2000;"2019-11-01"
15249;"energy";"electricity";2500;2663;"2018-03-26";"2018-06-01";"2020-01-31";"2020-01-02";"fristgerecht durch Kunde";"Apolda";"terminated";1001;"2019-04-29"
15250;"energy";"electricity";2500;"";"2018-04-22";"2018-05-01";"2018-05-01";"2019-05-24";"Wiederruf";"Wuppertal";"terminated";1000;"2019-02-11"
15251;"energy";"electricity";2900;2828;"2019-01-05";"2019-06-01";"2019-10-31";"2019-10-02";"fristgerecht durch LichtBlick";"Munich";"terminated";1000;"2019-08-09"
15252;"energy";"electricity";2200;2392;"2019-10-10";"2019-12-01";"";"";"";"Berlin";"indelivery";1000;"2020-05-02"
15253;"energy";"electricity";2700;2755;"2018-02-28";"2018-08-01";"";"";"";"Freiburg";"indelivery";1002;"2018-05-27"
15254;"energy";"electricity";2800;2939;"2019-08-31";"2020-03-01";"";"";"";"Mühldorf";"indelivery";1002;"2020-09-30"
15255;"energy";"electricity";2600;2669;"2018-10-19";"2018-12-01";"";"";"";"Zweibrücken";"indelivery";1001;"2019-10-31"
15256;"energy";"electricity";2400;2597;"2020-07-28";"2021-03-01";"";"";"";"Munich";"active";1000;"2020-08-23"
15257;"energy";"gas";9800;9760;"2019-12-26";"2020-04-01";"";"";"";"Cologne";"indelivery";2000;"2020-03-31"
15258;"energy";"electricity";2000;2042;"2020-01-02";"2020-05-01";"";"";"";"Lübeck";"indelivery";1002;"2020-03-06"
15259;"energy";"electricity";2600;2491;"2020-02-20";"2020-04-01";"";"";"";"Munich";"indelivery";1001;"2020-06-07"
15260;"energy";"gas";10600;10720;"2018-01-05";"2018-02-01";"2020-12-31";"2020-12-03";"Umzug";"Oldenburg";"cancelled";2000;"2019-05-13"
15261;"energy";"electricity";2700;2709;"2019-10-17";"2020-07-01";"";"";"";"Marienberg";"indelivery";1000;"2020-01-24"
15262;"energy";"gas";8100;7772;"2019-10-31";"2019-11-01";"";"";"";"Kiel";"indelivery";2001;"2020-08-23"
15263;"energy";"electricity";2300;2366;"2019-07-02";"2020-05-01";"";"";"";"Hannover";"indelivery";1002;"2019-10-17"
15264;"energy";"gas";8400;8202;"2018-06-05";"2018-09-01";"";"";"";"Hamburg";"indelivery";2000;"2019-09-01"
15265;"energy";"electricity";2500;2518;"2018-10-19";"2018-12-01";"2018-12-01";"2020-01-02";"Wiederruf";"Frankfurt";"terminated";1002;"2020-01-02"
15266;"energy";"electricity";2500;2694;"2020-01-02";"2020-08-01";"";"";"";"Hamburg";"indelivery";1000;"2020-04-10"
15267;"energy";"electricity";2500;2445;"2019-10-15";"2019-12-01";"";"";"";"Frankfurt";"indelivery";1002;"2020-04-14"
15268;"energy";"electricity";2300;2392;"2020-03-05";"2020-05-01";"";"";"";"Göttingen";"indelivery";1000;"2020-05-11"
15269;"energy";"electricity";2100;"";"2020-09-01";"2020-10-01";"";"";"";"Kiel";"indelivery";1000;"2020-09-13"
15270;"energy";"gas";12100;12992;"2020-08-23";"2020-10-01";"";"";"";"Bad Ems";"indelivery";2001;"2020-09-14"
15271;"energy";"gas";8300;7999;"2018-06-08";"2018-10-01";"2020-06-30";"2020-05-26";"fristgerecht durch LichtBlick";"Dresden";"terminated";2001;"2020-02-05"
15272;"energy";"electricity";2900;3019;"2018-07-21";"2018-11-01";"";"";"";"Arnstadt";"indelivery";1000;"2019-09-15"
15273;"energy";"electricity";2100;2010;"2020-09-24";"2020-11-01";"";"";"";"Lübeck";"active";1000;"2020-09-30"
15274;"energy";"electricity";2500;2414;"2020-03-16";"2020-10-01";"";"";"";"Munich";"indelivery";1001;"2020-04-10"
15275;"energy";"electricity";2400;2511;"2019-11-05";"2020-05-01";"";"";"";"Dortmund";"indelivery";1002;"2020-04-09"
15276;"energy";"electricity";2500;"";"2020-02-07";"2020-10-01";"";"";"";"Kassel";"indelivery";1002;"2020-03-23"
15277;"energy";"gas";11100;11942;"2019-03-15";"2019-04-01";"";"";"";"Magdeburg";"indelivery";2001;"2019-05-28"
15278;"energy";"electricity";2100;2127;"2019-01-05";"2019-03-01";"";"";"";"Berlin";"indelivery";1000;"2019-04-03"
15279;"energy";"electricity";2000;2025;"2018-11-14";"2019-03-01";"2019-10-31";"2019-10-02";"fristgerecht durch Kunde";"Stuttgart";"terminated";1002;"2019-06-02"
15280;"energy";"gas";11400;10940;"2020-08-22";"2021-02-01";"";"";"";"Gera";"active";2001;"2020-09-27"
15281;"energy";"electricity";2900;2961;"2020-03-09";"2020-08-01";"";"";"";"Stuttgart";"indelivery";1002;"2020-05-20"
15282;"energy";"electricity";2400;2576;"2019-01-14";"2019-07-01";"";"";"";"Essen";"indelivery";1001;"2019-07-24"
15283;"energy";"electricity";3000;3139;"2019-01-22";"2019-03-01";"2019-03-01";"2020-08-29";"Wiederruf";"Leipzig";"terminated";1001;"2020-01-27"
15284;"energy";"electricity";2700;2602;"2019-06-04";"2019-07-01";"";"";"";"Duisburg";"indelivery";1002;"2019-08-14"
15285;"energy";"gas";10100;10778;"2019-10-25";"2020-01-01";"2020-11-30";"2020-11-02";"Umzug";"Bonn";"cancelled";2000;"2020-04-26"
15286;"energy";"gas";11700;12370;"2019-02-10";"2019-05-01";"";"";"";"Frankfurt";"indelivery";2000;"2020-07-01"
15287;"energy";"electricity";2300;2438;"2019-07-15";"2019-10-01";"";"";"";"Berlin";"indelivery";1002;"2019-09-20"
15288;"energy";"gas";11900;11781;"2019-07-16";"2020-02-01";"";"";"";"Essen";"indelivery";2001;"2020-07-29"
15289;"energy";"electricity";2400;2457;"2018-03-25";"2018-07-01";"2018-07-01";"2020-08-01";"Wiederruf";"Merseburg";"terminated";1001;"2020-03-18"
15290;"energy";"gas";9200;9373;"2020-05-06";"2020-06-01";"";"";"";"Frankfurt";"indelivery";2001;"2020-09-22"
15291;"energy";"electricity";2300;2312;"2018-12-21";"2019-02-01";"";"";"";"Berlin";"indelivery";1002;"2020-04-27"
15292;"energy";"gas";10700;10479;"2019-11-13";"2019-12-01";"";"";"";"Duisburg";"indelivery";2000;"2020-02-12"
15293;"energy";"electricity";2800;2760;"2019-09-08";"2019-11-01";"";"";"";"Magdeburg";"indelivery";1001;"2020-02-28"
15294;"energy";"electricity";2400;2490;"2020-03-07";"2021-01-01";"";"";"";"Marienberg";"active";1002;"2020-08-31"
15295;"energy";"electricity";2000;"";"2020-01-22";"2020-03-01";"";"";"";"Marienberg";"indelivery";1001;"2020-02-15"
15296;"energy";"electricity";2800;2973;"2019-06-27";"2020-02-01";"";"";"";"Braunschweig";"indelivery";1000;"2020-01-29"
15297;"energy";"gas";10700;10633;"2020-05-11";"2020-12-01";"";"";"";"Munich";"active";2000;"2020-08-06"
15298;"energy";"electricity";2500;"";"2019-03-06";"2019-05-01";"";"";"";"Würzburg";"indelivery";1002;"2020-07-10"
15299;"energy";"electricity";3000;3040;"2018-02-16";"2019-01-01";"";"";"";"Rostock";"indelivery";1002;"2018-04-02"
15300;"energy";"electricity";2800;2899;"2020-02-29";"2020-07-01";"";"";"";"Bremen";"indelivery";1002;"2020-05-21"
15301;"energy";"gas";9600;9544;"2020-05-24";"2020-11-01";"";"";"";"Berlin";"active";2001;"2020-07-12"
15302;"energy";"gas";8800;9394;"2019-01-29";"2019-05-01";"";"";"";"Braunschweig";"indelivery";2001;"2019-07-10"
15303;"energy";"electricity";2500;2621;"2019-04-27";"2019-08-01";"";"";"";"Stuttgart";"indelivery";1002;"2020-04-22"
15304;"energy";"electricity";2100;2194;"2019-05-25";"2019-08-01";"";"";"";"Stuttgart";"indelivery";1001;"2020-04-26"
15305;"energy";"electricity";2100;2248;"2019-08-10";"2019-10-01";"";"";"";"Munich";"indelivery";1002;"2020-09-11"
15306;"energy";"electricity";2300;2268;"2018-09-17";"2018-12-01";"";"";"";"Erfurt";"indelivery";1002;"2019-03-12"
15307;"energy";"electricity";2600;2581;"2019-07-22";"2020-06-01";"";"";"";"Mainz";"indelivery";1002;"2020-05-25"
15308;"energy";"electricity";2300;2255;"2020-07-08";"2021-04-01";"";"";"";"Berlin";"active";1000;"2020-09-17"
15309;"energy";"gas";10300;11140;"2019-04-04";"2019-08-01";"";"";"";"Ingolstadt";"indelivery";2000;"2019-08-16"
15310;"energy";"electricity";2200;2231;"2020-06-20";"2020-10-01";"";"";"";"Leipzig";"indelivery";1002;"2020-06-27"
15311;"energy";"electricity";2100;2078;"2020-08-11";"2021-01-01";"";"";"";"Hannover";"active";1001;"2020-08-30"
15312;"energy";"electricity";2400;2518;"2019-07-13";"2019-08-01";"";"";"";"Dessau-Roßlau";"indelivery";1000;"2020-04-17"
15313;"energy";"electricity";2100;2171;"2019-12-02";"2020-08-01";"";"";"";"Potsdam";"indelivery";1001;"2020-07-12"
15314;"energy";"electricity";2700;2693;"2019-10-29";"2020-01-01";"";"";"";"Erfurt";"indelivery";1002;"2020-02-05"
15315;"energy";"electricity";2600;2559;"2018-12-11";"2019-07-01";"2020-10-31";"2020-10-02";"fristgerecht durch LichtBlick";"Cologne";"cancelled";1002;"2020-08-03"
15316;"energy";"electricity";2300;2363;"2018-06-19";"2019-01-01";"2019-08-31";"2019-07-29";"fristgerecht durch LichtBlick";"Mannheim";"terminated";1001;"2019-01-10"
15317;"energy";"electricity";2000;2102;"2018-07-01";"2018-09-01";"";"";"";"Hamburg";"indelivery";1002;"2019-06-14"
15318;"energy";"electricity";2500;2408;"2018-09-28";"2019-04-01";"";"";"";"Flensburg";"indelivery";1002;"2019-02-12"
15319;"energy";"electricity";2500;"";"2018-07-31";"2018-08-01";"2020-01-31";"2020-01-01";"Umzug";"Bremerhaven";"terminated";1001;"2018-10-21"
15320;"energy";"electricity";2300;2416;"2019-04-09";"2019-06-01";"";"";"";"Marienberg";"indelivery";1000;"2019-11-12"
15321;"energy";"electricity";2400;2537;"2019-04-08";"2019-10-01";"";"";"";"Bonn";"indelivery";1002;"2020-02-19"
15322;"energy";"electricity";3000;3131;"2018-06-23";"2018-10-01";"";"";"";"Göttingen";"indelivery";1000;"2020-04-23"
15323;"energy";"electricity";2300;2201;"2020-02-16";"2020-04-01";"";"";"";"Ingolstadt";"indelivery";1002;"2020-06-07"
15324;"energy";"electricity";2400;2289;"2020-04-30";"2021-05-01";"";"";"";"Cologne";"active";1000;"2020-09-25"
15325;"energy";"gas";8200;8085;"2019-06-16";"2019-09-01";"2020-11-30";"2020-11-02";"Umzug";"Berlin";"cancelled";2000;"2019-10-09"
15326;"energy";"electricity";2800;2647;"2020-09-25";"2020-11-01";"";"";"";"Detmold";"active";1000;"2020-09-25"
15327;"energy";"electricity";2500;2670;"2020-02-20";"2020-07-01";"";"";"";"Mannheim";"indelivery";1002;"2020-06-05"
15328;"energy";"electricity";2600;2677;"2020-02-27";"2021-06-01";"";"";"";"Munich";"active";1001;"2020-03-07"
15329;"energy";"electricity";2300;2346;"2018-08-15";"2018-12-01";"2019-09-30";"2019-09-02";"Umzug";"Hamburg";"terminated";1002;"2019-09-02"
15330;"energy";"electricity";2400;2284;"2019-03-14";"2019-04-01";"2020-06-30";"2020-06-01";"fristgerecht durch LichtBlick";"Bonn";"terminated";1002;"2019-04-28"
15331;"energy";"electricity";2500;2536;"2018-10-17";"2019-06-01";"";"";"";"Hamburg";"indelivery";1000;"2019-01-29"
15332;"energy";"gas";8600;8507;"2018-03-04";"2018-04-01";"";"";"";"Mannheim";"indelivery";2001;"2020-05-29"
15333;"energy";"electricity";2200;"";"2020-01-27";"2020-03-01";"";"";"";"Essen";"indelivery";1000;"2020-06-25"
15334;"energy";"electricity";2900;2816;"2018-09-28";"2018-10-01";"2020-06-30";"2020-05-30";"fristgerecht durch LichtBlick";"Dresden";"terminated";1002;"2019-06-24"
15335;"energy";"electricity";2700;2741;"2020-04-12";"2020-05-01";"2020-10-31";"2020-10-02";"Umzug";"Berlin";"cancelled";1001;"2020-05-25"
15336;"energy";"electricity";2300;2492;"2018-05-22";"2018-07-01";"";"";"";"Dortmund";"indelivery";1002;"2019-09-30"
15337;"energy";"electricity";2100;2114;"2018-07-28";"2018-09-01";"";"";"";"Kassel";"indelivery";1002;"2020-08-23"
15338;"energy";"electricity";2600;2818;"2019-06-22";"2019-08-01";"";"";"";"Düsseldorf";"indelivery";1000;"2019-09-24"
15339;"energy";"electricity";2100;2233;"2020-09-30";"2021-05-01";"";"";"";"Hamburg";"active";1002;"2020-09-30"
15340;"energy";"electricity";2200;"";"2018-12-28";"2019-02-01";"";"";"";"Leipzig";"indelivery";1002;"2019-03-17"
15341;"energy";"electricity";2200;2212;"2019-11-05";"2020-09-01";"";"";"";"Frankfurt";"indelivery";1001;"2019-11-19"
15342;"energy";"gas";8200;8012;"2019-03-13";"2019-09-01";"2020-10-31";"2020-10-01";"fristgerecht durch Kunde";"Bielefeld";"cancelled";2000;"2019-06-10"
15343;"energy";"gas";9400;9652;"2018-05-16";"2018-12-01";"2020-09-30";"2020-08-31";"fristgerecht durch Kunde";"Bonn";"terminated";2000;"2020-08-11"
15344;"energy";"electricity";2300;2242;"2019-02-10";"2019-04-01";"";"";"";"Karlsruhe";"indelivery";1002;"2019-05-16"
15345;"energy";"electricity";2400;2476;"2019-04-16";"2019-06-01";"";"";"";"Berlin";"indelivery";1001;"2020-07-28"
15346;"energy";"electricity";2700;2635;"2019-08-22";"2020-02-01";"";"";"";"Munich";"indelivery";1000;"2019-12-10"
15347;"energy";"electricity";2400;2492;"2018-05-26";"2018-10-01";"2020-07-31";"2020-06-29";"fristgerecht durch Kunde";"Saarbrücken";"terminated";1001;"2018-10-06"
15348;"energy";"gas";8600;8279;"2020-09-19";"2020-11-01";"";"";"";"Mönchengladbach";"active";2000;"2020-09-29"
15349;"energy";"electricity";2600;2780;"2018-03-18";"2018-06-01";"";"";"";"Düsseldorf";"indelivery";1001;"2018-11-21"
15350;"energy";"electricity";2100;2058;"2018-08-12";"2018-10-01";"";"";"";"Berlin";"indelivery";1000;"2019-07-27"
15351;"energy";"gas";9100;9168;"2020-07-23";"2020-11-01";"";"";"";"Leipzig";"active";2000;"2020-09-03"
15352;"energy";"electricity";2900;2831;"2019-03-31";"2019-12-01";"";"";"";"Hamburg";"indelivery";1000;"2019-06-07"
15353;"energy";"electricity";2300;2407;"2018-03-15";"2018-05-01";"";"";"";"Cologne";"indelivery";1000;"2019-08-30"
15354;"energy";"electricity";2200;2091;"2019-12-31";"2020-03-01";"";"";"";"Berlin";"indelivery";1001;"2020-04-26"
15355;"energy";"electricity";2400;2407;"2018-05-25";"2018-08-01";"";"";"";"Munich";"indelivery";1000;"2019-11-17"
15356;"energy";"gas";8800;9308;"2018-03-29";"2018-08-01";"";"";"";"Essen";"indelivery";2001;"2018-09-14"
15357;"energy";"electricity";2000;2023;"2019-01-24";"2020-01-01";"";"";"";"Berlin";"indelivery";1001;"2019-07-23"
15358;"energy";"electricity";2700;2619;"2019-10-26";"2019-11-01";"";"";"";"Berlin";"indelivery";1000;"2020-03-10"
15359;"energy";"electricity";2000;2081;"2018-04-17";"2018-12-01";"";"";"";"Bielefeld";"indelivery";1000;"2018-04-20"
15360;"energy";"electricity";2400;2488;"2018-10-11";"2019-01-01";"";"";"";"Koblenz";"indelivery";1000;"2019-08-04"
15361;"energy";"electricity";2000;2180;"2018-03-14";"2018-04-01";"";"";"";"Marienberg";"indelivery";1002;"2019-01-21"
15362;"energy";"electricity";2200;"";"2019-05-17";"2019-10-01";"";"";"";"Duisburg";"indelivery";1001;"2019-06-15"
15363;"energy";"electricity";2500;2613;"2018-01-23";"2018-03-01";"";"";"";"Dortmund";"indelivery";1001;"2018-05-13"
15364;"energy";"electricity";2900;2821;"2018-06-01";"2018-09-01";"";"";"";"Munich";"indelivery";1000;"2018-11-29"
15365;"energy";"electricity";2800;2687;"2019-05-24";"2019-10-01";"";"";"";"Berlin";"indelivery";1000;"2019-06-22"
15366;"energy";"electricity";2800;3007;"2020-01-28";"2020-04-01";"";"";"";"Augsburg";"indelivery";1000;"2020-05-26"
15367;"energy";"electricity";2600;2804;"2019-10-02";"2020-03-01";"";"";"";"Berlin";"indelivery";1002;"2020-04-03"
15368;"energy";"gas";9300;9314;"2019-10-02";"2019-11-01";"2020-05-31";"2020-05-01";"Umzug";"Duisburg";"terminated";2000;"2020-03-06"
15369;"energy";"electricity";2800;2921;"2020-09-11";"2020-11-01";"";"";"";"Karlsruhe";"active";1000;"2020-09-27"
15370;"energy";"electricity";2700;2704;"2019-05-18";"2019-07-01";"";"";"";"Gießen";"indelivery";1000;"2020-07-22"
15371;"energy";"electricity";2200;"";"2020-02-23";"2020-06-01";"";"";"";"Hannover";"indelivery";1001;"2020-06-22"
15372;"energy";"electricity";3000;3179;"2019-07-02";"2019-12-01";"";"";"";"Bielefeld";"indelivery";1001;"2020-04-29"
15373;"energy";"electricity";2100;2106;"2019-07-21";"2019-12-01";"";"";"";"Ingolstadt";"indelivery";1001;"2020-05-12"
15374;"energy";"gas";8500;9078;"2019-05-21";"2019-06-01";"";"";"";"Essen";"indelivery";2000;"2019-09-23"
15375;"energy";"electricity";2800;2736;"2020-07-07";"2021-11-01";"";"";"";"Munich";"active";1000;"2020-08-30"
15376;"energy";"electricity";2300;2253;"2020-04-13";"2020-09-01";"";"";"";"Freiburg";"indelivery";1001;"2020-09-01"
15377;"energy";"electricity";2600;2664;"2018-05-16";"2019-03-01";"2019-03-01";"2019-09-01";"Wiederruf";"Sangerhausen";"terminated";1000;"2018-05-16"
15378;"energy";"electricity";2400;"";"2018-01-20";"2018-03-01";"2018-09-30";"2018-09-02";"fristgerecht durch LichtBlick";"Fürth";"terminated";1001;"2018-09-02"
15379;"energy";"electricity";2700;2664;"2020-05-25";"2021-05-01";"";"";"";"Göttingen";"active";1000;"2020-09-04"
15380;"energy";"electricity";2600;2698;"2019-08-25";"2019-11-01";"";"";"";"Seelow";"indelivery";1000;"2020-09-07"
15381;"energy";"electricity";2800;2794;"2020-08-01";"2021-01-01";"";"";"";"Essen";"active";1002;"2020-09-24"
15382;"energy";"electricity";2100;2183;"2019-09-15";"2019-11-01";"";"";"";"Leipzig";"indelivery";1001;"2020-07-02"
15383;"energy";"electricity";2000;2037;"2019-03-23";"2019-05-01";"";"";"";"Berlin";"indelivery";1001;"2019-04-18"
15384;"energy";"electricity";2900;3059;"2018-04-15";"2018-10-01";"";"";"";"Bremen";"indelivery";1001;"2020-09-14"
15385;"energy";"electricity";2000;2030;"2019-12-03";"2020-05-01";"";"";"";"Berlin";"indelivery";1000;"2020-02-20"
15386;"energy";"electricity";3000;2963;"2019-02-17";"2019-06-01";"2019-09-30";"2019-09-01";"fristgerecht durch Kunde";"Hamburg";"terminated";1001;"2019-05-16"
15387;"energy";"gas";10400;10124;"2019-11-04";"2019-12-01";"";"";"";"Hamburg";"indelivery";2001;"2020-01-21"
15388;"energy";"electricity";2700;2753;"2018-08-09";"2019-04-01";"";"";"";"Bad Homburg";"indelivery";1001;"2020-01-17"
15389;"energy";"gas";9800;9910;"2018-06-17";"2018-11-01";"";"";"";"Potsdam";"indelivery";2001;"2018-10-10"
15390;"energy";"electricity";2200;2171;"2018-03-24";"2018-05-01";"2018-05-01";"2019-03-31";"Wiederruf";"Altchemnitz";"terminated";1001;"2019-03-31"
15391;"energy";"electricity";2500;2432;"2018-04-03";"2018-06-01";"2019-04-30";"2019-03-29";"fristgerecht durch Kunde";"Munich";"terminated";1000;"2019-03-29"
15392;"energy";"electricity";2800;2669;"2019-06-05";"2019-07-01";"";"";"";"Oldenburg";"indelivery";1000;"2020-08-15"
15393;"energy";"electricity";2400;2491;"2020-01-14";"2020-03-01";"";"";"";"Munich";"indelivery";1002;"2020-03-31"
15394;"energy";"electricity";2000;1949;"2018-11-12";"2019-03-01";"";"";"";"Flensburg";"indelivery";1000;"2019-07-19"
15395;"energy";"electricity";2700;2737;"2019-01-05";"2019-02-01";"";"";"";"Essen";"indelivery";1001;"2019-08-01"
15396;"energy";"electricity";2500;2446;"2018-10-31";"2018-12-01";"";"";"";"Altchemnitz";"indelivery";1000;"2019-09-27"
15397;"energy";"electricity";2700;2568;"2018-10-19";"2019-12-01";"";"";"";"Berlin";"indelivery";1000;"2018-11-15"
15398;"energy";"electricity";2300;2391;"2020-03-02";"2020-09-01";"";"";"";"Munich";"indelivery";1001;"2020-07-29"
15399;"energy";"electricity";2600;2544;"2020-03-06";"2020-10-01";"";"";"";"Hamburg";"indelivery";1002;"2020-08-16"
15400;"energy";"gas";9500;10197;"2019-11-17";"2019-12-01";"";"";"";"Landau";"indelivery";2000;"2020-07-06"
15401;"energy";"electricity";2400;2423;"2019-12-25";"2020-03-01";"";"";"";"Berlin";"indelivery";1002;"2020-03-12"
15402;"energy";"electricity";2600;2816;"2018-10-11";"2018-12-01";"";"";"";"Hannover";"indelivery";1002;"2020-01-15"
15403;"energy";"gas";11700;11258;"2019-06-14";"2020-05-01";"";"";"";"Munich";"indelivery";2000;"2020-02-12"
15404;"energy";"electricity";2200;2347;"2018-03-14";"2019-03-01";"";"";"";"Essen";"indelivery";1001;"2018-11-01"
15405;"energy";"electricity";2400;2550;"2019-11-07";"2020-02-01";"";"";"";"Krefeld";"indelivery";1002;"2020-07-03"
15406;"energy";"electricity";2500;2566;"2018-02-24";"2018-06-01";"";"";"";"Erlangen";"indelivery";1000;"2018-06-26"
15407;"energy";"electricity";2700;2675;"2019-02-21";"2019-06-01";"";"";"";"Braunschweig";"indelivery";1000;"2020-01-14"
15408;"energy";"electricity";2400;2320;"2020-04-05";"2020-09-01";"";"";"";"Frankfurt";"indelivery";1000;"2020-08-30"
15409;"energy";"gas";11200;11431;"2019-12-26";"2020-02-01";"";"";"";"Karlsruhe";"indelivery";2000;"2020-03-07"
15410;"energy";"electricity";2500;2441;"2020-04-30";"2020-06-01";"";"";"";"Berlin";"indelivery";1000;"2020-09-14"
15411;"energy";"electricity";2100;"";"2018-04-22";"2018-05-01";"";"";"";"Wiesbaden";"indelivery";1002;"2018-06-26"
15412;"energy";"electricity";3000;3062;"2019-09-28";"2020-08-01";"";"";"";"Altenkirchen";"indelivery";1000;"2019-12-09"
15413;"energy";"electricity";2200;2301;"2020-01-01";"2020-03-01";"";"";"";"Duisburg";"indelivery";1000;"2020-09-30"
15414;"energy";"gas";9000;9593;"2018-08-24";"2019-02-01";"2019-09-30";"2019-09-02";"fristgerecht durch Kunde";"Bremerhaven";"terminated";2000;"2019-06-20"
15415;"energy";"electricity";2900;3020;"2019-04-04";"2019-06-01";"";"";"";"Flensburg";"indelivery";1002;"2019-05-04"
15416;"energy";"electricity";2600;2578;"2018-06-26";"2018-08-01";"";"";"";"Karlstadt";"indelivery";1001;"2019-05-14"
15417;"energy";"electricity";2300;2372;"2019-09-01";"2019-11-01";"2020-03-31";"2020-02-27";"Umzug";"Wiesbaden";"terminated";1002;"2020-02-27"
15418;"energy";"electricity";2800;2740;"2018-04-03";"2018-08-01";"";"";"";"Freiburg";"indelivery";1001;"2020-06-26"
15419;"energy";"electricity";2600;2485;"2019-02-01";"2019-04-01";"2020-10-31";"2020-09-30";"fristgerecht durch LichtBlick";"Munich";"cancelled";1001;"2019-03-01"
15420;"energy";"gas";11600;12261;"2019-08-29";"2020-01-01";"";"";"";"Berlin";"indelivery";2000;"2020-06-19"
15421;"energy";"electricity";2200;2327;"2018-11-20";"2019-12-01";"2020-06-30";"2020-05-31";"Umzug";"Hamburg";"terminated";1002;"2019-02-19"
15422;"energy";"electricity";2900;2928;"2020-09-14";"2020-11-01";"";"";"";"Apolda";"active";1001;"2020-09-17"
15423;"energy";"electricity";2200;2316;"2020-09-11";"2021-04-01";"";"";"";"Emmendingen";"active";1000;"2020-09-24"
15424;"energy";"electricity";2100;2297;"2018-11-25";"2019-03-01";"";"";"";"Hannover";"indelivery";1000;"2019-06-22"
15425;"energy";"electricity";2500;2453;"2019-04-08";"2019-08-01";"";"";"";"Mannheim";"indelivery";1002;"2019-05-24"
15426;"energy";"electricity";2200;2308;"2019-07-03";"2019-09-01";"";"";"";"Emden";"indelivery";1001;"2020-04-21"
15427;"energy";"gas";10400;10269;"2019-09-01";"2020-01-01";"";"";"";"Berlin";"indelivery";2001;"2020-08-02"
15428;"energy";"electricity";2600;2831;"2018-09-26";"2018-12-01";"";"";"";"Dresden";"indelivery";1001;"2020-09-02"
15429;"energy";"electricity";2500;2556;"2019-05-31";"2019-06-01";"";"";"";"Berlin";"indelivery";1002;"2019-10-04"
15430;"energy";"electricity";2400;2290;"2018-04-15";"2018-09-01";"";"";"";"Hamburg";"indelivery";1000;"2019-07-08"
15431;"energy";"electricity";2400;2562;"2019-07-21";"2020-03-01";"";"";"";"Dresden";"indelivery";1002;"2019-11-09"
15432;"energy";"electricity";2300;"";"2020-09-01";"2020-10-01";"";"";"";"Munich";"indelivery";1002;"2020-09-21"
15433;"energy";"gas";10000;10060;"2020-08-17";"2020-12-01";"";"";"";"Frankfurt";"active";2001;"2020-08-27"
15434;"energy";"gas";8300;8519;"2019-10-18";"2020-05-01";"";"";"";"Munich";"indelivery";2000;"2019-11-03"
15435;"energy";"electricity";2200;2062;"2018-07-16";"2018-10-01";"";"";"";"Cologne";"indelivery";1001;"2020-02-02"
15436;"energy";"electricity";2300;"";"2018-12-16";"2019-01-01";"";"";"";"Duisburg";"indelivery";1000;"2019-08-25"
15437;"energy";"electricity";2500;2601;"2018-09-22";"2018-10-01";"";"";"";"Berlin";"indelivery";1001;"2018-11-22"
15438;"energy";"electricity";3000;3122;"2020-06-21";"2020-09-01";"2020-10-31";"2020-09-28";"fristgerecht durch Kunde";"Augsburg";"cancelled";1002;"2020-07-05"
15439;"energy";"electricity";2500;2635;"2018-08-20";"2018-09-01";"";"";"";"Hamburg";"indelivery";1000;"2019-10-14"
15440;"energy";"electricity";2700;"";"2019-03-01";"2019-03-01";"";"";"";"Kassel";"indelivery";1001;"2020-02-05"
15441;"energy";"electricity";2900;2980;"2020-06-19";"2021-07-01";"";"";"";"Rostock";"active";1001;"2020-09-28"
15442;"energy";"electricity";2900;2811;"2019-05-13";"2019-07-01";"";"";"";"Mannheim";"indelivery";1002;"2020-09-10"
15443;"energy";"electricity";2300;2295;"2019-08-28";"2019-12-01";"";"";"";"Duisburg";"indelivery";1000;"2019-12-31"
15444;"energy";"electricity";2800;2863;"2018-07-06";"2019-01-01";"";"";"";"Berlin";"indelivery";1002;"2020-02-29"
15445;"energy";"electricity";2700;2728;"2020-07-24";"2020-11-01";"";"";"";"Essen";"active";1002;"2020-09-29"
15446;"energy";"gas";11500;11226;"2019-01-31";"2019-05-01";"";"";"";"Wuppertal";"indelivery";2001;"2020-07-17"
15447;"energy";"electricity";2700;2844;"2019-05-26";"2020-03-01";"";"";"";"Osnabrück";"indelivery";1001;"2020-06-05"
15448;"energy";"gas";8400;9030;"2020-04-02";"2020-09-01";"";"";"";"Dresden";"indelivery";2000;"2020-08-05"
15449;"energy";"electricity";2800;2805;"2019-10-08";"2020-01-01";"";"";"";"Coburg";"indelivery";1002;"2020-02-29"
15450;"energy";"gas";11300;11394;"2018-07-29";"2018-09-01";"";"";"";"Cottbus";"indelivery";2001;"2019-03-21"
15451;"energy";"electricity";2500;2437;"2020-02-21";"2020-03-01";"";"";"";"Berlin";"indelivery";1001;"2020-04-01"
15452;"energy";"electricity";2900;2988;"2018-09-23";"2018-12-01";"";"";"";"Berlin";"indelivery";1001;"2019-11-22"
15453;"energy";"electricity";2100;2211;"2019-02-15";"2019-06-01";"";"";"";"Stuttgart";"indelivery";1002;"2019-07-11"
15454;"energy";"electricity";2000;2114;"2018-03-16";"2019-03-01";"";"";"";"Wiesbaden";"indelivery";1000;"2020-07-03"
15455;"energy";"electricity";2200;2237;"2018-06-18";"2018-12-01";"";"";"";"Munich";"indelivery";1001;"2019-01-12"
15456;"energy";"electricity";2800;2712;"2018-02-01";"2018-04-01";"";"";"";"Bremen";"indelivery";1002;"2018-07-07"
15457;"energy";"electricity";2000;2049;"2020-05-04";"2020-07-01";"";"";"";"Cologne";"indelivery";1000;"2020-08-19"
15458;"energy";"gas";9200;8815;"2019-10-12";"2020-08-01";"";"";"";"Bielefeld";"indelivery";2001;"2019-11-27"
15459;"energy";"electricity";2300;2320;"2019-06-01";"2019-11-01";"";"";"";"Hamburg";"indelivery";1001;"2020-05-13"
15460;"energy";"electricity";2800;"";"2018-09-07";"2018-10-01";"2019-04-30";"2019-04-02";"fristgerecht durch Kunde";"Berlin";"terminated";1001;"2019-02-01"
15461;"energy";"electricity";2500;"";"2019-11-04";"2019-12-01";"2020-08-31";"2020-07-31";"Umzug";"Bielefeld";"terminated";1000;"2020-07-19"
15462;"energy";"electricity";2100;2010;"2020-07-26";"2020-09-01";"";"";"";"Bremen";"indelivery";1000;"2020-08-19"
15463;"energy";"gas";8000;7710;"2020-09-26";"2020-12-01";"";"";"";"Mannheim";"active";2001;"2020-09-28"
15464;"energy";"electricity";2300;2421;"2020-09-26";"2021-03-01";"";"";"";"Leipzig";"active";1002;"2020-09-27"
15465;"energy";"electricity";2100;2207;"2018-03-16";"2018-07-01";"2019-07-31";"2019-07-03";"Umzug";"Freiburg";"terminated";1000;"2019-07-03"
15466;"energy";"electricity";2000;2121;"2020-07-01";"2020-11-01";"";"";"";"Dresden";"active";1000;"2020-09-13"
15467;"energy";"electricity";1900;1904;"2018-12-07";"2019-05-01";"";"";"";"Munich";"indelivery";1002;"2019-09-27"
15468;"energy";"electricity";2400;2347;"2019-04-08";"2019-08-01";"";"";"";"Oldenburg";"indelivery";1001;"2019-05-14"
15469;"energy";"electricity";2000;1923;"2018-08-05";"2019-01-01";"";"";"";"Cologne";"indelivery";1002;"2020-09-22"
15470;"energy";"gas";8500;8313;"2019-12-17";"2020-03-01";"";"";"";"Marienberg";"indelivery";2001;"2020-04-11"
15471;"energy";"gas";9500;9719;"2019-05-13";"2019-10-01";"";"";"";"Cologne";"indelivery";2000;"2019-11-30"
15472;"energy";"electricity";2900;2958;"2020-08-14";"2020-09-01";"";"";"";"Rostock";"indelivery";1002;"2020-09-11"
15473;"energy";"electricity";2700;2854;"2019-11-28";"2020-01-01";"2020-05-31";"2020-05-03";"fristgerecht durch Kunde";"Osterholz-Scharmbeck";"terminated";1001;"2020-05-03"
15474;"energy";"gas";9800;10189;"2019-11-29";"2020-06-01";"";"";"";"Dortmund";"indelivery";2000;"2019-12-20"
15475;"energy";"electricity";2600;2523;"2020-05-29";"2020-07-01";"";"";"";"Bremen";"indelivery";1000;"2020-08-12"
15476;"energy";"electricity";3000;2928;"2020-07-02";"2020-08-01";"";"";"";"Augsburg";"indelivery";1001;"2020-07-23"
15477;"energy";"electricity";2800;2790;"2019-04-30";"2019-12-01";"";"";"";"Frankfurt";"indelivery";1000;"2019-08-30"
15478;"energy";"gas";12000;12402;"2019-08-26";"2019-10-01";"";"";"";"Traunstein";"indelivery";2000;"2020-06-01"
15479;"energy";"electricity";2900;2991;"2020-01-19";"2020-06-01";"";"";"";"Flensburg";"indelivery";1000;"2020-06-12"
15480;"energy";"electricity";2900;"";"2020-04-26";"2020-07-01";"";"";"";"Altchemnitz";"indelivery";1001;"2020-09-13"
15481;"energy";"electricity";2700;"";"2020-03-23";"2020-05-01";"";"";"";"Munich";"indelivery";1000;"2020-03-24"
15482;"energy";"electricity";2500;2534;"2018-09-20";"2018-10-01";"2019-07-31";"2019-07-03";"fristgerecht durch Kunde";"Husum";"terminated";1002;"2018-12-15"
15483;"energy";"electricity";2800;2695;"2019-10-24";"2020-05-01";"";"";"";"Düsseldorf";"indelivery";1002;"2020-07-31"
15484;"energy";"electricity";2600;2769;"2019-08-01";"2019-12-01";"2020-01-31";"2020-01-02";"Umzug";"Hamburg";"terminated";1002;"2020-01-02"
15485;"energy";"electricity";2400;2537;"2019-05-03";"2019-08-01";"";"";"";"Leipzig";"indelivery";1002;"2020-01-27"
15486;"energy";"electricity";2500;2653;"2020-08-08";"2021-01-01";"";"";"";"Potsdam";"active";1002;"2020-09-01"
15487;"energy";"electricity";2500;2651;"2019-08-15";"2019-11-01";"";"";"";"Osnabrück";"indelivery";1000;"2020-04-10"
15488;"energy";"electricity";2200;2279;"2019-06-05";"2019-09-01";"";"";"";"Hannover";"indelivery";1001;"2020-04-05"
15489;"energy";"electricity";2100;1956;"2019-08-25";"2019-12-01";"";"";"";"Hamburg";"indelivery";1000;"2019-11-16"
15490;"energy";"gas";8300;8454;"2018-07-24";"2018-10-01";"";"";"";"Jena";"indelivery";2001;"2018-08-12"
15491;"energy";"electricity";2700;2751;"2020-02-29";"2020-09-01";"";"";"";"Mannheim";"indelivery";1001;"2020-06-09"
15492;"energy";"electricity";2600;2555;"2020-03-12";"2020-09-01";"";"";"";"Wunsiedel";"indelivery";1000;"2020-05-13"
15493;"energy";"gas";11500;12197;"2018-11-26";"2019-08-01";"2019-08-01";"2020-11-01";"Wiederruf";"Düsseldorf";"terminated";2000;"2019-02-14"
15494;"energy";"electricity";2800;2977;"2019-07-18";"2019-09-01";"";"";"";"Ulm";"indelivery";1000;"2020-03-02"
15495;"energy";"electricity";2100;2218;"2020-02-11";"2020-03-01";"";"";"";"Altchemnitz";"indelivery";1001;"2020-06-14"
15496;"energy";"electricity";2400;2427;"2019-12-16";"2020-02-01";"";"";"";"Munich";"indelivery";1001;"2020-01-02"
15497;"energy";"electricity";2500;2515;"2020-02-23";"2020-03-01";"";"";"";"Munich";"indelivery";1000;"2020-09-26"
15498;"energy";"electricity";2800;2706;"2018-08-16";"2019-03-01";"";"";"";"Duisburg";"indelivery";1001;"2018-12-26"
15499;"energy";"electricity";2500;2645;"2020-07-12";"2021-03-01";"";"";"";"Dortmund";"active";1000;"2020-09-03"
15500;"energy";"electricity";2200;"";"2020-09-22";"2021-01-01";"";"";"";"Hamburg";"active";1000;"2020-09-26"
15501;"energy";"electricity";2400;2584;"2018-07-19";"2018-11-01";"2020-08-31";"2020-08-01";"fristgerecht durch LichtBlick";"Hannover";"terminated";1000;"2019-04-13"
15502;"energy";"electricity";2500;2605;"2019-11-14";"2020-05-01";"";"";"";"Düsseldorf";"indelivery";1001;"2020-05-18"
15503;"energy";"electricity";2900;2974;"2020-04-16";"2020-07-01";"";"";"";"Essen";"indelivery";1001;"2020-08-22"
15504;"energy";"electricity";2400;2436;"2019-02-21";"2019-10-01";"2020-05-31";"2020-05-03";"Umzug";"Essen";"terminated";1001;"2019-12-15"
15505;"energy";"electricity";2100;"";"2018-12-29";"2019-02-01";"";"";"";"Augsburg";"indelivery";1002;"2019-10-12"
15506;"energy";"electricity";2200;2340;"2018-05-11";"2018-07-01";"";"";"";"Berlin";"indelivery";1000;"2018-06-03"
15507;"energy";"gas";10600;11295;"2019-11-24";"2020-01-01";"";"";"";"Munich";"indelivery";2001;"2020-04-21"
15508;"energy";"electricity";2100;2182;"2018-11-20";"2019-01-01";"";"";"";"Dresden";"indelivery";1000;"2019-05-29"
15509;"energy";"electricity";2500;2420;"2018-02-15";"2018-03-01";"2019-02-28";"2019-01-31";"fristgerecht durch LichtBlick";"Wiesbaden";"terminated";1000;"2019-01-31"
15510;"energy";"electricity";2200;"";"2020-02-13";"2020-04-01";"";"";"";"Duisburg";"indelivery";1002;"2020-05-06"
15511;"energy";"electricity";2700;2586;"2018-06-06";"2018-11-01";"";"";"";"Berlin";"indelivery";1002;"2019-06-19"
15512;"energy";"electricity";2100;2208;"2020-03-21";"2020-09-01";"";"";"";"Berlin";"indelivery";1000;"2020-08-05"
15513;"energy";"electricity";2200;2171;"2019-12-10";"2020-05-01";"";"";"";"Düsseldorf";"indelivery";1002;"2020-07-17"
15514;"energy";"electricity";2400;2517;"2020-02-15";"2020-08-01";"";"";"";"Augsburg";"indelivery";1000;"2020-06-18"
15515;"energy";"electricity";2800;"";"2019-06-27";"2019-11-01";"";"";"";"Munich";"indelivery";1001;"2020-02-27"
15516;"energy";"electricity";2600;2522;"2018-03-27";"2018-04-01";"";"";"";"Wuppertal";"indelivery";1002;"2019-11-11"
15517;"energy";"electricity";2400;2398;"2018-08-11";"2019-03-01";"";"";"";"Berlin";"indelivery";1002;"2020-07-11"
15518;"energy";"electricity";2600;2532;"2018-05-16";"2018-07-01";"";"";"";"Dresden";"indelivery";1001;"2018-09-05"
15519;"energy";"electricity";2200;"";"2020-09-24";"2020-11-01";"";"";"";"Hannover";"active";1000;"2020-09-24"
15520;"energy";"electricity";2300;2440;"2018-11-14";"2018-12-01";"";"";"";"Cologne";"indelivery";1002;"2019-10-11"
15521;"energy";"gas";9300;9545;"2020-03-14";"2020-06-01";"";"";"";"Marienberg";"indelivery";2001;"2020-07-12"
15522;"energy";"electricity";2200;2301;"2018-05-27";"2018-10-01";"2019-12-31";"2019-12-03";"Umzug";"Düsseldorf";"terminated";1000;"2018-07-15"
15523;"energy";"electricity";2900;3080;"2018-04-24";"2019-01-01";"";"";"";"Münster";"indelivery";1000;"2020-07-01"
15524;"energy";"electricity";2600;2828;"2020-07-24";"2020-09-01";"";"";"";"Berlin";"indelivery";1000;"2020-07-27"
15525;"energy";"electricity";2100;2283;"2018-09-15";"2019-09-01";"";"";"";"Munich";"indelivery";1000;"2020-01-17"
15526;"energy";"electricity";2900;2913;"2018-08-07";"2018-09-01";"";"";"";"Berlin";"indelivery";1000;"2019-08-31"
15527;"energy";"gas";10800;11670;"2019-08-12";"2019-10-01";"";"";"";"Münster";"indelivery";2001;"2020-05-15"
15528;"energy";"electricity";3000;3192;"2020-07-26";"2020-09-01";"";"";"";"Schwerin";"indelivery";1001;"2020-08-06"
15529;"energy";"electricity";2400;2578;"2020-03-24";"2020-05-01";"";"";"";"Hamburg";"indelivery";1000;"2020-04-24"
15530;"energy";"electricity";2500;2573;"2019-07-27";"2019-08-01";"2020-12-31";"2020-12-01";"fristgerecht durch LichtBlick";"Munich";"cancelled";1001;"2020-07-09"
15531;"energy";"electricity";2000;2089;"2020-08-16";"2020-11-01";"";"";"";"Berlin";"active";1002;"2020-08-28"
15532;"energy";"electricity";2200;2101;"2018-01-02";"2018-04-01";"2018-04-01";"2018-11-02";"Wiederruf";"Hanau";"terminated";1001;"2018-11-02"
15533;"energy";"electricity";2300;2275;"2020-06-12";"2021-04-01";"";"";"";"Bonn";"active";1001;"2020-09-17"
15534;"energy";"electricity";2400;2580;"2018-10-01";"2018-10-01";"2018-10-01";"2019-01-25";"Wiederruf";"Frankfurt";"terminated";1000;"2019-01-25"
15535;"energy";"electricity";2300;2236;"2019-05-17";"2019-06-01";"";"";"";"Salzgitter";"indelivery";1002;"2019-08-30"
15536;"energy";"electricity";2500;2680;"2020-01-02";"2020-05-01";"";"";"";"Cologne";"indelivery";1000;"2020-01-20"
15537;"energy";"electricity";2900;2904;"2019-08-15";"2019-11-01";"";"";"";"Braunschweig";"indelivery";1002;"2020-08-01"
15538;"energy";"gas";10600;10380;"2020-03-06";"2020-05-01";"";"";"";"Mainz";"indelivery";2001;"2020-07-01"
15539;"energy";"electricity";2700;2744;"2020-08-24";"2021-01-01";"";"";"";"Berlin";"active";1000;"2020-09-25"
15540;"energy";"electricity";2300;2362;"2019-05-07";"2019-07-01";"";"";"";"Kassel";"indelivery";1000;"2020-09-09"
15541;"energy";"electricity";2900;2786;"2019-01-26";"2019-04-01";"2019-10-31";"2019-10-03";"fristgerecht durch Kunde";"Berlin";"terminated";1002;"2019-10-03"
15542;"energy";"electricity";2300;2212;"2018-07-24";"2018-12-01";"";"";"";"Münster";"indelivery";1000;"2020-07-28"
15543;"energy";"electricity";3100;2988;"2019-07-16";"2019-09-01";"2019-09-01";"2019-12-02";"Wiederruf";"Altötting";"terminated";1002;"2019-12-02"
15544;"energy";"gas";8800;8736;"2020-07-19";"2020-12-01";"";"";"";"Greiz";"active";2001;"2020-08-26"
15545;"energy";"electricity";2500;2621;"2018-11-22";"2019-05-01";"";"";"";"Bonn";"indelivery";1000;"2019-08-04"
15546;"energy";"electricity";2100;2098;"2018-06-03";"2018-11-01";"2019-09-30";"2019-08-31";"fristgerecht durch LichtBlick";"Berlin";"terminated";1002;"2019-08-31"
15547;"energy";"electricity";2200;2309;"2019-02-18";"2019-08-01";"";"";"";"Gotha";"indelivery";1000;"2020-02-04"
15548;"energy";"gas";8300;8030;"2019-11-16";"2020-04-01";"";"";"";"Berlin";"indelivery";2000;"2020-03-25"
15549;"energy";"electricity";2000;"";"2018-11-09";"2019-07-01";"";"";"";"Bielefeld";"indelivery";1001;"2019-12-28"
15550;"energy";"gas";9400;8972;"2020-04-18";"2020-05-01";"";"";"";"Duisburg";"indelivery";2000;"2020-07-05"
15551;"energy";"electricity";2400;2405;"2020-07-17";"2020-10-01";"2020-11-30";"2020-11-02";"fristgerecht durch LichtBlick";"Bremen";"cancelled";1002;"2020-08-01"
15552;"energy";"electricity";2500;2679;"2018-04-28";"2018-06-01";"";"";"";"Cologne";"indelivery";1000;"2020-06-17"
15553;"energy";"electricity";2500;2612;"2019-06-23";"2019-11-01";"";"";"";"Munich";"indelivery";1001;"2019-09-10"
15554;"energy";"electricity";2600;2598;"2020-08-08";"2021-01-01";"";"";"";"Altchemnitz";"active";1000;"2020-08-21"
15555;"energy";"gas";7700;7514;"2018-01-23";"2018-03-01";"2018-04-30";"2018-04-02";"fristgerecht durch LichtBlick";"Frankfurt";"terminated";2000;"2018-04-02"
15556;"energy";"electricity";2500;2597;"2018-02-22";"2018-05-01";"2018-11-30";"2018-10-29";"fristgerecht durch Kunde";"Kiel";"terminated";1000;"2018-10-29"
15557;"energy";"electricity";2300;2256;"2018-07-12";"2018-08-01";"";"";"";"Berlin";"indelivery";1001;"2019-07-27"
15558;"energy";"electricity";2100;2299;"2019-08-27";"2019-09-01";"";"";"";"Augsburg";"indelivery";1000;"2020-03-11"
15559;"energy";"electricity";2600;2590;"2018-10-02";"2018-11-01";"2020-10-31";"2020-10-01";"Umzug";"Hannover";"cancelled";1002;"2019-10-06"
15560;"energy";"electricity";2500;2440;"2019-03-30";"2019-04-01";"";"";"";"Kassel";"indelivery";1002;"2020-01-05"
15561;"energy";"electricity";2100;2093;"2019-10-20";"2019-12-01";"";"";"";"Frankfurt";"indelivery";1000;"2020-05-03"
15562;"energy";"electricity";2300;2354;"2020-03-04";"2020-08-01";"2020-09-30";"2020-09-02";"fristgerecht durch Kunde";"Berlin";"terminated";1001;"2020-03-17"
15563;"energy";"electricity";2700;2673;"2018-09-21";"2018-11-01";"";"";"";"Ingolstadt";"indelivery";1001;"2020-02-12"
15564;"energy";"electricity";2400;2534;"2018-09-27";"2019-01-01";"2020-09-30";"2020-09-01";"Umzug";"Wiesbaden";"terminated";1001;"2019-11-28"
15565;"energy";"gas";11200;10703;"2020-03-13";"2020-07-01";"";"";"";"Gießen";"indelivery";2000;"2020-03-23"
15566;"energy";"electricity";2100;2101;"2020-01-14";"2020-05-01";"2020-05-01";"2020-11-01";"Wiederruf";"Hamburg";"terminated";1000;"2020-07-08"
15567;"energy";"electricity";2600;2525;"2019-05-13";"2020-04-01";"";"";"";"Berlin";"indelivery";1001;"2020-05-27"
15568;"energy";"electricity";2400;2415;"2020-08-26";"2020-10-01";"";"";"";"Stuttgart";"indelivery";1000;"2020-09-22"
15569;"energy";"electricity";2200;2108;"2019-07-27";"2019-08-01";"";"";"";"Hannover";"indelivery";1001;"2020-05-18"
15570;"energy";"gas";8700;9177;"2018-06-07";"2019-01-01";"";"";"";"Berlin";"indelivery";2001;"2020-05-20"
15571;"energy";"electricity";2000;2072;"2018-05-29";"2019-04-01";"";"";"";"Jena";"indelivery";1001;"2020-07-05"
15572;"energy";"gas";11400;12047;"2019-11-25";"2020-02-01";"2020-12-31";"2020-12-01";"fristgerecht durch LichtBlick";"Potsdam";"cancelled";2001;"2020-05-14"
15573;"energy";"electricity";2000;2109;"2019-05-29";"2019-07-01";"";"";"";"Stuttgart";"indelivery";1001;"2020-04-17"
15574;"energy";"electricity";1900;1981;"2018-11-26";"2019-04-01";"";"";"";"Hamburg";"indelivery";1002;"2019-09-16"
15575;"energy";"electricity";2400;2296;"2020-04-21";"2020-06-01";"";"";"";"Marienberg";"indelivery";1000;"2020-04-23"
15576;"energy";"electricity";2000;1989;"2020-04-11";"2020-06-01";"";"";"";"Stuttgart";"indelivery";1002;"2020-06-29"
15577;"energy";"electricity";2600;2792;"2019-03-31";"2019-08-01";"";"";"";"Freiberg";"indelivery";1000;"2019-12-03"
15578;"energy";"electricity";2300;2217;"2019-01-17";"2019-03-01";"";"";"";"Berlin";"indelivery";1000;"2019-04-16"
15579;"energy";"gas";10700;"";"2018-06-12";"2018-12-01";"";"";"";"Berlin";"indelivery";2001;"2018-08-22"
15580;"energy";"electricity";2100;1965;"2018-09-06";"2018-12-01";"2018-12-01";"2019-08-27";"Wiederruf";"Potsdam";"terminated";1002;"2019-07-26"
15581;"energy";"gas";9200;9361;"2020-08-29";"2020-11-01";"";"";"";"Rostock";"active";2001;"2020-09-23"
15582;"energy";"electricity";2600;2507;"2020-04-13";"2020-08-01";"";"";"";"Munich";"indelivery";1002;"2020-05-18"
15583;"energy";"electricity";2800;2816;"2019-09-24";"2020-02-01";"";"";"";"Munich";"indelivery";1000;"2020-01-10"
15584;"energy";"electricity";2400;2374;"2019-11-01";"2020-02-01";"";"";"";"Gera";"indelivery";1002;"2019-11-04"
15585;"energy";"electricity";2800;2827;"2020-03-15";"2020-05-01";"";"";"";"Gera";"indelivery";1002;"2020-09-01"
15586;"energy";"electricity";2700;2647;"2020-04-07";"2020-05-01";"2020-05-01";"2020-10-28";"Wiederruf";"Dortmund";"terminated";1002;"2020-05-18"
15587;"energy";"electricity";2500;2680;"2018-06-02";"2018-08-01";"";"";"";"Berlin";"indelivery";1000;"2019-12-22"
15588;"energy";"electricity";2500;"";"2018-01-08";"2018-05-01";"";"";"";"Würzburg";"indelivery";1002;"2018-09-29"
15589;"energy";"electricity";2900;3096;"2018-03-08";"2018-12-01";"";"";"";"Hannover";"indelivery";1000;"2018-09-08"
15590;"energy";"electricity";2500;2484;"2019-04-04";"2019-07-01";"";"";"";"Leer";"indelivery";1000;"2020-05-26"
15591;"energy";"electricity";2500;2485;"2019-11-08";"2020-04-01";"";"";"";"Munich";"indelivery";1001;"2020-02-20"
15592;"energy";"electricity";2400;2640;"2019-11-29";"2020-03-01";"";"";"";"Gießen";"indelivery";1000;"2020-06-14"
15593;"energy";"electricity";2800;2791;"2019-08-12";"2019-10-01";"";"";"";"Merseburg";"indelivery";1002;"2020-06-06"
15594;"energy";"electricity";2200;2287;"2019-05-19";"2019-07-01";"";"";"";"Berlin";"indelivery";1000;"2019-12-26"
15595;"energy";"gas";8300;8403;"2018-03-07";"2018-05-01";"2020-05-31";"2020-05-01";"fristgerecht durch Kunde";"Bremen";"terminated";2000;"2020-05-01"
15596;"energy";"electricity";2000;"";"2019-02-27";"2019-03-01";"";"";"";"Berlin";"indelivery";1000;"2020-07-01"
15597;"energy";"gas";8700;"";"2019-08-10";"2020-02-01";"";"";"";"Bremen";"indelivery";2001;"2019-10-12"
15598;"energy";"gas";10200;10221;"2019-01-20";"2019-05-01";"2019-10-31";"2019-10-03";"Umzug";"Cologne";"terminated";2000;"2019-10-03"
15599;"energy";"electricity";2900;2911;"2020-02-02";"2020-04-01";"";"";"";"Hamburg";"indelivery";1001;"2020-05-24"
15600;"energy";"gas";11000;11588;"2018-03-25";"2018-06-01";"";"";"";"Berlin";"indelivery";2000;"2019-03-08"
15601;"energy";"gas";8400;8320;"2019-07-13";"2020-02-01";"2020-12-31";"2020-12-03";"Umzug";"Flensburg";"cancelled";2000;"2019-12-15"
15602;"energy";"electricity";2000;2080;"2019-09-14";"2020-06-01";"";"";"";"Berlin";"indelivery";1000;"2020-04-24"
15603;"energy";"electricity";2900;"";"2018-08-16";"2018-11-01";"2019-09-30";"2019-09-01";"fristgerecht durch Kunde";"Mannheim";"terminated";1002;"2019-09-01"
15604;"energy";"electricity";2500;2570;"2018-10-02";"2019-04-01";"";"";"";"Flensburg";"indelivery";1001;"2020-09-15"
15605;"energy";"electricity";2900;3027;"2018-09-30";"2018-11-01";"";"";"";"Wuppertal";"indelivery";1000;"2020-06-05"
15606;"energy";"electricity";2700;2618;"2018-10-23";"2018-12-01";"";"";"";"Dresden";"indelivery";1002;"2020-04-20"
15607;"energy";"electricity";2900;2783;"2019-02-04";"2019-06-01";"";"";"";"Würzburg";"indelivery";1000;"2019-05-27"
15608;"energy";"electricity";2700;2779;"2019-02-02";"2019-05-01";"";"";"";"Saarbrücken";"indelivery";1001;"2020-07-09"
15609;"energy";"electricity";2400;2402;"2019-07-14";"2020-01-01";"";"";"";"Munich";"indelivery";1002;"2020-02-16"
15610;"energy";"gas";9000;9683;"2018-10-23";"2018-12-01";"";"";"";"Regensburg";"indelivery";2000;"2019-06-30"
15611;"energy";"electricity";2600;2700;"2019-11-30";"2020-02-01";"";"";"";"Karlsruhe";"indelivery";1002;"2020-05-14"
15612;"energy";"electricity";2700;2633;"2018-03-02";"2018-04-01";"";"";"";"Hamburg";"indelivery";1002;"2020-05-13"
15613;"energy";"electricity";2100;"";"2019-11-26";"2020-01-01";"";"";"";"Koblenz";"indelivery";1000;"2020-03-04"
15614;"energy";"gas";11100;"";"2020-05-07";"2020-10-01";"";"";"";"Berlin";"indelivery";2000;"2020-09-05"
15615;"energy";"electricity";2800;2829;"2019-03-20";"2019-05-01";"";"";"";"Cottbus";"indelivery";1002;"2019-10-19"
15616;"energy";"electricity";2600;2705;"2018-12-10";"2019-02-01";"";"";"";"Düsseldorf";"indelivery";1002;"2020-06-20"
15617;"energy";"electricity";2700;2546;"2019-06-08";"2019-12-01";"";"";"";"Essen";"indelivery";1002;"2020-08-07"
15618;"energy";"electricity";2600;2619;"2018-11-12";"2019-02-01";"";"";"";"Bremen";"indelivery";1001;"2020-05-11"
15619;"energy";"electricity";3000;3116;"2020-02-25";"2020-07-01";"";"";"";"Kassel";"indelivery";1000;"2020-04-06"
15620;"energy";"electricity";2100;2150;"2020-06-18";"2021-03-01";"";"";"";"Dresden";"active";1000;"2020-06-23"
15621;"energy";"electricity";2300;2223;"2018-04-30";"2018-05-01";"";"";"";"Düsseldorf";"indelivery";1000;"2019-04-08"
15622;"energy";"electricity";2900;2912;"2020-09-10";"2020-12-01";"";"";"";"Munich";"active";1002;"2020-09-14"
15623;"energy";"electricity";2700;2730;"2018-03-10";"2018-12-01";"";"";"";"Freiburg";"indelivery";1001;"2019-08-08"
15624;"energy";"electricity";2700;2646;"2018-04-24";"2018-07-01";"2018-07-01";"2018-08-03";"Wiederruf";"Lübeck";"terminated";1000;"2018-08-03"
15625;"energy";"electricity";2200;2194;"2018-06-04";"2018-08-01";"";"";"";"Altchemnitz";"indelivery";1001;"2019-08-03"
15626;"energy";"electricity";2000;1929;"2019-03-08";"2019-07-01";"";"";"";"Leipzig";"indelivery";1002;"2019-04-17"
15627;"energy";"electricity";2000;2134;"2019-03-24";"2019-05-01";"";"";"";"Bremen";"indelivery";1001;"2020-01-21"
15628;"energy";"electricity";2200;2092;"2018-10-20";"2018-11-01";"2018-12-31";"2018-12-02";"fristgerecht durch LichtBlick";"Dortmund";"terminated";1002;"2018-12-02"
15629;"energy";"electricity";2100;2191;"2018-07-20";"2018-12-01";"";"";"";"Rostock";"indelivery";1000;"2019-11-16"
15630;"energy";"electricity";2300;2468;"2018-11-30";"2019-01-01";"2019-05-31";"2019-05-03";"Umzug";"Berlin";"terminated";1002;"2019-03-05"
15631;"energy";"electricity";2200;2255;"2019-04-24";"2019-07-01";"2020-04-30";"2020-04-02";"fristgerecht durch Kunde";"Dresden";"terminated";1000;"2020-04-02"
15632;"energy";"electricity";2500;2627;"2019-02-07";"2019-08-01";"";"";"";"Munich";"indelivery";1000;"2020-09-08"
15633;"energy";"electricity";2900;2794;"2020-08-25";"2021-01-01";"";"";"";"Kassel";"active";1001;"2020-09-04"
15634;"energy";"electricity";2100;2144;"2020-05-31";"2020-08-01";"";"";"";"Berlin";"indelivery";1000;"2020-06-21"
15635;"energy";"electricity";3000;3193;"2019-12-04";"2020-02-01";"";"";"";"Heidelberg";"indelivery";1001;"2020-08-10"
15636;"energy";"electricity";2500;2424;"2018-10-26";"2019-04-01";"";"";"";"Kassel";"indelivery";1002;"2020-08-21"
15637;"energy";"gas";9100;9510;"2019-01-18";"2019-05-01";"";"";"";"Braunschweig";"indelivery";2000;"2020-06-06"
15638;"energy";"electricity";2800;2751;"2020-07-09";"2020-09-01";"";"";"";"Hamburg";"indelivery";1001;"2020-07-25"
15639;"energy";"electricity";2100;2092;"2020-06-15";"2020-07-01";"";"";"";"Bremerhaven";"indelivery";1000;"2020-09-14"
15640;"energy";"gas";10600;10852;"2018-11-21";"2019-08-01";"";"";"";"Berlin";"indelivery";2000;"2020-05-23"
15641;"energy";"electricity";2000;2129;"2018-01-08";"2018-06-01";"";"";"";"Stuttgart";"indelivery";1000;"2020-02-17"
15642;"energy";"gas";11300;12126;"2019-01-28";"2019-03-01";"";"";"";"Augsburg";"indelivery";2000;"2019-09-08"
15643;"energy";"gas";12000;11567;"2020-01-24";"2020-02-01";"";"";"";"Bautzen";"indelivery";2000;"2020-04-28"
15644;"energy";"electricity";3000;"";"2018-02-07";"2018-04-01";"2019-04-30";"2019-04-01";"Umzug";"Düsseldorf";"terminated";1000;"2019-04-01"
15645;"energy";"electricity";2400;2578;"2020-07-08";"2020-09-01";"";"";"";"Hamburg";"indelivery";1001;"2020-08-15"
15646;"energy";"electricity";2400;2505;"2019-09-15";"2019-11-01";"";"";"";"Munich";"indelivery";1002;"2020-08-04"
15647;"energy";"electricity";2200;"";"2018-02-24";"2018-03-01";"";"";"";"Magdeburg";"indelivery";1000;"2019-05-10"
15648;"energy";"electricity";2800;2904;"2018-05-02";"2018-10-01";"";"";"";"Berlin";"indelivery";1001;"2020-01-17"
15649;"energy";"electricity";2700;2761;"2020-05-15";"2020-07-01";"";"";"";"Berlin";"indelivery";1000;"2020-08-10"
15650;"energy";"gas";10400;10955;"2018-12-14";"2019-08-01";"";"";"";"Bremen";"indelivery";2000;"2019-11-12"
15651;"energy";"gas";9400;9420;"2018-11-25";"2019-01-01";"";"";"";"Bremen";"indelivery";2001;"2020-04-11"
15652;"energy";"gas";8800;8825;"2019-01-30";"2019-03-01";"";"";"";"Berlin";"indelivery";2001;"2019-12-03"
15653;"energy";"electricity";2500;2547;"2020-09-09";"2020-10-01";"";"";"";"Düsseldorf";"indelivery";1002;"2020-09-23"
15654;"energy";"electricity";2300;2259;"2019-08-07";"2020-01-01";"";"";"";"Munich";"indelivery";1001;"2019-10-20"
15655;"energy";"gas";8700;8765;"2018-09-04";"2019-05-01";"";"";"";"Hamburg";"indelivery";2001;"2019-07-26"
15656;"energy";"electricity";2400;2557;"2018-12-01";"2019-03-01";"";"";"";"Rotenburg";"indelivery";1002;"2019-06-29"
15657;"energy";"gas";10000;9777;"2020-03-17";"2020-07-01";"";"";"";"Düsseldorf";"indelivery";2000;"2020-06-26"
15658;"energy";"electricity";2700;2725;"2018-09-04";"2020-02-01";"2020-11-30";"2020-11-01";"fristgerecht durch Kunde";"Hamburg";"cancelled";1001;"2020-03-03"
15659;"energy";"electricity";2300;2308;"2018-11-19";"2019-07-01";"";"";"";"Lübeck";"indelivery";1000;"2020-08-07"
15660;"energy";"electricity";2000;2107;"2020-09-26";"2020-11-01";"";"";"";"Berlin";"active";1000;"2020-09-27"
15661;"energy";"electricity";2500;2465;"2020-01-31";"2020-07-01";"";"";"";"Berlin";"indelivery";1002;"2020-07-06"
15662;"energy";"electricity";2200;2284;"2018-03-19";"2018-07-01";"";"";"";"Dresden";"indelivery";1000;"2018-07-23"
15663;"energy";"electricity";2100;2099;"2019-01-12";"2019-08-01";"";"";"";"Hannover";"indelivery";1001;"2020-03-05"
15664;"energy";"electricity";2000;1947;"2018-12-25";"2019-01-01";"";"";"";"Mannheim";"indelivery";1000;"2019-09-29"
15665;"energy";"electricity";2400;2460;"2018-05-24";"2018-06-01";"";"";"";"Mainz";"indelivery";1000;"2020-01-30"
15666;"energy";"electricity";2900;2878;"2019-08-06";"2019-09-01";"";"";"";"Saarbrücken";"indelivery";1000;"2020-02-12"
15667;"energy";"electricity";3000;"";"2020-02-25";"2020-05-01";"";"";"";"Ulm";"indelivery";1002;"2020-09-05"
15668;"energy";"electricity";2300;2253;"2020-05-27";"2020-09-01";"";"";"";"Düsseldorf";"indelivery";1000;"2020-09-13"
15669;"energy";"electricity";2200;2127;"2018-11-04";"2018-12-01";"2020-12-31";"2020-12-03";"fristgerecht durch Kunde";"Hamburg";"cancelled";1002;"2019-07-31"
15670;"energy";"electricity";2600;2591;"2018-05-19";"2018-07-01";"2018-07-01";"2020-06-02";"Wiederruf";"Cologne";"terminated";1001;"2019-09-24"
15671;"energy";"electricity";2600;2642;"2018-03-30";"2018-06-01";"2018-12-31";"2018-11-30";"Umzug";"Erfurt";"terminated";1001;"2018-11-30"
15672;"energy";"electricity";2700;2716;"2018-02-09";"2018-06-01";"";"";"";"Jena";"indelivery";1002;"2019-04-18"
15673;"energy";"gas";9100;8941;"2018-11-30";"2019-01-01";"2019-03-31";"2019-03-03";"fristgerecht durch Kunde";"Hamburg";"terminated";2000;"2018-12-05"
15674;"energy";"electricity";2300;2458;"2019-03-18";"2019-04-01";"";"";"";"Jena";"indelivery";1002;"2020-08-10"
15675;"energy";"electricity";2900;2774;"2020-08-02";"2020-10-01";"";"";"";"Frankfurt";"indelivery";1001;"2020-08-09"
15676;"energy";"electricity";2800;2761;"2018-10-04";"2018-12-01";"";"";"";"Dresden";"indelivery";1000;"2019-09-13"
15677;"energy";"electricity";2600;2502;"2020-04-18";"2020-07-01";"";"";"";"Dresden";"indelivery";1001;"2020-04-21"
15678;"energy";"electricity";2700;2817;"2018-12-17";"2019-01-01";"";"";"";"Stralsund";"indelivery";1002;"2019-04-26"
15679;"energy";"electricity";2300;2211;"2019-02-24";"2019-04-01";"";"";"";"Cologne";"indelivery";1000;"2020-02-27"
15680;"energy";"electricity";2900;2923;"2018-03-20";"2018-06-01";"2020-11-30";"2020-10-27";"fristgerecht durch LichtBlick";"Bonn";"cancelled";1002;"2018-07-02"
15681;"energy";"electricity";3000;3156;"2018-11-29";"2018-12-01";"";"";"";"Bonn";"indelivery";1000;"2019-11-26"
15682;"energy";"electricity";2100;2192;"2018-06-29";"2018-10-01";"";"";"";"Dortmund";"indelivery";1001;"2019-09-27"
15683;"energy";"electricity";1900;1849;"2020-09-20";"2020-11-01";"";"";"";"Munich";"active";1000;"2020-09-28"
15684;"energy";"electricity";2400;2488;"2019-09-23";"2020-09-01";"";"";"";"Frankfurt";"indelivery";1002;"2020-04-05"
15685;"energy";"electricity";2500;2412;"2018-09-18";"2019-03-01";"";"";"";"Dresden";"indelivery";1001;"2019-08-13"
15686;"energy";"gas";11800;12443;"2019-10-11";"2020-04-01";"";"";"";"Munich";"indelivery";2000;"2020-05-14"
15687;"energy";"gas";9200;8770;"2019-01-19";"2019-03-01";"";"";"";"Daun";"indelivery";2001;"2019-03-15"
15688;"energy";"electricity";2100;2153;"2020-06-23";"2021-04-01";"";"";"";"Dortmund";"active";1000;"2020-07-29"
15689;"energy";"electricity";2600;2504;"2020-06-10";"2020-08-01";"";"";"";"Hamburg";"indelivery";1000;"2020-08-08"
15690;"energy";"electricity";2500;2610;"2020-09-01";"2020-11-01";"";"";"";"Mannheim";"active";1001;"2020-09-10"
15691;"energy";"electricity";2300;2325;"2019-01-25";"2019-03-01";"";"";"";"Schwerin";"indelivery";1002;"2020-05-01"
15692;"energy";"electricity";2300;2312;"2020-01-04";"2020-03-01";"";"";"";"Karlsruhe";"indelivery";1000;"2020-09-29"
15693;"energy";"electricity";2700;2912;"2018-07-08";"2018-09-01";"";"";"";"Augsburg";"indelivery";1000;"2019-02-24"
15694;"energy";"electricity";2300;2298;"2019-05-23";"2019-08-01";"";"";"";"Augsburg";"indelivery";1001;"2020-07-20"
15695;"energy";"electricity";2900;2882;"2018-03-02";"2018-08-01";"";"";"";"Groß-Gerau";"indelivery";1000;"2020-07-29"
15696;"energy";"gas";9800;9407;"2018-08-13";"2018-11-01";"2018-11-01";"2020-03-02";"Wiederruf";"Düsseldorf";"terminated";2001;"2018-10-13"
15697;"energy";"electricity";2200;2194;"2018-12-06";"2019-08-01";"";"";"";"Frankfurt";"indelivery";1001;"2018-12-28"
15698;"energy";"electricity";2300;2264;"2019-01-03";"2019-07-01";"";"";"";"Saarbrücken";"indelivery";1001;"2020-09-24"
15699;"energy";"gas";10500;10804;"2019-10-14";"2019-11-01";"";"";"";"Cologne";"indelivery";2000;"2020-02-25"
15700;"energy";"electricity";2300;2506;"2019-10-15";"2019-12-01";"2020-09-30";"2020-08-29";"fristgerecht durch Kunde";"Munich";"terminated";1001;"2020-05-11"
15701;"energy";"electricity";2700;"";"2020-05-07";"2021-03-01";"";"";"";"Berlin";"active";1002;"2020-06-26"
15702;"energy";"electricity";2900;3070;"2018-12-25";"2019-08-01";"";"";"";"Hannover";"indelivery";1002;"2019-04-25"
15703;"energy";"electricity";2600;2686;"2019-10-04";"2020-02-01";"";"";"";"Bremen";"indelivery";1000;"2019-12-18"
15704;"energy";"gas";9200;8972;"2019-06-25";"2019-11-01";"";"";"";"Hamburg";"indelivery";2001;"2020-06-17"
15705;"energy";"electricity";2100;1963;"2018-03-24";"2018-07-01";"2018-07-01";"2018-12-03";"Wiederruf";"Düsseldorf";"terminated";1002;"2018-06-24"
15706;"energy";"electricity";2300;2380;"2019-01-03";"2019-08-01";"";"";"";"Wuppertal";"indelivery";1002;"2019-10-05"
15707;"energy";"electricity";2700;2656;"2020-04-14";"2020-07-01";"";"";"";"Berlin";"indelivery";1001;"2020-04-16"
15708;"energy";"electricity";2500;2649;"2020-03-20";"2020-05-01";"";"";"";"Freiburg";"indelivery";1000;"2020-05-12"
15709;"energy";"electricity";2800;2970;"2020-03-23";"2020-05-01";"";"";"";"Duisburg";"indelivery";1002;"2020-07-29"
15710;"energy";"electricity";2900;2894;"2020-07-10";"2020-12-01";"";"";"";"Dortmund";"active";1000;"2020-08-10"
15711;"energy";"electricity";2100;2241;"2019-02-27";"2019-07-01";"";"";"";"Berlin";"indelivery";1002;"2019-11-14"
15712;"energy";"electricity";2800;2860;"2019-04-13";"2019-05-01";"";"";"";"Essen";"indelivery";1001;"2020-02-24"
15713;"energy";"electricity";2700;2784;"2019-03-28";"2019-10-01";"";"";"";"Frankfurt";"indelivery";1000;"2020-02-26"
15714;"energy";"electricity";2100;2109;"2018-07-04";"2018-09-01";"";"";"";"Karlsruhe";"indelivery";1000;"2018-12-20"
15715;"energy";"gas";9100;"";"2018-11-30";"2019-01-01";"";"";"";"Ingolstadt";"indelivery";2001;"2020-01-06"
15716;"energy";"gas";10300;10128;"2018-01-30";"2018-03-01";"2020-11-30";"2020-11-02";"Umzug";"Stuttgart";"cancelled";2000;"2018-07-30"
15717;"energy";"electricity";2800;2898;"2020-04-04";"2020-06-01";"2020-10-31";"2020-09-30";"fristgerecht durch LichtBlick";"Düsseldorf";"cancelled";1000;"2020-08-09"
15718;"energy";"electricity";2100;2173;"2019-05-19";"2019-10-01";"";"";"";"Berlin";"indelivery";1000;"2020-07-27"
15719;"energy";"electricity";2800;2965;"2020-02-29";"2020-04-01";"";"";"";"Berlin";"indelivery";1000;"2020-09-14"
15720;"energy";"electricity";2700;2722;"2020-04-15";"2020-06-01";"";"";"";"Karlsruhe";"indelivery";1001;"2020-06-23"
15721;"energy";"electricity";2300;2441;"2019-09-04";"2019-11-01";"";"";"";"Stuttgart";"indelivery";1002;"2020-02-03"
15722;"energy";"electricity";3000;3105;"2018-03-27";"2018-06-01";"";"";"";"Wuppertal";"indelivery";1001;"2018-09-08"
15723;"energy";"electricity";2800;2659;"2019-07-25";"2019-09-01";"";"";"";"Wiesbaden";"indelivery";1000;"2020-07-13"
15724;"energy";"gas";11000;11875;"2018-10-08";"2018-11-01";"";"";"";"Hamburg";"indelivery";2001;"2019-01-25"
15725;"energy";"electricity";2400;"";"2020-01-16";"2020-09-01";"";"";"";"Magdeburg";"indelivery";1001;"2020-04-07"
15726;"energy";"electricity";3000;2906;"2018-09-07";"2019-03-01";"";"";"";"Duisburg";"indelivery";1001;"2019-08-31"
15727;"energy";"gas";11200;10817;"2020-09-21";"2020-10-01";"";"";"";"Oldenburg";"indelivery";2001;"2020-09-25"
15728;"energy";"gas";9900;9777;"2018-08-10";"2018-10-01";"2020-01-31";"2020-01-03";"fristgerecht durch Kunde";"Koblenz";"terminated";2001;"2020-01-03"
15729;"energy";"electricity";2500;2419;"2020-01-31";"2020-03-01";"";"";"";"Bremen";"indelivery";1002;"2020-07-12"
15730;"energy";"electricity";2600;2655;"2019-07-30";"2019-11-01";"";"";"";"Euskirchen";"indelivery";1001;"2019-09-19"
15731;"energy";"gas";9200;"";"2020-02-27";"2020-03-01";"";"";"";"Hamburg";"indelivery";2001;"2020-09-06"
15732;"energy";"electricity";2500;2605;"2020-03-09";"2021-04-01";"";"";"";"Mosbach";"active";1002;"2020-09-21"
15733;"energy";"electricity";2900;2872;"2020-01-12";"2020-10-01";"";"";"";"Erbach";"indelivery";1001;"2020-02-22"
15734;"energy";"electricity";2000;2148;"2019-04-08";"2020-02-01";"";"";"";"Berlin";"indelivery";1002;"2019-06-29"
15735;"energy";"electricity";2600;2586;"2020-09-29";"2020-10-01";"";"";"";"Stuttgart";"indelivery";1000;"2020-09-30"
15736;"energy";"electricity";2900;3020;"2018-02-18";"2018-03-01";"";"";"";"Dresden";"indelivery";1000;"2019-06-18"
15737;"energy";"gas";9600;10258;"2019-08-21";"2019-10-01";"";"";"";"Hamburg";"indelivery";2001;"2019-10-03"
15738;"energy";"electricity";2700;2936;"2020-04-11";"2021-01-01";"";"";"";"Berlin";"active";1001;"2020-09-27"
15739;"energy";"electricity";2100;2196;"2019-08-29";"2019-11-01";"";"";"";"Berlin";"indelivery";1002;"2019-11-14"
15740;"energy";"electricity";2000;2084;"2020-08-11";"2021-08-01";"";"";"";"Munich";"active";1001;"2020-08-12"
15741;"energy";"electricity";2200;2153;"2020-07-24";"2020-09-01";"";"";"";"Altchemnitz";"indelivery";1001;"2020-08-17"
15742;"energy";"gas";8600;9184;"2018-02-17";"2018-05-01";"";"";"";"Hamburg";"indelivery";2000;"2019-02-01"
15743;"energy";"electricity";2700;2793;"2019-09-26";"2020-03-01";"";"";"";"Wiesbaden";"indelivery";1001;"2020-05-05"
15744;"energy";"electricity";2200;2249;"2020-05-25";"2020-09-01";"";"";"";"Cologne";"indelivery";1001;"2020-06-19"
15745;"energy";"electricity";2000;"";"2020-09-10";"2021-01-01";"";"";"";"Erfurt";"active";1000;"2020-09-21"
15746;"energy";"electricity";3000;3190;"2018-07-23";"2019-03-01";"";"";"";"Gera";"indelivery";1001;"2020-07-16"
15747;"energy";"gas";10200;10035;"2019-12-08";"2020-02-01";"";"";"";"Dresden";"indelivery";2000;"2020-09-25"
15748;"energy";"electricity";2400;"";"2019-06-05";"2019-07-01";"";"";"";"Gera";"indelivery";1000;"2020-04-28"
15749;"energy";"electricity";2500;2713;"2019-02-02";"2019-03-01";"";"";"";"Leer";"indelivery";1000;"2020-06-17"
15750;"energy";"electricity";2000;1930;"2018-12-13";"2019-03-01";"";"";"";"Berlin";"indelivery";1000;"2020-02-13"
15751;"energy";"gas";8800;8454;"2020-09-13";"2021-02-01";"";"";"";"Cologne";"active";2001;"2020-09-20"
15752;"energy";"electricity";2300;2469;"2020-05-09";"2020-07-01";"";"";"";"Münster";"indelivery";1002;"2020-08-07"
15753;"energy";"gas";9700;10272;"2020-09-02";"2020-12-01";"";"";"";"Münster";"active";2000;"2020-09-26"
15754;"energy";"electricity";2900;"";"2020-08-17";"2020-11-01";"";"";"";"Dortmund";"active";1000;"2020-08-23"
15755;"energy";"electricity";2600;2688;"2018-05-26";"2019-11-01";"";"";"";"Berlin";"indelivery";1002;"2019-02-09"
15756;"energy";"gas";8600;8898;"2020-07-02";"2020-08-01";"";"";"";"Cologne";"indelivery";2000;"2020-07-19"
15757;"energy";"electricity";2800;3028;"2019-09-29";"2019-10-01";"";"";"";"Munich";"indelivery";1001;"2020-05-25"
15758;"energy";"electricity";2100;2208;"2018-10-07";"2018-12-01";"";"";"";"Marienberg";"indelivery";1001;"2018-11-22"
15759;"energy";"electricity";2100;1975;"2018-10-10";"2019-01-01";"";"";"";"Augsburg";"indelivery";1001;"2019-05-16"
15760;"energy";"electricity";2200;2263;"2019-10-03";"2019-12-01";"";"";"";"Würzburg";"indelivery";1002;"2020-04-25"
15761;"energy";"electricity";2200;2131;"2018-12-04";"2019-06-01";"";"";"";"Berlin";"indelivery";1001;"2019-10-08"
15762;"energy";"electricity";2300;2382;"2019-09-21";"2019-10-01";"";"";"";"Hamburg";"indelivery";1001;"2020-05-19"
15763;"energy";"electricity";2700;2698;"2018-10-16";"2019-01-01";"";"";"";"Dortmund";"indelivery";1001;"2019-05-26"
15764;"energy";"electricity";2200;2243;"2018-11-22";"2019-01-01";"2020-12-31";"2020-12-03";"Umzug";"Munich";"cancelled";1000;"2019-12-09"
15765;"energy";"electricity";3000;3116;"2020-01-12";"2020-03-01";"";"";"";"Saarbrücken";"indelivery";1000;"2020-05-18"
15766;"energy";"electricity";2700;2700;"2020-07-28";"2020-09-01";"";"";"";"Rosenheim";"indelivery";1001;"2020-08-23"
15767;"energy";"electricity";3000;2963;"2019-08-21";"2020-03-01";"";"";"";"Mannheim";"indelivery";1001;"2019-11-22"
15768;"energy";"electricity";2800;2758;"2018-06-01";"2018-08-01";"2018-08-01";"2019-03-31";"Wiederruf";"Berlin";"terminated";1000;"2019-03-31"
15769;"energy";"electricity";2400;2634;"2018-04-26";"2018-10-01";"";"";"";"Hamburg";"indelivery";1002;"2019-10-09"
15770;"energy";"electricity";2700;2562;"2019-06-22";"2019-08-01";"";"";"";"Stuttgart";"indelivery";1001;"2020-05-27"
15771;"energy";"gas";9800;9735;"2018-02-27";"2018-11-01";"";"";"";"Essen";"indelivery";2000;"2019-06-15"
15772;"energy";"gas";9700;9298;"2019-02-12";"2019-05-01";"";"";"";"Berlin";"indelivery";2000;"2020-04-26"
15773;"energy";"electricity";2600;2735;"2019-02-24";"2019-04-01";"2019-04-01";"2019-11-27";"Wiederruf";"Berlin";"terminated";1001;"2019-05-22"
15774;"energy";"electricity";2700;2629;"2019-03-28";"2020-03-01";"2020-11-30";"2020-11-01";"fristgerecht durch LichtBlick";"Karlsruhe";"cancelled";1002;"2020-04-05"
15775;"energy";"electricity";2800;2970;"2019-06-11";"2019-10-01";"2019-10-01";"2020-02-01";"Wiederruf";"Plön";"terminated";1001;"2020-02-01"
15776;"energy";"electricity";2500;2525;"2019-11-28";"2020-09-01";"";"";"";"Aachen";"indelivery";1001;"2020-07-13"
15777;"energy";"electricity";2400;"";"2019-09-05";"2019-12-01";"";"";"";"Magdeburg";"indelivery";1000;"2019-10-18"
15778;"energy";"electricity";2900;2754;"2020-04-21";"2020-07-01";"";"";"";"Karlsruhe";"indelivery";1000;"2020-08-13"
15779;"energy";"electricity";2500;2700;"2018-09-28";"2019-01-01";"";"";"";"Karlsruhe";"indelivery";1001;"2020-08-14"
15780;"energy";"electricity";2400;2522;"2019-07-13";"2019-11-01";"";"";"";"Stuttgart";"indelivery";1000;"2019-08-30"
15781;"energy";"electricity";3100;"";"2019-09-21";"2019-10-01";"";"";"";"Coburg";"indelivery";1000;"2020-07-06"
15782;"energy";"electricity";2400;"";"2020-03-31";"2020-04-01";"2020-04-01";"2020-09-29";"Wiederruf";"Karlsruhe";"terminated";1002;"2020-07-08"
15783;"energy";"electricity";2000;2130;"2019-04-06";"2019-06-01";"2020-10-31";"2020-10-02";"fristgerecht durch Kunde";"Stralsund";"cancelled";1001;"2020-03-18"
15784;"energy";"electricity";2600;2501;"2018-02-23";"2018-10-01";"";"";"";"Cologne";"indelivery";1001;"2020-01-03"
15785;"energy";"electricity";2500;2612;"2019-06-14";"2019-09-01";"";"";"";"Hamburg";"indelivery";1002;"2020-03-01"
15786;"energy";"electricity";2400;2440;"2018-08-08";"2019-02-01";"2019-06-30";"2019-06-01";"fristgerecht durch LichtBlick";"Erfurt";"terminated";1000;"2019-06-01"
15787;"energy";"electricity";2800;2757;"2018-10-15";"2018-11-01";"2019-11-30";"2019-11-02";"Umzug";"Essen";"terminated";1000;"2019-11-02"
15788;"energy";"electricity";2900;3068;"2020-03-28";"2021-01-01";"";"";"";"Regensburg";"active";1001;"2020-06-16"
15789;"energy";"electricity";2600;2506;"2020-09-19";"2020-11-01";"";"";"";"Olpe";"active";1000;"2020-09-20"
15790;"energy";"electricity";2000;1958;"2020-04-27";"2020-10-01";"";"";"";"Dresden";"indelivery";1001;"2020-05-15"
15791;"energy";"electricity";2700;2768;"2020-06-24";"2020-07-01";"";"";"";"Hamburg";"indelivery";1002;"2020-07-17"
15792;"energy";"electricity";2700;2627;"2019-09-03";"2019-10-01";"2019-10-01";"2019-12-30";"Wiederruf";"Würzburg";"terminated";1001;"2019-12-30"
15793;"energy";"gas";9100;9377;"2018-01-29";"2018-08-01";"";"";"";"Bremen";"indelivery";2001;"2020-07-31"
15794;"energy";"electricity";2400;2332;"2018-10-03";"2019-03-01";"";"";"";"Weißenburg";"indelivery";1000;"2019-03-02"
15795;"energy";"electricity";2100;2019;"2020-06-16";"2020-09-01";"";"";"";"Berlin";"indelivery";1000;"2020-09-21"
15796;"energy";"electricity";2500;2522;"2018-08-07";"2019-08-01";"";"";"";"Herne";"indelivery";1002;"2018-12-04"
15797;"energy";"electricity";2200;"";"2018-03-30";"2018-04-01";"";"";"";"Hannover";"indelivery";1001;"2018-04-25"
15798;"energy";"electricity";2800;2804;"2018-06-16";"2018-08-01";"";"";"";"Marienberg";"indelivery";1000;"2018-09-23"
15799;"energy";"gas";9900;9909;"2020-02-14";"2020-06-01";"";"";"";"Kiel";"indelivery";2000;"2020-09-23"
15800;"energy";"electricity";2700;2737;"2018-05-23";"2019-04-01";"";"";"";"Berlin";"indelivery";1000;"2018-08-08"
15801;"energy";"electricity";1900;2017;"2019-11-01";"2019-12-01";"";"";"";"Berlin";"indelivery";1002;"2020-05-27"
15802;"energy";"electricity";2900;3027;"2020-02-23";"2020-04-01";"";"";"";"Wesel";"indelivery";1002;"2020-04-21"
15803;"energy";"electricity";2000;2051;"2020-08-21";"2021-01-01";"";"";"";"Hamburg";"active";1002;"2020-09-02"
15804;"energy";"electricity";2400;2522;"2018-06-17";"2018-12-01";"2018-12-01";"2020-03-01";"Wiederruf";"Lauterbach";"terminated";1002;"2019-09-08"
15805;"energy";"electricity";2300;2353;"2019-08-15";"2019-09-01";"";"";"";"Bremen";"indelivery";1002;"2020-09-01"
15806;"energy";"electricity";2500;2633;"2018-04-18";"2018-05-01";"";"";"";"Mannheim";"indelivery";1000;"2020-07-16"
15807;"energy";"gas";10200;10536;"2019-06-13";"2019-07-01";"";"";"";"Berlin";"indelivery";2000;"2020-05-16"
15808;"energy";"electricity";2500;2557;"2018-05-03";"2018-08-01";"2018-08-01";"2020-05-28";"Wiederruf";"Marienberg";"terminated";1000;"2020-02-13"
15809;"energy";"gas";8200;8302;"2018-08-22";"2019-06-01";"";"";"";"Schwerin";"indelivery";2001;"2019-01-06"
15810;"energy";"electricity";2800;2935;"2018-02-05";"2018-06-01";"2020-03-31";"2020-03-02";"fristgerecht durch LichtBlick";"Hamburg";"terminated";1002;"2019-09-30"
15811;"energy";"electricity";2000;2191;"2018-07-28";"2019-08-01";"";"";"";"Cologne";"indelivery";1001;"2020-07-18"
15812;"energy";"electricity";2400;2420;"2019-05-06";"2019-11-01";"2020-11-30";"2020-10-31";"fristgerecht durch Kunde";"Hamburg";"cancelled";1001;"2020-03-15"
15813;"energy";"electricity";2700;2797;"2020-09-09";"2021-01-01";"";"";"";"Ulm";"active";1000;"2020-09-25"
15814;"energy";"electricity";2200;2205;"2019-10-05";"2019-12-01";"";"";"";"Leipzig";"indelivery";1002;"2020-02-07"
15815;"energy";"electricity";2800;2968;"2020-03-13";"2020-04-01";"";"";"";"Dortmund";"indelivery";1000;"2020-05-23"
15816;"energy";"electricity";2400;2476;"2018-03-03";"2018-05-01";"";"";"";"Münster";"indelivery";1000;"2019-03-14"
15817;"energy";"electricity";2100;2196;"2018-06-06";"2018-09-01";"";"";"";"Braunschweig";"indelivery";1000;"2019-06-10"
15818;"energy";"electricity";2800;3056;"2020-09-28";"2021-04-01";"";"";"";"Hamburg";"active";1001;"2020-09-30"
15819;"energy";"electricity";2100;2161;"2018-08-22";"2019-02-01";"";"";"";"Munich";"indelivery";1002;"2020-08-02"
15820;"energy";"electricity";2600;2756;"2018-04-21";"2018-06-01";"2020-02-29";"2020-02-01";"Umzug";"Jena";"terminated";1001;"2019-10-03"
15821;"energy";"gas";9400;9949;"2018-08-09";"2018-10-01";"";"";"";"Marienberg";"indelivery";2001;"2019-03-29"
15822;"energy";"electricity";2800;2815;"2020-06-21";"2020-10-01";"";"";"";"Steinfurt";"indelivery";1000;"2020-09-22"
15823;"energy";"electricity";2200;2380;"2018-02-14";"2018-09-01";"";"";"";"Munich";"indelivery";1000;"2018-04-03"
15824;"energy";"electricity";2200;2202;"2018-06-14";"2018-08-01";"";"";"";"Cologne";"indelivery";1002;"2018-09-26"
15825;"energy";"electricity";2700;2557;"2019-12-12";"2020-06-01";"";"";"";"Hannover";"indelivery";1001;"2020-02-06"
15826;"energy";"electricity";2600;"";"2018-11-28";"2019-01-01";"2019-09-30";"2019-08-30";"fristgerecht durch LichtBlick";"Bremen";"terminated";1000;"2019-08-30"
15827;"energy";"electricity";2600;2591;"2019-07-30";"2020-01-01";"";"";"";"Munich";"indelivery";1000;"2020-04-16"
15828;"energy";"electricity";2100;2183;"2020-07-18";"2020-10-01";"";"";"";"Berlin";"indelivery";1001;"2020-09-15"
15829;"energy";"electricity";2700;2693;"2018-09-10";"2018-10-01";"2019-02-28";"2019-01-20";"fristgerecht durch LichtBlick";"Stuttgart";"terminated";1001;"2019-01-20"
15830;"energy";"electricity";2900;2894;"2019-06-04";"2019-12-01";"";"";"";"Essen";"indelivery";1000;"2019-08-23"
15831;"energy";"electricity";2100;2261;"2019-11-09";"2021-03-01";"";"";"";"Regensburg";"active";1002;"2020-06-14"
15832;"energy";"electricity";2600;2455;"2019-04-25";"2019-05-01";"";"";"";"Kassel";"indelivery";1001;"2019-09-30"
15833;"energy";"electricity";2700;2773;"2018-01-03";"2018-03-01";"2019-08-31";"2019-07-24";"fristgerecht durch LichtBlick";"Magdeburg";"terminated";1001;"2019-07-24"
15834;"energy";"electricity";2300;2341;"2020-02-13";"2020-10-01";"";"";"";"Kiel";"indelivery";1000;"2020-04-17"
15835;"energy";"electricity";2400;2519;"2018-07-09";"2018-11-01";"2020-10-31";"2020-09-29";"fristgerecht durch LichtBlick";"Cologne";"cancelled";1002;"2020-08-04"
15836;"energy";"electricity";2500;2702;"2019-10-13";"2019-12-01";"";"";"";"Düsseldorf";"indelivery";1001;"2020-07-28"
15837;"energy";"electricity";1900;1895;"2020-06-28";"2020-07-01";"";"";"";"Berlin";"indelivery";1001;"2020-09-24"
15838;"energy";"electricity";2900;2930;"2019-05-03";"2019-06-01";"";"";"";"Bremen";"indelivery";1002;"2020-05-02"
15839;"energy";"electricity";2100;2028;"2018-08-31";"2018-11-01";"";"";"";"Dortmund";"indelivery";1001;"2020-01-19"
15840;"energy";"electricity";2000;2085;"2018-04-16";"2019-02-01";"";"";"";"Frankfurt";"indelivery";1002;"2018-11-28"
15841;"energy";"electricity";2200;2186;"2020-04-24";"2020-06-01";"";"";"";"Mannheim";"indelivery";1002;"2020-09-23"
15842;"energy";"electricity";2700;2746;"2020-07-14";"2020-08-01";"";"";"";"Potsdam";"indelivery";1001;"2020-07-23"
15843;"energy";"electricity";2800;2756;"2019-05-28";"2019-07-01";"";"";"";"Berlin";"indelivery";1000;"2020-09-23"
15844;"energy";"electricity";3000;3109;"2018-12-14";"2019-01-01";"2019-11-30";"2019-11-02";"Umzug";"Duisburg";"terminated";1001;"2019-11-02"
15845;"energy";"electricity";2400;2573;"2018-10-22";"2018-11-01";"";"";"";"Duisburg";"indelivery";1002;"2020-05-26"
15846;"energy";"electricity";2500;"";"2018-10-26";"2019-04-01";"";"";"";"Cologne";"indelivery";1000;"2019-02-12"
15847;"energy";"electricity";2000;2011;"2020-07-11";"2020-09-01";"";"";"";"Rostock";"indelivery";1000;"2020-08-02"
15848;"energy";"electricity";2100;2079;"2018-07-27";"2019-06-01";"";"";"";"Augsburg";"indelivery";1002;"2020-05-07"
15849;"energy";"gas";10500;10627;"2019-03-16";"2019-07-01";"";"";"";"Marienberg";"indelivery";2001;"2019-05-03"
15850;"energy";"gas";8600;9162;"2018-05-24";"2018-06-01";"";"";"";"Munich";"indelivery";2001;"2019-07-05"
15851;"energy";"electricity";2000;1974;"2019-03-15";"2019-04-01";"";"";"";"Berlin";"indelivery";1001;"2020-07-30"
15852;"energy";"electricity";2600;2740;"2019-11-14";"2020-02-01";"2020-03-31";"2020-03-02";"fristgerecht durch LichtBlick";"Frankfurt";"terminated";1000;"2019-12-11"
15853;"energy";"gas";9200;8949;"2018-01-20";"2018-07-01";"2018-10-31";"2018-10-03";"Umzug";"Freiburg";"terminated";2001;"2018-10-03"
15854;"energy";"electricity";2500;"";"2019-12-06";"2020-04-01";"";"";"";"Cologne";"indelivery";1002;"2020-07-01"
15855;"energy";"gas";10900;10913;"2019-12-08";"2020-02-01";"";"";"";"Berlin";"indelivery";2001;"2020-08-07"
15856;"energy";"electricity";2600;2569;"2019-09-15";"2020-01-01";"";"";"";"Hamburg";"indelivery";1001;"2020-02-21"
15857;"energy";"gas";10800;"";"2019-10-28";"2019-12-01";"";"";"";"Kassel";"indelivery";2001;"2020-04-14"
15858;"energy";"electricity";3000;2964;"2020-05-21";"2020-08-01";"";"";"";"Jena";"indelivery";1000;"2020-06-01"
15859;"energy";"electricity";2600;"";"2018-03-21";"2018-04-01";"";"";"";"Berlin";"indelivery";1002;"2020-01-26"
15860;"energy";"electricity";2400;2323;"2020-06-18";"2020-10-01";"";"";"";"Bremen";"indelivery";1001;"2020-08-13"
15861;"energy";"electricity";2300;2228;"2019-05-23";"2019-06-01";"";"";"";"Wuppertal";"indelivery";1001;"2020-01-31"
15862;"energy";"electricity";2200;2342;"2018-12-31";"2019-03-01";"";"";"";"Hamburg";"indelivery";1002;"2019-05-30"
15863;"energy";"gas";11100;10890;"2020-08-09";"2021-05-01";"";"";"";"Bad Homburg";"active";2001;"2020-09-06"
15864;"energy";"electricity";2000;2087;"2018-07-17";"2018-08-01";"";"";"";"Munich";"indelivery";1000;"2019-10-22"
15865;"energy";"electricity";2000;2084;"2018-01-05";"2018-02-01";"";"";"";"Berlin";"indelivery";1000;"2019-04-27"
15866;"energy";"electricity";2400;2323;"2019-06-03";"2019-08-01";"";"";"";"Berlin";"indelivery";1002;"2019-06-06"
15867;"energy";"electricity";2300;2281;"2018-04-27";"2019-02-01";"";"";"";"Berlin";"indelivery";1002;"2019-02-09"
15868;"energy";"electricity";2700;2775;"2018-08-10";"2019-06-01";"2019-10-31";"2019-09-30";"fristgerecht durch Kunde";"Braunschweig";"terminated";1002;"2019-09-30"
15869;"energy";"electricity";2400;"";"2020-01-20";"2020-05-01";"";"";"";"Karlsruhe";"indelivery";1001;"2020-03-28"
15870;"energy";"electricity";2400;2374;"2019-07-10";"2019-09-01";"";"";"";"Leipzig";"indelivery";1001;"2020-04-28"
15871;"energy";"electricity";2400;2511;"2020-06-11";"2020-11-01";"";"";"";"Bonn";"active";1001;"2020-06-17"
15872;"energy";"electricity";2700;2736;"2019-04-11";"2019-06-01";"";"";"";"Dortmund";"indelivery";1000;"2019-11-01"
15873;"energy";"electricity";2500;2688;"2018-07-14";"2018-09-01";"2020-02-29";"2020-02-01";"fristgerecht durch Kunde";"Hamburg";"terminated";1001;"2020-02-01"
15874;"energy";"electricity";2800;2780;"2018-07-06";"2018-11-01";"";"";"";"Dortmund";"indelivery";1000;"2018-11-13"
15875;"energy";"gas";9700;9742;"2018-09-17";"2019-05-01";"";"";"";"Dresden";"indelivery";2001;"2019-06-23"
15876;"energy";"electricity";2100;2095;"2018-12-03";"2019-04-01";"";"";"";"Dortmund";"indelivery";1002;"2018-12-24"
15877;"energy";"electricity";2700;2626;"2020-04-17";"2020-11-01";"";"";"";"Berlin";"active";1001;"2020-06-01"
15878;"energy";"electricity";2500;2369;"2020-03-31";"2020-04-01";"";"";"";"Munich";"indelivery";1000;"2020-09-26"
15879;"energy";"electricity";2200;2262;"2019-07-27";"2019-10-01";"2020-10-31";"2020-09-29";"fristgerecht durch LichtBlick";"Munich";"cancelled";1002;"2019-09-15"
15880;"energy";"electricity";2700;2883;"2020-01-30";"2020-04-01";"";"";"";"Altchemnitz";"indelivery";1002;"2020-07-16"
15881;"energy";"electricity";2700;2914;"2019-05-01";"2019-07-01";"";"";"";"Munich";"indelivery";1001;"2019-07-14"
15882;"energy";"electricity";2600;2796;"2019-04-02";"2019-07-01";"";"";"";"Saarbrücken";"indelivery";1001;"2020-05-26"
15883;"energy";"electricity";2900;2910;"2018-08-11";"2018-11-01";"";"";"";"Marienberg";"indelivery";1000;"2020-06-30"
15884;"energy";"electricity";2700;2573;"2018-12-17";"2019-02-01";"2019-02-01";"2020-10-26";"Wiederruf";"Berlin";"terminated";1002;"2020-04-22"
15885;"energy";"electricity";2400;2303;"2019-11-14";"2020-02-01";"";"";"";"Dortmund";"indelivery";1002;"2020-03-29"
15886;"energy";"electricity";2200;2119;"2018-11-07";"2019-03-01";"";"";"";"Hamburg";"indelivery";1002;"2019-03-15"
15887;"energy";"electricity";2100;2092;"2018-01-08";"2018-07-01";"2019-05-31";"2019-05-02";"fristgerecht durch Kunde";"Berlin";"terminated";1002;"2019-05-02"
15888;"energy";"electricity";3000;3135;"2019-07-25";"2020-02-01";"";"";"";"Saarbrücken";"indelivery";1000;"2020-06-05"
15889;"energy";"electricity";3000;3061;"2019-05-01";"2019-06-01";"2020-04-30";"2020-04-02";"fristgerecht durch Kunde";"Wiesbaden";"terminated";1001;"2019-11-06"
15890;"energy";"electricity";3000;2942;"2018-05-24";"2018-07-01";"";"";"";"Hamm";"indelivery";1000;"2019-01-02"
15891;"energy";"electricity";2900;2953;"2019-03-21";"2019-05-01";"";"";"";"Leipzig";"indelivery";1000;"2019-04-05"
15892;"energy";"electricity";2700;2782;"2018-10-21";"2019-06-01";"2019-09-30";"2019-09-01";"fristgerecht durch Kunde";"Hannover";"terminated";1002;"2018-12-10"
15893;"energy";"electricity";2400;2404;"2018-12-28";"2019-05-01";"";"";"";"Dortmund";"indelivery";1002;"2020-01-18"
15894;"energy";"gas";8100;8120;"2020-07-03";"2020-10-01";"";"";"";"Duisburg";"indelivery";2000;"2020-08-27"
15895;"energy";"gas";8500;8805;"2018-04-12";"2019-02-01";"";"";"";"Dresden";"indelivery";2001;"2019-01-28"
15896;"energy";"gas";10200;10818;"2018-12-07";"2019-04-01";"";"";"";"Berlin";"indelivery";2001;"2020-06-26"
15897;"energy";"electricity";2100;"";"2019-09-30";"2020-02-01";"2020-10-31";"2020-09-26";"fristgerecht durch Kunde";"Augsburg";"cancelled";1001;"2019-12-22"
15898;"energy";"electricity";2300;2302;"2018-03-02";"2018-05-01";"2019-02-28";"2019-01-31";"fristgerecht durch Kunde";"Berlin";"terminated";1000;"2018-06-20"
15899;"energy";"electricity";2300;2459;"2019-09-03";"2019-12-01";"";"";"";"Fürth";"indelivery";1000;"2020-05-08"
15900;"energy";"electricity";2500;2607;"2019-04-23";"2019-12-01";"";"";"";"Berlin";"indelivery";1002;"2020-02-14"
15901;"energy";"electricity";2300;2249;"2020-03-09";"2020-07-01";"";"";"";"Bremen";"indelivery";1000;"2020-05-01"
15902;"energy";"electricity";2400;2574;"2019-06-05";"2019-07-01";"";"";"";"Bonn";"indelivery";1001;"2019-06-21"
15903;"energy";"electricity";2400;2580;"2020-06-12";"2020-08-01";"";"";"";"Hannover";"indelivery";1002;"2020-07-23"
15904;"energy";"electricity";2800;2975;"2018-08-20";"2019-01-01";"";"";"";"Regensburg";"indelivery";1002;"2019-08-06"
15905;"energy";"electricity";2100;2215;"2018-07-23";"2018-11-01";"2020-03-31";"2020-03-02";"fristgerecht durch LichtBlick";"Berlin";"terminated";1001;"2019-12-20"
15906;"energy";"electricity";3100;3330;"2020-09-03";"2020-10-01";"";"";"";"Kelheim";"indelivery";1000;"2020-09-04"
15907;"energy";"electricity";2800;2812;"2020-02-10";"2020-04-01";"";"";"";"Stuttgart";"indelivery";1000;"2020-04-29"
15908;"energy";"electricity";2000;1926;"2018-01-24";"2018-06-01";"";"";"";"Munich";"indelivery";1000;"2019-11-10"
15909;"energy";"electricity";2700;2796;"2018-09-03";"2019-01-01";"";"";"";"Dresden";"indelivery";1002;"2019-04-06"
15910;"energy";"electricity";2200;2344;"2020-02-12";"2020-04-01";"";"";"";"Leipzig";"indelivery";1002;"2020-04-14"
15911;"energy";"gas";10700;11291;"2020-07-29";"2020-10-01";"";"";"";"Leipzig";"indelivery";2000;"2020-09-02"
15912;"energy";"electricity";2600;2711;"2019-08-08";"2019-10-01";"";"";"";"Hamburg";"indelivery";1002;"2019-12-29"
15913;"energy";"electricity";2900;2838;"2018-01-11";"2018-03-01";"2019-11-30";"2019-11-02";"Umzug";"Bremen";"terminated";1001;"2019-11-02"
15914;"energy";"electricity";2200;2279;"2020-05-12";"2020-06-01";"";"";"";"Münster";"indelivery";1001;"2020-09-26"
15915;"energy";"electricity";2600;2717;"2019-05-29";"2020-01-01";"";"";"";"Berlin";"indelivery";1000;"2020-06-11"
15916;"energy";"electricity";1900;1995;"2018-07-17";"2018-08-01";"";"";"";"Frankfurt";"indelivery";1002;"2019-02-19"
15917;"energy";"electricity";2200;2226;"2018-04-21";"2018-07-01";"2019-04-30";"2019-04-02";"Umzug";"Osnabrück";"terminated";1001;"2019-03-22"
15918;"energy";"electricity";2900;2842;"2019-07-05";"2020-05-01";"";"";"";"Haßfurt";"indelivery";1002;"2019-11-19"
15919;"energy";"electricity";2800;2888;"2018-07-10";"2018-09-01";"";"";"";"Kassel";"indelivery";1002;"2020-07-03"
15920;"energy";"electricity";2400;2610;"2019-03-01";"2019-06-01";"";"";"";"Berlin";"indelivery";1000;"2019-11-07"
15921;"energy";"electricity";2500;2458;"2020-07-23";"2020-09-01";"";"";"";"Rostock";"indelivery";1000;"2020-09-24"
15922;"energy";"gas";8100;7916;"2019-01-16";"2019-10-01";"";"";"";"Saarbrücken";"indelivery";2001;"2020-06-18"
15923;"energy";"electricity";2800;2777;"2019-06-09";"2019-11-01";"";"";"";"Wilhelmshaven";"indelivery";1000;"2019-07-10"
15924;"energy";"electricity";2700;2705;"2020-01-29";"2020-04-01";"";"";"";"Berlin";"indelivery";1001;"2020-03-14"
15925;"energy";"electricity";2800;2781;"2018-01-17";"2018-02-01";"";"";"";"Berlin";"indelivery";1001;"2019-08-31"
15926;"energy";"electricity";2200;2415;"2020-06-01";"2020-11-01";"";"";"";"Marienberg";"active";1002;"2020-06-28"
15927;"energy";"electricity";1900;1983;"2018-09-06";"2019-04-01";"";"";"";"Stuttgart";"indelivery";1000;"2020-02-26"
15928;"energy";"electricity";2600;2577;"2018-08-15";"2019-02-01";"";"";"";"Rostock";"indelivery";1002;"2019-12-01"
15929;"energy";"electricity";2800;2760;"2019-01-16";"2019-09-01";"";"";"";"Berlin";"indelivery";1001;"2020-08-09"
15930;"energy";"electricity";2600;"";"2019-09-08";"2019-11-01";"";"";"";"Munich";"indelivery";1002;"2020-09-20"
15931;"energy";"gas";11800;12501;"2018-05-28";"2018-07-01";"2020-04-30";"2020-03-31";"fristgerecht durch LichtBlick";"Bremen";"terminated";2000;"2019-01-07"
15932;"energy";"electricity";2000;2102;"2019-06-12";"2019-09-01";"";"";"";"Düsseldorf";"indelivery";1002;"2019-11-25"
15933;"energy";"electricity";2700;2707;"2020-02-25";"2020-06-01";"";"";"";"Essen";"indelivery";1002;"2020-08-12"
15934;"energy";"electricity";2600;2580;"2018-10-17";"2019-01-01";"";"";"";"Dresden";"indelivery";1000;"2019-01-21"
15935;"energy";"electricity";2200;2185;"2020-01-11";"2020-03-01";"2020-10-31";"2020-09-25";"fristgerecht durch LichtBlick";"Leipzig";"cancelled";1000;"2020-08-02"
15936;"energy";"gas";10700;11262;"2018-09-29";"2019-03-01";"2019-10-31";"2019-10-03";"Umzug";"Leipzig";"terminated";2001;"2019-10-03"
15937;"energy";"electricity";2900;3003;"2018-06-01";"2018-07-01";"";"";"";"Erfurt";"indelivery";1001;"2018-11-08"
15938;"energy";"electricity";2500;2661;"2018-10-07";"2018-12-01";"2019-01-31";"2018-12-30";"fristgerecht durch LichtBlick";"Schleswig";"terminated";1002;"2018-12-30"
15939;"energy";"gas";10300;10815;"2020-06-21";"2021-01-01";"";"";"";"Bonn";"active";2000;"2020-08-24"
15940;"energy";"gas";8300;7965;"2018-12-24";"2019-01-01";"2019-05-31";"2019-05-03";"fristgerecht durch LichtBlick";"Neustadt";"terminated";2001;"2019-05-03"
15941;"energy";"electricity";2800;2850;"2020-01-11";"2021-01-01";"";"";"";"Rathenow";"active";1002;"2020-05-21"
15942;"energy";"electricity";2300;2240;"2018-02-18";"2018-07-01";"2020-06-30";"2020-06-01";"fristgerecht durch LichtBlick";"Berlin";"terminated";1002;"2019-05-14"
15943;"energy";"electricity";2600;2745;"2018-11-20";"2019-02-01";"";"";"";"Leipzig";"indelivery";1001;"2018-12-02"
15944;"energy";"electricity";3100;3225;"2018-12-01";"2019-04-01";"";"";"";"Eutin";"indelivery";1000;"2020-03-04"
15945;"energy";"electricity";3000;3031;"2018-04-02";"2018-09-01";"2020-01-31";"2019-12-31";"Umzug";"Bonn";"terminated";1000;"2018-09-03"
15946;"energy";"electricity";2600;2501;"2019-04-04";"2019-07-01";"";"";"";"Dortmund";"indelivery";1000;"2020-09-10"
15947;"energy";"gas";8500;8420;"2018-09-03";"2018-11-01";"2019-12-31";"2019-11-28";"fristgerecht durch LichtBlick";"Baden-Baden";"terminated";2001;"2019-04-15"
15948;"energy";"gas";11400;11183;"2020-02-11";"2020-12-01";"";"";"";"Mannheim";"active";2001;"2020-07-10"
15949;"energy";"electricity";2600;2729;"2020-03-08";"2020-06-01";"";"";"";"Mainz";"indelivery";1000;"2020-07-12"
15950;"energy";"electricity";2300;2427;"2018-09-21";"2018-11-01";"";"";"";"Karlsruhe";"indelivery";1002;"2020-02-15"
15951;"energy";"electricity";2600;2758;"2019-11-26";"2019-12-01";"";"";"";"Regensburg";"indelivery";1002;"2020-04-14"
15952;"energy";"electricity";2100;2191;"2020-09-01";"2021-02-01";"";"";"";"Kassel";"active";1001;"2020-09-28"
15953;"energy";"electricity";2500;2476;"2018-03-03";"2018-07-01";"2019-11-30";"2019-10-30";"fristgerecht durch Kunde";"Oldenburg";"terminated";1000;"2019-10-30"
15954;"energy";"electricity";2400;2512;"2020-01-15";"2021-01-01";"";"";"";"Schwerin";"active";1001;"2020-07-26"
15955;"energy";"electricity";2900;3018;"2019-02-02";"2019-04-01";"";"";"";"Leipzig";"indelivery";1000;"2020-06-07"
15956;"energy";"electricity";2500;2547;"2018-06-07";"2018-10-01";"";"";"";"Bielefeld";"indelivery";1002;"2018-09-29"
15957;"energy";"electricity";2900;2971;"2020-06-01";"2020-07-01";"";"";"";"Koblenz";"indelivery";1000;"2020-08-20"
15958;"energy";"electricity";2200;2124;"2020-09-29";"2020-11-01";"";"";"";"Heidelberg";"active";1001;"2020-09-30"
15959;"energy";"electricity";2700;2875;"2019-01-23";"2020-01-01";"";"";"";"Koblenz";"indelivery";1001;"2020-07-04"
15960;"energy";"electricity";2100;2171;"2020-05-19";"2021-04-01";"";"";"";"Berlin";"active";1001;"2020-06-16"
15961;"energy";"electricity";2600;2573;"2019-10-18";"2019-12-01";"2020-09-30";"2020-08-31";"Umzug";"Hannover";"terminated";1001;"2019-12-16"
15962;"energy";"electricity";2900;2970;"2019-06-10";"2019-08-01";"";"";"";"Cologne";"indelivery";1001;"2019-08-09"
15963;"energy";"gas";8300;8268;"2018-06-26";"2019-07-01";"2019-08-31";"2019-08-03";"fristgerecht durch Kunde";"Bremen";"terminated";2000;"2019-04-20"
15964;"energy";"gas";9200;8862;"2020-01-18";"2020-03-01";"";"";"";"Osnabrück";"indelivery";2000;"2020-04-26"
15965;"energy";"electricity";2300;2317;"2019-02-18";"2019-04-01";"2020-04-30";"2020-03-26";"fristgerecht durch Kunde";"Cologne";"terminated";1002;"2019-06-22"
15966;"energy";"electricity";2300;"";"2019-09-23";"2020-03-01";"";"";"";"Berlin";"indelivery";1002;"2020-09-19"
15967;"energy";"gas";10800;11475;"2020-03-11";"2020-09-01";"";"";"";"Münster";"indelivery";2000;"2020-07-20"
15968;"energy";"electricity";2100;2032;"2020-03-31";"2020-04-01";"";"";"";"Berlin";"indelivery";1002;"2020-04-12"
15969;"energy";"electricity";2700;"";"2019-05-25";"2019-10-01";"2019-12-31";"2019-12-03";"fristgerecht durch Kunde";"Berlin";"terminated";1000;"2019-12-03"
15970;"energy";"gas";11600;11737;"2019-06-22";"2019-11-01";"";"";"";"Bremen";"indelivery";2000;"2019-09-08"
15971;"energy";"electricity";2500;2614;"2020-06-22";"2020-08-01";"";"";"";"Duisburg";"indelivery";1002;"2020-07-28"
15972;"energy";"electricity";2200;2385;"2019-06-07";"2019-07-01";"";"";"";"Bonn";"indelivery";1001;"2019-06-23"
15973;"energy";"electricity";2200;2237;"2020-05-27";"2020-12-01";"";"";"";"Berlin";"active";1002;"2020-07-21"
15974;"energy";"electricity";2100;2188;"2019-02-17";"2019-12-01";"";"";"";"Berlin";"indelivery";1002;"2019-12-31"
15975;"energy";"gas";9800;10360;"2019-08-23";"2019-10-01";"";"";"";"Berlin";"indelivery";2001;"2019-10-27"
15976;"energy";"electricity";2700;2940;"2019-01-24";"2019-03-01";"";"";"";"Flensburg";"indelivery";1000;"2020-02-04"
15977;"energy";"electricity";2600;2665;"2019-04-18";"2019-12-01";"";"";"";"Herzberg";"indelivery";1002;"2020-05-09"
15978;"energy";"gas";10200;10259;"2019-06-02";"2019-08-01";"";"";"";"Essen";"indelivery";2000;"2019-11-02"
15979;"energy";"electricity";2500;2616;"2018-11-04";"2019-02-01";"";"";"";"Hamburg";"indelivery";1000;"2019-04-04"
15980;"energy";"electricity";2100;2247;"2019-06-07";"2019-10-01";"";"";"";"Duisburg";"indelivery";1000;"2020-07-01"
15981;"energy";"electricity";2100;2025;"2018-12-09";"2019-07-01";"2019-08-31";"2019-07-28";"fristgerecht durch LichtBlick";"Göttingen";"terminated";1001;"2019-05-27"
15982;"energy";"gas";11200;11659;"2019-08-12";"2019-11-01";"";"";"";"Bremen";"indelivery";2001;"2020-01-23"
15983;"energy";"electricity";2100;2204;"2019-04-15";"2019-05-01";"";"";"";"Berlin";"indelivery";1001;"2019-10-14"
15984;"energy";"electricity";2900;3113;"2018-10-24";"2018-12-01";"";"";"";"Lauf";"indelivery";1001;"2020-09-17"
15985;"energy";"electricity";2700;2791;"2019-07-01";"2020-05-01";"2020-12-31";"2020-12-03";"fristgerecht durch LichtBlick";"Augsburg";"cancelled";1000;"2020-01-18"
15986;"energy";"electricity";3000;2996;"2018-12-12";"2019-09-01";"";"";"";"Mannheim";"indelivery";1002;"2020-09-19"
15987;"energy";"electricity";2800;2874;"2020-01-04";"2020-02-01";"";"";"";"Hamburg";"indelivery";1000;"2020-06-08"
15988;"energy";"electricity";2700;2822;"2019-10-08";"2019-12-01";"";"";"";"Neunkirchen";"indelivery";1002;"2020-04-09"
15989;"energy";"electricity";3000;2826;"2018-07-18";"2018-09-01";"2020-10-31";"2020-09-30";"Umzug";"Mainz";"cancelled";1002;"2019-05-01"
15990;"energy";"electricity";2500;2643;"2020-04-30";"2021-01-01";"";"";"";"Cologne";"active";1001;"2020-07-03"
15991;"energy";"electricity";2500;2682;"2018-12-30";"2019-05-01";"2019-07-31";"2019-06-30";"fristgerecht durch LichtBlick";"Stuttgart";"terminated";1001;"2019-06-30"
15992;"energy";"electricity";2200;2134;"2019-07-04";"2019-11-01";"";"";"";"Erfurt";"indelivery";1000;"2019-08-09"
15993;"energy";"electricity";2100;"";"2019-02-22";"2019-04-01";"";"";"";"Schwerin";"indelivery";1002;"2020-01-04"
15994;"energy";"electricity";2400;2337;"2019-04-25";"2019-12-01";"";"";"";"Marienberg";"indelivery";1001;"2019-07-02"
15995;"energy";"gas";9700;10104;"2019-06-20";"2019-07-01";"2019-07-01";"2020-09-30";"Wiederruf";"Hamburg";"terminated";2001;"2020-07-17"
15996;"energy";"gas";11800;11832;"2018-02-10";"2018-06-01";"";"";"";"Schwerin";"indelivery";2001;"2018-06-08"
15997;"energy";"electricity";2400;2532;"2020-07-05";"2020-08-01";"";"";"";"Berlin";"indelivery";1000;"2020-08-28"
15998;"energy";"electricity";2700;2819;"2018-04-04";"2018-06-01";"2018-11-30";"2018-10-31";"fristgerecht durch Kunde";"Munich";"terminated";1001;"2018-10-31"
15999;"energy";"electricity";2200;2369;"2019-12-10";"2020-03-01";"";"";"";"Marienberg";"indelivery";1002;"2019-12-27"
16000;"energy";"gas";8600;8465;"2020-05-08";"2020-08-01";"";"";"";"Hamburg";"indelivery";2001;"2020-07-26"
16001;"energy";"electricity";2600;2645;"2020-02-25";"2020-06-01";"";"";"";"Berlin";"indelivery";1000;"2020-08-13"
16002;"energy";"electricity";2200;2335;"2018-03-03";"2018-07-01";"";"";"";"Cologne";"indelivery";1000;"2020-09-08"
16003;"energy";"electricity";2500;2379;"2019-04-10";"2019-10-01";"";"";"";"Hamburg";"indelivery";1000;"2020-09-19"
16004;"energy";"electricity";2100;2017;"2019-07-21";"2019-09-01";"2019-09-01";"2020-06-28";"Wiederruf";"Wuppertal";"terminated";1001;"2019-08-09"
16005;"energy";"electricity";2300;2483;"2020-07-06";"2020-09-01";"";"";"";"Wuppertal";"indelivery";1001;"2020-07-20"
16006;"energy";"electricity";2300;2217;"2020-06-29";"2020-09-01";"";"";"";"Hannover";"indelivery";1002;"2020-09-14"
16007;"energy";"electricity";2200;2288;"2020-02-07";"2020-05-01";"";"";"";"Berlin";"indelivery";1001;"2020-04-29"
16008;"energy";"electricity";2100;2202;"2019-04-23";"2019-05-01";"";"";"";"Frankfurt";"indelivery";1000;"2020-01-22"
16009;"energy";"electricity";2400;2445;"2018-07-30";"2018-09-01";"";"";"";"Schwabach";"indelivery";1002;"2019-06-29"
16010;"energy";"electricity";2500;2501;"2019-09-03";"2019-12-01";"";"";"";"Osnabrück";"indelivery";1000;"2020-04-17"
16011;"energy";"electricity";2200;2167;"2018-04-27";"2018-09-01";"";"";"";"Mannheim";"indelivery";1000;"2018-10-05"
16012;"energy";"electricity";2700;2709;"2020-01-16";"2020-09-01";"";"";"";"Leipzig";"indelivery";1002;"2020-01-30"
16013;"energy";"electricity";2300;2256;"2020-03-10";"2020-08-01";"";"";"";"Essen";"indelivery";1002;"2020-07-02"
16014;"energy";"electricity";2300;2392;"2019-08-10";"2019-11-01";"";"";"";"Cologne";"indelivery";1001;"2020-07-04"
16015;"energy";"electricity";2400;2286;"2019-10-26";"2019-11-01";"2020-10-31";"2020-10-03";"fristgerecht durch LichtBlick";"Stuttgart";"cancelled";1000;"2020-06-15"
16016;"energy";"electricity";2400;2383;"2019-02-12";"2019-04-01";"2019-10-31";"2019-09-25";"fristgerecht durch Kunde";"Essen";"terminated";1001;"2019-09-25"
16017;"energy";"electricity";2500;2469;"2018-02-21";"2018-12-01";"";"";"";"Eisenberg";"indelivery";1002;"2019-12-27"
16018;"energy";"electricity";2600;2558;"2019-03-08";"2020-01-01";"";"";"";"Dortmund";"indelivery";1002;"2019-11-18"
16019;"energy";"electricity";3000;3139;"2019-12-13";"2020-07-01";"";"";"";"Rosenheim";"indelivery";1002;"2020-05-12"
16020;"energy";"electricity";2200;2364;"2018-10-25";"2018-12-01";"";"";"";"Ulm";"indelivery";1002;"2020-06-14"
16021;"energy";"electricity";2100;2132;"2020-08-01";"2021-01-01";"";"";"";"Munich";"active";1000;"2020-09-24"
16022;"energy";"electricity";2300;2400;"2018-08-19";"2019-03-01";"";"";"";"Berlin";"indelivery";1000;"2020-03-23"
16023;"energy";"electricity";2500;2498;"2020-06-17";"2020-08-01";"";"";"";"Dortmund";"indelivery";1001;"2020-06-26"
16024;"energy";"electricity";2100;2181;"2019-10-11";"2020-01-01";"2020-01-01";"2020-10-02";"Wiederruf";"Munich";"terminated";1001;"2020-01-09"
16025;"energy";"electricity";2700;2783;"2020-08-20";"2021-03-01";"";"";"";"Frankfurt";"active";1000;"2020-09-24"
16026;"energy";"electricity";2400;2403;"2019-04-05";"2019-08-01";"";"";"";"Weimar";"indelivery";1002;"2020-05-15"
16027;"energy";"electricity";2400;2341;"2019-04-01";"2020-02-01";"";"";"";"Bad Oldesloe";"indelivery";1001;"2019-09-19"
16028;"energy";"gas";10600;10990;"2018-07-06";"2019-01-01";"2020-11-30";"2020-11-02";"fristgerecht durch LichtBlick";"Cologne";"cancelled";2001;"2020-06-14"
16029;"energy";"electricity";2000;1995;"2019-07-23";"2019-09-01";"";"";"";"Berlin";"indelivery";1001;"2019-09-12"
16030;"energy";"electricity";2700;2716;"2020-04-28";"2020-05-01";"";"";"";"Mainz";"indelivery";1002;"2020-08-30"
16031;"energy";"gas";8600;8320;"2018-03-29";"2018-05-01";"";"";"";"Magdeburg";"indelivery";2001;"2020-05-28"
16032;"energy";"electricity";3000;2889;"2019-08-16";"2020-02-01";"";"";"";"Cologne";"indelivery";1000;"2020-09-28"
16033;"energy";"electricity";2500;2396;"2018-04-05";"2018-09-01";"";"";"";"Munich";"indelivery";1001;"2018-10-28"
16034;"energy";"gas";9600;9639;"2019-07-09";"2020-02-01";"";"";"";"Annaberg-Buchholz";"indelivery";2001;"2020-06-07"
16035;"energy";"electricity";2900;2937;"2019-02-08";"2019-09-01";"";"";"";"Dresden";"indelivery";1001;"2019-07-10"
16036;"energy";"electricity";3000;2988;"2019-02-13";"2019-04-01";"";"";"";"Altchemnitz";"indelivery";1001;"2019-08-10"
16037;"energy";"electricity";2400;"";"2019-10-06";"2019-11-01";"";"";"";"Berlin";"indelivery";1002;"2020-08-30"
16038;"energy";"gas";8100;8542;"2019-07-04";"2019-08-01";"";"";"";"Hamburg";"indelivery";2000;"2019-07-10"
16039;"energy";"electricity";2500;"";"2018-12-23";"2019-01-01";"2019-01-01";"2019-04-01";"Wiederruf";"Augsburg";"terminated";1001;"2019-04-01"
16040;"energy";"electricity";2000;2000;"2020-02-17";"2021-01-01";"";"";"";"Bremen";"active";1001;"2020-02-24"
16041;"energy";"gas";11200;11081;"2019-10-09";"2019-11-01";"2020-11-30";"2020-11-02";"fristgerecht durch Kunde";"Düsseldorf";"cancelled";2001;"2019-12-23"
16042;"energy";"electricity";2800;2985;"2018-01-05";"2018-02-01";"";"";"";"Berlin";"indelivery";1002;"2018-02-10"
16043;"energy";"electricity";2600;2770;"2020-06-27";"2021-02-01";"";"";"";"Berlin";"active";1000;"2020-07-20"
16044;"energy";"electricity";2700;2743;"2018-07-29";"2019-04-01";"";"";"";"Freiburg";"indelivery";1000;"2020-03-17"
16045;"energy";"electricity";2900;2877;"2020-01-04";"2020-03-01";"2020-09-30";"2020-08-29";"fristgerecht durch Kunde";"Hannover";"terminated";1002;"2020-07-14"
16046;"energy";"electricity";2600;2610;"2018-06-24";"2018-07-01";"2019-05-31";"2019-05-02";"fristgerecht durch Kunde";"Munich";"terminated";1002;"2019-03-21"
16047;"energy";"electricity";2600;2718;"2018-07-04";"2018-09-01";"";"";"";"Erlangen";"indelivery";1000;"2020-09-17"
16048;"energy";"gas";8700;8534;"2018-06-21";"2018-07-01";"2020-12-31";"2020-11-27";"fristgerecht durch LichtBlick";"Essen";"cancelled";2000;"2018-09-28"
16049;"energy";"electricity";2400;2479;"2018-03-30";"2018-07-01";"";"";"";"Berlin";"indelivery";1002;"2020-08-16"
16050;"energy";"electricity";2100;2122;"2020-07-24";"2020-09-01";"";"";"";"Mannheim";"indelivery";1001;"2020-09-09"
16051;"energy";"electricity";2500;2670;"2019-05-25";"2019-09-01";"";"";"";"Wuppertal";"indelivery";1002;"2019-08-29"
16052;"energy";"electricity";2400;2470;"2019-03-04";"2019-05-01";"";"";"";"Potsdam";"indelivery";1000;"2020-03-11"
16053;"energy";"electricity";2700;2663;"2018-01-05";"2018-05-01";"2019-02-28";"2019-01-26";"Umzug";"Frankfurt";"terminated";1001;"2019-01-26"
16054;"energy";"electricity";2600;2586;"2020-07-10";"2020-08-01";"";"";"";"Leipzig";"indelivery";1002;"2020-09-27"
16055;"energy";"electricity";2500;2596;"2019-06-01";"2019-07-01";"2019-07-01";"2020-06-02";"Wiederruf";"Dortmund";"terminated";1000;"2020-01-31"
16056;"energy";"electricity";2700;2703;"2019-04-10";"2020-01-01";"2020-01-01";"2020-09-01";"Wiederruf";"Düsseldorf";"terminated";1001;"2019-07-20"
16057;"energy";"electricity";2000;2073;"2018-11-30";"2018-12-01";"";"";"";"Hannover";"indelivery";1000;"2020-01-11"
16058;"energy";"gas";10700;11470;"2020-04-30";"2020-06-01";"";"";"";"Mannheim";"indelivery";2001;"2020-07-27"
16059;"energy";"electricity";2200;2320;"2019-01-27";"2019-06-01";"";"";"";"Kusel";"indelivery";1001;"2019-11-06"
16060;"energy";"electricity";2800;2682;"2020-08-23";"2021-02-01";"";"";"";"Dresden";"active";1001;"2020-08-25"
16061;"energy";"electricity";2400;2322;"2020-01-15";"2020-04-01";"";"";"";"Berlin";"indelivery";1002;"2020-09-17"
16062;"energy";"electricity";2400;2328;"2019-06-21";"2019-09-01";"";"";"";"Altenburg";"indelivery";1000;"2020-09-12"
16063;"energy";"electricity";2900;3068;"2019-11-11";"2020-11-01";"";"";"";"Heinsberg";"active";1002;"2019-12-19"
16064;"energy";"gas";9000;"";"2020-03-18";"2020-06-01";"2020-06-01";"2020-09-02";"Wiederruf";"Cologne";"terminated";2001;"2020-08-10"
16065;"energy";"electricity";2300;"";"2020-06-03";"2020-08-01";"";"";"";"Jena";"indelivery";1000;"2020-06-30"
16066;"energy";"electricity";2800;2758;"2019-04-19";"2019-08-01";"";"";"";"Dortmund";"indelivery";1002;"2019-05-04"
16067;"energy";"gas";10300;9817;"2018-04-16";"2018-10-01";"";"";"";"Hamburg";"indelivery";2001;"2020-04-19"
16068;"energy";"gas";10900;10640;"2020-09-22";"2021-04-01";"";"";"";"Dortmund";"active";2000;"2020-09-30"
16069;"energy";"electricity";2800;"";"2020-02-29";"2020-03-01";"";"";"";"Cologne";"indelivery";1002;"2020-07-27"
16070;"energy";"electricity";2300;2445;"2020-08-30";"2021-03-01";"";"";"";"Hannover";"active";1002;"2020-09-06"
16071;"energy";"electricity";2500;2522;"2019-03-14";"2019-09-01";"";"";"";"Dortmund";"indelivery";1001;"2020-07-23"
16072;"energy";"electricity";2600;2630;"2019-12-02";"2020-03-01";"2020-12-31";"2020-11-30";"Umzug";"Hannover";"cancelled";1002;"2020-05-01"
16073;"energy";"gas";10700;10199;"2018-05-28";"2018-09-01";"";"";"";"Berlin";"indelivery";2000;"2018-07-12"
16074;"energy";"gas";10500;10004;"2020-04-08";"2020-07-01";"";"";"";"Cologne";"indelivery";2000;"2020-09-01"
16075;"energy";"electricity";3000;2948;"2020-04-21";"2020-05-01";"";"";"";"Ingolstadt";"indelivery";1002;"2020-09-03"
16076;"energy";"electricity";2400;2533;"2019-05-04";"2020-09-01";"";"";"";"Schwerin";"indelivery";1001;"2019-11-23"
16077;"energy";"gas";7800;7780;"2018-01-19";"2018-05-01";"";"";"";"Berlin";"indelivery";2000;"2019-03-25"
16078;"energy";"electricity";2400;2436;"2018-04-16";"2019-02-01";"2019-02-01";"2020-01-26";"Wiederruf";"Munich";"terminated";1001;"2019-10-15"
16079;"energy";"electricity";2800;2665;"2019-06-11";"2019-11-01";"";"";"";"Bielefeld";"indelivery";1000;"2019-10-06"
16080;"energy";"gas";8600;8173;"2018-05-12";"2018-06-01";"2018-06-01";"2018-08-31";"Wiederruf";"Hannover";"terminated";2000;"2018-08-31"
16081;"energy";"electricity";2400;2369;"2018-06-02";"2018-09-01";"";"";"";"Munich";"indelivery";1001;"2020-09-20"
16082;"energy";"electricity";2400;2456;"2020-04-17";"2020-05-01";"2020-05-01";"2020-06-02";"Wiederruf";"Hamburg";"terminated";1001;"2020-06-02"
16083;"energy";"electricity";2300;"";"2019-05-24";"2020-05-01";"";"";"";"Hamburg";"indelivery";1000;"2019-10-16"
16084;"energy";"electricity";2300;2409;"2019-01-07";"2019-02-01";"";"";"";"Hamburg";"indelivery";1002;"2019-04-02"
16085;"energy";"electricity";2400;2593;"2020-09-30";"2021-01-01";"";"";"";"Munich";"active";1000;"2020-09-30"
16086;"energy";"electricity";2200;2264;"2019-11-15";"2019-12-01";"";"";"";"Saarbrücken";"indelivery";1000;"2020-06-11"
16087;"energy";"gas";9800;10330;"2019-07-09";"2020-02-01";"2020-12-31";"2020-12-03";"fristgerecht durch Kunde";"Münster";"cancelled";2000;"2020-05-23"
16088;"energy";"electricity";2100;2138;"2019-12-05";"2020-03-01";"";"";"";"Zwickau";"indelivery";1002;"2020-03-17"
16089;"energy";"electricity";2400;2262;"2019-05-10";"2019-09-01";"";"";"";"Munich";"indelivery";1002;"2020-06-06"
16090;"energy";"electricity";2000;2066;"2020-09-08";"2020-10-01";"";"";"";"Braunschweig";"indelivery";1000;"2020-09-10"
16091;"energy";"electricity";2600;2584;"2019-08-01";"2020-01-01";"";"";"";"Duisburg";"indelivery";1002;"2019-12-19"
16092;"energy";"electricity";2700;"";"2018-07-02";"2018-08-01";"";"";"";"Karlsruhe";"indelivery";1002;"2019-07-28"
16093;"energy";"electricity";2500;2553;"2019-08-09";"2020-02-01";"2020-03-31";"2020-03-02";"fristgerecht durch LichtBlick";"Rosenheim";"terminated";1001;"2020-03-02"
16094;"energy";"electricity";2900;"";"2018-12-24";"2019-03-01";"";"";"";"Berlin";"indelivery";1001;"2019-06-08"
16095;"energy";"gas";9200;8892;"2020-08-05";"2020-12-01";"";"";"";"Duisburg";"active";2001;"2020-09-03"
16096;"energy";"electricity";2100;2119;"2018-10-08";"2019-06-01";"";"";"";"Braunschweig";"indelivery";1001;"2019-08-02"
16097;"energy";"electricity";2300;2313;"2018-05-16";"2018-11-01";"";"";"";"Bad Kissingen";"indelivery";1002;"2018-09-05"
16098;"energy";"electricity";2900;3059;"2018-06-17";"2018-08-01";"";"";"";"Rostock";"indelivery";1002;"2018-07-16"
16099;"energy";"electricity";2600;2729;"2018-01-08";"2018-07-01";"";"";"";"Mannheim";"indelivery";1001;"2020-07-31"
16100;"energy";"electricity";2500;2624;"2020-03-08";"2020-12-01";"";"";"";"Frankfurt";"active";1002;"2020-04-25"
16101;"energy";"electricity";2600;2626;"2020-09-27";"2021-02-01";"";"";"";"Bremen";"active";1002;"2020-09-28"
16102;"energy";"electricity";2200;2161;"2019-09-05";"2019-11-01";"";"";"";"Wuppertal";"indelivery";1002;"2020-06-07"
16103;"energy";"gas";9900;10009;"2020-08-03";"2020-12-01";"";"";"";"Freiburg";"active";2001;"2020-09-11"
16104;"energy";"gas";9500;9943;"2018-08-11";"2019-01-01";"";"";"";"Munich";"indelivery";2001;"2018-11-26"
16105;"energy";"electricity";2400;2279;"2019-04-29";"2020-01-01";"";"";"";"Hamburg";"indelivery";1002;"2020-08-23"
16106;"energy";"electricity";2200;2180;"2020-05-15";"2020-06-01";"";"";"";"Hamburg";"indelivery";1000;"2020-06-20"
16107;"energy";"electricity";2800;2828;"2019-09-10";"2019-10-01";"2020-09-30";"2020-08-28";"fristgerecht durch LichtBlick";"Bremen";"terminated";1001;"2019-11-19"
16108;"energy";"electricity";2200;2161;"2018-12-13";"2019-02-01";"2019-09-30";"2019-09-02";"fristgerecht durch Kunde";"Munich";"terminated";1002;"2019-07-03"
16109;"energy";"electricity";2900;2967;"2020-04-17";"2020-09-01";"";"";"";"Hannover";"indelivery";1000;"2020-09-27"
16110;"energy";"electricity";2500;2476;"2019-08-09";"2019-11-01";"";"";"";"Cologne";"indelivery";1000;"2020-08-19"
16111;"energy";"electricity";2100;1960;"2019-08-21";"2020-06-01";"";"";"";"Cologne";"indelivery";1000;"2020-06-15"
16112;"energy";"gas";10500;10059;"2019-05-22";"2019-12-01";"";"";"";"Marienberg";"indelivery";2000;"2020-06-08"
16113;"energy";"electricity";2400;2289;"2018-06-22";"2019-04-01";"2019-04-01";"2020-09-02";"Wiederruf";"Leipzig";"terminated";1002;"2019-01-19"
16114;"energy";"electricity";2800;2837;"2018-12-10";"2019-04-01";"2019-12-31";"2019-11-30";"fristgerecht durch Kunde";"Ingolstadt";"terminated";1001;"2019-11-30"
16115;"energy";"electricity";2100;2229;"2018-08-03";"2018-10-01";"2019-01-31";"2019-01-03";"Umzug";"Karlsruhe";"terminated";1001;"2019-01-03"
16116;"energy";"electricity";2400;2387;"2018-07-31";"2018-12-01";"2020-02-29";"2020-01-29";"fristgerecht durch Kunde";"Cologne";"terminated";1001;"2020-01-29"
16117;"energy";"electricity";2000;2200;"2019-01-16";"2019-10-01";"";"";"";"Ulm";"indelivery";1000;"2020-03-14"
16118;"energy";"electricity";2400;2434;"2018-05-05";"2018-06-01";"2020-02-29";"2020-02-01";"Umzug";"Regensburg";"terminated";1002;"2019-08-11"
16119;"energy";"electricity";2400;2287;"2019-04-11";"2019-06-01";"";"";"";"Jena";"indelivery";1001;"2019-10-03"
16120;"energy";"electricity";2200;2136;"2018-07-23";"2018-10-01";"";"";"";"Braunschweig";"indelivery";1002;"2018-08-22"
16121;"energy";"electricity";2300;2283;"2019-08-17";"2019-11-01";"";"";"";"Frankfurt";"indelivery";1001;"2020-08-17"
16122;"energy";"electricity";2100;2047;"2018-11-01";"2018-12-01";"";"";"";"Berlin";"indelivery";1002;"2019-04-06"
16123;"energy";"electricity";2200;2188;"2018-07-02";"2018-08-01";"";"";"";"Essen";"indelivery";1001;"2019-03-29"
16124;"energy";"gas";9000;9303;"2018-11-22";"2019-01-01";"2020-01-31";"2020-01-03";"fristgerecht durch Kunde";"Leipzig";"terminated";2000;"2019-06-15"
16125;"energy";"electricity";2300;2407;"2019-01-26";"2019-03-01";"2019-03-01";"2020-06-01";"Wiederruf";"Braunschweig";"terminated";1000;"2019-02-02"
16126;"energy";"electricity";3000;"";"2019-02-14";"2019-03-01";"";"";"";"Mainz";"indelivery";1000;"2020-08-30"
16127;"energy";"electricity";2100;2216;"2019-02-08";"2019-04-01";"";"";"";"Berlin";"indelivery";1002;"2019-07-18"
16128;"energy";"electricity";2100;2050;"2018-09-16";"2018-10-01";"2019-08-31";"2019-07-29";"Umzug";"Berlin";"terminated";1002;"2018-10-13"
16129;"energy";"electricity";2600;2676;"2019-04-14";"2019-08-01";"";"";"";"Düsseldorf";"indelivery";1000;"2019-08-06"
16130;"energy";"electricity";2700;2699;"2020-01-07";"2020-04-01";"";"";"";"Heidelberg";"indelivery";1001;"2020-05-05"
16131;"energy";"gas";11000;10901;"2020-02-22";"2020-05-01";"";"";"";"Frankfurt";"indelivery";2000;"2020-09-03"
16132;"energy";"electricity";2600;2506;"2019-07-05";"2019-10-01";"";"";"";"Leipzig";"indelivery";1002;"2020-07-28"
16133;"energy";"gas";8600;8780;"2020-03-04";"2020-07-01";"";"";"";"Bremen";"indelivery";2001;"2020-06-14"
16134;"energy";"electricity";2100;2095;"2018-07-11";"2018-11-01";"";"";"";"Berlin";"indelivery";1000;"2019-09-29"
16135;"energy";"electricity";2500;2574;"2019-05-17";"2019-07-01";"2019-11-30";"2019-11-02";"fristgerecht durch LichtBlick";"Künzelsau";"terminated";1001;"2019-11-02"
16136;"energy";"gas";10200;10664;"2019-08-31";"2019-10-01";"";"";"";"Wuppertal";"indelivery";2000;"2019-12-25"
16137;"energy";"electricity";2300;2276;"2019-10-25";"2020-09-01";"";"";"";"Bad Neuenahr-Ahrweiler";"indelivery";1000;"2020-04-22"
16138;"energy";"electricity";2600;2740;"2018-10-20";"2019-02-01";"2020-03-31";"2020-03-03";"fristgerecht durch Kunde";"Speyer";"terminated";1000;"2019-05-11"
16139;"energy";"electricity";2400;2249;"2020-02-03";"2020-08-01";"2020-11-30";"2020-11-01";"fristgerecht durch LichtBlick";"Dresden";"cancelled";1000;"2020-07-14"
16140;"energy";"electricity";2700;2575;"2019-05-11";"2019-07-01";"2019-07-01";"2020-01-03";"Wiederruf";"Berlin";"terminated";1001;"2020-01-03"
16141;"energy";"electricity";2500;2534;"2020-01-18";"2020-02-01";"";"";"";"Karlsruhe";"indelivery";1000;"2020-07-22"
16142;"energy";"electricity";2100;2215;"2019-03-08";"2019-06-01";"2020-01-31";"2020-01-01";"fristgerecht durch Kunde";"Calw";"terminated";1000;"2020-01-01"
16143;"energy";"electricity";2300;2351;"2019-01-12";"2019-03-01";"";"";"";"Heidelberg";"indelivery";1001;"2019-04-01"
16144;"energy";"electricity";1900;1948;"2019-03-25";"2019-10-01";"2019-10-01";"2019-11-27";"Wiederruf";"Stuttgart";"terminated";1002;"2019-04-29"
16145;"energy";"electricity";2100;2297;"2020-01-07";"2020-07-01";"";"";"";"Dortmund";"indelivery";1002;"2020-03-11"
16146;"energy";"electricity";3000;2855;"2018-03-22";"2018-04-01";"";"";"";"Düsseldorf";"indelivery";1001;"2018-11-25"
16147;"energy";"electricity";2700;2850;"2018-01-13";"2018-03-01";"";"";"";"Hamburg";"indelivery";1000;"2018-11-27"
16148;"energy";"electricity";2600;2575;"2018-12-14";"2019-04-01";"";"";"";"Gera";"indelivery";1001;"2019-09-29"
16149;"energy";"electricity";2600;2680;"2018-06-24";"2018-10-01";"";"";"";"Dortmund";"indelivery";1000;"2020-07-12"
16150;"energy";"electricity";2600;2761;"2018-02-27";"2018-04-01";"";"";"";"Landsberg";"indelivery";1001;"2019-03-13"
16151;"energy";"electricity";3000;3104;"2018-04-06";"2018-09-01";"";"";"";"Berlin";"indelivery";1002;"2019-12-21"
16152;"energy";"electricity";2600;2562;"2019-08-12";"2019-10-01";"2020-11-30";"2020-11-02";"Umzug";"Karlsruhe";"cancelled";1000;"2019-11-22"
16153;"energy";"electricity";2200;2143;"2018-09-22";"2019-03-01";"";"";"";"Hamburg";"indelivery";1001;"2019-06-23"
16154;"energy";"electricity";2800;2738;"2020-09-26";"2020-12-01";"";"";"";"Wiesbaden";"active";1000;"2020-09-28"
16155;"energy";"electricity";2200;2367;"2018-09-16";"2018-11-01";"";"";"";"Cologne";"indelivery";1001;"2020-04-30"
16156;"energy";"electricity";2200;2168;"2019-03-20";"2019-04-01";"";"";"";"Oldenburg";"indelivery";1000;"2020-01-12"
16157;"energy";"electricity";2100;2056;"2020-01-07";"2020-07-01";"";"";"";"Altchemnitz";"indelivery";1002;"2020-08-28"
16158;"energy";"gas";10300;10787;"2019-03-14";"2019-06-01";"";"";"";"Stuttgart";"indelivery";2000;"2020-06-19"
16159;"energy";"electricity";2600;2496;"2020-09-05";"2020-11-01";"";"";"";"Berlin";"active";1000;"2020-09-26"
16160;"energy";"electricity";2800;2848;"2020-03-11";"2020-05-01";"";"";"";"Cologne";"indelivery";1002;"2020-04-04"
16161;"energy";"electricity";2600;"";"2018-07-14";"2018-08-01";"";"";"";"Braunschweig";"indelivery";1001;"2020-03-07"
16162;"energy";"electricity";3000;3053;"2018-10-16";"2018-12-01";"2019-03-31";"2019-02-28";"fristgerecht durch Kunde";"Düsseldorf";"terminated";1000;"2019-02-28"
16163;"energy";"electricity";3000;2932;"2019-01-19";"2019-08-01";"";"";"";"Leipzig";"indelivery";1000;"2019-02-20"
16164;"energy";"electricity";2500;2575;"2020-07-19";"2020-09-01";"";"";"";"Wuppertal";"indelivery";1001;"2020-08-05"
16165;"energy";"electricity";2700;2610;"2018-11-19";"2019-01-01";"";"";"";"Würzburg";"indelivery";1001;"2019-09-26"
16166;"energy";"electricity";2200;2118;"2018-09-18";"2018-10-01";"";"";"";"Hannover";"indelivery";1000;"2019-07-29"
16167;"energy";"electricity";2400;2480;"2020-01-27";"2020-06-01";"";"";"";"Munich";"indelivery";1002;"2020-03-31"
16168;"energy";"electricity";2300;2154;"2019-07-22";"2019-08-01";"";"";"";"Rotenburg";"indelivery";1001;"2019-12-09"
16169;"energy";"electricity";2600;2833;"2018-01-19";"2018-04-01";"";"";"";"Hamburg";"indelivery";1001;"2018-10-30"
16170;"energy";"electricity";2300;"";"2019-12-07";"2020-02-01";"";"";"";"Lübeck";"indelivery";1000;"2020-03-30"
16171;"energy";"electricity";2700;2656;"2018-09-30";"2018-10-01";"";"";"";"Gotha";"indelivery";1000;"2019-12-04"
16172;"energy";"electricity";1900;1872;"2020-09-11";"2021-01-01";"";"";"";"Stuttgart";"active";1001;"2020-09-11"
16173;"energy";"electricity";2100;2219;"2019-12-14";"2020-01-01";"";"";"";"Berlin";"indelivery";1002;"2020-09-05"
16174;"energy";"electricity";2700;2732;"2020-05-28";"2020-12-01";"";"";"";"Kassel";"active";1001;"2020-05-31"
16175;"energy";"electricity";2400;2346;"2018-11-25";"2019-09-01";"";"";"";"Cologne";"indelivery";1001;"2020-03-30"
16176;"energy";"electricity";2200;2253;"2018-07-22";"2018-08-01";"";"";"";"Lübeck";"indelivery";1000;"2019-03-25"
16177;"energy";"electricity";2700;2848;"2020-09-05";"2020-10-01";"";"";"";"Berlin";"indelivery";1000;"2020-09-28"
16178;"energy";"electricity";2200;2077;"2020-07-30";"2020-10-01";"";"";"";"Mainz";"indelivery";1000;"2020-09-08"
16179;"energy";"electricity";2900;3077;"2018-02-23";"2018-04-01";"2018-08-31";"2018-07-27";"fristgerecht durch LichtBlick";"Berlin";"terminated";1001;"2018-03-12"
16180;"energy";"electricity";2300;2384;"2020-04-28";"2020-10-01";"";"";"";"Göttingen";"indelivery";1000;"2020-06-05"
16181;"energy";"electricity";2100;2256;"2018-02-06";"2018-03-01";"";"";"";"Bonn";"indelivery";1000;"2018-07-11"
16182;"energy";"electricity";2000;1906;"2019-10-03";"2020-03-01";"";"";"";"Berlin";"indelivery";1001;"2019-12-24"
16183;"energy";"gas";8900;"";"2018-02-20";"2018-05-01";"";"";"";"Duisburg";"indelivery";2001;"2019-07-20"
16184;"energy";"electricity";2400;2394;"2019-08-21";"2019-12-01";"2020-10-31";"2020-09-30";"fristgerecht durch LichtBlick";"Lüchow";"cancelled";1000;"2020-02-02"
16185;"energy";"gas";10400;11210;"2020-09-06";"2021-09-01";"";"";"";"Düsseldorf";"active";2000;"2020-09-25"
16186;"energy";"electricity";2200;2244;"2018-12-18";"2019-04-01";"";"";"";"Saarbrücken";"indelivery";1002;"2019-11-09"
16187;"energy";"electricity";2700;2736;"2018-07-21";"2018-09-01";"";"";"";"Cottbus";"indelivery";1002;"2019-07-18"
16188;"energy";"electricity";2800;2909;"2018-05-08";"2018-06-01";"2019-07-31";"2019-06-30";"Umzug";"Heppenheim";"terminated";1000;"2019-06-30"
16189;"energy";"electricity";2400;2416;"2018-01-26";"2018-04-01";"2018-12-31";"2018-12-02";"fristgerecht durch LichtBlick";"Braunschweig";"terminated";1002;"2018-12-02"
16190;"energy";"gas";10200;10623;"2019-02-20";"2019-05-01";"";"";"";"Munich";"indelivery";2000;"2020-09-01"
16191;"energy";"electricity";2300;2231;"2018-10-01";"2018-11-01";"";"";"";"Dortmund";"indelivery";1000;"2020-07-21"
16192;"energy";"electricity";2800;2787;"2018-12-08";"2019-03-01";"";"";"";"Mannheim";"indelivery";1000;"2020-06-09"
16193;"energy";"gas";9800;9820;"2020-03-03";"2020-04-01";"";"";"";"Wuppertal";"indelivery";2001;"2020-06-23"
16194;"energy";"electricity";2500;2381;"2019-07-30";"2019-09-01";"";"";"";"Hamburg";"indelivery";1000;"2020-04-30"
16195;"energy";"electricity";2200;2163;"2019-06-19";"2019-10-01";"";"";"";"Friedberg";"indelivery";1000;"2019-10-13"
16196;"energy";"electricity";2500;2422;"2019-09-29";"2020-02-01";"";"";"";"Munich";"indelivery";1000;"2020-04-20"
16197;"energy";"electricity";2800;"";"2020-01-31";"2020-07-01";"";"";"";"Karlsruhe";"indelivery";1001;"2020-08-30"
16198;"energy";"electricity";2400;2435;"2019-12-30";"2020-05-01";"";"";"";"Marienberg";"indelivery";1001;"2020-09-15"
16199;"energy";"gas";11200;10839;"2019-09-22";"2019-12-01";"";"";"";"Hamburg";"indelivery";2001;"2019-12-14"
16200;"energy";"electricity";2700;2860;"2018-01-01";"2018-01-01";"2018-06-30";"2018-06-02";"fristgerecht durch Kunde";"Hamburg";"terminated";1000;"2018-06-02"
16201;"energy";"electricity";2500;2519;"2018-06-16";"2018-11-01";"2019-04-30";"2019-03-29";"fristgerecht durch Kunde";"Bielefeld";"terminated";1001;"2018-08-08"
16202;"energy";"electricity";2100;2263;"2018-11-09";"2019-04-01";"";"";"";"Düsseldorf";"indelivery";1002;"2019-10-20"
16203;"energy";"electricity";2100;2048;"2019-10-30";"2019-12-01";"";"";"";"Oldenburg";"indelivery";1000;"2020-06-25"
16204;"energy";"electricity";2800;3043;"2020-05-14";"2020-06-01";"";"";"";"Berlin";"indelivery";1002;"2020-08-20"
16205;"energy";"electricity";2000;1922;"2019-08-06";"2019-10-01";"2019-10-01";"2020-03-03";"Wiederruf";"Dresden";"terminated";1002;"2019-12-30"
16206;"energy";"electricity";2300;2363;"2019-11-15";"2020-02-01";"";"";"";"Mannheim";"indelivery";1000;"2020-06-23"
16207;"energy";"electricity";2800;2899;"2018-10-23";"2019-05-01";"";"";"";"Essen";"indelivery";1000;"2019-12-20"
16208;"energy";"gas";8000;8140;"2019-02-11";"2019-03-01";"";"";"";"Marienberg";"indelivery";2001;"2019-08-03"
16209;"energy";"electricity";2000;2072;"2018-11-21";"2019-05-01";"";"";"";"Berlin";"indelivery";1001;"2019-08-18"
16210;"energy";"electricity";2600;2780;"2018-11-01";"2018-12-01";"";"";"";"Essen";"indelivery";1000;"2019-10-07"
16211;"energy";"electricity";3000;3089;"2018-05-03";"2018-07-01";"";"";"";"Duisburg";"indelivery";1000;"2018-12-21"
16212;"energy";"electricity";2900;2931;"2020-08-09";"2020-10-01";"";"";"";"Frankfurt";"indelivery";1001;"2020-09-26"
16213;"energy";"electricity";2000;2048;"2018-02-10";"2018-08-01";"";"";"";"Wiesbaden";"indelivery";1000;"2020-04-10"
16214;"energy";"electricity";2300;"";"2019-07-25";"2019-09-01";"";"";"";"Ingolstadt";"indelivery";1000;"2019-10-07"
16215;"energy";"electricity";2400;"";"2018-10-16";"2019-06-01";"2019-08-31";"2019-07-26";"fristgerecht durch Kunde";"Berlin";"terminated";1001;"2019-07-26"
16216;"energy";"electricity";2900;2997;"2018-11-09";"2019-02-01";"";"";"";"Zweibrücken";"indelivery";1001;"2020-05-21"
16217;"energy";"electricity";2700;"";"2018-04-23";"2018-10-01";"";"";"";"Wiesbaden";"indelivery";1001;"2020-06-18"
16218;"energy";"electricity";3000;3073;"2018-10-01";"2019-02-01";"";"";"";"Essen";"indelivery";1001;"2019-04-28"
16219;"energy";"electricity";1900;"";"2018-05-01";"2019-01-01";"";"";"";"Munich";"indelivery";1001;"2019-03-07"
16220;"energy";"electricity";2200;2283;"2019-01-01";"2019-03-01";"";"";"";"Berlin";"indelivery";1002;"2019-07-15"
16221;"energy";"electricity";2200;2191;"2019-03-27";"2019-06-01";"";"";"";"Kiel";"indelivery";1001;"2020-02-19"
16222;"energy";"electricity";2800;2936;"2019-01-21";"2019-03-01";"";"";"";"Düsseldorf";"indelivery";1001;"2020-05-01"
16223;"energy";"electricity";2800;3041;"2020-06-03";"2020-08-01";"";"";"";"Essen";"indelivery";1002;"2020-09-28"
16224;"energy";"electricity";2000;"";"2020-09-22";"2021-04-01";"";"";"";"Coburg";"active";1000;"2020-09-30"
16225;"energy";"electricity";3000;2978;"2018-03-31";"2018-04-01";"2020-09-30";"2020-09-02";"fristgerecht durch Kunde";"Mannheim";"terminated";1001;"2019-09-09"
16226;"energy";"electricity";2700;2863;"2019-12-09";"2020-04-01";"";"";"";"Berlin";"indelivery";1001;"2020-06-23"
16227;"energy";"electricity";2200;2324;"2019-10-21";"2020-03-01";"";"";"";"Wuppertal";"indelivery";1001;"2020-03-04"
16228;"energy";"electricity";2600;2595;"2018-10-07";"2019-02-01";"";"";"";"Berlin";"indelivery";1001;"2020-02-12"
16229;"energy";"electricity";2000;2061;"2020-05-16";"2020-09-01";"";"";"";"Rostock";"indelivery";1000;"2020-09-17"
16230;"energy";"electricity";2100;2061;"2019-05-23";"2019-07-01";"";"";"";"Göttingen";"indelivery";1002;"2019-11-04"
16231;"energy";"electricity";2400;2467;"2020-05-03";"2020-07-01";"";"";"";"Koblenz";"indelivery";1001;"2020-08-24"
16232;"energy";"electricity";2700;2833;"2019-01-18";"2019-02-01";"";"";"";"Düsseldorf";"indelivery";1001;"2019-03-07"
16233;"energy";"electricity";2300;2317;"2018-07-28";"2018-09-01";"";"";"";"Dortmund";"indelivery";1002;"2020-07-12"
16234;"energy";"electricity";2800;2674;"2020-08-15";"2020-11-01";"";"";"";"Berlin";"active";1002;"2020-09-25"
16235;"energy";"electricity";2100;"";"2018-04-15";"2018-05-01";"";"";"";"Frankfurt";"indelivery";1000;"2019-10-31"
16236;"energy";"electricity";2900;3012;"2020-04-28";"2020-09-01";"";"";"";"Bielefeld";"indelivery";1001;"2020-07-10"
16237;"energy";"electricity";2800;2847;"2020-05-17";"2021-03-01";"";"";"";"Bremen";"active";1000;"2020-08-22"
16238;"energy";"electricity";2600;2804;"2018-03-18";"2018-09-01";"";"";"";"Oranienburg";"indelivery";1000;"2019-07-23"
16239;"energy";"electricity";2000;1985;"2018-07-01";"2018-07-01";"";"";"";"Braunschweig";"indelivery";1001;"2019-03-11"
16240;"energy";"gas";10500;10238;"2020-04-18";"2020-07-01";"";"";"";"Düsseldorf";"indelivery";2000;"2020-04-19"
16241;"energy";"electricity";2600;2699;"2018-08-07";"2018-11-01";"2019-05-31";"2019-05-01";"fristgerecht durch Kunde";"Cologne";"terminated";1000;"2019-05-01"
16242;"energy";"electricity";2800;2857;"2018-09-13";"2018-11-01";"";"";"";"Bremen";"indelivery";1001;"2019-08-20"
16243;"energy";"electricity";2200;2230;"2018-04-29";"2018-11-01";"";"";"";"Essen";"indelivery";1000;"2020-01-13"
16244;"energy";"electricity";2300;2311;"2018-03-08";"2018-11-01";"2020-10-31";"2020-09-28";"fristgerecht durch Kunde";"Dingolfing";"cancelled";1001;"2019-06-29"
16245;"energy";"electricity";2100;2097;"2020-07-12";"2020-09-01";"";"";"";"Munich";"indelivery";1000;"2020-09-18"
16246;"energy";"gas";10500;11067;"2018-09-07";"2019-03-01";"";"";"";"Dresden";"indelivery";2000;"2020-02-19"
16247;"energy";"gas";10800;10340;"2019-06-26";"2019-08-01";"2020-10-31";"2020-10-01";"fristgerecht durch Kunde";"Bielefeld";"cancelled";2000;"2019-11-27"
16248;"energy";"electricity";3000;3082;"2020-09-06";"2021-04-01";"";"";"";"Münster";"active";1001;"2020-09-14"
16249;"energy";"electricity";3000;3189;"2019-07-24";"2020-02-01";"";"";"";"Tauberbischofsheim";"indelivery";1001;"2019-12-19"
16250;"energy";"electricity";2700;2611;"2019-05-15";"2020-11-01";"";"";"";"Berlin";"active";1000;"2019-07-12"
16251;"energy";"electricity";2500;2596;"2018-04-21";"2018-08-01";"";"";"";"Heidelberg";"indelivery";1002;"2019-04-21"
16252;"energy";"electricity";2400;2357;"2019-12-13";"2020-05-01";"";"";"";"Heidelberg";"indelivery";1001;"2020-05-12"
16253;"energy";"electricity";2200;2124;"2018-05-02";"2018-07-01";"";"";"";"Munich";"indelivery";1002;"2019-08-12"
16254;"energy";"electricity";2600;2479;"2020-07-20";"2021-03-01";"";"";"";"Hannover";"active";1000;"2020-07-29"
16255;"energy";"electricity";2500;"";"2020-07-01";"2020-09-01";"";"";"";"Erlangen";"indelivery";1001;"2020-07-07"
16256;"energy";"electricity";2900;2911;"2019-06-05";"2020-01-01";"";"";"";"Dresden";"indelivery";1000;"2020-07-19"
16257;"energy";"gas";10400;10008;"2020-08-27";"2020-09-01";"";"";"";"Hamburg";"indelivery";2000;"2020-09-16"
16258;"energy";"electricity";3000;3012;"2019-02-01";"2019-11-01";"";"";"";"Hannover";"indelivery";1001;"2020-07-23"
16259;"energy";"electricity";2800;2962;"2020-01-05";"2020-04-01";"";"";"";"Münster";"indelivery";1000;"2020-05-26"
16260;"energy";"electricity";2800;2889;"2018-12-27";"2019-06-01";"";"";"";"Essen";"indelivery";1001;"2019-06-18"
16261;"energy";"electricity";2500;2421;"2020-03-28";"2020-09-01";"";"";"";"Lübeck";"indelivery";1000;"2020-07-26"
16262;"energy";"electricity";2300;"";"2018-10-30";"2019-09-01";"";"";"";"Neustadt";"indelivery";1002;"2020-01-01"
16263;"energy";"electricity";2600;2768;"2018-08-26";"2018-10-01";"2019-04-30";"2019-04-02";"Umzug";"Berlin";"terminated";1000;"2019-04-02"
16264;"energy";"electricity";2800;2978;"2020-08-08";"2020-11-01";"";"";"";"Hamburg";"active";1000;"2020-09-24"
16265;"energy";"electricity";2800;2982;"2018-07-18";"2018-09-01";"";"";"";"Osnabrück";"indelivery";1001;"2020-05-21"
16266;"energy";"electricity";2900;2861;"2019-01-26";"2019-04-01";"";"";"";"Duisburg";"indelivery";1002;"2019-10-18"
16267;"energy";"gas";10500;"";"2019-09-12";"2019-11-01";"";"";"";"Frankfurt";"indelivery";2001;"2019-12-02"
16268;"energy";"electricity";2500;2391;"2019-11-05";"2020-01-01";"";"";"";"Gera";"indelivery";1002;"2019-12-19"
16269;"energy";"electricity";2700;2576;"2020-06-09";"2020-10-01";"";"";"";"Munich";"indelivery";1000;"2020-08-09"
16270;"energy";"electricity";2800;2813;"2019-11-21";"2020-02-01";"";"";"";"Karlstadt";"indelivery";1002;"2020-08-01"
16271;"energy";"electricity";2300;2219;"2019-02-11";"2019-05-01";"";"";"";"Dortmund";"indelivery";1002;"2020-01-31"
16272;"energy";"electricity";2400;2404;"2020-07-29";"2020-08-01";"";"";"";"Erfurt";"indelivery";1000;"2020-09-21"
16273;"energy";"gas";8200;8652;"2019-05-21";"2019-11-01";"";"";"";"Lübeck";"indelivery";2001;"2020-02-08"
16274;"energy";"electricity";2700;2584;"2018-04-02";"2018-11-01";"2020-08-31";"2020-08-02";"fristgerecht durch LichtBlick";"Duisburg";"terminated";1002;"2018-12-10"
16275;"energy";"gas";10000;10056;"2019-03-09";"2019-06-01";"";"";"";"Jena";"indelivery";2001;"2020-08-22"
16276;"energy";"electricity";2400;2297;"2020-01-19";"2020-08-01";"";"";"";"Würzburg";"indelivery";1002;"2020-02-05"
16277;"energy";"electricity";3000;2910;"2018-06-30";"2019-01-01";"";"";"";"Schwabach";"indelivery";1002;"2019-07-13"
16278;"energy";"electricity";2100;2309;"2019-08-12";"2019-10-01";"";"";"";"Düsseldorf";"indelivery";1001;"2020-04-20"
16279;"energy";"electricity";2500;2415;"2020-02-23";"2020-03-01";"2020-07-31";"2020-06-29";"Umzug";"Berlin";"terminated";1002;"2020-06-08"
16280;"energy";"electricity";2400;2373;"2020-05-06";"2020-09-01";"";"";"";"Duisburg";"indelivery";1000;"2020-08-17"
16281;"energy";"electricity";2700;"";"2019-12-27";"2020-02-01";"";"";"";"Stuttgart";"indelivery";1002;"2020-07-14"
16282;"energy";"gas";9800;10235;"2018-10-26";"2018-11-01";"";"";"";"Hamburg";"indelivery";2001;"2020-07-21"
16283;"energy";"electricity";2100;2266;"2019-07-04";"2019-12-01";"2020-02-29";"2020-01-30";"fristgerecht durch LichtBlick";"Berlin";"terminated";1001;"2019-10-05"
16284;"energy";"electricity";2200;"";"2019-01-11";"2019-06-01";"";"";"";"Bielefeld";"indelivery";1001;"2019-05-31"
16285;"energy";"electricity";2200;2276;"2018-08-28";"2019-04-01";"";"";"";"Hannover";"indelivery";1002;"2018-12-09"
16286;"energy";"electricity";2700;"";"2018-05-07";"2018-10-01";"2019-10-31";"2019-10-02";"fristgerecht durch Kunde";"Leipzig";"terminated";1002;"2018-05-14"
16287;"energy";"electricity";2900;3047;"2020-04-14";"2021-03-01";"";"";"";"Hamburg";"active";1002;"2020-05-05"
16288;"energy";"electricity";1900;1848;"2018-06-21";"2018-08-01";"";"";"";"Berlin";"indelivery";1001;"2019-06-26"
16289;"energy";"electricity";2300;2212;"2020-01-09";"2020-08-01";"";"";"";"Karlsruhe";"indelivery";1002;"2020-05-22"
16290;"energy";"electricity";2400;2489;"2019-01-18";"2019-03-01";"";"";"";"Potsdam";"indelivery";1001;"2019-12-08"
16291;"energy";"electricity";2800;2861;"2018-02-10";"2018-04-01";"2020-01-31";"2020-01-01";"fristgerecht durch LichtBlick";"Görlitz";"terminated";1002;"2018-05-07"
16292;"energy";"electricity";2500;2536;"2018-11-25";"2018-12-01";"2020-12-31";"2020-12-03";"fristgerecht durch Kunde";"Marienberg";"cancelled";1001;"2019-01-21"
16293;"energy";"electricity";2200;2387;"2020-08-04";"2020-10-01";"";"";"";"Westerstede";"indelivery";1002;"2020-09-23"
16294;"energy";"electricity";2600;2568;"2019-05-25";"2020-03-01";"";"";"";"Sankt Wendel";"indelivery";1001;"2020-05-29"
16295;"energy";"electricity";2100;1977;"2019-04-29";"2019-07-01";"";"";"";"Dresden";"indelivery";1000;"2019-05-20"
16296;"energy";"gas";11900;12218;"2020-05-16";"2020-09-01";"";"";"";"Düsseldorf";"indelivery";2000;"2020-06-22"
16297;"energy";"electricity";2600;2596;"2019-09-27";"2020-04-01";"";"";"";"Berlin";"indelivery";1000;"2019-12-13"
16298;"energy";"electricity";2700;2697;"2018-08-23";"2018-11-01";"";"";"";"Frankfurt";"indelivery";1001;"2020-06-24"
16299;"energy";"electricity";2400;2274;"2019-08-02";"2019-11-01";"";"";"";"Wiesbaden";"indelivery";1002;"2019-12-07"
16300;"energy";"electricity";2500;2482;"2019-08-27";"2019-10-01";"";"";"";"Potsdam";"indelivery";1001;"2020-04-21"
16301;"energy";"electricity";2200;2240;"2019-01-15";"2019-03-01";"";"";"";"Bremen";"indelivery";1001;"2019-03-21"
16302;"energy";"electricity";3000;3070;"2018-09-09";"2019-02-01";"";"";"";"Erfurt";"indelivery";1001;"2018-12-23"
16303;"energy";"electricity";2600;2743;"2020-06-26";"2021-01-01";"";"";"";"Berlin";"active";1000;"2020-07-29"
16304;"energy";"electricity";2300;2362;"2020-07-17";"2020-09-01";"";"";"";"Stuttgart";"indelivery";1002;"2020-08-25"
16305;"energy";"electricity";2600;2503;"2018-09-14";"2019-01-01";"2020-06-30";"2020-05-31";"fristgerecht durch Kunde";"Oldenburg";"terminated";1000;"2019-05-27"
16306;"energy";"electricity";2100;2194;"2018-10-30";"2018-12-01";"2019-01-31";"2019-01-01";"Umzug";"Lübeck";"terminated";1002;"2019-01-01"
16307;"energy";"electricity";2700;2782;"2019-07-17";"2019-09-01";"";"";"";"Berlin";"indelivery";1001;"2019-12-03"
16308;"energy";"electricity";2200;2292;"2019-04-03";"2020-01-01";"2020-10-31";"2020-10-01";"Umzug";"Karlsruhe";"cancelled";1002;"2020-08-14"
16309;"energy";"electricity";2400;2407;"2019-10-12";"2020-01-01";"2020-12-31";"2020-11-29";"Umzug";"Hamburg";"cancelled";1002;"2020-07-06"
16310;"energy";"electricity";2100;2209;"2018-01-27";"2018-04-01";"2019-06-30";"2019-05-25";"fristgerecht durch Kunde";"Hamburg";"terminated";1002;"2018-12-05"
16311;"energy";"electricity";2200;2129;"2018-08-21";"2019-03-01";"";"";"";"Hamburg";"indelivery";1002;"2020-07-15"
16312;"energy";"electricity";2100;2163;"2020-02-08";"2020-10-01";"";"";"";"Munich";"indelivery";1000;"2020-06-23"
16313;"energy";"gas";11400;11265;"2020-03-26";"2020-07-01";"";"";"";"Kassel";"indelivery";2000;"2020-08-15"
16314;"energy";"electricity";2200;2145;"2019-05-08";"2019-07-01";"";"";"";"Hannover";"indelivery";1002;"2019-10-17"
16315;"energy";"electricity";2000;2040;"2018-04-01";"2018-12-01";"";"";"";"Berlin";"indelivery";1002;"2019-11-03"
16316;"energy";"electricity";2000;2210;"2019-03-12";"2019-06-01";"";"";"";"Bonn";"indelivery";1001;"2019-11-04"
16317;"energy";"electricity";2700;2822;"2020-05-13";"2020-09-01";"";"";"";"Berlin";"indelivery";1002;"2020-08-09"
16318;"energy";"gas";10500;11241;"2019-03-15";"2019-07-01";"";"";"";"Dortmund";"indelivery";2001;"2020-06-18"
16319;"energy";"gas";8600;9035;"2020-09-15";"2020-10-01";"";"";"";"Altchemnitz";"indelivery";2001;"2020-09-27"
16320;"energy";"electricity";2800;2939;"2019-01-07";"2019-05-01";"";"";"";"Freiburg";"indelivery";1000;"2019-01-14"
16321;"energy";"electricity";2200;2254;"2019-05-23";"2019-12-01";"";"";"";"Berlin";"indelivery";1002;"2019-09-25"
16322;"energy";"electricity";2300;2355;"2020-08-30";"2020-10-01";"";"";"";"Haßfurt";"indelivery";1002;"2020-09-10"
16323;"energy";"electricity";2200;2131;"2019-06-23";"2019-08-01";"";"";"";"Altenburg";"indelivery";1000;"2019-10-05"
16324;"energy";"electricity";2000;2044;"2019-07-06";"2019-08-01";"";"";"";"Dresden";"indelivery";1002;"2019-09-14"
16325;"energy";"electricity";2800;2961;"2018-04-15";"2019-02-01";"";"";"";"Mannheim";"indelivery";1001;"2018-09-25"
16326;"energy";"electricity";2700;2627;"2019-01-19";"2019-02-01";"";"";"";"Dortmund";"indelivery";1002;"2019-12-04"
16327;"energy";"electricity";2700;2843;"2018-07-12";"2018-10-01";"2018-10-01";"2019-11-27";"Wiederruf";"Cologne";"terminated";1001;"2019-11-27"
16328;"energy";"electricity";2700;2752;"2018-03-19";"2018-09-01";"";"";"";"Magdeburg";"indelivery";1001;"2019-04-25"
16329;"energy";"electricity";2400;2349;"2020-07-19";"2020-09-01";"";"";"";"Wolfenbüttel";"indelivery";1000;"2020-08-27"
16330;"energy";"electricity";2900;3090;"2018-02-26";"2018-06-01";"";"";"";"Emden";"indelivery";1001;"2020-01-07"
16331;"energy";"electricity";2600;2640;"2019-09-19";"2019-11-01";"";"";"";"Munich";"indelivery";1000;"2019-12-03"
16332;"energy";"electricity";2600;2702;"2018-03-14";"2018-05-01";"2018-05-01";"2018-08-03";"Wiederruf";"Duisburg";"terminated";1000;"2018-08-03"
16333;"energy";"electricity";2200;2170;"2019-01-22";"2019-06-01";"";"";"";"Jena";"indelivery";1001;"2020-09-20"
16334;"energy";"electricity";2800;2830;"2020-09-05";"2021-05-01";"";"";"";"Frankfurt";"active";1002;"2020-09-17"
16335;"energy";"electricity";2000;2141;"2020-04-21";"2020-06-01";"";"";"";"Stuttgart";"indelivery";1000;"2020-06-15"
16336;"energy";"gas";8700;8601;"2019-08-27";"2019-11-01";"";"";"";"Berlin";"indelivery";2001;"2020-09-26"
16337;"energy";"electricity";3100;"";"2019-10-15";"2020-02-01";"";"";"";"Bochum";"indelivery";1002;"2020-04-02"
16338;"energy";"electricity";2500;2579;"2020-06-13";"2020-08-01";"";"";"";"Stuttgart";"indelivery";1000;"2020-07-09"
16339;"energy";"electricity";2300;2185;"2020-06-21";"2020-12-01";"";"";"";"Frankfurt";"active";1000;"2020-08-08"
16340;"energy";"gas";8300;8135;"2018-11-07";"2019-04-01";"";"";"";"Duisburg";"indelivery";2000;"2020-04-05"
16341;"energy";"electricity";2400;2435;"2018-04-12";"2018-07-01";"";"";"";"Suhl";"indelivery";1002;"2020-09-04"
16342;"energy";"electricity";2300;2260;"2018-12-31";"2019-05-01";"";"";"";"Hannover";"indelivery";1002;"2019-04-06"
16343;"energy";"electricity";2900;"";"2019-07-09";"2020-03-01";"";"";"";"Karlsruhe";"indelivery";1001;"2019-07-16"
16344;"energy";"gas";9300;8993;"2019-10-19";"2019-12-01";"";"";"";"Arnstadt";"indelivery";2000;"2020-06-21"
16345;"energy";"gas";9000;9035;"2019-04-07";"2019-07-01";"";"";"";"Frankfurt";"indelivery";2000;"2019-07-19"
16346;"energy";"electricity";2800;3012;"2020-09-02";"2020-11-01";"";"";"";"Stuttgart";"active";1001;"2020-09-28"
16347;"energy";"gas";10000;10553;"2020-09-21";"2020-12-01";"";"";"";"Eisenach";"active";2000;"2020-09-21"
16348;"energy";"electricity";2000;2127;"2020-06-23";"2021-05-01";"";"";"";"Düsseldorf";"active";1000;"2020-08-12"
16349;"energy";"electricity";2700;2691;"2019-09-12";"2019-10-01";"";"";"";"Mainz";"indelivery";1000;"2020-03-13"
16350;"energy";"electricity";2700;2864;"2020-03-20";"2020-11-01";"";"";"";"Frankfurt";"active";1002;"2020-09-11"
16351;"energy";"gas";11900;12579;"2020-05-29";"2021-04-01";"";"";"";"Gera";"active";2000;"2020-09-10"
16352;"energy";"electricity";2800;2908;"2019-01-07";"2019-02-01";"";"";"";"Düsseldorf";"indelivery";1000;"2020-04-09"
16353;"energy";"electricity";2800;2915;"2020-01-28";"2020-06-01";"";"";"";"Stuttgart";"indelivery";1001;"2020-09-02"
16354;"energy";"electricity";2400;2391;"2018-02-10";"2018-06-01";"2020-04-30";"2020-03-31";"fristgerecht durch LichtBlick";"Berlin";"terminated";1001;"2020-02-03"
16355;"energy";"gas";8900;8603;"2019-10-30";"2020-02-01";"";"";"";"Bremen";"indelivery";2000;"2020-05-10"
16356;"energy";"electricity";2400;2533;"2020-01-20";"2020-05-01";"";"";"";"Hannover";"indelivery";1001;"2020-02-23"
16357;"energy";"electricity";2400;2330;"2018-06-26";"2018-12-01";"";"";"";"Dortmund";"indelivery";1000;"2020-09-12"
16358;"energy";"electricity";2700;2609;"2020-07-23";"2021-02-01";"";"";"";"Marienberg";"active";1002;"2020-09-06"
16359;"energy";"gas";11600;12062;"2020-02-13";"2020-03-01";"";"";"";"Oldenburg";"indelivery";2000;"2020-03-29"
16360;"energy";"gas";10800;11401;"2018-09-12";"2018-11-01";"";"";"";"Cologne";"indelivery";2000;"2020-09-22"
16361;"energy";"electricity";2600;2601;"2019-07-17";"2019-08-01";"";"";"";"Flensburg";"indelivery";1001;"2020-09-06"
16362;"energy";"gas";11000;11171;"2019-10-31";"2019-12-01";"";"";"";"Berlin";"indelivery";2000;"2020-01-06"
16363;"energy";"electricity";2600;2548;"2018-11-16";"2019-03-01";"2020-09-30";"2020-09-01";"fristgerecht durch LichtBlick";"Hamburg";"terminated";1001;"2020-07-23"
16364;"energy";"electricity";2700;2817;"2020-04-02";"2020-08-01";"";"";"";"Munich";"indelivery";1002;"2020-05-05"
16365;"energy";"electricity";2100;2206;"2019-04-16";"2019-10-01";"";"";"";"Altchemnitz";"indelivery";1001;"2020-01-07"
16366;"energy";"electricity";3000;3223;"2018-04-15";"2018-06-01";"2018-06-01";"2018-10-29";"Wiederruf";"Essen";"terminated";1002;"2018-10-29"
16367;"energy";"gas";7900;8069;"2018-05-19";"2018-06-01";"2019-07-31";"2019-07-03";"Umzug";"Cologne";"terminated";2001;"2019-07-03"
16368;"energy";"electricity";2100;"";"2019-11-26";"2020-01-01";"";"";"";"Heidelberg";"indelivery";1000;"2020-09-28"
16369;"energy";"electricity";2000;1972;"2018-04-15";"2018-05-01";"";"";"";"Hamburg";"indelivery";1002;"2019-01-11"
16370;"energy";"electricity";1900;2002;"2020-03-14";"2020-06-01";"";"";"";"Munich";"indelivery";1000;"2020-06-04"
16371;"energy";"electricity";2500;2618;"2019-11-08";"2020-02-01";"2020-02-01";"2020-06-02";"Wiederruf";"Bielefeld";"terminated";1000;"2019-11-21"
16372;"energy";"electricity";2700;2605;"2018-06-10";"2018-07-01";"";"";"";"Stuttgart";"indelivery";1002;"2018-11-13"
16373;"energy";"electricity";1900;2049;"2020-02-15";"2020-05-01";"";"";"";"Munich";"indelivery";1000;"2020-07-11"
16374;"energy";"electricity";2600;"";"2019-07-02";"2019-09-01";"";"";"";"Kassel";"indelivery";1002;"2020-04-10"
16375;"energy";"electricity";2100;2196;"2019-05-14";"2019-07-01";"2019-08-31";"2019-08-02";"fristgerecht durch LichtBlick";"Berlin";"terminated";1000;"2019-08-02"
16376;"energy";"electricity";2400;2493;"2018-06-08";"2018-11-01";"";"";"";"Berlin";"indelivery";1000;"2019-04-27"
16377;"energy";"electricity";2900;2868;"2020-06-16";"2020-10-01";"";"";"";"Berlin";"indelivery";1002;"2020-07-04"
16378;"energy";"electricity";3000;2814;"2020-09-10";"2020-11-01";"";"";"";"Bremen";"active";1002;"2020-09-28"
16379;"energy";"electricity";2000;2004;"2019-11-02";"2019-12-01";"2020-11-30";"2020-10-29";"fristgerecht durch Kunde";"Wiesbaden";"cancelled";1002;"2020-03-23"
16380;"energy";"electricity";2600;2757;"2018-04-22";"2018-07-01";"2020-03-31";"2020-03-03";"fristgerecht durch LichtBlick";"Berlin";"terminated";1000;"2019-09-29"
16381;"energy";"electricity";2300;2388;"2018-10-28";"2019-01-01";"2020-03-31";"2020-02-23";"fristgerecht durch Kunde";"Leipzig";"terminated";1000;"2019-08-15"
16382;"energy";"electricity";2800;2932;"2018-06-13";"2018-07-01";"";"";"";"Oldenburg";"indelivery";1000;"2019-12-10"
16383;"energy";"electricity";2700;2883;"2020-05-25";"2020-09-01";"";"";"";"Berlin";"indelivery";1002;"2020-09-24"
16384;"energy";"electricity";2500;2647;"2019-11-11";"2020-01-01";"";"";"";"Marienberg";"indelivery";1001;"2020-08-07"
16385;"energy";"electricity";2000;1984;"2018-08-01";"2018-09-01";"2018-10-31";"2018-10-01";"fristgerecht durch LichtBlick";"Berlin";"terminated";1002;"2018-10-01"
16386;"energy";"gas";10000;9997;"2019-09-28";"2020-07-01";"";"";"";"Berlin";"indelivery";2001;"2020-05-27"
16387;"energy";"electricity";2900;3003;"2019-06-15";"2019-08-01";"2019-08-01";"2020-03-01";"Wiederruf";"Karlsruhe";"terminated";1002;"2019-06-25"
16388;"energy";"electricity";2400;"";"2019-12-05";"2020-02-01";"";"";"";"Duisburg";"indelivery";1001;"2020-03-26"
16389;"energy";"electricity";2200;2251;"2019-03-20";"2019-05-01";"";"";"";"Potsdam";"indelivery";1002;"2020-09-19"
16390;"energy";"electricity";2400;2556;"2018-04-12";"2018-08-01";"";"";"";"Munich";"indelivery";1000;"2018-10-01"
16391;"energy";"electricity";2600;2651;"2018-04-04";"2018-07-01";"";"";"";"Hamburg";"indelivery";1000;"2019-01-16"
16392;"energy";"electricity";2600;2624;"2020-04-20";"2020-12-01";"";"";"";"Hamburg";"active";1002;"2020-09-05"
16393;"energy";"electricity";2800;2825;"2018-12-15";"2019-02-01";"";"";"";"Dortmund";"indelivery";1002;"2020-05-24"
16394;"energy";"gas";8200;8429;"2019-02-11";"2019-09-01";"";"";"";"Hamburg";"indelivery";2001;"2020-09-13"
16395;"energy";"electricity";2900;2997;"2018-03-19";"2018-11-01";"";"";"";"Leipzig";"indelivery";1000;"2019-08-16"
16396;"energy";"electricity";2700;2879;"2019-09-04";"2019-10-01";"";"";"";"Bamberg";"indelivery";1001;"2020-09-06"
16397;"energy";"electricity";2300;2356;"2018-03-13";"2018-08-01";"";"";"";"Kassel";"indelivery";1002;"2019-10-16"
16398;"energy";"electricity";2400;2331;"2018-05-25";"2018-08-01";"";"";"";"Magdeburg";"indelivery";1001;"2019-05-30"
16399;"energy";"electricity";2300;2414;"2018-09-16";"2019-08-01";"";"";"";"Wiesbaden";"indelivery";1001;"2019-04-03"
16400;"energy";"electricity";2100;2053;"2018-06-07";"2018-07-01";"";"";"";"Emden";"indelivery";1001;"2018-11-11"
16401;"energy";"electricity";2800;2853;"2018-10-29";"2018-12-01";"";"";"";"Erfurt";"indelivery";1001;"2019-02-09"
16402;"energy";"electricity";2900;3046;"2019-06-10";"2019-08-01";"";"";"";"Dresden";"indelivery";1001;"2020-05-07"
16403;"energy";"electricity";2100;1980;"2018-07-01";"2019-10-01";"2019-10-01";"2020-09-28";"Wiederruf";"Munich";"terminated";1002;"2019-07-15"
16404;"energy";"electricity";2400;2537;"2018-10-23";"2018-11-01";"";"";"";"Hannover";"indelivery";1001;"2019-01-25"
16405;"energy";"electricity";2000;2092;"2018-01-03";"2018-03-01";"2018-03-01";"2020-12-01";"Wiederruf";"Hamburg";"terminated";1001;"2018-08-10"
16406;"energy";"electricity";2100;2141;"2019-04-15";"2019-08-01";"";"";"";"Essen";"indelivery";1002;"2019-10-30"
16407;"energy";"gas";11800;12418;"2019-11-16";"2019-12-01";"";"";"";"Bielefeld";"indelivery";2000;"2020-04-29"
16408;"energy";"gas";12700;12963;"2020-03-12";"2020-05-01";"";"";"";"Erbach";"indelivery";2000;"2020-05-22"
16409;"energy";"electricity";2600;2587;"2018-11-15";"2019-06-01";"";"";"";"Düsseldorf";"indelivery";1001;"2020-06-03"
16410;"energy";"electricity";2600;"";"2018-12-02";"2019-04-01";"";"";"";"Kiel";"indelivery";1002;"2020-02-05"
16411;"energy";"electricity";2100;2000;"2018-07-01";"2018-10-01";"";"";"";"Augsburg";"indelivery";1000;"2019-11-06"
16412;"energy";"electricity";2400;2611;"2020-03-20";"2020-08-01";"2020-11-30";"2020-11-02";"fristgerecht durch LichtBlick";"Erlangen";"cancelled";1002;"2020-04-24"
16413;"energy";"electricity";2500;2633;"2020-08-31";"2021-07-01";"";"";"";"Mannheim";"active";1000;"2020-09-20"
16414;"energy";"electricity";2300;2253;"2020-01-03";"2020-06-01";"";"";"";"Pfarrkirchen";"indelivery";1002;"2020-04-19"
16415;"energy";"electricity";2900;3112;"2018-12-06";"2019-07-01";"";"";"";"Bremen";"indelivery";1001;"2019-04-09"
16416;"energy";"gas";9900;10599;"2018-02-08";"2018-09-01";"2018-09-01";"2019-06-02";"Wiederruf";"Leipzig";"terminated";2000;"2019-05-29"
16417;"energy";"electricity";2100;2149;"2018-07-18";"2018-09-01";"2018-09-01";"2019-12-31";"Wiederruf";"Munich";"terminated";1002;"2018-12-11"
16418;"energy";"electricity";2100;"";"2018-01-23";"2018-02-01";"2020-01-31";"2020-01-03";"Umzug";"Mannheim";"terminated";1000;"2019-11-15"
16419;"energy";"electricity";2500;2446;"2020-09-29";"2020-11-01";"";"";"";"Dresden";"active";1001;"2020-09-29"
16420;"energy";"electricity";2800;2845;"2018-09-12";"2019-03-01";"";"";"";"Wiesbaden";"indelivery";1000;"2020-04-21"
16421;"energy";"electricity";2400;2252;"2019-01-27";"2019-06-01";"";"";"";"Berlin";"indelivery";1000;"2019-07-26"
16422;"energy";"electricity";2700;2612;"2020-04-08";"2020-09-01";"";"";"";"Berlin";"indelivery";1000;"2020-05-09"
16423;"energy";"electricity";2600;"";"2020-06-02";"2020-10-01";"";"";"";"Stuttgart";"indelivery";1000;"2020-06-09"
16424;"energy";"electricity";2800;2712;"2019-06-20";"2019-11-01";"";"";"";"Wuppertal";"indelivery";1000;"2020-02-01"
16425;"energy";"electricity";2100;2132;"2018-07-21";"2019-09-01";"";"";"";"Berlin";"indelivery";1002;"2018-10-09"
16426;"energy";"electricity";2300;2395;"2018-11-30";"2019-01-01";"";"";"";"Essen";"indelivery";1002;"2018-12-15"
16427;"energy";"electricity";2200;2288;"2020-08-13";"2021-03-01";"";"";"";"Augsburg";"active";1002;"2020-09-03"
16428;"energy";"electricity";2000;1972;"2019-11-03";"2020-03-01";"";"";"";"Cologne";"indelivery";1000;"2020-04-01"
16429;"energy";"electricity";2200;2344;"2019-08-02";"2019-10-01";"";"";"";"Dresden";"indelivery";1002;"2020-01-31"
16430;"energy";"electricity";2700;2859;"2019-04-23";"2019-06-01";"2020-05-31";"2020-05-03";"fristgerecht durch Kunde";"Hamburg";"terminated";1002;"2020-04-19"
16431;"energy";"electricity";2800;2743;"2018-10-24";"2020-02-01";"";"";"";"Erfurt";"indelivery";1001;"2019-09-28"
16432;"energy";"electricity";2400;2331;"2018-05-23";"2018-11-01";"";"";"";"Schwerin";"indelivery";1002;"2018-12-07"
16433;"energy";"gas";11400;11243;"2020-02-26";"2020-12-01";"";"";"";"Hamburg";"active";2000;"2020-08-11"
16434;"energy";"electricity";2000;1974;"2018-10-02";"2018-12-01";"2020-11-30";"2020-10-31";"fristgerecht durch LichtBlick";"Kassel";"cancelled";1000;"2020-06-07"
16435;"energy";"electricity";2000;1942;"2019-02-20";"2019-05-01";"";"";"";"Munich";"indelivery";1001;"2019-10-04"
16436;"energy";"gas";10200;10245;"2019-05-26";"2019-07-01";"2019-08-31";"2019-07-28";"fristgerecht durch Kunde";"Soest";"terminated";2000;"2019-07-03"
16437;"energy";"electricity";2300;2324;"2018-12-11";"2019-04-01";"";"";"";"Berlin";"indelivery";1001;"2019-04-01"
16438;"energy";"electricity";2300;2443;"2019-04-03";"2020-08-01";"";"";"";"Leipzig";"indelivery";1001;"2020-04-12"
16439;"energy";"electricity";2900;2779;"2018-09-25";"2018-11-01";"";"";"";"Jena";"indelivery";1002;"2020-05-22"
16440;"energy";"electricity";2900;3071;"2018-10-22";"2019-11-01";"";"";"";"Augsburg";"indelivery";1002;"2018-12-17"
16441;"energy";"electricity";2200;2163;"2018-08-09";"2018-12-01";"";"";"";"Munich";"indelivery";1002;"2018-12-13"
16442;"energy";"electricity";2300;2517;"2019-02-04";"2019-06-01";"";"";"";"Hannover";"indelivery";1002;"2019-08-09"
16443;"energy";"electricity";2100;2252;"2019-10-29";"2020-02-01";"";"";"";"Dresden";"indelivery";1001;"2020-06-21"
16444;"energy";"electricity";2200;2331;"2018-05-15";"2018-07-01";"2019-06-30";"2019-06-02";"Umzug";"Munich";"terminated";1002;"2019-06-02"
16445;"energy";"gas";8500;8497;"2019-08-04";"2020-03-01";"";"";"";"Duisburg";"indelivery";2001;"2020-01-30"
16446;"energy";"electricity";2200;2327;"2018-02-03";"2018-04-01";"";"";"";"Düsseldorf";"indelivery";1000;"2020-06-27"
16447;"energy";"gas";11500;10959;"2018-11-22";"2019-04-01";"2019-04-01";"2020-02-27";"Wiederruf";"Erfurt";"terminated";2000;"2019-02-03"
16448;"energy";"electricity";2300;2370;"2019-08-04";"2020-01-01";"";"";"";"Stuttgart";"indelivery";1000;"2019-12-28"
16449;"energy";"electricity";3000;3141;"2018-02-10";"2018-04-01";"2019-06-30";"2019-06-02";"Umzug";"Mosbach";"terminated";1002;"2019-02-24"
16450;"energy";"electricity";2500;2631;"2019-06-28";"2019-09-01";"";"";"";"Leipzig";"indelivery";1001;"2019-10-27"
16451;"energy";"electricity";2500;2374;"2018-09-19";"2018-12-01";"";"";"";"Munich";"indelivery";1000;"2019-03-18"
16452;"energy";"electricity";2500;2699;"2018-10-09";"2019-01-01";"";"";"";"Berlin";"indelivery";1002;"2020-08-31"
16453;"energy";"electricity";2400;2335;"2019-07-12";"2019-10-01";"";"";"";"Wuppertal";"indelivery";1002;"2020-05-14"
16454;"energy";"electricity";2500;2398;"2020-04-15";"2020-05-01";"";"";"";"Dortmund";"indelivery";1002;"2020-07-28"
16455;"energy";"gas";11600;11853;"2020-09-21";"2020-10-01";"";"";"";"Marienberg";"indelivery";2001;"2020-09-21"
16456;"energy";"electricity";2600;2626;"2020-04-04";"2020-05-01";"";"";"";"Hannover";"indelivery";1001;"2020-05-06"
16457;"energy";"electricity";2300;2264;"2020-01-10";"2020-04-01";"";"";"";"Fürth";"indelivery";1000;"2020-03-19"
16458;"energy";"electricity";2100;2086;"2018-06-04";"2019-03-01";"";"";"";"Cottbus";"indelivery";1000;"2019-05-04"
16459;"energy";"electricity";2700;2831;"2018-07-29";"2018-09-01";"2020-02-29";"2020-01-31";"Umzug";"Hamburg";"terminated";1002;"2019-01-05"
16460;"energy";"electricity";2400;2586;"2020-03-30";"2020-05-01";"";"";"";"Bonn";"indelivery";1002;"2020-06-29"
16461;"energy";"electricity";2300;2435;"2018-10-29";"2018-12-01";"";"";"";"Berlin";"indelivery";1002;"2019-11-10"
16462;"energy";"electricity";2600;2681;"2019-05-23";"2019-06-01";"2019-06-01";"2019-08-30";"Wiederruf";"Hamburg";"terminated";1001;"2019-08-30"
16463;"energy";"electricity";2700;2899;"2020-07-14";"2020-10-01";"";"";"";"Gera";"indelivery";1002;"2020-09-04"
16464;"energy";"electricity";2800;3002;"2019-01-11";"2019-02-01";"";"";"";"Duisburg";"indelivery";1001;"2020-08-29"
16465;"energy";"electricity";2200;2317;"2018-10-09";"2018-12-01";"";"";"";"Düsseldorf";"indelivery";1000;"2020-01-23"
16466;"energy";"electricity";2700;2724;"2019-03-06";"2019-07-01";"2019-10-31";"2019-10-03";"fristgerecht durch Kunde";"Bremen";"terminated";1001;"2019-10-03"
16467;"energy";"gas";10500;10550;"2018-09-04";"2018-11-01";"";"";"";"Hannover";"indelivery";2001;"2019-08-23"
16468;"energy";"electricity";2900;2934;"2018-03-01";"2018-07-01";"";"";"";"Saarbrücken";"indelivery";1000;"2019-12-07"
16469;"energy";"electricity";2800;2740;"2019-08-19";"2019-12-01";"";"";"";"Osnabrück";"indelivery";1001;"2020-01-24"
16470;"energy";"electricity";2800;2828;"2018-09-17";"2018-11-01";"";"";"";"Munich";"indelivery";1000;"2020-07-17"
16471;"energy";"electricity";2100;2168;"2018-12-28";"2019-06-01";"";"";"";"Bielefeld";"indelivery";1002;"2019-11-21"
16472;"energy";"electricity";2400;2505;"2020-09-10";"2021-02-01";"";"";"";"Berlin";"active";1002;"2020-09-25"
16473;"energy";"electricity";2900;3127;"2019-06-05";"2019-10-01";"";"";"";"Heidelberg";"indelivery";1002;"2020-05-17"
16474;"energy";"electricity";2100;2090;"2019-01-02";"2019-03-01";"";"";"";"Duisburg";"indelivery";1001;"2019-05-19"
16475;"energy";"electricity";2600;2832;"2020-08-30";"2020-10-01";"";"";"";"Hamburg";"indelivery";1001;"2020-09-09"
16476;"energy";"electricity";2500;2682;"2019-11-04";"2020-02-01";"";"";"";"Essen";"indelivery";1001;"2019-12-05"
16477;"energy";"electricity";2400;2495;"2020-05-09";"2021-01-01";"";"";"";"Altchemnitz";"active";1002;"2020-08-10"
16478;"energy";"gas";9000;9650;"2018-05-01";"2018-07-01";"";"";"";"Essen";"indelivery";2000;"2018-07-06"
16479;"energy";"electricity";2500;2487;"2019-08-24";"2019-10-01";"2020-04-30";"2020-04-01";"fristgerecht durch Kunde";"Mainz";"terminated";1000;"2020-02-20"
16480;"energy";"electricity";2000;2152;"2019-01-20";"2019-03-01";"2020-02-29";"2020-01-30";"fristgerecht durch Kunde";"Berlin";"terminated";1000;"2019-05-30"
16481;"energy";"electricity";2400;2411;"2020-01-22";"2020-04-01";"";"";"";"Cottbus";"indelivery";1000;"2020-09-29"
16482;"energy";"electricity";2000;2113;"2019-09-25";"2020-03-01";"";"";"";"Munich";"indelivery";1001;"2019-11-03"
16483;"energy";"electricity";2600;2565;"2019-01-26";"2019-04-01";"";"";"";"Bremen";"indelivery";1000;"2020-09-21"
16484;"energy";"electricity";2700;2853;"2019-10-26";"2020-04-01";"";"";"";"Berlin";"indelivery";1001;"2020-05-21"
16485;"energy";"electricity";2700;2820;"2018-09-30";"2018-12-01";"";"";"";"Würzburg";"indelivery";1002;"2020-08-24"
16486;"energy";"gas";11700;11626;"2020-03-05";"2020-05-01";"";"";"";"Augsburg";"indelivery";2000;"2020-07-21"
16487;"energy";"electricity";2100;2093;"2018-03-01";"2018-05-01";"";"";"";"Berlin";"indelivery";1001;"2019-11-11"
16488;"energy";"gas";9200;8822;"2020-03-08";"2020-08-01";"";"";"";"Aurich";"indelivery";2000;"2020-08-22"
16489;"energy";"electricity";2900;2735;"2019-06-25";"2019-11-01";"";"";"";"Hamburg";"indelivery";1001;"2020-04-24"
16490;"energy";"electricity";2600;"";"2019-10-06";"2019-11-01";"";"";"";"Fürth";"indelivery";1000;"2020-05-11"
16491;"energy";"electricity";2800;2732;"2020-04-18";"2020-06-01";"";"";"";"Parchim";"indelivery";1000;"2020-04-24"
16492;"energy";"gas";9100;9410;"2019-10-16";"2019-11-01";"";"";"";"Freiburg";"indelivery";2001;"2020-01-13"
16493;"energy";"electricity";2400;2332;"2020-01-22";"2020-03-01";"";"";"";"Essen";"indelivery";1002;"2020-09-09"
16494;"energy";"electricity";2200;2094;"2019-11-30";"2019-12-01";"";"";"";"Dresden";"indelivery";1001;"2020-08-18"
16495;"energy";"electricity";2300;2266;"2019-02-02";"2019-06-01";"";"";"";"Berlin";"indelivery";1001;"2020-09-16"
16496;"energy";"electricity";2600;2468;"2018-12-29";"2019-01-01";"2020-09-30";"2020-08-31";"fristgerecht durch Kunde";"Cologne";"terminated";1002;"2020-06-01"
16497;"energy";"electricity";2200;2279;"2020-05-20";"2020-06-01";"";"";"";"Dortmund";"indelivery";1001;"2020-09-05"
16498;"energy";"electricity";2300;2297;"2019-03-16";"2019-05-01";"";"";"";"Mannheim";"indelivery";1001;"2019-10-13"
16499;"energy";"electricity";2400;2397;"2019-06-10";"2019-08-01";"";"";"";"Dortmund";"indelivery";1001;"2019-09-04"
16500;"energy";"electricity";2200;2368;"2019-08-04";"2020-05-01";"";"";"";"Hamburg";"indelivery";1001;"2020-07-23"
16501;"energy";"electricity";2200;2240;"2020-01-21";"2020-09-01";"";"";"";"Dortmund";"indelivery";1002;"2020-06-22"
16502;"energy";"electricity";2900;2977;"2019-08-06";"2019-10-01";"";"";"";"Meppen";"indelivery";1001;"2020-03-24"
16503;"energy";"gas";12000;12618;"2018-10-10";"2019-04-01";"";"";"";"Leipzig";"indelivery";2000;"2020-04-24"
16504;"energy";"electricity";2100;"";"2020-07-12";"2020-08-01";"";"";"";"Lübeck";"indelivery";1002;"2020-08-11"
16505;"energy";"gas";8600;9120;"2018-10-18";"2019-02-01";"";"";"";"Cologne";"indelivery";2001;"2019-10-28"
16506;"energy";"electricity";2100;1970;"2019-11-22";"2020-01-01";"";"";"";"Stuttgart";"indelivery";1001;"2019-11-24"
16507;"energy";"gas";8700;8696;"2019-10-12";"2020-06-01";"";"";"";"Emden";"indelivery";2001;"2020-06-05"
16508;"energy";"electricity";2800;2896;"2018-08-30";"2019-02-01";"2019-02-01";"2019-03-02";"Wiederruf";"Magdeburg";"terminated";1002;"2019-03-02"
16509;"energy";"electricity";2600;2552;"2020-02-01";"2020-08-01";"";"";"";"Bonn";"indelivery";1002;"2020-04-13"
16510;"energy";"gas";8000;7887;"2019-05-17";"2019-07-01";"";"";"";"Hamburg";"indelivery";2000;"2020-02-28"
16511;"energy";"electricity";2800;2685;"2019-11-13";"2020-01-01";"";"";"";"Altchemnitz";"indelivery";1001;"2020-05-10"
16512;"energy";"electricity";2600;2616;"2019-01-29";"2019-03-01";"";"";"";"Berlin";"indelivery";1001;"2020-01-27"
16513;"energy";"electricity";2800;2918;"2020-07-15";"2021-05-01";"";"";"";"Augsburg";"active";1000;"2020-09-07"
16514;"energy";"electricity";2300;2336;"2018-05-06";"2018-08-01";"2018-08-01";"2020-03-30";"Wiederruf";"Frankfurt";"terminated";1000;"2019-02-20"
16515;"energy";"electricity";2500;2526;"2020-05-16";"2020-07-01";"";"";"";"Münster";"indelivery";1002;"2020-09-02"
16516;"energy";"electricity";3000;2912;"2020-02-18";"2020-05-01";"";"";"";"Regensburg";"indelivery";1001;"2020-02-19"
16517;"energy";"gas";8400;8514;"2019-05-12";"2019-11-01";"";"";"";"Dortmund";"indelivery";2000;"2020-04-30"
16518;"energy";"electricity";2200;2165;"2018-09-02";"2019-07-01";"";"";"";"Düsseldorf";"indelivery";1001;"2018-11-01"
16519;"energy";"electricity";2300;2365;"2019-11-22";"2020-03-01";"";"";"";"Berlin";"indelivery";1002;"2020-04-07"
16520;"energy";"electricity";2700;2758;"2019-03-19";"2019-04-01";"2020-11-30";"2020-11-02";"fristgerecht durch LichtBlick";"Osnabrück";"cancelled";1002;"2020-01-22"
16521;"energy";"electricity";2700;2841;"2018-10-05";"2019-04-01";"";"";"";"Berlin";"indelivery";1001;"2018-10-13"
16522;"energy";"electricity";2100;2036;"2020-05-17";"2020-11-01";"";"";"";"Miltenberg";"active";1002;"2020-06-20"
16523;"energy";"gas";9200;9304;"2018-02-21";"2018-04-01";"";"";"";"Duisburg";"indelivery";2001;"2019-09-14"
16524;"energy";"electricity";2800;2888;"2020-05-09";"2021-03-01";"";"";"";"Mannheim";"active";1000;"2020-07-01"
16525;"energy";"electricity";2000;2177;"2019-09-14";"2019-12-01";"";"";"";"Erfurt";"indelivery";1000;"2020-01-08"
16526;"energy";"electricity";2600;2826;"2018-04-16";"2018-07-01";"";"";"";"Berlin";"indelivery";1000;"2020-05-03"
16527;"energy";"electricity";1900;2011;"2020-03-28";"2020-06-01";"";"";"";"Stuttgart";"indelivery";1002;"2020-08-25"
16528;"energy";"electricity";2800;2840;"2019-06-10";"2020-05-01";"";"";"";"Dortmund";"indelivery";1000;"2020-01-31"
16529;"energy";"electricity";2500;2455;"2018-02-15";"2018-12-01";"";"";"";"Oldenburg";"indelivery";1002;"2019-04-15"
16530;"energy";"gas";9900;"";"2018-09-19";"2019-02-01";"";"";"";"Wuppertal";"indelivery";2000;"2018-09-25"
16531;"energy";"electricity";2900;2895;"2018-04-08";"2018-06-01";"";"";"";"Hannover";"indelivery";1000;"2019-12-27"
16532;"energy";"electricity";2000;2130;"2019-05-01";"2019-05-01";"";"";"";"Berlin";"indelivery";1002;"2019-07-30"
16533;"energy";"electricity";2400;2478;"2018-03-26";"2018-04-01";"";"";"";"Cologne";"indelivery";1000;"2020-02-14"
16534;"energy";"electricity";2000;2075;"2018-10-23";"2018-12-01";"";"";"";"Kiel";"indelivery";1000;"2019-01-12"
16535;"energy";"electricity";2700;2798;"2018-08-10";"2018-11-01";"";"";"";"Berlin";"indelivery";1002;"2020-02-02"
16536;"energy";"electricity";2800;2964;"2019-01-28";"2019-05-01";"";"";"";"Berlin";"indelivery";1000;"2019-07-19"
16537;"energy";"electricity";2200;2155;"2020-08-05";"2020-09-01";"";"";"";"Gera";"indelivery";1000;"2020-09-15"
16538;"energy";"gas";9900;9554;"2020-04-22";"2021-03-01";"";"";"";"Berlin";"active";2001;"2020-09-26"
16539;"energy";"electricity";2800;3003;"2018-03-23";"2018-05-01";"";"";"";"Berlin";"indelivery";1002;"2019-05-11"
16540;"energy";"electricity";2400;2389;"2018-02-12";"2018-04-01";"2018-04-01";"2019-01-02";"Wiederruf";"Münster";"terminated";1001;"2018-04-17"
16541;"energy";"electricity";2500;2612;"2018-08-07";"2018-12-01";"";"";"";"Kiel";"indelivery";1001;"2019-01-18"
16542;"energy";"electricity";2500;2618;"2020-09-04";"2020-10-01";"";"";"";"Karlsruhe";"indelivery";1002;"2020-09-06"
16543;"energy";"electricity";2500;"";"2019-06-16";"2019-10-01";"";"";"";"Wuppertal";"indelivery";1001;"2020-04-30"
16544;"energy";"electricity";3000;2849;"2020-09-20";"2020-12-01";"";"";"";"Mannheim";"active";1001;"2020-09-26"
16545;"energy";"electricity";3000;3146;"2018-03-18";"2018-04-01";"";"";"";"Rostock";"indelivery";1001;"2020-09-03"
16546;"energy";"electricity";2000;"";"2020-01-20";"2020-02-01";"";"";"";"Hamburg";"indelivery";1000;"2020-09-29"
16547;"energy";"electricity";2700;2808;"2018-03-10";"2018-09-01";"";"";"";"Marienberg";"indelivery";1000;"2019-08-16"
16548;"energy";"electricity";2000;2031;"2018-07-01";"2018-08-01";"";"";"";"Berlin";"indelivery";1000;"2020-03-02"
16549;"energy";"electricity";2800;2920;"2018-03-06";"2018-06-01";"";"";"";"Düsseldorf";"indelivery";1001;"2019-12-27"
16550;"energy";"electricity";2100;"";"2019-04-21";"2019-09-01";"";"";"";"Dortmund";"indelivery";1001;"2019-11-18"
16551;"energy";"electricity";2000;1971;"2020-08-07";"2020-10-01";"";"";"";"Berlin";"indelivery";1000;"2020-09-09"
16552;"energy";"electricity";2600;2794;"2018-03-26";"2018-06-01";"";"";"";"Ingolstadt";"indelivery";1002;"2020-09-20"
16553;"energy";"gas";11100;11966;"2019-12-15";"2021-04-01";"";"";"";"Leipzig";"active";2001;"2020-02-13"
16554;"energy";"gas";11400;11672;"2019-05-01";"2019-12-01";"";"";"";"Cologne";"indelivery";2001;"2019-10-27"
16555;"energy";"electricity";2800;2874;"2019-09-26";"2019-12-01";"2020-04-30";"2020-03-30";"fristgerecht durch Kunde";"Augsburg";"terminated";1000;"2020-03-30"
16556;"energy";"electricity";2400;2427;"2020-02-02";"2020-07-01";"";"";"";"Braunschweig";"indelivery";1001;"2020-02-17"
16557;"energy";"gas";8600;8825;"2019-10-15";"2020-05-01";"";"";"";"Suhl";"indelivery";2001;"2020-03-27"
16558;"energy";"electricity";2000;2077;"2019-02-26";"2019-04-01";"2020-07-31";"2020-07-03";"fristgerecht durch LichtBlick";"Berlin";"terminated";1002;"2019-05-08"
16559;"energy";"electricity";2300;2339;"2018-04-13";"2018-07-01";"2018-09-30";"2018-08-30";"Umzug";"Düsseldorf";"terminated";1000;"2018-08-30"
16560;"energy";"electricity";2900;3071;"2019-02-26";"2019-03-01";"";"";"";"Dortmund";"indelivery";1001;"2019-05-23"
16561;"energy";"electricity";2500;2535;"2019-02-01";"2019-05-01";"";"";"";"Münster";"indelivery";1002;"2019-03-28"
16562;"energy";"electricity";2200;"";"2018-03-01";"2018-05-01";"";"";"";"Osnabrück";"indelivery";1002;"2019-05-10"
16563;"energy";"electricity";3000;2963;"2018-03-16";"2018-05-01";"2018-05-01";"2020-07-29";"Wiederruf";"Potsdam";"terminated";1002;"2018-10-15"
16564;"energy";"electricity";2100;2047;"2018-06-07";"2019-03-01";"2019-12-31";"2019-12-03";"Umzug";"Koblenz";"terminated";1000;"2019-12-03"
16565;"energy";"electricity";2700;2845;"2020-08-29";"2020-09-01";"";"";"";"Berlin";"indelivery";1000;"2020-09-27"
16566;"energy";"electricity";2800;2869;"2019-02-01";"2019-04-01";"";"";"";"Magdeburg";"indelivery";1002;"2019-08-22"
16567;"energy";"electricity";2200;2333;"2019-03-28";"2020-08-01";"";"";"";"Berlin";"indelivery";1000;"2019-12-04"
16568;"energy";"electricity";2100;2042;"2019-04-16";"2019-06-01";"";"";"";"Berlin";"indelivery";1001;"2019-04-26"
16569;"energy";"electricity";2200;2235;"2018-03-15";"2018-05-01";"2020-05-31";"2020-05-03";"fristgerecht durch Kunde";"Berlin";"terminated";1002;"2019-08-25"
16570;"energy";"electricity";3100;3125;"2018-10-02";"2018-12-01";"";"";"";"Neuruppin";"indelivery";1001;"2020-09-27"
16571;"energy";"electricity";2500;2601;"2018-10-15";"2019-02-01";"";"";"";"Heidelberg";"indelivery";1000;"2019-06-25"
16572;"energy";"electricity";2700;2584;"2018-01-08";"2018-02-01";"";"";"";"Bielefeld";"indelivery";1002;"2020-08-11"
16573;"energy";"electricity";2500;"";"2018-05-28";"2018-11-01";"";"";"";"Munich";"indelivery";1002;"2018-06-07"
16574;"energy";"gas";8600;8416;"2020-02-03";"2020-07-01";"";"";"";"Marienberg";"indelivery";2000;"2020-09-10"
16575;"energy";"electricity";2300;2411;"2019-11-12";"2020-05-01";"";"";"";"Dortmund";"indelivery";1001;"2020-09-24"
16576;"energy";"electricity";2700;2854;"2018-01-08";"2018-02-01";"2018-09-30";"2018-09-02";"Umzug";"Mannheim";"terminated";1002;"2018-09-02"
16577;"energy";"electricity";2300;2438;"2020-05-14";"2020-09-01";"";"";"";"Munich";"indelivery";1001;"2020-09-05"
16578;"energy";"electricity";2700;2863;"2019-02-25";"2019-04-01";"2020-01-31";"2019-12-31";"fristgerecht durch LichtBlick";"Frankfurt";"terminated";1001;"2019-12-31"
16579;"energy";"electricity";2300;2264;"2019-04-12";"2019-07-01";"";"";"";"Essen";"indelivery";1002;"2019-06-20"
16580;"energy";"electricity";3000;2968;"2018-10-22";"2018-11-01";"";"";"";"Fürth";"indelivery";1001;"2019-08-28"
16581;"energy";"electricity";2400;2579;"2020-07-04";"2020-11-01";"";"";"";"Wuppertal";"active";1002;"2020-07-27"
16582;"energy";"electricity";2700;2813;"2020-05-08";"2020-06-01";"";"";"";"Stuttgart";"indelivery";1000;"2020-08-25"
16583;"energy";"electricity";2100;2243;"2018-11-11";"2019-06-01";"";"";"";"Frankfurt";"indelivery";1002;"2019-07-24"
16584;"energy";"electricity";2100;2004;"2018-06-08";"2018-11-01";"";"";"";"Frankfurt";"indelivery";1002;"2020-05-02"
16585;"energy";"electricity";2200;2383;"2019-05-01";"2019-05-01";"";"";"";"Munich";"indelivery";1002;"2020-03-25"
16586;"energy";"gas";9500;9123;"2019-02-12";"2019-09-01";"2019-12-31";"2019-12-02";"fristgerecht durch LichtBlick";"Bonn";"terminated";2000;"2019-09-28"
16587;"energy";"electricity";2700;2612;"2019-06-20";"2019-08-01";"2020-09-30";"2020-08-25";"Umzug";"Munich";"terminated";1001;"2019-07-22"
16588;"energy";"electricity";2500;2617;"2019-12-19";"2020-03-01";"";"";"";"Cologne";"indelivery";1002;"2020-03-04"
16589;"energy";"electricity";3000;3163;"2019-10-18";"2020-02-01";"";"";"";"Altchemnitz";"indelivery";1002;"2020-04-17"
16590;"energy";"electricity";2900;3091;"2020-02-14";"2020-05-01";"";"";"";"Leipzig";"indelivery";1002;"2020-09-27"
16591;"energy";"electricity";2100;2070;"2019-08-17";"2020-07-01";"";"";"";"Kiel";"indelivery";1002;"2020-09-21"
16592;"energy";"electricity";3000;2840;"2020-03-11";"2020-10-01";"2020-11-30";"2020-10-28";"fristgerecht durch Kunde";"Cottbus";"cancelled";1000;"2020-07-01"
16593;"energy";"electricity";2600;2657;"2019-02-08";"2019-10-01";"";"";"";"Marienberg";"indelivery";1000;"2019-02-15"
16594;"energy";"electricity";2400;2304;"2019-09-14";"2019-12-01";"2019-12-01";"2020-07-03";"Wiederruf";"Tuttlingen";"terminated";1000;"2020-01-30"
16595;"energy";"electricity";2700;2696;"2019-05-22";"2019-11-01";"";"";"";"Freiburg";"indelivery";1001;"2020-08-12"
16596;"energy";"electricity";2200;2151;"2018-03-28";"2018-05-01";"2020-01-31";"2019-12-31";"fristgerecht durch LichtBlick";"Magdeburg";"terminated";1000;"2019-12-31"
16597;"energy";"electricity";2500;2554;"2020-04-27";"2020-06-01";"2020-11-30";"2020-10-30";"Umzug";"Berlin";"cancelled";1002;"2020-09-17"
16598;"energy";"electricity";2800;2752;"2018-03-11";"2018-04-01";"";"";"";"Bremen";"indelivery";1001;"2020-02-11"
16599;"energy";"electricity";2200;2107;"2018-01-06";"2018-05-01";"";"";"";"Munich";"indelivery";1001;"2018-04-01"
16600;"energy";"gas";8600;8366;"2020-09-30";"2020-12-01";"";"";"";"Dortmund";"active";2000;"2020-09-30"
16601;"energy";"electricity";2900;2940;"2019-12-23";"2020-02-01";"2020-10-31";"2020-10-01";"Umzug";"Wuppertal";"cancelled";1000;"2020-07-23"
16602;"energy";"electricity";2800;2998;"2019-07-19";"2020-05-01";"";"";"";"Weißenburg";"indelivery";1000;"2020-02-26"
16603;"energy";"electricity";2800;2718;"2018-01-12";"2018-12-01";"";"";"";"Essen";"indelivery";1002;"2019-10-04"
16604;"energy";"electricity";2700;2627;"2019-06-08";"2019-11-01";"";"";"";"Stuttgart";"indelivery";1002;"2019-07-09"
16605;"energy";"electricity";2000;"";"2019-10-23";"2020-01-01";"";"";"";"Hamburg";"indelivery";1001;"2020-04-21"
16606;"energy";"electricity";2900;2830;"2020-08-19";"2020-10-01";"";"";"";"Aschaffenburg";"indelivery";1001;"2020-09-07"
16607;"energy";"gas";8100;8253;"2019-04-08";"2019-11-01";"";"";"";"Marienberg";"indelivery";2000;"2019-07-27"
16608;"energy";"electricity";2300;"";"2019-07-02";"2019-12-01";"";"";"";"Wuppertal";"indelivery";1000;"2020-01-28"
16609;"energy";"electricity";2600;2495;"2020-04-30";"2020-12-01";"";"";"";"Freiburg";"active";1002;"2020-07-07"
16610;"energy";"electricity";2800;2939;"2018-01-14";"2018-09-01";"2019-01-31";"2019-01-03";"fristgerecht durch LichtBlick";"Hannover";"terminated";1001;"2019-01-03"
16611;"energy";"electricity";2300;2465;"2019-11-01";"2019-12-01";"";"";"";"Berlin";"indelivery";1002;"2019-11-24"
16612;"energy";"electricity";2800;3050;"2019-12-13";"2021-06-01";"";"";"";"Altchemnitz";"active";1002;"2020-07-17"
16613;"energy";"electricity";2300;2315;"2019-07-05";"2019-09-01";"";"";"";"Berlin";"indelivery";1002;"2019-12-26"
16614;"energy";"electricity";2300;2210;"2019-03-23";"2019-10-01";"";"";"";"Marienberg";"indelivery";1000;"2019-07-28"
16615;"energy";"electricity";2200;2293;"2018-03-17";"2018-11-01";"";"";"";"Berlin";"indelivery";1001;"2020-04-01"
16616;"energy";"gas";8300;7913;"2019-02-20";"2019-04-01";"";"";"";"Wuppertal";"indelivery";2000;"2020-03-12"
16617;"energy";"gas";10300;10230;"2018-06-08";"2018-09-01";"";"";"";"Berlin";"indelivery";2001;"2020-03-17"
16618;"energy";"electricity";2300;2272;"2019-03-11";"2019-05-01";"2020-06-30";"2020-06-01";"fristgerecht durch Kunde";"Fürstenfeldbruck";"terminated";1000;"2019-11-23"
16619;"energy";"electricity";2000;"";"2018-05-04";"2018-06-01";"";"";"";"Bremen";"indelivery";1001;"2019-03-05"
16620;"energy";"gas";10000;9615;"2019-08-15";"2019-10-01";"";"";"";"Neustadt";"indelivery";2000;"2020-04-04"
16621;"energy";"electricity";2800;2944;"2020-07-19";"2020-10-01";"";"";"";"Frankfurt";"indelivery";1002;"2020-08-12"
16622;"energy";"gas";9100;9821;"2018-10-10";"2019-02-01";"";"";"";"Erfurt";"indelivery";2000;"2019-01-25"
16623;"energy";"electricity";2700;2626;"2019-09-28";"2019-11-01";"2020-08-31";"2020-08-03";"Umzug";"Bonn";"terminated";1001;"2020-04-23"
16624;"energy";"electricity";2500;2482;"2019-02-27";"2019-06-01";"";"";"";"Regensburg";"indelivery";1002;"2019-03-24"
16625;"energy";"electricity";3000;2987;"2019-05-07";"2019-07-01";"2019-07-01";"2020-08-28";"Wiederruf";"Düsseldorf";"terminated";1000;"2020-04-24"
16626;"energy";"electricity";2500;2557;"2018-12-12";"2019-03-01";"2019-08-31";"2019-07-29";"fristgerecht durch LichtBlick";"Munich";"terminated";1000;"2019-07-29"
16627;"energy";"gas";9900;"";"2018-06-16";"2018-10-01";"";"";"";"Bonn";"indelivery";2001;"2020-08-24"
16628;"energy";"gas";9000;8835;"2018-05-05";"2018-06-01";"";"";"";"Dortmund";"indelivery";2001;"2018-09-06"
16629;"energy";"electricity";2700;2748;"2019-07-05";"2019-08-01";"";"";"";"Berlin";"indelivery";1001;"2020-02-15"
16630;"energy";"electricity";2300;"";"2020-03-31";"2020-11-01";"";"";"";"Duisburg";"active";1000;"2020-06-18"
16631;"energy";"electricity";2300;2409;"2020-09-14";"2020-11-01";"";"";"";"Augsburg";"active";1000;"2020-09-24"
16632;"energy";"gas";8300;8275;"2019-09-21";"2020-07-01";"";"";"";"Hamburg";"indelivery";2001;"2020-09-28"
16633;"energy";"electricity";2600;2821;"2020-07-03";"2020-09-01";"";"";"";"Munich";"indelivery";1001;"2020-07-15"
16634;"energy";"electricity";2500;2607;"2019-09-17";"2020-01-01";"";"";"";"Altchemnitz";"indelivery";1001;"2020-08-11"
16635;"energy";"electricity";2000;2063;"2018-12-08";"2019-02-01";"";"";"";"Berlin";"indelivery";1002;"2020-02-12"
16636;"energy";"electricity";2100;2006;"2019-04-19";"2019-07-01";"";"";"";"Goslar";"indelivery";1002;"2020-02-21"
16637;"energy";"electricity";2900;2724;"2020-09-24";"2020-12-01";"";"";"";"Freiburg";"active";1002;"2020-09-25"
16638;"energy";"electricity";2400;2332;"2020-09-07";"2021-02-01";"";"";"";"Hamburg";"active";1000;"2020-09-10"
16639;"energy";"electricity";2600;"";"2019-02-05";"2019-07-01";"";"";"";"Bonn";"indelivery";1001;"2019-03-23"
16640;"energy";"electricity";2300;2391;"2019-03-02";"2019-05-01";"";"";"";"Leipzig";"indelivery";1000;"2019-04-20"
16641;"energy";"electricity";2100;2124;"2018-10-01";"2019-07-01";"";"";"";"Hannover";"indelivery";1000;"2019-07-27"
16642;"energy";"electricity";2500;2643;"2019-01-01";"2019-09-01";"";"";"";"Duisburg";"indelivery";1001;"2020-05-03"
16643;"energy";"electricity";2400;"";"2019-03-25";"2019-07-01";"";"";"";"Berlin";"indelivery";1002;"2019-08-14"
16644;"energy";"electricity";2700;2887;"2018-04-05";"2018-09-01";"";"";"";"Husum";"indelivery";1001;"2019-07-15"
16645;"energy";"electricity";2200;2147;"2018-03-24";"2018-09-01";"";"";"";"Berlin";"indelivery";1001;"2019-03-30"
16646;"energy";"electricity";2600;2651;"2020-07-05";"2020-10-01";"";"";"";"Dresden";"indelivery";1001;"2020-07-25"
16647;"energy";"electricity";2400;2530;"2020-03-10";"2020-07-01";"";"";"";"Hamburg";"indelivery";1002;"2020-03-11"
16648;"energy";"electricity";2600;2790;"2020-06-21";"2020-10-01";"";"";"";"Cologne";"indelivery";1001;"2020-07-20"
16649;"energy";"electricity";2900;2954;"2019-11-07";"2020-07-01";"2020-07-01";"2020-10-27";"Wiederruf";"Heidelberg";"terminated";1002;"2020-01-03"
16650;"energy";"electricity";2100;2124;"2019-11-09";"2020-10-01";"";"";"";"Potsdam";"indelivery";1001;"2019-11-12"
16651;"energy";"gas";11600;11406;"2020-02-08";"2020-03-01";"";"";"";"Schwerin";"indelivery";2000;"2020-07-05"
16652;"energy";"electricity";2000;1957;"2020-05-18";"2020-07-01";"";"";"";"Stuttgart";"indelivery";1000;"2020-07-04"
16653;"energy";"electricity";2700;"";"2019-11-21";"2020-01-01";"";"";"";"Freiburg";"indelivery";1000;"2020-03-18"
16654;"energy";"electricity";2400;2492;"2019-09-16";"2020-01-01";"";"";"";"Magdeburg";"indelivery";1000;"2020-08-02"
16655;"energy";"electricity";2300;2294;"2018-10-27";"2020-03-01";"";"";"";"Lübeck";"indelivery";1002;"2020-01-05"
16656;"energy";"electricity";2600;2733;"2019-08-06";"2019-10-01";"";"";"";"Munich";"indelivery";1001;"2020-05-06"
16657;"energy";"gas";8300;8325;"2018-11-15";"2019-01-01";"";"";"";"Berlin";"indelivery";2000;"2018-12-18"
16658;"energy";"gas";8400;8258;"2018-12-30";"2019-03-01";"2020-01-31";"2019-12-29";"fristgerecht durch Kunde";"Brandenburg";"terminated";2001;"2019-12-29"
16659;"energy";"electricity";2800;2806;"2018-08-09";"2018-11-01";"";"";"";"Bonn";"indelivery";1002;"2020-05-29"
16660;"energy";"electricity";3000;2955;"2019-02-07";"2019-08-01";"";"";"";"Dortmund";"indelivery";1000;"2020-07-22"
16661;"energy";"electricity";2100;2224;"2018-01-21";"2018-04-01";"2019-02-28";"2019-01-30";"fristgerecht durch Kunde";"Emden";"terminated";1000;"2018-08-14"
16662;"energy";"electricity";2100;1980;"2020-04-26";"2021-02-01";"";"";"";"Dortmund";"active";1001;"2020-06-05"
16663;"energy";"electricity";2700;"";"2020-09-21";"2021-03-01";"";"";"";"Essen";"active";1000;"2020-09-22"
16664;"energy";"electricity";2100;2194;"2020-07-02";"2021-06-01";"";"";"";"Dresden";"active";1001;"2020-08-09"
16665;"energy";"electricity";2400;2476;"2020-07-02";"2020-09-01";"";"";"";"Cologne";"indelivery";1002;"2020-07-05"
16666;"energy";"electricity";2800;2986;"2020-04-24";"2020-08-01";"";"";"";"Freiburg";"indelivery";1002;"2020-09-07"
16667;"energy";"electricity";2300;2203;"2020-07-04";"2020-12-01";"";"";"";"Bremen";"active";1000;"2020-08-26"
16668;"energy";"electricity";2500;2712;"2019-08-25";"2019-10-01";"";"";"";"Koblenz";"indelivery";1001;"2020-02-29"
16669;"energy";"electricity";3000;3149;"2020-01-28";"2020-05-01";"";"";"";"Wesel";"indelivery";1001;"2020-02-20"
16670;"energy";"electricity";2900;3038;"2018-12-24";"2019-08-01";"2020-12-31";"2020-12-02";"fristgerecht durch Kunde";"Dortmund";"cancelled";1002;"2020-01-09"
16671;"energy";"gas";8100;"";"2019-11-21";"2020-03-01";"";"";"";"Berlin";"indelivery";2001;"2019-11-21"
16672;"energy";"electricity";2300;2188;"2018-12-15";"2019-01-01";"2019-01-01";"2020-12-01";"Wiederruf";"Hamburg";"terminated";1002;"2020-03-19"
16673;"energy";"electricity";2900;"";"2019-08-30";"2019-11-01";"";"";"";"Karlsruhe";"indelivery";1002;"2019-11-19"
16674;"energy";"electricity";2600;2474;"2018-09-28";"2019-04-01";"";"";"";"Berlin";"indelivery";1001;"2019-10-27"
16675;"energy";"gas";12000;11928;"2019-12-18";"2020-06-01";"";"";"";"Düsseldorf";"indelivery";2001;"2020-05-05"
16676;"energy";"electricity";2400;2496;"2019-08-21";"2019-12-01";"";"";"";"Kiel";"indelivery";1000;"2020-08-14"
16677;"energy";"electricity";3000;2906;"2019-08-09";"2019-09-01";"";"";"";"Gera";"indelivery";1000;"2020-07-16"
16678;"energy";"electricity";2300;2455;"2019-10-04";"2019-11-01";"";"";"";"Koblenz";"indelivery";1002;"2020-02-14"
16679;"energy";"electricity";2400;2427;"2019-05-06";"2019-08-01";"";"";"";"Düsseldorf";"indelivery";1002;"2020-03-15"
16680;"energy";"electricity";2800;2916;"2020-02-23";"2020-06-01";"";"";"";"Coburg";"indelivery";1000;"2020-05-10"
16681;"energy";"gas";10900;10597;"2019-05-13";"2020-04-01";"";"";"";"Cottbus";"indelivery";2001;"2020-05-08"
16682;"energy";"electricity";3000;3087;"2020-05-06";"2020-10-01";"";"";"";"Duisburg";"indelivery";1000;"2020-09-23"
16683;"energy";"electricity";2200;2306;"2019-02-11";"2019-05-01";"";"";"";"Karlsruhe";"indelivery";1000;"2020-04-02"
16684;"energy";"electricity";2300;2257;"2018-11-29";"2019-02-01";"";"";"";"Berlin";"indelivery";1002;"2019-09-02"
16685;"energy";"electricity";2300;2248;"2020-03-20";"2020-07-01";"";"";"";"Heidelberg";"indelivery";1002;"2020-09-25"
16686;"energy";"electricity";2300;2414;"2019-10-05";"2020-01-01";"";"";"";"Hamburg";"indelivery";1000;"2020-02-05"
16687;"energy";"electricity";2700;"";"2018-09-15";"2018-11-01";"";"";"";"Cologne";"indelivery";1001;"2019-07-19"
16688;"energy";"electricity";2700;2942;"2018-12-02";"2019-06-01";"";"";"";"Berlin";"indelivery";1000;"2020-02-16"
16689;"energy";"electricity";2500;2547;"2019-02-22";"2019-03-01";"";"";"";"Düsseldorf";"indelivery";1001;"2020-01-24"
16690;"energy";"electricity";2800;2900;"2019-08-23";"2019-09-01";"";"";"";"Bremerhaven";"indelivery";1000;"2019-10-01"
16691;"energy";"electricity";2600;2746;"2020-04-22";"2020-05-01";"";"";"";"Magdeburg";"indelivery";1000;"2020-08-12"
16692;"energy";"electricity";2100;2094;"2018-08-04";"2018-09-01";"2018-09-01";"2020-08-02";"Wiederruf";"Bielefeld";"terminated";1001;"2019-12-11"
16693;"energy";"electricity";2800;2928;"2018-03-03";"2018-06-01";"2019-01-31";"2018-12-31";"fristgerecht durch Kunde";"Münster";"terminated";1002;"2018-12-31"
16694;"energy";"gas";11800;11265;"2018-12-29";"2019-10-01";"";"";"";"Jever";"indelivery";2001;"2019-09-06"
16695;"energy";"gas";10900;10381;"2018-09-09";"2019-05-01";"";"";"";"Osnabrück";"indelivery";2000;"2020-01-11"
16696;"energy";"electricity";2400;2421;"2019-10-15";"2020-03-01";"";"";"";"Dortmund";"indelivery";1001;"2020-07-05"
16697;"energy";"electricity";2400;2334;"2020-04-26";"2020-08-01";"";"";"";"Berlin";"indelivery";1001;"2020-06-23"
16698;"energy";"electricity";2200;2381;"2019-08-29";"2019-10-01";"2020-01-31";"2019-12-29";"fristgerecht durch Kunde";"Berlin";"terminated";1002;"2019-12-29"
16699;"energy";"gas";8600;8533;"2019-04-23";"2019-05-01";"";"";"";"Emden";"indelivery";2001;"2019-05-14"
16700;"energy";"electricity";2300;2211;"2020-02-22";"2020-04-01";"";"";"";"Forchheim";"indelivery";1000;"2020-08-25"
16701;"energy";"electricity";2200;2417;"2020-08-12";"2021-04-01";"";"";"";"Bielefeld";"active";1001;"2020-09-24"
16702;"energy";"electricity";2400;2433;"2019-11-13";"2019-12-01";"";"";"";"Osnabrück";"indelivery";1000;"2020-01-17"
16703;"energy";"electricity";2300;2499;"2020-03-03";"2020-04-01";"";"";"";"Cologne";"indelivery";1000;"2020-05-07"
16704;"energy";"electricity";2300;2496;"2018-08-29";"2019-02-01";"";"";"";"Bremen";"indelivery";1002;"2019-05-31"
16705;"energy";"electricity";2800;2775;"2018-06-16";"2019-02-01";"";"";"";"Berlin";"indelivery";1000;"2019-02-28"
16706;"energy";"electricity";2700;2753;"2020-09-25";"2020-11-01";"";"";"";"Duisburg";"active";1001;"2020-09-25"
16707;"energy";"electricity";2300;2215;"2019-05-24";"2019-07-01";"";"";"";"Bremen";"indelivery";1002;"2020-07-11"
16708;"energy";"electricity";2700;2614;"2018-08-19";"2018-09-01";"2019-03-31";"2019-03-01";"fristgerecht durch LichtBlick";"Hamburg";"terminated";1001;"2019-03-01"
16709;"energy";"electricity";2500;"";"2018-12-05";"2019-03-01";"";"";"";"Berlin";"indelivery";1000;"2019-03-29"
16710;"energy";"electricity";2600;2668;"2018-06-11";"2018-08-01";"";"";"";"Hamburg";"indelivery";1002;"2020-03-10"
16711;"energy";"gas";8300;8237;"2020-04-07";"2020-08-01";"";"";"";"Berlin";"indelivery";2001;"2020-09-25"
16712;"energy";"electricity";2100;2077;"2019-11-26";"2020-02-01";"";"";"";"Göttingen";"indelivery";1001;"2020-02-07"
16713;"energy";"electricity";2800;2986;"2019-07-09";"2019-09-01";"";"";"";"Essen";"indelivery";1000;"2020-03-30"
16714;"energy";"electricity";2000;2041;"2019-04-13";"2019-06-01";"";"";"";"Düsseldorf";"indelivery";1002;"2020-01-22"
16715;"energy";"electricity";2500;2506;"2018-01-31";"2018-03-01";"";"";"";"Suhl";"indelivery";1001;"2018-11-25"
16716;"energy";"electricity";3000;2877;"2019-01-18";"2019-06-01";"";"";"";"Kitzingen";"indelivery";1000;"2020-09-05"
16717;"energy";"electricity";2600;2587;"2019-08-26";"2019-10-01";"";"";"";"Berlin";"indelivery";1001;"2020-07-08"
16718;"energy";"electricity";2600;2534;"2018-01-25";"2018-05-01";"";"";"";"Saarbrücken";"indelivery";1000;"2018-06-26"
16719;"energy";"electricity";2100;2086;"2020-03-17";"2020-04-01";"";"";"";"Wuppertal";"indelivery";1000;"2020-04-14"
16720;"energy";"gas";11200;12081;"2019-03-08";"2019-05-01";"";"";"";"Marienberg";"indelivery";2001;"2020-05-27"
16721;"energy";"electricity";2500;2503;"2019-09-30";"2020-08-01";"";"";"";"Berlin";"indelivery";1002;"2020-01-18"
16722;"energy";"electricity";2600;2510;"2019-07-16";"2019-08-01";"2020-06-30";"2020-05-31";"Umzug";"Lübeck";"terminated";1000;"2019-08-18"
16723;"energy";"electricity";2600;2640;"2018-07-22";"2019-02-01";"";"";"";"Duisburg";"indelivery";1002;"2019-09-15"
16724;"energy";"electricity";2400;2502;"2018-04-17";"2018-06-01";"";"";"";"Berlin";"indelivery";1002;"2018-11-21"
16725;"energy";"electricity";2800;2896;"2019-05-02";"2019-07-01";"";"";"";"Hamburg";"indelivery";1001;"2020-01-08"
16726;"energy";"electricity";2700;2612;"2018-07-17";"2018-09-01";"2019-09-30";"2019-08-29";"fristgerecht durch Kunde";"Marienberg";"terminated";1002;"2019-08-29"
16727;"energy";"electricity";2800;2645;"2020-01-12";"2020-08-01";"";"";"";"Fürth";"indelivery";1000;"2020-01-13"
16728;"energy";"electricity";2700;"";"2020-02-27";"2020-12-01";"";"";"";"Kusel";"active";1000;"2020-03-28"
16729;"energy";"electricity";2100;1968;"2020-06-11";"2020-07-01";"";"";"";"Osnabrück";"indelivery";1002;"2020-06-12"
16730;"energy";"electricity";2200;2127;"2019-06-18";"2019-07-01";"";"";"";"Berlin";"indelivery";1002;"2019-10-03"
16731;"energy";"gas";9400;9440;"2019-09-20";"2019-12-01";"";"";"";"Hamburg";"indelivery";2000;"2019-11-14"
16732;"energy";"gas";9000;"";"2018-01-22";"2018-03-01";"";"";"";"Kiel";"indelivery";2000;"2018-02-02"
16733;"energy";"electricity";2800;2763;"2018-12-09";"2020-05-01";"";"";"";"Duisburg";"indelivery";1002;"2020-08-24"
16734;"energy";"gas";10400;9933;"2019-12-11";"2020-03-01";"";"";"";"Munich";"indelivery";2000;"2020-09-05"
16735;"energy";"electricity";2100;"";"2019-07-14";"2019-12-01";"2020-03-31";"2020-03-02";"fristgerecht durch Kunde";"Hamburg";"terminated";1002;"2020-03-02"
16736;"energy";"electricity";2500;2428;"2019-06-30";"2020-01-01";"";"";"";"Hamburg";"indelivery";1000;"2020-01-09"
16737;"energy";"electricity";2300;2360;"2018-08-10";"2019-03-01";"";"";"";"Dortmund";"indelivery";1000;"2020-08-21"
16738;"energy";"gas";9400;9253;"2020-05-04";"2020-06-01";"";"";"";"Hamburg";"indelivery";2000;"2020-06-11"
16739;"energy";"electricity";2100;2044;"2019-05-14";"2019-11-01";"2020-07-31";"2020-06-25";"fristgerecht durch Kunde";"Munich";"terminated";1002;"2019-12-24"
16740;"energy";"electricity";2900;3045;"2020-04-27";"2020-12-01";"";"";"";"Gera";"active";1000;"2020-06-23"
16741;"energy";"electricity";2400;2590;"2020-01-30";"2020-06-01";"";"";"";"Hannover";"indelivery";1002;"2020-05-26"
16742;"energy";"electricity";2200;2148;"2019-11-23";"2019-12-01";"";"";"";"Cologne";"indelivery";1000;"2020-03-23"
16743;"energy";"electricity";2300;2427;"2018-05-30";"2019-03-01";"";"";"";"Lübeck";"indelivery";1002;"2019-11-30"
16744;"energy";"electricity";2600;2627;"2018-03-13";"2018-05-01";"";"";"";"Stuttgart";"indelivery";1001;"2020-07-04"
16745;"energy";"electricity";2700;2783;"2019-03-23";"2019-09-01";"2019-09-01";"2020-01-29";"Wiederruf";"Leipzig";"terminated";1001;"2020-01-29"
16746;"energy";"electricity";2400;2462;"2019-02-27";"2019-03-01";"";"";"";"Marienberg";"indelivery";1001;"2019-05-13"
16747;"energy";"gas";11500;11786;"2019-04-24";"2019-06-01";"";"";"";"Flensburg";"indelivery";2000;"2020-05-05"
16748;"energy";"electricity";2700;2880;"2020-07-24";"2020-08-01";"";"";"";"Berlin";"indelivery";1002;"2020-09-07"
16749;"energy";"electricity";2800;2772;"2019-06-17";"2020-01-01";"";"";"";"Magdeburg";"indelivery";1002;"2019-10-14"
16750;"energy";"electricity";2500;2667;"2020-08-02";"2021-05-01";"";"";"";"Berlin";"active";1002;"2020-08-09"
16751;"energy";"electricity";2100;2186;"2020-09-18";"2021-01-01";"";"";"";"Aalen";"active";1002;"2020-09-19"
16752;"energy";"gas";8300;8531;"2020-05-04";"2020-07-01";"";"";"";"Mannheim";"indelivery";2001;"2020-09-04"
16753;"energy";"electricity";2000;1975;"2018-01-19";"2018-05-01";"2018-11-30";"2018-10-31";"fristgerecht durch Kunde";"Düsseldorf";"terminated";1001;"2018-08-02"
16754;"energy";"electricity";1900;1942;"2018-05-26";"2018-07-01";"";"";"";"Munich";"indelivery";1001;"2020-07-03"
16755;"energy";"electricity";2400;"";"2019-08-13";"2019-12-01";"";"";"";"Flensburg";"indelivery";1000;"2020-09-13"
16756;"energy";"electricity";2500;2615;"2019-07-17";"2019-11-01";"";"";"";"Munich";"indelivery";1000;"2019-07-24"
16757;"energy";"electricity";2800;"";"2019-03-06";"2019-06-01";"2019-10-31";"2019-10-01";"fristgerecht durch Kunde";"Bremen";"terminated";1001;"2019-10-01"
16758;"energy";"gas";10200;"";"2018-11-01";"2019-01-01";"";"";"";"Hamburg";"indelivery";2000;"2020-08-14"
16759;"energy";"electricity";2800;2667;"2018-07-03";"2018-10-01";"2018-10-01";"2019-01-31";"Wiederruf";"Berlin";"terminated";1001;"2018-09-22"
16760;"energy";"electricity";2600;"";"2019-08-29";"2019-10-01";"";"";"";"Bremen";"indelivery";1002;"2020-02-06"
16761;"energy";"electricity";3000;"";"2018-12-21";"2019-02-01";"";"";"";"Berlin";"indelivery";1000;"2020-04-27"
16762;"energy";"electricity";2800;2983;"2020-03-23";"2020-08-01";"";"";"";"Hannover";"indelivery";1002;"2020-04-12"
16763;"energy";"electricity";2600;2727;"2019-09-02";"2020-07-01";"";"";"";"Schwerin";"indelivery";1000;"2020-09-29"
16764;"energy";"electricity";2900;2883;"2019-07-09";"2019-08-01";"";"";"";"Leipzig";"indelivery";1002;"2019-07-22"
16765;"energy";"electricity";2500;2368;"2020-06-09";"2021-01-01";"";"";"";"Berlin";"active";1002;"2020-07-02"
16766;"energy";"electricity";2600;2767;"2019-11-20";"2019-12-01";"";"";"";"Berlin";"indelivery";1001;"2019-11-25"
16767;"energy";"gas";10600;10608;"2019-01-16";"2019-02-01";"";"";"";"Bremen";"indelivery";2001;"2019-10-18"
16768;"energy";"electricity";2100;2300;"2020-03-06";"2020-08-01";"";"";"";"Berlin";"indelivery";1001;"2020-04-05"
16769;"energy";"electricity";2100;2065;"2019-06-12";"2019-08-01";"";"";"";"Leipzig";"indelivery";1002;"2019-07-16"
16770;"energy";"electricity";2700;2656;"2020-09-20";"2020-10-01";"";"";"";"Gießen";"indelivery";1002;"2020-09-20"
16771;"energy";"electricity";2500;2428;"2019-09-15";"2020-08-01";"";"";"";"Berlin";"indelivery";1001;"2020-01-19"
16772;"energy";"electricity";2100;2163;"2020-04-07";"2020-06-01";"2020-06-01";"2020-11-01";"Wiederruf";"Bremen";"terminated";1001;"2020-08-27"
16773;"energy";"electricity";2100;2169;"2020-04-09";"2020-11-01";"";"";"";"Marienberg";"active";1001;"2020-05-18"
16774;"energy";"electricity";2500;2719;"2018-10-23";"2018-12-01";"2018-12-01";"2019-01-30";"Wiederruf";"Bonn";"terminated";1002;"2019-01-30"
16775;"energy";"electricity";2500;2574;"2018-08-15";"2019-02-01";"";"";"";"Hannover";"indelivery";1000;"2019-03-06"
16776;"energy";"electricity";2800;2669;"2020-09-13";"2020-12-01";"";"";"";"Pfarrkirchen";"active";1002;"2020-09-25"
16777;"energy";"electricity";3000;2910;"2020-03-08";"2020-09-01";"";"";"";"Marienberg";"indelivery";1000;"2020-04-20"
16778;"energy";"electricity";2500;2479;"2019-02-12";"2019-12-01";"2020-02-29";"2020-01-29";"fristgerecht durch Kunde";"Marienberg";"terminated";1002;"2019-06-08"
16779;"energy";"electricity";2300;2234;"2019-05-18";"2019-11-01";"";"";"";"Berlin";"indelivery";1000;"2020-01-26"
16780;"energy";"electricity";2900;2971;"2018-07-21";"2018-12-01";"";"";"";"Cologne";"indelivery";1001;"2020-06-07"
16781;"energy";"gas";10700;10665;"2018-11-25";"2019-01-01";"2019-01-01";"2019-09-29";"Wiederruf";"Hamburg";"terminated";2001;"2019-09-29"
16782;"energy";"electricity";2600;2531;"2020-01-23";"2020-03-01";"";"";"";"Augsburg";"indelivery";1002;"2020-04-28"
16783;"energy";"electricity";2500;2474;"2019-08-12";"2020-04-01";"";"";"";"Hamburg";"indelivery";1002;"2020-09-27"
16784;"energy";"electricity";1900;2043;"2018-02-22";"2018-06-01";"";"";"";"Hamburg";"indelivery";1002;"2019-01-08"
16785;"energy";"electricity";2600;2647;"2018-12-01";"2019-06-01";"2019-11-30";"2019-11-01";"Umzug";"Leipzig";"terminated";1002;"2019-02-15"
16786;"energy";"electricity";2500;2479;"2019-05-12";"2019-07-01";"2019-09-30";"2019-08-22";"Umzug";"Altchemnitz";"terminated";1000;"2019-08-22"
16787;"energy";"electricity";2300;2189;"2018-02-20";"2018-04-01";"";"";"";"Frankfurt";"indelivery";1000;"2018-12-08"
16788;"energy";"electricity";2000;2100;"2018-04-08";"2018-09-01";"";"";"";"Berlin";"indelivery";1001;"2018-12-19"
16789;"energy";"electricity";2500;2580;"2018-03-24";"2018-11-01";"";"";"";"Osnabrück";"indelivery";1002;"2020-06-05"
16790;"energy";"electricity";2600;"";"2019-10-01";"2019-11-01";"";"";"";"Berlin";"indelivery";1001;"2019-10-10"
16791;"energy";"electricity";2500;2458;"2019-03-31";"2020-01-01";"";"";"";"Berlin";"indelivery";1002;"2019-08-17"
16792;"energy";"electricity";2500;2620;"2019-04-26";"2019-09-01";"";"";"";"Essen";"indelivery";1001;"2020-07-28"
16793;"energy";"electricity";2500;2625;"2018-03-05";"2018-05-01";"2018-12-31";"2018-12-02";"fristgerecht durch LichtBlick";"Stuttgart";"terminated";1001;"2018-07-15"
16794;"energy";"electricity";2100;"";"2019-10-06";"2020-04-01";"";"";"";"Oldenburg";"indelivery";1002;"2020-03-25"
16795;"energy";"electricity";2300;2288;"2018-07-14";"2018-08-01";"";"";"";"Munich";"indelivery";1001;"2018-11-07"
16796;"energy";"electricity";2400;2340;"2018-09-07";"2018-11-01";"2019-12-31";"2019-12-02";"Umzug";"Karlsruhe";"terminated";1002;"2019-12-02"
16797;"energy";"electricity";2600;"";"2020-01-15";"2020-04-01";"";"";"";"Berlin";"indelivery";1001;"2020-03-22"
16798;"energy";"electricity";2500;2560;"2020-08-05";"2020-12-01";"";"";"";"Berlin";"active";1000;"2020-08-22"
16799;"energy";"electricity";2700;2917;"2020-02-01";"2020-11-01";"";"";"";"Wiesbaden";"active";1002;"2020-09-11"
16800;"energy";"electricity";2600;2443;"2019-06-25";"2019-08-01";"2020-09-30";"2020-09-02";"Umzug";"Hamburg";"terminated";1000;"2020-02-03"
16801;"energy";"electricity";2000;2173;"2019-10-04";"2019-11-01";"";"";"";"Münster";"indelivery";1001;"2020-06-02"
16802;"energy";"electricity";2000;1930;"2020-03-21";"2020-05-01";"";"";"";"Duisburg";"indelivery";1001;"2020-08-09"
16803;"energy";"electricity";2700;2574;"2020-03-30";"2020-08-01";"";"";"";"Bremerhaven";"indelivery";1002;"2020-05-31"
16804;"energy";"electricity";2700;"";"2018-05-31";"2018-07-01";"";"";"";"Berlin";"indelivery";1001;"2019-05-22"
16805;"energy";"electricity";2500;2581;"2018-11-26";"2018-12-01";"";"";"";"Koblenz";"indelivery";1002;"2020-07-05"
16806;"energy";"electricity";2700;2715;"2018-11-01";"2018-12-01";"";"";"";"Bonn";"indelivery";1002;"2019-06-17"
16807;"energy";"gas";8700;8590;"2020-05-06";"2021-01-01";"";"";"";"Munich";"active";2001;"2020-07-22"
16808;"energy";"electricity";2400;2374;"2019-06-14";"2019-07-01";"2019-07-01";"2020-10-31";"Wiederruf";"Mainz";"terminated";1000;"2019-08-21"
16809;"energy";"gas";10100;10745;"2018-05-28";"2018-10-01";"2019-03-31";"2019-03-03";"Umzug";"Pforzheim";"terminated";2001;"2019-03-03"
16810;"energy";"electricity";3000;2933;"2020-01-28";"2020-03-01";"";"";"";"Leipzig";"indelivery";1000;"2020-05-30"
16811;"energy";"electricity";2400;2261;"2018-12-23";"2019-03-01";"";"";"";"Berlin";"indelivery";1002;"2019-08-13"
16812;"energy";"electricity";2500;2577;"2020-02-16";"2020-09-01";"";"";"";"Düsseldorf";"indelivery";1001;"2020-02-22"
16813;"energy";"electricity";2900;2969;"2019-06-08";"2019-10-01";"";"";"";"Cologne";"indelivery";1000;"2020-04-10"
16814;"energy";"electricity";2400;2462;"2020-09-18";"2020-11-01";"";"";"";"Hannover";"active";1001;"2020-09-23"
16815;"energy";"electricity";2900;2812;"2020-09-14";"2020-10-01";"";"";"";"Hannover";"indelivery";1000;"2020-09-28"
16816;"energy";"electricity";2300;2459;"2020-03-10";"2020-11-01";"";"";"";"Erfurt";"active";1000;"2020-09-29"
16817;"energy";"gas";10900;11722;"2018-03-28";"2018-04-01";"";"";"";"Emden";"indelivery";2001;"2019-05-13"
16818;"energy";"gas";8600;9197;"2019-10-20";"2019-12-01";"";"";"";"Munich";"indelivery";2000;"2019-12-13"
16819;"energy";"electricity";2700;2886;"2019-06-28";"2020-03-01";"";"";"";"Bremen";"indelivery";1000;"2019-11-24"
16820;"energy";"electricity";2100;2245;"2020-01-24";"2020-03-01";"";"";"";"Marienberg";"indelivery";1001;"2020-03-14"
16821;"energy";"electricity";2200;2198;"2019-01-20";"2020-01-01";"";"";"";"Düsseldorf";"indelivery";1002;"2020-01-07"
16822;"energy";"electricity";2500;2518;"2019-09-15";"2019-11-01";"";"";"";"Düsseldorf";"indelivery";1002;"2020-06-28"
16823;"energy";"electricity";2000;1925;"2019-08-15";"2020-01-01";"";"";"";"Hamburg";"indelivery";1001;"2020-03-24"
16824;"energy";"electricity";2100;2093;"2019-08-24";"2019-10-01";"2019-11-30";"2019-10-30";"fristgerecht durch LichtBlick";"Hannover";"terminated";1002;"2019-10-30"
16825;"energy";"electricity";2700;2800;"2019-09-14";"2019-11-01";"2020-08-31";"2020-07-28";"fristgerecht durch Kunde";"Altchemnitz";"terminated";1000;"2020-03-08"
16826;"energy";"electricity";2400;2296;"2020-07-23";"2020-10-01";"";"";"";"Wuppertal";"indelivery";1001;"2020-08-01"
16827;"energy";"electricity";2600;2499;"2019-01-29";"2019-03-01";"";"";"";"Cologne";"indelivery";1002;"2020-03-01"
16828;"energy";"electricity";2400;2529;"2018-08-10";"2019-06-01";"";"";"";"Braunschweig";"indelivery";1002;"2018-08-29"
16829;"energy";"electricity";2000;2028;"2018-12-14";"2019-03-01";"";"";"";"Berlin";"indelivery";1001;"2019-10-01"
16830;"energy";"electricity";2000;2052;"2018-08-14";"2018-11-01";"2018-11-01";"2020-08-29";"Wiederruf";"Berlin";"terminated";1002;"2020-07-16"
16831;"energy";"electricity";2200;"";"2018-11-18";"2019-01-01";"";"";"";"Munich";"indelivery";1000;"2018-12-04"
16832;"energy";"electricity";2100;2129;"2018-05-14";"2018-09-01";"";"";"";"Berlin";"indelivery";1000;"2019-01-03"
16833;"energy";"electricity";2900;2843;"2019-05-21";"2019-12-01";"";"";"";"Hannover";"indelivery";1000;"2020-04-02"
16834;"energy";"electricity";2200;2201;"2019-09-25";"2019-12-01";"2020-01-31";"2020-01-02";"fristgerecht durch LichtBlick";"Düren";"terminated";1001;"2019-10-18"
16835;"energy";"gas";11000;11044;"2020-02-03";"2020-08-01";"";"";"";"Hamburg";"indelivery";2000;"2020-05-13"
16836;"energy";"electricity";2600;2611;"2018-07-23";"2018-08-01";"2018-08-01";"2019-06-26";"Wiederruf";"Essen";"terminated";1000;"2019-06-08"
16837;"energy";"electricity";2100;2291;"2018-03-06";"2018-05-01";"2018-08-31";"2018-07-30";"Umzug";"Münster";"terminated";1002;"2018-07-30"
16838;"energy";"electricity";2700;2778;"2018-10-17";"2019-02-01";"";"";"";"Leipzig";"indelivery";1002;"2019-12-15"
16839;"energy";"electricity";2400;2603;"2018-08-06";"2018-09-01";"";"";"";"Stuttgart";"indelivery";1002;"2018-08-13"
16840;"energy";"electricity";2600;2806;"2019-03-23";"2020-01-01";"";"";"";"Wuppertal";"indelivery";1001;"2020-06-06"
16841;"energy";"electricity";2900;3054;"2018-06-04";"2018-08-01";"2019-09-30";"2019-09-02";"Umzug";"Kiel";"terminated";1002;"2018-10-12"
16842;"energy";"gas";11100;11278;"2018-04-25";"2018-11-01";"2020-03-31";"2020-02-27";"Umzug";"Stuttgart";"terminated";2000;"2018-07-25"
16843;"energy";"electricity";2400;2381;"2018-07-11";"2018-09-01";"";"";"";"Berlin";"indelivery";1002;"2020-06-29"
16844;"energy";"gas";10100;9747;"2018-02-11";"2018-03-01";"";"";"";"Munich";"indelivery";2000;"2019-03-14"
16845;"energy";"electricity";2500;"";"2018-05-08";"2018-08-01";"";"";"";"Munich";"indelivery";1001;"2019-08-01"
16846;"energy";"electricity";2500;2470;"2019-05-05";"2019-06-01";"";"";"";"Dresden";"indelivery";1000;"2019-10-02"
16847;"energy";"electricity";2400;"";"2018-08-10";"2018-12-01";"2019-07-31";"2019-07-01";"fristgerecht durch Kunde";"Leipzig";"terminated";1001;"2019-07-01"
16848;"energy";"electricity";2200;"";"2020-05-09";"2020-07-01";"";"";"";"Essen";"indelivery";1002;"2020-09-20"
16849;"energy";"electricity";2200;2295;"2018-12-23";"2019-10-01";"2020-10-31";"2020-10-02";"Umzug";"Wiesbaden";"cancelled";1000;"2019-07-09"
16850;"energy";"electricity";2700;2642;"2018-07-15";"2018-12-01";"";"";"";"Göttingen";"indelivery";1001;"2020-01-13"
16851;"energy";"electricity";2600;2592;"2018-03-30";"2018-04-01";"2018-10-31";"2018-09-30";"fristgerecht durch Kunde";"Gummersbach";"terminated";1000;"2018-09-30"
16852;"energy";"electricity";2600;2808;"2020-01-31";"2020-06-01";"";"";"";"Hamburg";"indelivery";1002;"2020-07-25"
16853;"energy";"electricity";2600;2711;"2020-07-05";"2020-10-01";"";"";"";"Leipzig";"indelivery";1001;"2020-08-19"
16854;"energy";"electricity";3000;2866;"2019-03-09";"2020-08-01";"";"";"";"Haßfurt";"indelivery";1002;"2019-12-26"
16855;"energy";"electricity";2800;2942;"2018-12-23";"2019-04-01";"2019-05-31";"2019-05-02";"fristgerecht durch Kunde";"Munich";"terminated";1000;"2019-05-02"
16856;"energy";"electricity";2300;"";"2019-12-07";"2020-07-01";"";"";"";"Münster";"indelivery";1001;"2020-01-16"
16857;"energy";"electricity";2800;2863;"2019-03-28";"2019-06-01";"";"";"";"Osnabrück";"indelivery";1001;"2020-05-24"
16858;"energy";"electricity";2700;2633;"2018-05-27";"2018-10-01";"";"";"";"Augsburg";"indelivery";1002;"2019-12-03"
16859;"energy";"electricity";2500;2502;"2019-01-26";"2019-06-01";"2020-11-30";"2020-11-02";"fristgerecht durch Kunde";"Rathenow";"cancelled";1001;"2019-02-21"
16860;"energy";"electricity";2500;2461;"2019-06-13";"2019-07-01";"";"";"";"Kassel";"indelivery";1000;"2019-07-16"
16861;"energy";"electricity";2200;"";"2018-09-04";"2019-01-01";"2019-09-30";"2019-08-31";"fristgerecht durch LichtBlick";"Gießen";"terminated";1002;"2019-08-31"
16862;"energy";"electricity";2100;2101;"2020-07-31";"2021-05-01";"";"";"";"Dortmund";"active";1000;"2020-08-24"
16863;"energy";"electricity";2400;2287;"2020-04-29";"2020-09-01";"";"";"";"Mannheim";"indelivery";1002;"2020-09-18"
16864;"energy";"electricity";2900;"";"2020-03-26";"2020-06-01";"";"";"";"Cologne";"indelivery";1000;"2020-04-14"
16865;"energy";"electricity";2800;2767;"2018-02-18";"2018-03-01";"";"";"";"Munich";"indelivery";1000;"2019-04-09"
16866;"energy";"electricity";2600;2804;"2019-08-23";"2020-02-01";"";"";"";"Marienberg";"indelivery";1002;"2019-09-18"
16867;"energy";"electricity";2600;2671;"2020-02-22";"2020-05-01";"";"";"";"Berlin";"indelivery";1002;"2020-03-15"
16868;"energy";"electricity";3000;3056;"2018-07-14";"2018-09-01";"2019-02-28";"2019-01-31";"fristgerecht durch Kunde";"Dresden";"terminated";1000;"2019-01-31"
16869;"energy";"gas";11100;11096;"2018-08-11";"2018-10-01";"2018-11-30";"2018-10-31";"Umzug";"Duisburg";"terminated";2000;"2018-10-31"
16870;"energy";"electricity";2100;2054;"2019-05-14";"2019-12-01";"";"";"";"Berlin";"indelivery";1001;"2019-10-22"
16871;"energy";"gas";10200;9865;"2020-08-16";"2020-09-01";"";"";"";"Altchemnitz";"indelivery";2000;"2020-08-28"
16872;"energy";"electricity";2200;2254;"2018-03-03";"2018-07-01";"";"";"";"Munich";"indelivery";1001;"2018-10-01"
16873;"energy";"electricity";2300;2341;"2020-07-23";"2020-09-01";"";"";"";"Altchemnitz";"indelivery";1001;"2020-09-15"
16874;"energy";"electricity";3000;3022;"2018-07-30";"2019-02-01";"2020-04-30";"2020-04-01";"fristgerecht durch Kunde";"Essen";"terminated";1002;"2019-02-21"
16875;"energy";"electricity";2900;3007;"2018-07-09";"2018-09-01";"";"";"";"Bonn";"indelivery";1000;"2018-08-19"
16876;"energy";"electricity";2700;2695;"2019-09-16";"2019-11-01";"";"";"";"Dresden";"indelivery";1001;"2019-09-18"
16877;"energy";"electricity";2800;"";"2018-07-19";"2018-09-01";"";"";"";"Baden-Baden";"indelivery";1001;"2018-12-14"
16878;"energy";"electricity";2600;2525;"2020-03-06";"2020-09-01";"";"";"";"Stuttgart";"indelivery";1001;"2020-05-28"
16879;"energy";"electricity";2400;2407;"2018-09-04";"2018-10-01";"2018-10-01";"2019-11-30";"Wiederruf";"Oldenburg";"terminated";1000;"2019-07-02"
16880;"energy";"electricity";2000;2101;"2018-08-24";"2018-09-01";"";"";"";"Stuttgart";"indelivery";1002;"2018-10-13"
16881;"energy";"electricity";2500;2600;"2020-05-19";"2020-08-01";"";"";"";"Oldenburg";"indelivery";1001;"2020-08-31"
16882;"energy";"electricity";2600;2705;"2020-05-04";"2020-10-01";"";"";"";"Rosenheim";"indelivery";1000;"2020-09-02"
16883;"energy";"electricity";2600;2753;"2018-06-30";"2019-03-01";"";"";"";"Berlin";"indelivery";1001;"2019-05-13"
16884;"energy";"electricity";2200;2138;"2018-08-03";"2018-10-01";"";"";"";"Bonn";"indelivery";1000;"2018-08-09"
16885;"energy";"gas";9500;9258;"2019-05-06";"2019-10-01";"";"";"";"Dortmund";"indelivery";2001;"2020-08-10"
16886;"energy";"electricity";2400;2397;"2018-11-21";"2019-02-01";"";"";"";"Düsseldorf";"indelivery";1000;"2019-07-04"
16887;"energy";"electricity";1900;2007;"2019-05-30";"2019-12-01";"";"";"";"Berlin";"indelivery";1002;"2019-12-22"
16888;"energy";"electricity";2600;2761;"2018-09-04";"2018-11-01";"2018-11-01";"2019-05-02";"Wiederruf";"Cologne";"terminated";1000;"2019-05-02"
16889;"energy";"electricity";2900;2905;"2018-12-01";"2019-09-01";"2020-08-31";"2020-08-01";"fristgerecht durch LichtBlick";"Bremen";"terminated";1001;"2020-01-25"
16890;"energy";"electricity";2700;2535;"2018-02-06";"2018-03-01";"";"";"";"Munich";"indelivery";1001;"2020-03-07"
16891;"energy";"electricity";2100;2037;"2018-05-29";"2018-06-01";"";"";"";"Hamburg";"indelivery";1001;"2020-02-13"
16892;"energy";"electricity";2300;2200;"2019-06-11";"2020-05-01";"";"";"";"Braunschweig";"indelivery";1002;"2020-05-19"
16893;"energy";"electricity";2800;2710;"2019-11-04";"2020-06-01";"";"";"";"Dortmund";"indelivery";1001;"2020-09-03"
16894;"energy";"gas";10200;10689;"2018-05-14";"2018-06-01";"";"";"";"Hamburg";"indelivery";2000;"2020-05-23"
16895;"energy";"electricity";2600;2682;"2018-03-18";"2018-08-01";"2018-08-01";"2020-07-01";"Wiederruf";"Berlin";"terminated";1001;"2019-08-31"
16896;"energy";"electricity";2800;2976;"2018-03-30";"2018-10-01";"2020-08-31";"2020-08-02";"Umzug";"Dortmund";"terminated";1002;"2019-04-02"
16897;"energy";"electricity";2800;2677;"2019-08-24";"2020-04-01";"";"";"";"Berlin";"indelivery";1001;"2020-02-20"
16898;"energy";"electricity";2300;2493;"2018-07-22";"2019-07-01";"";"";"";"Berlin";"indelivery";1001;"2019-07-06"
16899;"energy";"electricity";2500;2640;"2018-12-25";"2019-07-01";"2019-07-01";"2020-10-29";"Wiederruf";"Jena";"terminated";1000;"2020-09-25"
16900;"energy";"electricity";2100;2138;"2018-11-30";"2019-02-01";"";"";"";"Berlin";"indelivery";1000;"2020-07-20"
16901;"energy";"gas";10400;10524;"2018-11-03";"2019-03-01";"2020-08-31";"2020-07-28";"fristgerecht durch LichtBlick";"Berlin";"terminated";2000;"2018-11-17"
16902;"energy";"electricity";2400;2527;"2018-06-05";"2018-08-01";"";"";"";"Rostock";"indelivery";1000;"2020-06-27"
16903;"energy";"gas";10100;9726;"2018-08-02";"2018-11-01";"";"";"";"Osnabrück";"indelivery";2000;"2020-04-04"
16904;"energy";"electricity";2700;2735;"2020-08-02";"2021-03-01";"";"";"";"Cologne";"active";1002;"2020-09-30"
16905;"energy";"electricity";2600;2647;"2020-05-09";"2021-05-01";"";"";"";"Hamburg";"active";1002;"2020-06-06"
16906;"energy";"electricity";2800;2807;"2019-06-01";"2019-11-01";"";"";"";"Bielefeld";"indelivery";1001;"2020-02-10"
16907;"energy";"electricity";2300;2374;"2020-08-07";"2021-02-01";"";"";"";"Berlin";"active";1001;"2020-08-20"
16908;"energy";"electricity";2600;2752;"2020-05-26";"2020-11-01";"";"";"";"Berlin";"active";1002;"2020-09-08"
16909;"energy";"electricity";2800;2904;"2019-09-10";"2020-03-01";"";"";"";"Dresden";"indelivery";1002;"2019-11-25"
16910;"energy";"electricity";2800;"";"2019-06-23";"2019-11-01";"";"";"";"Magdeburg";"indelivery";1002;"2020-02-22"
16911;"energy";"electricity";2800;3048;"2019-03-08";"2019-08-01";"2020-08-31";"2020-08-03";"fristgerecht durch LichtBlick";"Fürth";"terminated";1001;"2019-04-12"
16912;"energy";"electricity";2200;2291;"2019-12-06";"2020-02-01";"";"";"";"Dresden";"indelivery";1002;"2020-01-21"
16913;"energy";"electricity";2400;2510;"2019-01-01";"2019-06-01";"";"";"";"Kempten";"indelivery";1001;"2019-05-24"
16914;"energy";"gas";11800;11615;"2020-02-03";"2020-06-01";"";"";"";"Hannover";"indelivery";2000;"2020-06-26"
16915;"energy";"electricity";2700;2606;"2020-09-29";"2021-03-01";"";"";"";"Cologne";"active";1001;"2020-09-30"
16916;"energy";"electricity";2200;"";"2020-06-20";"2020-09-01";"";"";"";"Marienberg";"indelivery";1001;"2020-07-05"
16917;"energy";"electricity";2000;1977;"2018-08-08";"2018-11-01";"";"";"";"Munich";"indelivery";1001;"2019-04-28"
16918;"energy";"electricity";3000;3131;"2019-10-17";"2019-12-01";"";"";"";"Meißen";"indelivery";1002;"2020-05-17"
16919;"energy";"electricity";2000;1971;"2019-09-06";"2020-02-01";"";"";"";"Dresden";"indelivery";1001;"2019-09-24"
16920;"energy";"electricity";2800;2662;"2020-06-02";"2020-12-01";"";"";"";"Mannheim";"active";1002;"2020-09-03"
16921;"energy";"electricity";2300;2288;"2020-02-21";"2020-04-01";"";"";"";"Wiesbaden";"indelivery";1002;"2020-04-21"
16922;"energy";"electricity";2200;2137;"2020-01-25";"2020-03-01";"";"";"";"Leipzig";"indelivery";1001;"2020-03-16"
16923;"energy";"electricity";2200;2257;"2018-02-26";"2018-05-01";"";"";"";"Hamburg";"indelivery";1000;"2019-03-05"
16924;"energy";"electricity";2600;2458;"2020-04-26";"2020-11-01";"";"";"";"Stuttgart";"active";1002;"2020-06-27"
16925;"energy";"electricity";2000;"";"2020-06-21";"2020-08-01";"";"";"";"Berlin";"indelivery";1000;"2020-09-15"
16926;"energy";"electricity";2100;2080;"2018-04-20";"2018-05-01";"";"";"";"Mannheim";"indelivery";1001;"2018-09-20"
16927;"energy";"gas";9000;9460;"2019-03-27";"2019-04-01";"";"";"";"Hamburg";"indelivery";2001;"2019-05-27"
16928;"energy";"electricity";2000;2088;"2018-12-20";"2019-01-01";"2020-02-29";"2020-02-01";"fristgerecht durch LichtBlick";"Cologne";"terminated";1002;"2019-11-07"
16929;"energy";"electricity";2400;2480;"2018-05-29";"2018-07-01";"";"";"";"Cottbus";"indelivery";1001;"2020-07-07"
16930;"energy";"electricity";2200;2185;"2018-09-01";"2018-10-01";"";"";"";"Erfurt";"indelivery";1000;"2019-11-11"
16931;"energy";"electricity";2900;2756;"2019-01-02";"2019-06-01";"";"";"";"Coburg";"indelivery";1000;"2020-05-09"
16932;"energy";"gas";10100;9880;"2019-09-23";"2019-11-01";"2019-11-01";"2020-09-28";"Wiederruf";"Hamburg";"terminated";2001;"2020-09-12"
16933;"energy";"electricity";2500;2473;"2019-07-28";"2019-10-01";"";"";"";"Düsseldorf";"indelivery";1001;"2019-09-12"
16934;"energy";"electricity";2300;2450;"2020-09-10";"2020-10-01";"";"";"";"Marienberg";"indelivery";1000;"2020-09-17"
16935;"energy";"electricity";2400;2505;"2020-06-14";"2020-11-01";"";"";"";"Heidelberg";"active";1002;"2020-07-28"
16936;"energy";"electricity";2300;2495;"2019-08-04";"2020-01-01";"";"";"";"Bonn";"indelivery";1001;"2020-08-26"
16937;"energy";"gas";11300;11531;"2020-07-24";"2020-09-01";"";"";"";"Frankfurt";"indelivery";2000;"2020-08-23"
16938;"energy";"electricity";2600;2543;"2020-08-03";"2021-03-01";"";"";"";"Jena";"active";1000;"2020-08-10"
16939;"energy";"electricity";2400;2573;"2018-05-25";"2018-07-01";"";"";"";"Bonn";"indelivery";1000;"2018-09-25"
16940;"energy";"electricity";2200;2311;"2018-07-11";"2019-02-01";"";"";"";"Flensburg";"indelivery";1002;"2019-04-08"
16941;"energy";"electricity";2800;2755;"2018-11-03";"2019-07-01";"";"";"";"Berlin";"indelivery";1002;"2019-02-24"
16942;"energy";"electricity";2600;2744;"2019-03-29";"2019-05-01";"";"";"";"Leipzig";"indelivery";1002;"2020-03-25"
16943;"energy";"gas";8800;8803;"2019-09-11";"2019-11-01";"";"";"";"Berlin";"indelivery";2001;"2020-08-09"
16944;"energy";"electricity";2800;2976;"2018-10-18";"2019-02-01";"2019-08-31";"2019-08-01";"fristgerecht durch LichtBlick";"Göttingen";"terminated";1001;"2019-06-22"
16945;"energy";"gas";10200;10606;"2019-10-18";"2020-01-01";"";"";"";"Dortmund";"indelivery";2000;"2020-07-01"
16946;"energy";"electricity";2700;2912;"2019-02-15";"2019-03-01";"";"";"";"Duisburg";"indelivery";1000;"2019-06-24"
16947;"energy";"electricity";2400;"";"2019-11-26";"2020-01-01";"";"";"";"Berlin";"indelivery";1002;"2019-12-25"
16948;"energy";"gas";8500;8481;"2019-11-14";"2020-01-01";"";"";"";"Dortmund";"indelivery";2001;"2020-05-19"
16949;"energy";"electricity";2700;2872;"2019-04-26";"2019-09-01";"2020-03-31";"2020-03-03";"fristgerecht durch LichtBlick";"Hamburg";"terminated";1000;"2019-05-05"
16950;"energy";"electricity";2500;"";"2019-10-17";"2020-03-01";"";"";"";"Schleswig";"indelivery";1002;"2020-09-12"
16951;"energy";"electricity";2600;2567;"2019-08-09";"2019-10-01";"";"";"";"Berlin";"indelivery";1000;"2020-04-15"
16952;"energy";"gas";10200;10477;"2019-11-28";"2020-08-01";"2020-10-31";"2020-10-03";"Umzug";"Hamburg";"cancelled";2001;"2020-04-14"
16953;"energy";"electricity";2200;2095;"2020-06-29";"2020-08-01";"";"";"";"Berlin";"indelivery";1002;"2020-08-28"
16954;"energy";"electricity";2500;2439;"2019-03-08";"2019-07-01";"";"";"";"Munich";"indelivery";1002;"2020-03-21"
16955;"energy";"electricity";2500;2435;"2018-04-18";"2018-05-01";"2018-05-01";"2020-09-01";"Wiederruf";"Rosenheim";"terminated";1001;"2020-09-01"
16956;"energy";"electricity";2500;2498;"2019-10-26";"2020-01-01";"2020-01-01";"2020-08-31";"Wiederruf";"Hamburg";"terminated";1001;"2020-08-03"
16957;"energy";"electricity";2400;2455;"2018-05-30";"2018-11-01";"2020-09-30";"2020-09-02";"fristgerecht durch Kunde";"Berlin";"terminated";1002;"2018-07-19"
16958;"energy";"gas";10200;11009;"2019-12-29";"2020-04-01";"2020-08-31";"2020-08-02";"Umzug";"Koblenz";"terminated";2000;"2020-05-23"
16959;"energy";"gas";10700;10877;"2020-06-19";"2020-08-01";"";"";"";"Frankfurt";"indelivery";2000;"2020-08-19"
16960;"energy";"gas";11700;"";"2018-12-02";"2020-02-01";"";"";"";"Braunschweig";"indelivery";2001;"2019-01-10"
16961;"energy";"gas";10700;10158;"2018-01-12";"2018-02-01";"";"";"";"Dresden";"indelivery";2001;"2019-08-23"
16962;"energy";"electricity";2300;2352;"2018-03-31";"2018-11-01";"";"";"";"Berlin";"indelivery";1000;"2019-12-22"
16963;"energy";"electricity";2000;2016;"2020-07-04";"2021-05-01";"";"";"";"Würzburg";"active";1000;"2020-07-09"
16964;"energy";"electricity";2300;2212;"2018-09-21";"2018-11-01";"";"";"";"Saarbrücken";"indelivery";1002;"2020-09-08"
16965;"energy";"electricity";2600;2589;"2020-06-04";"2020-10-01";"";"";"";"Berlin";"indelivery";1000;"2020-07-14"
16966;"energy";"electricity";2200;2069;"2018-12-11";"2019-07-01";"";"";"";"Leipzig";"indelivery";1002;"2019-04-14"
16967;"energy";"gas";9300;9330;"2020-08-24";"2020-09-01";"";"";"";"Dresden";"indelivery";2000;"2020-09-11"
16968;"energy";"electricity";2700;2713;"2018-06-08";"2019-05-01";"";"";"";"Bremerhaven";"indelivery";1001;"2018-08-26"
16969;"energy";"electricity";2800;2645;"2019-07-07";"2019-08-01";"";"";"";"Marienberg";"indelivery";1000;"2020-08-16"
16970;"energy";"electricity";2600;2566;"2019-06-15";"2019-12-01";"";"";"";"Bremen";"indelivery";1001;"2019-10-06"
16971;"energy";"electricity";2300;2400;"2019-01-06";"2019-10-01";"";"";"";"Hamburg";"indelivery";1002;"2020-06-26"
16972;"energy";"electricity";2300;2359;"2020-08-20";"2020-10-01";"";"";"";"Magdeburg";"indelivery";1000;"2020-09-12"
16973;"energy";"electricity";2600;2650;"2018-05-16";"2019-04-01";"";"";"";"Ingolstadt";"indelivery";1002;"2019-03-10"
16974;"energy";"electricity";2900;2987;"2019-11-25";"2020-04-01";"";"";"";"Kiel";"indelivery";1002;"2020-06-26"
16975;"energy";"electricity";2600;2514;"2020-04-29";"2020-07-01";"";"";"";"Berlin";"indelivery";1002;"2020-07-12"
16976;"energy";"gas";7900;7765;"2018-02-28";"2018-04-01";"";"";"";"Munich";"indelivery";2001;"2018-06-06"
16977;"energy";"electricity";2500;2560;"2019-08-08";"2019-09-01";"2019-09-01";"2020-08-01";"Wiederruf";"Wuppertal";"terminated";1000;"2019-12-29"
16978;"energy";"electricity";2900;2985;"2018-04-24";"2019-01-01";"";"";"";"Mannheim";"indelivery";1002;"2018-05-22"
16979;"energy";"gas";11000;10982;"2018-11-24";"2019-02-01";"";"";"";"Berlin";"indelivery";2001;"2020-08-20"
16980;"energy";"electricity";2400;2523;"2019-06-04";"2019-12-01";"";"";"";"Freiburg";"indelivery";1000;"2020-08-09"
16981;"energy";"electricity";2400;"";"2018-11-26";"2019-02-01";"";"";"";"Göttingen";"indelivery";1001;"2019-10-01"
16982;"energy";"gas";8500;8150;"2018-11-20";"2019-06-01";"";"";"";"Hamburg";"indelivery";2001;"2019-11-29"
16983;"energy";"electricity";2200;2068;"2018-10-07";"2019-03-01";"";"";"";"Karlsruhe";"indelivery";1002;"2019-07-26"
16984;"energy";"electricity";2100;2223;"2019-02-24";"2020-07-01";"";"";"";"Hamburg";"indelivery";1002;"2019-12-24"
16985;"energy";"electricity";2300;2356;"2020-06-28";"2020-08-01";"";"";"";"Bielefeld";"indelivery";1001;"2020-08-08"
16986;"energy";"electricity";2200;2136;"2018-08-22";"2018-10-01";"";"";"";"Augsburg";"indelivery";1000;"2018-12-25"
16987;"energy";"electricity";2700;2668;"2019-12-20";"2020-01-01";"2020-07-31";"2020-07-02";"Umzug";"Mannheim";"terminated";1002;"2020-05-03"
16988;"energy";"electricity";2800;2641;"2018-02-27";"2018-03-01";"";"";"";"Bremen";"indelivery";1001;"2018-07-28"
16989;"energy";"electricity";2500;2535;"2018-06-24";"2018-08-01";"";"";"";"Stuttgart";"indelivery";1002;"2019-05-19"
16990;"energy";"electricity";2900;"";"2019-09-17";"2019-11-01";"";"";"";"Berlin";"indelivery";1002;"2020-03-02"
16991;"energy";"electricity";2700;"";"2018-08-10";"2019-02-01";"2019-09-30";"2019-08-30";"Umzug";"Erfurt";"terminated";1002;"2019-08-30"
16992;"energy";"electricity";2200;2047;"2020-07-17";"2020-12-01";"";"";"";"Wuppertal";"active";1000;"2020-09-25"
16993;"energy";"gas";11300;11502;"2018-10-24";"2018-12-01";"2019-09-30";"2019-09-01";"Umzug";"Cologne";"terminated";2000;"2019-07-26"
16994;"energy";"electricity";2400;2396;"2020-05-24";"2021-11-01";"";"";"";"Leipzig";"active";1002;"2020-05-28"
16995;"energy";"electricity";2900;3105;"2020-02-04";"2020-04-01";"2020-10-31";"2020-10-03";"fristgerecht durch LichtBlick";"Wuppertal";"cancelled";1001;"2020-06-19"
16996;"energy";"electricity";2300;2365;"2018-03-21";"2018-06-01";"";"";"";"Munich";"indelivery";1002;"2020-04-19"
16997;"energy";"electricity";2100;2181;"2018-06-04";"2018-09-01";"";"";"";"Munich";"indelivery";1000;"2018-12-23"
16998;"energy";"gas";9900;"";"2019-11-26";"2020-02-01";"";"";"";"Mainz";"indelivery";2000;"2020-04-30"
16999;"energy";"electricity";2000;2107;"2020-09-09";"2021-07-01";"";"";"";"Kiel";"active";1002;"2020-09-19"
17000;"energy";"electricity";2100;2037;"2018-05-25";"2018-09-01";"";"";"";"Berlin";"indelivery";1000;"2019-10-20"
17001;"energy";"gas";11700;11337;"2019-07-18";"2020-03-01";"";"";"";"Duisburg";"indelivery";2000;"2019-08-14"
17002;"energy";"electricity";2200;2246;"2018-07-10";"2018-11-01";"2018-11-01";"2020-07-30";"Wiederruf";"Duisburg";"terminated";1000;"2019-10-21"
17003;"energy";"electricity";2400;2533;"2019-10-07";"2019-12-01";"";"";"";"Günzburg";"indelivery";1000;"2020-07-26"
17004;"energy";"electricity";2100;2002;"2018-03-14";"2018-05-01";"2018-06-30";"2018-05-28";"fristgerecht durch Kunde";"Frankfurt";"terminated";1000;"2018-05-28"
17005;"energy";"electricity";2700;2954;"2019-12-30";"2020-01-01";"";"";"";"Hameln";"indelivery";1002;"2020-03-08"
17006;"energy";"electricity";2400;2343;"2020-08-12";"2021-03-01";"";"";"";"Berlin";"active";1002;"2020-09-06"
17007;"energy";"electricity";2500;2367;"2018-03-06";"2018-04-01";"2018-12-31";"2018-12-01";"fristgerecht durch Kunde";"Stuttgart";"terminated";1001;"2018-12-01"
17008;"energy";"electricity";2800;2900;"2020-07-07";"2020-08-01";"2020-09-30";"2020-09-01";"Umzug";"Mainz";"terminated";1002;"2020-09-01"
17009;"energy";"electricity";2100;2233;"2018-10-22";"2019-01-01";"";"";"";"Düsseldorf";"indelivery";1000;"2019-05-08"
17010;"energy";"electricity";2300;2440;"2018-08-08";"2019-03-01";"";"";"";"Berlin";"indelivery";1001;"2018-12-29"
17011;"energy";"electricity";2400;2429;"2018-12-26";"2019-06-01";"";"";"";"Herzberg";"indelivery";1000;"2019-03-03"
17012;"energy";"electricity";2400;"";"2019-08-06";"2019-11-01";"2020-09-30";"2020-09-02";"fristgerecht durch Kunde";"Leipzig";"terminated";1002;"2019-09-26"
17013;"energy";"electricity";2600;2708;"2018-05-19";"2019-01-01";"";"";"";"Hamburg";"indelivery";1001;"2020-09-14"
17014;"energy";"electricity";2700;2689;"2020-07-16";"2021-07-01";"";"";"";"Berlin";"active";1000;"2020-09-18"
17015;"energy";"electricity";3000;2976;"2019-04-21";"2019-09-01";"";"";"";"Wuppertal";"indelivery";1000;"2019-06-07"
17016;"energy";"electricity";2200;2293;"2018-07-20";"2019-02-01";"";"";"";"Essen";"indelivery";1002;"2019-03-13"
17017;"energy";"electricity";2300;2453;"2020-09-26";"2020-10-01";"";"";"";"Bremerhaven";"indelivery";1000;"2020-09-29"
17018;"energy";"electricity";2600;2724;"2018-02-15";"2018-04-01";"";"";"";"Stuttgart";"indelivery";1002;"2020-02-03"
17019;"energy";"electricity";2100;2184;"2018-08-10";"2018-10-01";"";"";"";"Munich";"indelivery";1001;"2020-06-19"
17020;"energy";"electricity";2700;2916;"2019-12-31";"2020-04-01";"";"";"";"Stuttgart";"indelivery";1000;"2020-03-31"
17021;"energy";"electricity";3000;2954;"2018-11-12";"2019-06-01";"2020-09-30";"2020-08-30";"fristgerecht durch Kunde";"Dresden";"terminated";1000;"2020-01-17"
17022;"energy";"electricity";2300;2428;"2020-06-10";"2020-11-01";"";"";"";"Dortmund";"active";1002;"2020-09-18"
17023;"energy";"electricity";2900;2903;"2018-11-11";"2019-03-01";"";"";"";"Dortmund";"indelivery";1001;"2020-08-10"
17024;"energy";"gas";9000;8614;"2019-01-16";"2019-03-01";"";"";"";"Fürth";"indelivery";2000;"2020-07-13"
17025;"energy";"electricity";2400;2458;"2018-09-01";"2018-11-01";"";"";"";"Augsburg";"indelivery";1001;"2019-09-04"
17026;"energy";"electricity";2700;2772;"2018-10-14";"2019-02-01";"";"";"";"Munich";"indelivery";1002;"2019-08-11"
17027;"energy";"electricity";2700;2891;"2019-09-18";"2019-10-01";"";"";"";"Münster";"indelivery";1002;"2019-12-17"
17028;"energy";"gas";11100;11626;"2019-01-30";"2019-08-01";"2019-12-31";"2019-12-02";"fristgerecht durch LichtBlick";"Cologne";"terminated";2001;"2019-12-02"
17029;"energy";"electricity";3000;3224;"2019-01-09";"2019-03-01";"";"";"";"Minden";"indelivery";1000;"2019-10-17"
17030;"energy";"electricity";1900;2044;"2018-07-21";"2018-08-01";"2020-12-31";"2020-11-26";"fristgerecht durch LichtBlick";"Berlin";"cancelled";1000;"2020-04-12"
17031;"energy";"electricity";2800;2683;"2020-07-17";"2020-09-01";"";"";"";"Augsburg";"indelivery";1001;"2020-09-23"
17032;"energy";"electricity";1900;1966;"2020-01-29";"2020-10-01";"";"";"";"Berlin";"indelivery";1000;"2020-03-21"
17033;"energy";"gas";11000;10596;"2018-04-24";"2018-09-01";"2019-05-31";"2019-05-01";"fristgerecht durch LichtBlick";"Bremen";"terminated";2001;"2019-05-01"
17034;"energy";"electricity";2500;2587;"2018-04-25";"2018-07-01";"";"";"";"Bielefeld";"indelivery";1001;"2019-05-29"
17035;"energy";"electricity";2100;2068;"2019-12-03";"2020-04-01";"";"";"";"Göttingen";"indelivery";1000;"2020-07-04"
17036;"energy";"gas";9000;8718;"2018-04-05";"2018-09-01";"";"";"";"Duisburg";"indelivery";2000;"2019-01-13"
17037;"energy";"electricity";2000;2173;"2019-09-02";"2020-06-01";"";"";"";"Hamburg";"indelivery";1001;"2020-04-01"
17038;"energy";"electricity";2900;2832;"2018-01-30";"2018-03-01";"2020-01-31";"2019-12-26";"Umzug";"Marienberg";"terminated";1001;"2018-09-02"
17039;"energy";"electricity";2200;2290;"2018-01-01";"2018-05-01";"";"";"";"Duisburg";"indelivery";1002;"2019-10-15"
17040;"energy";"electricity";2300;2188;"2019-11-16";"2020-01-01";"";"";"";"Essen";"indelivery";1001;"2020-04-18"
17041;"energy";"gas";11900;"";"2019-08-23";"2020-03-01";"";"";"";"Düsseldorf";"indelivery";2001;"2019-12-14"
17042;"energy";"electricity";2600;2735;"2019-04-30";"2019-07-01";"";"";"";"Heidelberg";"indelivery";1001;"2019-07-29"
17043;"energy";"electricity";3000;2963;"2018-06-15";"2018-08-01";"";"";"";"Erfurt";"indelivery";1000;"2019-10-01"
17044;"energy";"electricity";2100;2159;"2019-06-13";"2020-02-01";"";"";"";"Essen";"indelivery";1000;"2020-09-20"
17045;"energy";"electricity";2400;2525;"2019-08-04";"2019-10-01";"";"";"";"Hamburg";"indelivery";1002;"2020-08-24"
17046;"energy";"electricity";2800;2852;"2019-11-07";"2020-07-01";"";"";"";"Cologne";"indelivery";1001;"2020-02-25"
17047;"energy";"electricity";2500;2495;"2018-02-19";"2018-04-01";"";"";"";"Hamburg";"indelivery";1001;"2018-12-10"
17048;"energy";"electricity";2300;2367;"2018-02-11";"2018-06-01";"2019-02-28";"2019-01-26";"fristgerecht durch Kunde";"Augsburg";"terminated";1002;"2019-01-26"
17049;"energy";"electricity";2000;2027;"2020-08-21";"2021-07-01";"";"";"";"Hamburg";"active";1000;"2020-09-18"
17050;"energy";"electricity";2300;2445;"2019-02-15";"2019-03-01";"";"";"";"Magdeburg";"indelivery";1000;"2019-06-21"
17051;"energy";"gas";11300;11060;"2019-02-03";"2019-06-01";"";"";"";"Munich";"indelivery";2001;"2020-05-12"
17052;"energy";"electricity";2800;2880;"2019-11-06";"2020-03-01";"2020-09-30";"2020-08-25";"fristgerecht durch Kunde";"Bonn";"terminated";1002;"2020-02-07"
17053;"energy";"electricity";2100;2240;"2019-06-17";"2019-08-01";"";"";"";"Hamburg";"indelivery";1001;"2019-08-25"
17054;"energy";"electricity";2000;2015;"2019-03-30";"2019-05-01";"";"";"";"Munich";"indelivery";1002;"2020-07-29"
17055;"energy";"electricity";2700;2799;"2018-12-02";"2019-01-01";"";"";"";"Hamburg";"indelivery";1002;"2020-02-22"
17056;"energy";"electricity";2900;3005;"2019-02-05";"2019-11-01";"";"";"";"Cologne";"indelivery";1002;"2019-08-27"
17057;"energy";"gas";8700;9166;"2019-08-26";"2020-04-01";"2020-07-31";"2020-06-28";"fristgerecht durch Kunde";"Frankfurt";"terminated";2000;"2019-10-26"
17058;"energy";"electricity";2600;2732;"2019-03-06";"2019-08-01";"";"";"";"Essen";"indelivery";1002;"2020-06-04"
17059;"energy";"electricity";2500;2682;"2018-01-11";"2018-02-01";"";"";"";"Cologne";"indelivery";1002;"2020-01-08"
17060;"energy";"electricity";2200;2114;"2020-02-24";"2020-07-01";"";"";"";"Marienberg";"indelivery";1002;"2020-05-01"
17061;"energy";"gas";8200;7969;"2019-12-11";"2020-06-01";"";"";"";"Hannover";"indelivery";2001;"2020-04-14"
17062;"energy";"electricity";2500;2420;"2018-10-02";"2019-01-01";"";"";"";"Düsseldorf";"indelivery";1000;"2020-08-27"
17063;"energy";"gas";9600;10330;"2018-04-14";"2018-09-01";"";"";"";"Duisburg";"indelivery";2000;"2019-12-27"
17064;"energy";"electricity";2600;2648;"2020-02-01";"2020-05-01";"";"";"";"Ulm";"indelivery";1000;"2020-02-14"
17065;"energy";"electricity";2400;2340;"2019-11-11";"2020-02-01";"";"";"";"Dresden";"indelivery";1001;"2020-06-22"
17066;"energy";"electricity";2900;2734;"2019-09-03";"2019-10-01";"";"";"";"Munich";"indelivery";1002;"2019-11-11"
17067;"energy";"electricity";2400;2477;"2018-07-18";"2018-08-01";"";"";"";"Magdeburg";"indelivery";1000;"2018-10-07"
17068;"energy";"electricity";2500;2399;"2019-07-14";"2019-10-01";"2020-10-31";"2020-10-03";"fristgerecht durch Kunde";"Hamburg";"cancelled";1002;"2019-09-06"
17069;"energy";"electricity";2200;"";"2020-06-21";"2020-10-01";"";"";"";"Berlin";"indelivery";1002;"2020-07-16"
17070;"energy";"electricity";2300;2309;"2019-04-12";"2019-08-01";"";"";"";"Schwerin";"indelivery";1001;"2019-05-18"
17071;"energy";"electricity";2800;2685;"2018-05-06";"2018-10-01";"";"";"";"Bremen";"indelivery";1002;"2018-08-06"
17072;"energy";"electricity";2700;2959;"2018-01-28";"2018-02-01";"2019-08-31";"2019-08-01";"fristgerecht durch LichtBlick";"Münster";"terminated";1002;"2019-08-01"
17073;"energy";"electricity";2400;2408;"2020-08-25";"2021-04-01";"";"";"";"Leipzig";"active";1001;"2020-09-02"
17074;"energy";"electricity";2200;2125;"2020-04-23";"2020-05-01";"";"";"";"Marienberg";"indelivery";1002;"2020-07-30"
17075;"energy";"electricity";2100;2194;"2018-05-10";"2018-11-01";"";"";"";"Frankfurt";"indelivery";1000;"2019-03-15"
17076;"energy";"electricity";2400;2337;"2019-01-16";"2019-04-01";"";"";"";"Stuttgart";"indelivery";1002;"2020-06-09"
17077;"energy";"gas";11100;11851;"2020-05-02";"2020-07-01";"";"";"";"Duisburg";"indelivery";2001;"2020-06-25"
17078;"energy";"electricity";2800;2732;"2018-07-01";"2018-11-01";"";"";"";"Marienberg";"indelivery";1001;"2019-12-30"
17079;"energy";"electricity";2600;2606;"2018-03-19";"2018-08-01";"";"";"";"Jena";"indelivery";1002;"2020-03-26"
17080;"energy";"electricity";2900;2794;"2018-02-20";"2018-04-01";"";"";"";"Marienberg";"indelivery";1001;"2020-04-20"
17081;"energy";"electricity";2300;2310;"2018-10-13";"2018-12-01";"";"";"";"Solingen";"indelivery";1002;"2019-07-04"
17082;"energy";"electricity";2000;2172;"2020-03-31";"2020-08-01";"";"";"";"Rosenheim";"indelivery";1001;"2020-07-07"
17083;"energy";"electricity";3000;3003;"2020-07-15";"2021-05-01";"";"";"";"Leipzig";"active";1001;"2020-09-17"
17084;"energy";"electricity";2600;2563;"2019-12-18";"2020-04-01";"";"";"";"Munich";"indelivery";1000;"2020-05-09"
17085;"energy";"gas";8200;8433;"2018-11-24";"2019-02-01";"2019-04-30";"2019-04-01";"Umzug";"Düsseldorf";"terminated";2000;"2019-04-01"
17086;"energy";"electricity";2100;2071;"2019-12-27";"2020-12-01";"";"";"";"Cologne";"active";1000;"2020-02-21"
17087;"energy";"gas";8100;8318;"2020-03-20";"2020-06-01";"";"";"";"Bonn";"indelivery";2001;"2020-09-15"
17088;"energy";"gas";8600;9102;"2018-12-31";"2019-03-01";"2019-05-31";"2019-04-29";"Umzug";"Wiesbaden";"terminated";2000;"2019-04-29"
17089;"energy";"electricity";2400;2535;"2019-09-18";"2020-07-01";"";"";"";"Wuppertal";"indelivery";1001;"2020-09-24"
17090;"energy";"electricity";2100;2136;"2019-06-03";"2020-06-01";"";"";"";"Berlin";"indelivery";1001;"2019-06-26"
17091;"energy";"electricity";2200;2273;"2018-07-14";"2019-02-01";"";"";"";"Frankfurt";"indelivery";1001;"2020-02-25"
17092;"energy";"gas";10400;10295;"2018-02-14";"2018-05-01";"2018-05-01";"2020-11-01";"Wiederruf";"Bonn";"terminated";2001;"2019-04-04"
17093;"energy";"gas";11800;12066;"2018-12-28";"2019-02-01";"";"";"";"Wuppertal";"indelivery";2000;"2018-12-31"
17094;"energy";"gas";10500;10335;"2020-06-19";"2020-07-01";"";"";"";"Hannover";"indelivery";2001;"2020-09-08"
17095;"energy";"gas";10300;10284;"2018-07-31";"2018-09-01";"";"";"";"Hamburg";"indelivery";2001;"2020-08-02"
17096;"energy";"electricity";2100;2169;"2018-05-21";"2018-07-01";"";"";"";"Hamburg";"indelivery";1000;"2019-04-20"
17097;"energy";"electricity";2600;"";"2019-02-27";"2019-03-01";"";"";"";"Wiesbaden";"indelivery";1000;"2020-03-12"
17098;"energy";"electricity";2900;3069;"2020-09-13";"2021-05-01";"";"";"";"Kiel";"active";1000;"2020-09-23"
17099;"energy";"gas";8800;8747;"2018-09-08";"2019-01-01";"";"";"";"Berlin";"indelivery";2000;"2018-11-08"
17100;"energy";"electricity";2900;2834;"2019-04-17";"2019-08-01";"";"";"";"Hannover";"indelivery";1002;"2020-05-03"
17101;"energy";"electricity";2400;2480;"2018-06-11";"2018-12-01";"";"";"";"Mannheim";"indelivery";1001;"2020-05-11"
17102;"energy";"electricity";2300;2490;"2019-08-06";"2019-10-01";"";"";"";"Leipzig";"indelivery";1002;"2019-10-13"
17103;"energy";"electricity";2200;2272;"2018-03-02";"2018-05-01";"2019-09-30";"2019-09-01";"Umzug";"Berlin";"terminated";1001;"2018-11-13"
17104;"energy";"electricity";2600;2439;"2019-03-31";"2019-08-01";"";"";"";"Saarbrücken";"indelivery";1002;"2019-07-11"
17105;"energy";"electricity";2600;2525;"2019-10-10";"2019-11-01";"";"";"";"Dortmund";"indelivery";1001;"2020-07-24"
17106;"energy";"gas";8600;"";"2019-03-05";"2019-10-01";"";"";"";"Essen";"indelivery";2000;"2020-01-23"
17107;"energy";"electricity";2600;2784;"2019-08-16";"2019-10-01";"2019-10-01";"2020-09-29";"Wiederruf";"Dortmund";"terminated";1001;"2020-01-31"
17108;"energy";"electricity";2000;2068;"2019-04-09";"2020-03-01";"2020-06-30";"2020-05-25";"fristgerecht durch Kunde";"Cologne";"terminated";1002;"2019-05-21"
17109;"energy";"electricity";2600;2671;"2020-03-24";"2020-06-01";"";"";"";"Mainz";"indelivery";1001;"2020-06-06"
17110;"energy";"electricity";2700;2636;"2020-01-12";"2020-09-01";"";"";"";"Cologne";"indelivery";1002;"2020-05-07"
17111;"energy";"electricity";2900;"";"2019-09-09";"2020-05-01";"";"";"";"Meiningen";"indelivery";1002;"2020-02-10"
17112;"energy";"electricity";2800;2952;"2020-08-25";"2020-10-01";"";"";"";"Würzburg";"indelivery";1001;"2020-08-25"
17113;"energy";"electricity";2600;2606;"2018-04-21";"2018-07-01";"";"";"";"Marienberg";"indelivery";1000;"2019-09-20"
17114;"energy";"electricity";2200;2335;"2018-04-06";"2018-12-01";"";"";"";"Berlin";"indelivery";1001;"2018-11-25"
17115;"energy";"electricity";2100;2080;"2019-09-26";"2020-01-01";"";"";"";"Berlin";"indelivery";1000;"2020-04-21"
17116;"energy";"electricity";2200;2272;"2018-10-17";"2019-01-01";"2019-04-30";"2019-03-26";"fristgerecht durch Kunde";"Frankfurt";"terminated";1002;"2018-10-27"
17117;"energy";"gas";10900;11586;"2018-02-25";"2018-05-01";"";"";"";"Munich";"indelivery";2000;"2018-10-07"
17118;"energy";"electricity";2600;2767;"2020-07-22";"2020-09-01";"";"";"";"Marienberg";"indelivery";1002;"2020-08-03"
17119;"energy";"electricity";2600;2773;"2019-03-03";"2019-05-01";"";"";"";"Würzburg";"indelivery";1000;"2020-02-22"
17120;"energy";"electricity";2800;2763;"2019-07-02";"2020-03-01";"";"";"";"Hamburg";"indelivery";1000;"2019-12-01"
17121;"energy";"electricity";2100;2237;"2018-04-20";"2018-06-01";"2018-06-01";"2020-08-03";"Wiederruf";"Berlin";"terminated";1002;"2020-07-02"
17122;"energy";"electricity";2500;"";"2018-07-30";"2018-09-01";"2020-08-31";"2020-08-03";"fristgerecht durch LichtBlick";"Munich";"terminated";1000;"2018-09-15"
17123;"energy";"gas";10200;9958;"2019-11-19";"2020-01-01";"2020-11-30";"2020-10-31";"Umzug";"Berlin";"cancelled";2001;"2020-03-17"
17124;"energy";"electricity";2200;2297;"2019-08-16";"2020-04-01";"";"";"";"Cologne";"indelivery";1001;"2020-08-14"
17125;"energy";"electricity";2700;2911;"2020-06-23";"2020-08-01";"";"";"";"Hamburg";"indelivery";1001;"2020-09-14"
17126;"energy";"electricity";2800;3046;"2019-04-11";"2019-06-01";"";"";"";"Munich";"indelivery";1001;"2019-04-15"
17127;"energy";"electricity";2100;2156;"2019-05-22";"2019-11-01";"";"";"";"Cottbus";"indelivery";1002;"2020-04-19"
17128;"energy";"electricity";2700;2883;"2018-07-30";"2019-07-01";"";"";"";"Wuppertal";"indelivery";1001;"2019-06-12"
17129;"energy";"electricity";2300;2487;"2018-03-04";"2018-10-01";"";"";"";"Hamburg";"indelivery";1000;"2020-08-27"
17130;"energy";"electricity";2700;2940;"2019-05-26";"2019-09-01";"";"";"";"Dortmund";"indelivery";1001;"2020-07-08"
17131;"energy";"electricity";2100;2239;"2019-08-04";"2020-01-01";"";"";"";"Frankfurt";"indelivery";1002;"2019-09-13"
17132;"energy";"electricity";2600;2616;"2020-03-04";"2020-07-01";"";"";"";"Münster";"indelivery";1002;"2020-04-07"
17133;"energy";"electricity";2900;2883;"2019-09-15";"2019-11-01";"";"";"";"Lübeck";"indelivery";1001;"2020-08-29"
17134;"energy";"gas";8700;8351;"2020-03-22";"2020-12-01";"";"";"";"Dortmund";"active";2001;"2020-06-06"
17135;"energy";"electricity";2500;2629;"2019-11-13";"2020-01-01";"2020-12-31";"2020-12-03";"Umzug";"Hamburg";"cancelled";1001;"2020-09-01"
17136;"energy";"electricity";2800;2774;"2018-07-20";"2019-03-01";"2019-06-30";"2019-06-02";"fristgerecht durch LichtBlick";"Berlin";"terminated";1000;"2019-06-02"
17137;"energy";"electricity";2700;2859;"2018-12-11";"2019-04-01";"";"";"";"Schwerin";"indelivery";1001;"2019-06-03"
17138;"energy";"electricity";3000;2999;"2019-11-20";"2020-07-01";"";"";"";"Hildburghausen";"indelivery";1001;"2020-02-13"
17139;"energy";"electricity";2400;2334;"2020-06-25";"2020-08-01";"";"";"";"Münster";"indelivery";1002;"2020-08-03"
17140;"energy";"electricity";2800;"";"2018-01-14";"2018-03-01";"";"";"";"Düsseldorf";"indelivery";1000;"2020-02-18"
17141;"energy";"electricity";2600;2563;"2018-10-14";"2019-02-01";"";"";"";"Stuttgart";"indelivery";1002;"2019-02-03"
17142;"energy";"electricity";2000;2094;"2018-05-03";"2018-08-01";"2018-08-01";"2019-08-30";"Wiederruf";"Dortmund";"terminated";1000;"2018-07-29"
17143;"energy";"electricity";2500;2622;"2018-08-24";"2018-11-01";"";"";"";"Magdeburg";"indelivery";1002;"2019-04-12"
17144;"energy";"electricity";2800;2914;"2018-04-01";"2018-05-01";"";"";"";"Bad Kissingen";"indelivery";1001;"2020-08-22"
17145;"energy";"gas";9700;10151;"2020-05-31";"2020-07-01";"";"";"";"Mainz";"indelivery";2000;"2020-08-10"
17146;"energy";"electricity";1900;1918;"2020-08-16";"2020-12-01";"";"";"";"Stuttgart";"active";1002;"2020-09-27"
17147;"energy";"gas";9100;8808;"2018-11-19";"2019-03-01";"2019-09-30";"2019-08-30";"Umzug";"Munich";"terminated";2001;"2019-03-16"
17148;"energy";"electricity";2200;2368;"2019-05-14";"2019-08-01";"";"";"";"Wiesbaden";"indelivery";1002;"2020-01-14"
17149;"energy";"electricity";2300;2417;"2019-09-23";"2019-12-01";"";"";"";"Bremen";"indelivery";1001;"2020-03-18"
17150;"energy";"electricity";2900;"";"2019-01-07";"2019-03-01";"2020-01-31";"2020-01-02";"Umzug";"Duisburg";"terminated";1001;"2019-09-25"
17151;"energy";"electricity";2500;2666;"2018-12-15";"2019-05-01";"";"";"";"Hannover";"indelivery";1000;"2019-09-18"
17152;"energy";"electricity";2200;2351;"2018-01-09";"2018-04-01";"";"";"";"Berlin";"indelivery";1002;"2020-04-24"
17153;"energy";"electricity";2300;2440;"2018-04-08";"2018-06-01";"2018-06-01";"2019-01-29";"Wiederruf";"Essen";"terminated";1000;"2019-01-29"
17154;"energy";"electricity";2100;"";"2020-06-05";"2020-10-01";"";"";"";"Mainz";"indelivery";1001;"2020-09-18"
17155;"energy";"electricity";2500;2653;"2019-05-28";"2019-07-01";"";"";"";"Emden";"indelivery";1001;"2019-10-15"
17156;"energy";"electricity";2100;2115;"2019-11-10";"2020-04-01";"";"";"";"Berlin";"indelivery";1001;"2020-08-23"
17157;"energy";"gas";9900;10457;"2018-05-26";"2019-04-01";"";"";"";"Munich";"indelivery";2001;"2018-08-26"
17158;"energy";"electricity";2900;"";"2019-04-02";"2019-12-01";"2020-05-31";"2020-05-01";"fristgerecht durch LichtBlick";"Essen";"terminated";1000;"2019-12-23"
17159;"energy";"electricity";2000;2099;"2019-04-11";"2019-06-01";"";"";"";"Munich";"indelivery";1000;"2020-09-09"
17160;"energy";"electricity";2100;2204;"2019-05-29";"2019-07-01";"";"";"";"Freudenstadt";"indelivery";1000;"2019-10-03"
17161;"energy";"electricity";2600;2698;"2018-01-24";"2018-04-01";"";"";"";"Dresden";"indelivery";1001;"2018-04-03"
17162;"energy";"electricity";2100;2098;"2018-01-23";"2018-07-01";"";"";"";"Berlin";"indelivery";1001;"2020-09-11"
17163;"energy";"electricity";2600;2516;"2018-09-26";"2019-08-01";"";"";"";"Wuppertal";"indelivery";1000;"2019-06-21"
17164;"energy";"electricity";2300;2432;"2020-01-15";"2020-08-01";"";"";"";"Jena";"indelivery";1001;"2020-07-23"
17165;"energy";"electricity";2400;2309;"2018-12-24";"2019-02-01";"";"";"";"Husum";"indelivery";1001;"2019-02-16"
17166;"energy";"electricity";2400;2580;"2020-08-09";"2021-01-01";"";"";"";"Wiesbaden";"active";1000;"2020-09-09"
17167;"energy";"electricity";2900;2934;"2020-04-05";"2020-06-01";"";"";"";"Augsburg";"indelivery";1000;"2020-06-22"
17168;"energy";"electricity";2400;"";"2019-03-26";"2019-07-01";"";"";"";"Berlin";"indelivery";1002;"2020-08-16"
17169;"energy";"electricity";2800;2958;"2018-05-27";"2018-09-01";"";"";"";"Lübeck";"indelivery";1002;"2019-07-02"
17170;"energy";"electricity";2800;2920;"2018-02-03";"2019-02-01";"";"";"";"Berlin";"indelivery";1002;"2019-07-01"
17171;"energy";"electricity";2600;2736;"2020-02-09";"2021-01-01";"";"";"";"Bremen";"active";1000;"2020-07-09"
17172;"energy";"gas";8200;8116;"2019-11-17";"2020-01-01";"";"";"";"Osnabrück";"indelivery";2001;"2019-12-15"
17173;"energy";"electricity";2300;"";"2019-10-04";"2020-02-01";"";"";"";"Berlin";"indelivery";1000;"2019-11-15"
17174;"energy";"gas";10500;10375;"2019-09-19";"2020-07-01";"";"";"";"Göttingen";"indelivery";2000;"2020-05-30"
17175;"energy";"gas";9800;9691;"2020-04-08";"2020-06-01";"";"";"";"Frankfurt";"indelivery";2000;"2020-09-11"
17176;"energy";"gas";11600;11116;"2018-07-13";"2018-12-01";"";"";"";"Düsseldorf";"indelivery";2001;"2019-09-30"
17177;"energy";"electricity";2100;2092;"2018-01-11";"2018-04-01";"";"";"";"Gießen";"indelivery";1000;"2019-03-14"
17178;"energy";"electricity";2800;3020;"2019-07-03";"2019-09-01";"";"";"";"Stuttgart";"indelivery";1001;"2020-01-21"
17179;"energy";"electricity";3000;3062;"2018-09-08";"2018-12-01";"";"";"";"Dortmund";"indelivery";1001;"2019-08-19"
17180;"energy";"electricity";3000;2983;"2020-09-04";"2020-12-01";"";"";"";"Bonn";"active";1002;"2020-09-06"
17181;"energy";"electricity";2900;2945;"2018-04-25";"2018-06-01";"2020-01-31";"2019-12-30";"fristgerecht durch Kunde";"Munich";"terminated";1002;"2019-01-25"
17182;"energy";"gas";11400;11602;"2019-11-27";"2020-01-01";"";"";"";"Bielefeld";"indelivery";2001;"2020-07-12"
17183;"energy";"gas";10000;10750;"2018-05-11";"2018-08-01";"";"";"";"Berlin";"indelivery";2001;"2018-08-27"
17184;"energy";"gas";12200;11653;"2019-10-26";"2020-04-01";"";"";"";"Annaberg-Buchholz";"indelivery";2000;"2019-12-21"
17185;"energy";"electricity";3000;3193;"2018-08-08";"2018-12-01";"2018-12-01";"2020-05-02";"Wiederruf";"Munich";"terminated";1001;"2019-01-26"
17186;"energy";"gas";8000;8493;"2019-08-06";"2019-10-01";"";"";"";"Munich";"indelivery";2000;"2020-04-17"
17187;"energy";"electricity";2300;"";"2018-02-11";"2018-06-01";"";"";"";"Hamburg";"indelivery";1001;"2018-06-29"
17188;"energy";"gas";10900;10911;"2019-08-30";"2020-02-01";"";"";"";"Essen";"indelivery";2000;"2020-07-23"
17189;"energy";"electricity";2500;2547;"2018-05-20";"2018-06-01";"2018-06-01";"2019-06-02";"Wiederruf";"Munich";"terminated";1000;"2019-06-02"
17190;"energy";"electricity";2900;2864;"2018-04-14";"2018-07-01";"";"";"";"Bremerhaven";"indelivery";1001;"2019-01-19"
17191;"energy";"electricity";2400;2384;"2020-01-21";"2020-07-01";"";"";"";"Hamburg";"indelivery";1002;"2020-09-07"
17192;"energy";"electricity";2100;2120;"2018-01-23";"2018-03-01";"";"";"";"Bremen";"indelivery";1002;"2018-08-25"
17193;"energy";"electricity";2900;"";"2019-07-04";"2020-10-01";"";"";"";"Mannheim";"indelivery";1002;"2019-11-17"
17194;"energy";"electricity";2600;2788;"2018-04-03";"2018-08-01";"";"";"";"Düsseldorf";"indelivery";1000;"2020-04-07"
17195;"energy";"electricity";2300;2300;"2018-02-09";"2018-10-01";"";"";"";"Augsburg";"indelivery";1000;"2019-09-01"
17196;"energy";"electricity";2300;2310;"2018-02-24";"2018-07-01";"2020-11-30";"2020-11-02";"fristgerecht durch LichtBlick";"Munich";"cancelled";1000;"2020-05-27"
17197;"energy";"electricity";2800;2982;"2020-06-20";"2020-08-01";"2020-10-31";"2020-10-02";"fristgerecht durch LichtBlick";"Berlin";"cancelled";1002;"2020-07-06"
17198;"energy";"electricity";2400;2611;"2019-06-21";"2019-09-01";"";"";"";"Hamburg";"indelivery";1002;"2020-07-17"
17199;"energy";"electricity";3000;2898;"2019-07-12";"2020-03-01";"";"";"";"Viersen";"indelivery";1001;"2020-01-05"
17200;"energy";"gas";8300;8524;"2020-08-28";"2020-09-01";"";"";"";"Hamburg";"indelivery";2001;"2020-09-12"
17201;"energy";"electricity";2900;2971;"2018-11-11";"2019-04-01";"";"";"";"Mainz";"indelivery";1002;"2019-09-16"
17202;"energy";"electricity";2000;"";"2018-04-22";"2018-05-01";"2020-11-30";"2020-10-28";"Umzug";"Bremen";"cancelled";1001;"2020-03-07"
17203;"energy";"electricity";2000;2048;"2019-04-28";"2020-03-01";"";"";"";"Hannover";"indelivery";1001;"2020-08-08"
17204;"energy";"electricity";2800;2996;"2020-02-05";"2020-04-01";"";"";"";"Rosenheim";"indelivery";1002;"2020-08-05"
17205;"energy";"electricity";2200;2196;"2019-07-04";"2019-10-01";"2019-10-01";"2020-08-27";"Wiederruf";"Braunschweig";"terminated";1000;"2019-10-18"
17206;"energy";"electricity";2200;2308;"2019-11-09";"2019-12-01";"";"";"";"Jena";"indelivery";1002;"2020-05-04"
17207;"energy";"electricity";2600;2554;"2020-05-14";"2020-07-01";"";"";"";"Essen";"indelivery";1002;"2020-09-26"
17208;"energy";"electricity";2200;2197;"2020-09-09";"2021-02-01";"";"";"";"Stuttgart";"active";1000;"2020-09-18"
17209;"energy";"electricity";2800;2983;"2020-02-21";"2020-06-01";"";"";"";"Ingolstadt";"indelivery";1001;"2020-06-24"
17210;"energy";"electricity";2000;1898;"2020-08-26";"2020-11-01";"";"";"";"Munich";"active";1001;"2020-09-14"
17211;"energy";"electricity";2300;2456;"2018-03-18";"2018-07-01";"2020-03-31";"2020-03-02";"fristgerecht durch Kunde";"Cologne";"terminated";1001;"2018-11-18"
17212;"energy";"electricity";2500;2377;"2020-08-08";"2021-06-01";"";"";"";"Deggendorf";"active";1000;"2020-09-10"
17213;"energy";"electricity";2200;2091;"2018-10-06";"2018-12-01";"2019-07-31";"2019-07-03";"Umzug";"Berlin";"terminated";1002;"2019-07-03"
17214;"energy";"electricity";2600;2570;"2019-02-25";"2019-06-01";"";"";"";"Bamberg";"indelivery";1000;"2020-01-03"
17215;"energy";"electricity";2600;2554;"2020-05-15";"2020-06-01";"";"";"";"Wittlich";"indelivery";1001;"2020-06-14"
17216;"energy";"electricity";2000;1953;"2020-01-01";"2020-01-01";"2020-05-31";"2020-05-03";"fristgerecht durch Kunde";"Berlin";"terminated";1001;"2020-02-13"
17217;"energy";"gas";8800;9213;"2018-08-13";"2018-10-01";"";"";"";"Berlin";"indelivery";2001;"2020-06-11"
17218;"energy";"electricity";2100;2143;"2019-09-28";"2020-04-01";"";"";"";"Schwäbisch Hall";"indelivery";1000;"2020-01-17"
17219;"energy";"electricity";2300;2359;"2018-08-26";"2018-12-01";"";"";"";"Berlin";"indelivery";1002;"2018-11-11"
17220;"energy";"electricity";3000;3193;"2020-05-12";"2020-09-01";"";"";"";"Mannheim";"indelivery";1002;"2020-07-24"
17221;"energy";"gas";11100;11595;"2020-01-15";"2020-02-01";"";"";"";"Hamburg";"indelivery";2001;"2020-03-21"
17222;"energy";"electricity";2700;2613;"2020-08-17";"2020-10-01";"";"";"";"Saarbrücken";"indelivery";1002;"2020-09-17"
17223;"energy";"electricity";2200;2115;"2018-02-28";"2018-08-01";"";"";"";"Regensburg";"indelivery";1002;"2019-06-28"
17224;"energy";"electricity";2300;2315;"2018-12-06";"2019-01-01";"";"";"";"Berlin";"indelivery";1000;"2019-10-07"
17225;"energy";"gas";11300;11512;"2019-01-03";"2019-07-01";"";"";"";"Düsseldorf";"indelivery";2000;"2020-07-13"
17226;"energy";"electricity";1900;1973;"2018-01-20";"2018-11-01";"";"";"";"Berlin";"indelivery";1000;"2020-03-29"
17227;"energy";"electricity";2900;3019;"2018-02-17";"2018-03-01";"";"";"";"Duisburg";"indelivery";1001;"2019-12-03"
17228;"energy";"electricity";2200;2142;"2019-10-11";"2019-12-01";"";"";"";"Fürth";"indelivery";1002;"2020-01-21"
17229;"energy";"electricity";2100;2233;"2018-12-20";"2019-07-01";"";"";"";"Hamburg";"indelivery";1001;"2019-03-18"
17230;"energy";"electricity";2300;2326;"2019-08-21";"2020-03-01";"";"";"";"Stuttgart";"indelivery";1000;"2020-07-23"
17231;"energy";"gas";10400;11241;"2018-01-23";"2018-05-01";"2020-10-31";"2020-09-30";"Umzug";"Altchemnitz";"cancelled";2000;"2018-07-13"
17232;"energy";"electricity";2400;2410;"2018-03-16";"2018-05-01";"2018-10-31";"2018-10-03";"fristgerecht durch Kunde";"Dortmund";"terminated";1001;"2018-10-03"
17233;"energy";"electricity";2600;2738;"2020-04-30";"2020-07-01";"";"";"";"Mainz";"indelivery";1000;"2020-07-02"
17234;"energy";"electricity";2200;2310;"2020-02-10";"2020-07-01";"";"";"";"Kiel";"indelivery";1001;"2020-06-11"
17235;"energy";"electricity";2100;2005;"2018-08-29";"2018-11-01";"2018-11-01";"2019-01-30";"Wiederruf";"Berlin";"terminated";1002;"2019-01-30"
17236;"energy";"electricity";2700;2583;"2019-10-12";"2020-07-01";"";"";"";"Eisenberg";"indelivery";1002;"2019-11-25"
17237;"energy";"electricity";2500;2665;"2019-09-08";"2020-03-01";"";"";"";"Salzgitter";"indelivery";1001;"2020-03-12"
17238;"energy";"electricity";3000;3041;"2020-04-29";"2020-06-01";"";"";"";"Duisburg";"indelivery";1001;"2020-08-05"
17239;"energy";"electricity";2500;2381;"2020-06-23";"2021-02-01";"";"";"";"Berlin";"active";1002;"2020-09-19"
17240;"energy";"electricity";2800;2841;"2020-07-09";"2020-09-01";"";"";"";"Düsseldorf";"indelivery";1000;"2020-07-21"
17241;"energy";"electricity";2700;2813;"2020-07-15";"2020-12-01";"";"";"";"Hofeck";"active";1001;"2020-09-13"
17242;"energy";"gas";11700;11465;"2019-07-11";"2019-08-01";"";"";"";"Torgau";"indelivery";2001;"2019-11-21"
17243;"energy";"electricity";2300;2449;"2019-11-23";"2020-07-01";"";"";"";"Erfurt";"indelivery";1002;"2020-07-16"
17244;"energy";"electricity";1900;1962;"2020-08-18";"2021-06-01";"";"";"";"Hamburg";"active";1001;"2020-09-28"
17245;"energy";"gas";10400;10897;"2019-04-23";"2019-06-01";"2020-10-31";"2020-10-02";"Umzug";"Berlin";"cancelled";2000;"2019-05-09"
17246;"energy";"electricity";2800;2913;"2018-02-12";"2018-06-01";"2019-11-30";"2019-10-31";"fristgerecht durch Kunde";"Hamburg";"terminated";1000;"2019-04-30"
17247;"energy";"electricity";2700;2857;"2019-01-01";"2019-03-01";"2019-07-31";"2019-07-02";"fristgerecht durch Kunde";"Berlin";"terminated";1000;"2019-07-02"
17248;"energy";"electricity";2800;2715;"2018-12-30";"2019-10-01";"";"";"";"Jena";"indelivery";1000;"2019-02-11"
17249;"energy";"electricity";2600;2563;"2018-10-04";"2019-01-01";"";"";"";"Munich";"indelivery";1002;"2018-11-11"
17250;"energy";"electricity";2300;2196;"2018-10-12";"2018-12-01";"";"";"";"Wolfsburg";"indelivery";1000;"2020-03-26"
17251;"energy";"electricity";2800;2821;"2018-09-15";"2019-02-01";"";"";"";"Oldenburg";"indelivery";1001;"2019-11-06"
17252;"energy";"electricity";2200;2233;"2019-04-24";"2019-06-01";"";"";"";"Hamburg";"indelivery";1000;"2020-02-28"
17253;"energy";"electricity";2800;"";"2019-09-04";"2019-10-01";"";"";"";"Hamburg";"indelivery";1002;"2020-05-29"
17254;"energy";"electricity";2500;2664;"2018-06-12";"2018-11-01";"2020-03-31";"2020-03-03";"fristgerecht durch LichtBlick";"Berlin";"terminated";1002;"2018-07-02"
17255;"energy";"electricity";2300;2179;"2019-04-12";"2019-07-01";"";"";"";"Augsburg";"indelivery";1000;"2019-05-16"
17256;"energy";"electricity";2200;2084;"2019-01-24";"2019-03-01";"2019-08-31";"2019-08-03";"fristgerecht durch Kunde";"Berlin";"terminated";1002;"2019-08-03"
17257;"energy";"electricity";2300;2405;"2020-03-29";"2020-11-01";"";"";"";"Hofheim";"active";1000;"2020-07-20"
17258;"energy";"electricity";2500;2435;"2018-11-19";"2019-02-01";"";"";"";"Kiel";"indelivery";1001;"2020-01-08"
17259;"energy";"electricity";2000;2144;"2018-09-29";"2019-04-01";"";"";"";"Mainz";"indelivery";1000;"2020-06-08"
17260;"energy";"electricity";2500;2437;"2020-01-24";"2020-03-01";"";"";"";"Hannover";"indelivery";1000;"2020-06-19"
17261;"energy";"electricity";2300;"";"2019-07-08";"2019-12-01";"2020-03-31";"2020-02-28";"Umzug";"Marienberg";"terminated";1000;"2019-10-13"
17262;"energy";"gas";11700;11742;"2018-07-05";"2018-09-01";"";"";"";"Kassel";"indelivery";2001;"2019-06-10"
17263;"energy";"electricity";2400;2554;"2019-03-29";"2019-09-01";"";"";"";"Berlin";"indelivery";1000;"2020-01-15"
17264;"energy";"electricity";2000;2106;"2019-04-26";"2019-07-01";"";"";"";"Mainz";"indelivery";1000;"2019-05-17"
17265;"energy";"electricity";2300;2436;"2019-10-05";"2020-01-01";"";"";"";"Hamburg";"indelivery";1001;"2020-04-20"
17266;"energy";"gas";8900;"";"2019-03-24";"2019-11-01";"";"";"";"Berlin";"indelivery";2000;"2020-02-14"
17267;"energy";"electricity";2200;2130;"2020-09-18";"2020-12-01";"";"";"";"Heidelberg";"active";1002;"2020-09-29"
17268;"energy";"electricity";2000;1989;"2019-04-20";"2019-05-01";"";"";"";"Hamburg";"indelivery";1000;"2020-02-02"
17269;"energy";"electricity";2200;2372;"2019-02-20";"2019-04-01";"2019-04-01";"2019-12-30";"Wiederruf";"Berlin";"terminated";1001;"2019-11-03"
17270;"energy";"gas";11300;11329;"2018-08-13";"2018-12-01";"";"";"";"Oldenburg";"indelivery";2001;"2018-10-07"
17271;"energy";"electricity";2000;2023;"2019-01-02";"2019-04-01";"";"";"";"Frankfurt";"indelivery";1000;"2019-08-09"
17272;"energy";"electricity";2400;2364;"2018-11-10";"2019-07-01";"2020-12-31";"2020-11-30";"Umzug";"Osnabrück";"cancelled";1000;"2020-06-25"
17273;"energy";"electricity";2300;2448;"2019-01-01";"2019-06-01";"";"";"";"Berlin";"indelivery";1001;"2020-09-06"
17274;"energy";"electricity";2300;2402;"2018-11-22";"2019-01-01";"";"";"";"Berlin";"indelivery";1000;"2019-05-05"
17275;"energy";"electricity";2800;2756;"2020-09-07";"2021-02-01";"";"";"";"Wiesbaden";"active";1002;"2020-09-21"
17276;"energy";"electricity";2600;2785;"2018-12-10";"2019-02-01";"2019-02-01";"2019-05-02";"Wiederruf";"Berlin";"terminated";1000;"2019-05-02"
17277;"energy";"gas";12000;12487;"2018-07-06";"2019-02-01";"2019-03-31";"2019-03-03";"fristgerecht durch Kunde";"Lüneburg";"terminated";2001;"2019-03-03"
17278;"energy";"electricity";2900;3060;"2018-12-25";"2019-07-01";"";"";"";"Berlin";"indelivery";1001;"2020-04-30"
17279;"energy";"electricity";2400;2539;"2019-04-30";"2020-03-01";"";"";"";"Bremen";"indelivery";1001;"2020-07-23"
17280;"energy";"electricity";2500;2610;"2019-06-27";"2019-08-01";"";"";"";"Hamburg";"indelivery";1001;"2020-04-30"
17281;"energy";"electricity";2300;2311;"2019-05-30";"2020-02-01";"";"";"";"Münster";"indelivery";1001;"2019-06-22"
17282;"energy";"electricity";2900;2937;"2018-01-12";"2018-03-01";"";"";"";"Freiburg";"indelivery";1000;"2018-12-09"
17283;"energy";"electricity";2100;2222;"2018-06-22";"2018-08-01";"";"";"";"Frankfurt";"indelivery";1002;"2020-02-02"
17284;"energy";"electricity";2200;2366;"2020-07-09";"2020-10-01";"";"";"";"Frankfurt";"indelivery";1000;"2020-09-23"
17285;"energy";"electricity";2300;2320;"2020-05-19";"2020-09-01";"";"";"";"Leipzig";"indelivery";1002;"2020-06-01"
17286;"energy";"gas";9800;9732;"2019-03-12";"2019-10-01";"";"";"";"Dortmund";"indelivery";2000;"2019-11-23"
17287;"energy";"electricity";2000;2030;"2019-07-31";"2019-09-01";"";"";"";"Berlin";"indelivery";1000;"2020-02-18"
17288;"energy";"gas";9300;9413;"2019-12-03";"2020-02-01";"2020-09-30";"2020-08-29";"Umzug";"Koblenz";"terminated";2000;"2020-04-15"
17289;"energy";"electricity";2300;2422;"2019-02-03";"2019-07-01";"";"";"";"Berlin";"indelivery";1001;"2019-02-13"
17290;"energy";"electricity";2000;1974;"2018-11-14";"2019-03-01";"";"";"";"Berlin";"indelivery";1000;"2020-05-31"
17291;"energy";"electricity";2800;2663;"2020-04-11";"2020-11-01";"";"";"";"Bremen";"active";1000;"2020-09-02"
17292;"energy";"electricity";2200;"";"2019-05-26";"2019-07-01";"";"";"";"Duisburg";"indelivery";1002;"2019-08-24"
17293;"energy";"electricity";2100;2116;"2018-04-17";"2018-06-01";"2018-06-01";"2019-12-27";"Wiederruf";"Essen";"terminated";1002;"2019-11-09"
17294;"energy";"electricity";2400;2299;"2018-04-30";"2018-08-01";"2019-02-28";"2019-01-28";"Umzug";"Augsburg";"terminated";1000;"2019-01-28"
17295;"energy";"electricity";2700;2899;"2019-02-23";"2019-04-01";"";"";"";"Leipzig";"indelivery";1000;"2020-06-30"
17296;"energy";"electricity";2200;2333;"2019-03-20";"2020-05-01";"";"";"";"Zwickau";"indelivery";1001;"2020-05-18"
17297;"energy";"gas";8600;9214;"2019-06-24";"2019-08-01";"2020-09-30";"2020-08-26";"fristgerecht durch Kunde";"Hamburg";"terminated";2001;"2020-08-26"
17298;"energy";"electricity";2200;2266;"2019-11-11";"2020-01-01";"";"";"";"Berlin";"indelivery";1002;"2020-09-21"
17299;"energy";"electricity";3000;2851;"2020-05-19";"2020-11-01";"";"";"";"Gera";"active";1001;"2020-08-11"
17300;"energy";"gas";8600;8849;"2018-05-29";"2019-06-01";"";"";"";"Frankfurt";"indelivery";2000;"2019-04-30"
17301;"energy";"electricity";2300;2246;"2018-07-22";"2018-08-01";"";"";"";"Münster";"indelivery";1000;"2019-04-06"
17302;"energy";"electricity";2600;2598;"2020-05-12";"2020-07-01";"";"";"";"Hildesheim";"indelivery";1000;"2020-09-07"
17303;"energy";"electricity";2200;"";"2019-03-19";"2019-05-01";"";"";"";"Berlin";"indelivery";1000;"2019-05-16"
17304;"energy";"electricity";2600;"";"2018-01-07";"2018-06-01";"2018-06-01";"2020-10-30";"Wiederruf";"Hamburg";"terminated";1001;"2020-06-07"
17305;"energy";"electricity";2800;2793;"2020-06-23";"2020-08-01";"";"";"";"Oldenburg";"indelivery";1002;"2020-08-07"
17306;"energy";"electricity";2200;2303;"2018-12-29";"2019-05-01";"";"";"";"Fürth";"indelivery";1000;"2019-08-12"
17307;"energy";"gas";10700;10811;"2018-09-25";"2019-02-01";"";"";"";"Kassel";"indelivery";2001;"2019-10-01"
17308;"energy";"electricity";2500;2471;"2020-09-12";"2021-01-01";"";"";"";"Ingolstadt";"active";1002;"2020-09-18"
17309;"energy";"gas";8200;8151;"2020-06-29";"2020-08-01";"";"";"";"Essen";"indelivery";2001;"2020-09-23"
17310;"energy";"electricity";1900;1864;"2019-07-25";"2019-08-01";"2019-08-01";"2020-11-02";"Wiederruf";"Berlin";"terminated";1002;"2020-02-19"
17311;"energy";"electricity";2200;2271;"2018-11-28";"2019-02-01";"";"";"";"Wiesbaden";"indelivery";1000;"2020-02-11"
17312;"energy";"electricity";2400;2396;"2018-12-23";"2019-04-01";"";"";"";"Berlin";"indelivery";1002;"2020-02-09"
17313;"energy";"electricity";2500;2620;"2019-05-24";"2019-06-01";"";"";"";"Bielefeld";"indelivery";1001;"2020-02-02"
17314;"energy";"electricity";2100;2259;"2018-12-24";"2019-02-01";"";"";"";"Duisburg";"indelivery";1000;"2020-04-11"
17315;"energy";"gas";11800;12227;"2018-02-21";"2018-03-01";"";"";"";"Erfurt";"indelivery";2001;"2018-11-24"
17316;"energy";"electricity";2400;2320;"2020-06-20";"2020-09-01";"";"";"";"Berlin";"indelivery";1002;"2020-09-23"
17317;"energy";"electricity";2500;2559;"2020-05-08";"2020-07-01";"";"";"";"Berlin";"indelivery";1000;"2020-07-23"
17318;"energy";"gas";9900;9672;"2020-05-26";"2020-12-01";"";"";"";"Hamburg";"active";2001;"2020-08-14"
17319;"energy";"gas";8100;"";"2019-07-20";"2019-09-01";"";"";"";"Frankfurt";"indelivery";2001;"2020-03-23"
17320;"energy";"gas";11000;10634;"2020-06-26";"2020-11-01";"";"";"";"Osnabrück";"active";2000;"2020-08-02"
17321;"energy";"electricity";2100;2084;"2018-03-20";"2018-05-01";"";"";"";"Dortmund";"indelivery";1002;"2020-06-11"
17322;"energy";"electricity";2100;2109;"2019-11-24";"2020-02-01";"";"";"";"Düsseldorf";"indelivery";1002;"2020-05-17"
17323;"energy";"electricity";2100;2157;"2019-04-30";"2019-06-01";"";"";"";"Darmstadt";"indelivery";1001;"2020-08-20"
17324;"energy";"electricity";2700;2874;"2019-08-11";"2019-11-01";"";"";"";"Munich";"indelivery";1001;"2020-03-25"
17325;"energy";"electricity";2300;2206;"2019-08-26";"2020-01-01";"2020-09-30";"2020-08-28";"fristgerecht durch LichtBlick";"Leipzig";"terminated";1002;"2019-09-09"
17326;"energy";"electricity";2200;2209;"2018-01-02";"2018-02-01";"2018-02-01";"2018-08-30";"Wiederruf";"Frankfurt";"terminated";1001;"2018-08-30"
17327;"energy";"electricity";2500;2384;"2019-05-30";"2019-07-01";"";"";"";"Munich";"indelivery";1000;"2020-01-18"
17328;"energy";"electricity";2800;2690;"2020-02-14";"2020-04-01";"";"";"";"Hamburg";"indelivery";1002;"2020-03-20"
17329;"energy";"electricity";2800;2809;"2020-09-13";"2020-11-01";"";"";"";"Berlin";"active";1001;"2020-09-25"
17330;"energy";"electricity";2600;2748;"2020-04-21";"2020-08-01";"";"";"";"Leipzig";"indelivery";1002;"2020-05-01"
17331;"energy";"electricity";1900;"";"2018-07-23";"2018-10-01";"";"";"";"Cologne";"indelivery";1002;"2018-10-17"
17332;"energy";"electricity";2700;2890;"2019-11-13";"2019-12-01";"";"";"";"Bamberg";"indelivery";1002;"2019-11-30"
17333;"energy";"electricity";2000;1976;"2020-01-03";"2020-03-01";"";"";"";"Cottbus";"indelivery";1002;"2020-08-13"
17334;"energy";"electricity";2100;2250;"2018-07-14";"2018-09-01";"";"";"";"Berlin";"indelivery";1000;"2020-09-16"
17335;"energy";"electricity";2200;2322;"2020-01-30";"2020-03-01";"2020-12-31";"2020-12-02";"fristgerecht durch LichtBlick";"Berlin";"cancelled";1002;"2020-07-31"
17336;"energy";"electricity";2700;2698;"2020-07-28";"2020-11-01";"";"";"";"Leipzig";"active";1000;"2020-08-01"
17337;"energy";"electricity";1900;1986;"2020-01-31";"2020-09-01";"";"";"";"Berlin";"indelivery";1001;"2020-09-20"
17338;"energy";"electricity";2400;2367;"2020-02-12";"2020-07-01";"";"";"";"Koblenz";"indelivery";1001;"2020-06-07"
17339;"energy";"electricity";2200;"";"2020-08-14";"2020-12-01";"";"";"";"Cologne";"active";1002;"2020-09-04"
17340;"energy";"gas";11500;11761;"2019-08-04";"2020-05-01";"";"";"";"Hamburg";"indelivery";2000;"2020-01-08"
17341;"energy";"electricity";2300;2249;"2020-03-29";"2020-07-01";"";"";"";"Marienberg";"indelivery";1002;"2020-04-23"
17342;"energy";"gas";10800;"";"2018-10-12";"2019-06-01";"";"";"";"Berlin";"indelivery";2000;"2019-11-26"
17343;"energy";"electricity";2000;2006;"2018-11-17";"2018-12-01";"";"";"";"Wiesbaden";"indelivery";1000;"2019-09-13"
17344;"energy";"electricity";2400;2539;"2020-07-06";"2020-11-01";"";"";"";"Hagen";"active";1000;"2020-08-23"
17345;"energy";"electricity";2800;2710;"2020-03-04";"2020-10-01";"";"";"";"Wuppertal";"indelivery";1002;"2020-06-29"
17346;"energy";"electricity";2400;2570;"2020-06-17";"2020-08-01";"";"";"";"Hamburg";"indelivery";1001;"2020-08-09"
17347;"energy";"electricity";2300;2386;"2019-04-22";"2019-07-01";"2020-06-30";"2020-05-22";"fristgerecht durch Kunde";"Hannover";"terminated";1000;"2019-07-14"
17348;"energy";"electricity";2100;2004;"2019-04-11";"2019-10-01";"";"";"";"Düsseldorf";"indelivery";1000;"2020-03-13"
17349;"energy";"electricity";2700;2859;"2018-05-02";"2018-07-01";"2020-04-30";"2020-04-01";"fristgerecht durch LichtBlick";"Hamburg";"terminated";1000;"2019-07-05"
17350;"energy";"electricity";2600;2795;"2020-07-03";"2020-08-01";"";"";"";"Bad Hersfeld";"indelivery";1000;"2020-07-14"
17351;"energy";"electricity";2700;2854;"2019-05-01";"2020-05-01";"";"";"";"Karlsruhe";"indelivery";1001;"2020-01-15"
17352;"energy";"electricity";2600;2631;"2018-09-30";"2018-11-01";"";"";"";"Duisburg";"indelivery";1002;"2020-01-06"
17353;"energy";"electricity";2700;2756;"2019-02-22";"2019-04-01";"";"";"";"Göttingen";"indelivery";1002;"2020-02-11"
17354;"energy";"electricity";2900;2722;"2020-03-10";"2020-05-01";"";"";"";"Berlin";"indelivery";1002;"2020-05-12"
17355;"energy";"electricity";2700;2605;"2018-03-19";"2018-08-01";"";"";"";"Leipzig";"indelivery";1000;"2018-10-15"
17356;"energy";"electricity";2600;2553;"2019-07-01";"2019-07-01";"";"";"";"Coburg";"indelivery";1002;"2019-11-10"
17357;"energy";"electricity";1900;2030;"2018-10-05";"2019-05-01";"";"";"";"Munich";"indelivery";1001;"2020-02-10"
17358;"energy";"electricity";2500;2513;"2019-02-17";"2019-11-01";"";"";"";"Kiel";"indelivery";1000;"2020-06-07"
17359;"energy";"electricity";3000;2986;"2018-11-06";"2018-12-01";"";"";"";"Duisburg";"indelivery";1002;"2020-07-27"
17360;"energy";"gas";10600;"";"2020-09-16";"2021-04-01";"";"";"";"Bremen";"active";2001;"2020-09-18"
17361;"energy";"electricity";2800;2723;"2020-04-20";"2020-12-01";"";"";"";"Hannover";"active";1002;"2020-05-10"
17362;"energy";"electricity";2200;2163;"2020-07-30";"2020-12-01";"";"";"";"Ludwigshafen";"active";1002;"2020-09-19"
17363;"energy";"electricity";2700;2595;"2018-03-16";"2019-09-01";"";"";"";"Heidelberg";"indelivery";1001;"2018-11-07"
17364;"energy";"electricity";2100;2158;"2018-06-25";"2018-08-01";"2018-08-01";"2019-10-30";"Wiederruf";"Birkenfeld";"terminated";1002;"2019-03-12"
17365;"energy";"electricity";2300;2248;"2020-09-05";"2021-05-01";"";"";"";"Hamburg";"active";1001;"2020-09-20"
17366;"energy";"electricity";2500;2345;"2018-11-30";"2018-12-01";"";"";"";"Berlin";"indelivery";1002;"2019-12-07"
17367;"energy";"electricity";2500;2448;"2020-01-07";"2020-11-01";"";"";"";"Munich";"active";1002;"2020-02-05"
17368;"energy";"electricity";2700;2791;"2019-02-02";"2019-04-01";"";"";"";"Bayreuth";"indelivery";1001;"2019-12-24"
17369;"energy";"electricity";2300;2200;"2018-04-27";"2018-05-01";"";"";"";"Berlin";"indelivery";1001;"2020-03-02"
17370;"energy";"electricity";2400;2403;"2019-06-06";"2019-11-01";"";"";"";"Dortmund";"indelivery";1001;"2020-04-23"
17371;"energy";"electricity";2100;2234;"2019-09-22";"2020-01-01";"2020-09-30";"2020-09-01";"fristgerecht durch Kunde";"Essen";"terminated";1000;"2020-09-01"
17372;"energy";"electricity";2900;3093;"2020-04-18";"2020-12-01";"";"";"";"Bremen";"active";1002;"2020-09-23"
17373;"energy";"electricity";2400;2598;"2020-09-11";"2020-10-01";"";"";"";"Pfaffenhofen";"indelivery";1000;"2020-09-19"
17374;"energy";"electricity";2200;2186;"2020-02-16";"2021-02-01";"";"";"";"Berlin";"active";1001;"2020-02-29"
17375;"energy";"electricity";2600;2595;"2019-05-24";"2019-09-01";"";"";"";"Essen";"indelivery";1000;"2019-10-19"
17376;"energy";"electricity";2900;2956;"2018-03-20";"2019-05-01";"";"";"";"Augsburg";"indelivery";1002;"2018-12-12"
17377;"energy";"electricity";2100;2256;"2019-07-15";"2020-02-01";"2020-02-01";"2020-03-03";"Wiederruf";"Hamburg";"terminated";1002;"2020-03-03"
17378;"energy";"gas";10900;10650;"2020-07-20";"2020-08-01";"";"";"";"Hamburg";"indelivery";2001;"2020-07-29"
17379;"energy";"electricity";2800;2655;"2018-12-10";"2019-07-01";"";"";"";"Wiesbaden";"indelivery";1001;"2020-02-13"
17380;"energy";"electricity";2200;2177;"2019-02-22";"2019-03-01";"2020-10-31";"2020-09-29";"Umzug";"Berlin";"cancelled";1001;"2020-08-30"
17381;"energy";"electricity";2000;2168;"2019-03-15";"2019-05-01";"";"";"";"Mannheim";"indelivery";1001;"2020-06-24"
17382;"energy";"electricity";3000;2950;"2018-08-25";"2018-11-01";"";"";"";"Darmstadt";"indelivery";1001;"2019-01-30"
17383;"energy";"electricity";3100;3229;"2018-06-09";"2018-07-01";"";"";"";"Naumburg";"indelivery";1000;"2019-02-04"
17384;"energy";"gas";8600;8277;"2019-06-24";"2019-11-01";"";"";"";"Lübeck";"indelivery";2001;"2019-12-07"
17385;"energy";"electricity";3000;3166;"2018-01-25";"2018-08-01";"";"";"";"Göttingen";"indelivery";1002;"2018-10-03"
17386;"energy";"electricity";2000;1985;"2018-06-24";"2018-07-01";"";"";"";"Hamburg";"indelivery";1001;"2020-06-29"
17387;"energy";"electricity";2700;2625;"2018-05-14";"2018-08-01";"";"";"";"Mannheim";"indelivery";1001;"2019-02-26"
17388;"energy";"electricity";2700;2785;"2018-08-22";"2018-10-01";"";"";"";"Hamburg";"indelivery";1002;"2018-10-08"
17389;"energy";"electricity";2400;2376;"2019-12-25";"2020-01-01";"";"";"";"Essen";"indelivery";1001;"2020-07-01"
17390;"energy";"electricity";2600;2471;"2018-08-01";"2018-10-01";"2019-04-30";"2019-04-01";"Umzug";"Bonn";"terminated";1002;"2019-04-01"
17391;"energy";"electricity";2000;2139;"2020-07-01";"2020-07-01";"";"";"";"Bielefeld";"indelivery";1001;"2020-09-12"
17392;"energy";"electricity";2600;2764;"2018-07-16";"2018-09-01";"";"";"";"Wiesbaden";"indelivery";1001;"2019-11-17"
17393;"energy";"electricity";2200;2189;"2019-02-01";"2019-06-01";"";"";"";"Berlin";"indelivery";1000;"2019-03-20"
17394;"energy";"electricity";2600;2811;"2018-05-30";"2019-04-01";"2019-10-31";"2019-10-01";"Umzug";"Munich";"terminated";1000;"2019-04-30"
17395;"energy";"electricity";2500;2653;"2019-03-01";"2019-04-01";"2019-09-30";"2019-09-01";"Umzug";"Berlin";"terminated";1001;"2019-09-01"
17396;"energy";"electricity";2200;2168;"2020-06-26";"2020-09-01";"";"";"";"Berlin";"indelivery";1001;"2020-06-30"
17397;"energy";"electricity";2000;2006;"2020-08-25";"2021-02-01";"";"";"";"Berlin";"active";1000;"2020-08-31"
17398;"energy";"gas";7400;7218;"2020-09-28";"2021-05-01";"";"";"";"Hamburg";"active";2000;"2020-09-29"
17399;"energy";"electricity";2500;2533;"2020-05-11";"2020-07-01";"";"";"";"Frankfurt";"indelivery";1002;"2020-08-13"
17400;"energy";"electricity";2900;2897;"2019-10-11";"2020-05-01";"";"";"";"Hannover";"indelivery";1001;"2020-03-06"
17401;"energy";"electricity";2100;2144;"2020-01-21";"2020-02-01";"2020-08-31";"2020-07-30";"fristgerecht durch Kunde";"Düsseldorf";"terminated";1002;"2020-02-28"
17402;"energy";"electricity";2200;2252;"2019-04-21";"2019-06-01";"";"";"";"Pinneberg";"indelivery";1002;"2020-04-01"
17403;"energy";"electricity";2800;"";"2018-03-29";"2018-05-01";"2018-08-31";"2018-07-30";"fristgerecht durch Kunde";"Kiel";"terminated";1000;"2018-07-30"
17404;"energy";"electricity";2000;"";"2020-03-08";"2020-09-01";"";"";"";"Cologne";"indelivery";1000;"2020-07-05"
17405;"energy";"electricity";2300;"";"2019-08-06";"2019-10-01";"";"";"";"Hamburg";"indelivery";1000;"2019-09-30"
17406;"energy";"electricity";2600;"";"2019-09-19";"2019-10-01";"";"";"";"Rostock";"indelivery";1000;"2019-11-23"
17407;"energy";"electricity";2500;2480;"2019-01-09";"2019-03-01";"";"";"";"Marienberg";"indelivery";1000;"2019-05-16"
17408;"energy";"electricity";2200;2235;"2018-11-12";"2019-01-01";"";"";"";"Berlin";"indelivery";1002;"2020-09-02"
17409;"energy";"gas";9700;9625;"2018-01-13";"2018-03-01";"2019-03-31";"2019-03-03";"fristgerecht durch Kunde";"Augsburg";"terminated";2001;"2019-03-03"
17410;"energy";"electricity";2100;2163;"2020-05-25";"2020-07-01";"";"";"";"Augsburg";"indelivery";1000;"2020-06-17"
17411;"energy";"electricity";2400;2596;"2019-05-05";"2020-05-01";"";"";"";"Augsburg";"indelivery";1000;"2020-04-06"
17412;"energy";"electricity";2000;2063;"2018-04-24";"2018-11-01";"";"";"";"Berlin";"indelivery";1002;"2018-07-06"
17413;"energy";"gas";9300;"";"2018-11-28";"2019-05-01";"";"";"";"Düsseldorf";"indelivery";2001;"2020-01-08"
17414;"energy";"electricity";2700;"";"2018-12-05";"2019-01-01";"";"";"";"Stuttgart";"indelivery";1002;"2019-08-29"
17415;"energy";"electricity";1900;1863;"2019-10-18";"2020-04-01";"";"";"";"Berlin";"indelivery";1000;"2020-01-08"
17416;"energy";"gas";11500;12286;"2018-05-06";"2018-09-01";"2018-09-01";"2020-03-30";"Wiederruf";"Berlin";"terminated";2000;"2020-03-30"
17417;"energy";"electricity";2500;2656;"2019-06-06";"2019-08-01";"";"";"";"Magdeburg";"indelivery";1002;"2020-05-24"
17418;"energy";"electricity";2700;2648;"2020-01-26";"2020-03-01";"";"";"";"Göttingen";"indelivery";1000;"2020-08-19"
17419;"energy";"electricity";2800;2707;"2020-09-26";"2020-11-01";"";"";"";"Dresden";"active";1000;"2020-09-27"
17420;"energy";"electricity";2600;2751;"2018-02-12";"2018-05-01";"2019-04-30";"2019-03-26";"Umzug";"Duisburg";"terminated";1000;"2019-03-26"
17421;"energy";"electricity";2800;2731;"2019-04-22";"2019-08-01";"";"";"";"Göttingen";"indelivery";1000;"2020-07-31"
17422;"energy";"gas";10700;10864;"2019-07-01";"2019-07-01";"";"";"";"Mannheim";"indelivery";2001;"2019-11-19"
17423;"energy";"electricity";2400;2489;"2019-01-13";"2019-03-01";"";"";"";"Cologne";"indelivery";1000;"2019-11-04"
17424;"energy";"electricity";2900;2798;"2018-03-28";"2018-04-01";"";"";"";"Duisburg";"indelivery";1000;"2018-07-22"
17425;"energy";"electricity";2500;2601;"2018-02-12";"2018-07-01";"";"";"";"Bielefeld";"indelivery";1001;"2019-04-26"
17426;"energy";"electricity";2800;2914;"2018-02-01";"2019-04-01";"";"";"";"Leipzig";"indelivery";1000;"2019-11-23"
17427;"energy";"gas";10200;10381;"2019-07-20";"2019-08-01";"";"";"";"Berlin";"indelivery";2001;"2020-03-13"
17428;"energy";"gas";8100;8473;"2019-10-11";"2019-12-01";"";"";"";"Gera";"indelivery";2000;"2020-05-01"
17429;"energy";"gas";8500;8303;"2018-04-15";"2018-10-01";"2019-06-30";"2019-06-02";"fristgerecht durch Kunde";"Berlin";"terminated";2000;"2018-04-20"
17430;"energy";"electricity";2200;2084;"2018-01-23";"2018-07-01";"2019-07-31";"2019-07-03";"Umzug";"Düsseldorf";"terminated";1001;"2019-07-03"
17431;"energy";"electricity";2300;2335;"2018-03-22";"2018-05-01";"";"";"";"Oldenburg";"indelivery";1001;"2019-06-15"
17432;"energy";"electricity";2900;2843;"2019-02-01";"2019-04-01";"";"";"";"Würzburg";"indelivery";1001;"2019-07-14"
17433;"energy";"electricity";2200;2248;"2018-04-22";"2018-11-01";"2019-07-31";"2019-07-03";"fristgerecht durch LichtBlick";"Dresden";"terminated";1002;"2018-08-15"
17434;"energy";"gas";10300;10890;"2020-03-30";"2020-05-01";"";"";"";"Schwerin";"indelivery";2001;"2020-04-02"
17435;"energy";"electricity";2300;2307;"2020-02-07";"2020-03-01";"";"";"";"Berlin";"indelivery";1002;"2020-05-15"
17436;"energy";"electricity";2100;2225;"2020-06-01";"2021-02-01";"";"";"";"Stuttgart";"active";1001;"2020-09-21"
17437;"energy";"electricity";2200;"";"2020-03-21";"2020-04-01";"2020-12-31";"2020-11-28";"Umzug";"Lübeck";"cancelled";1000;"2020-06-07"
17438;"energy";"electricity";2600;"";"2020-03-07";"2020-04-01";"";"";"";"Düsseldorf";"indelivery";1000;"2020-04-06"
17439;"energy";"gas";10100;9920;"2019-05-20";"2019-06-01";"2020-04-30";"2020-03-29";"fristgerecht durch Kunde";"Munich";"terminated";2000;"2020-03-29"
17440;"energy";"electricity";1900;1861;"2020-09-30";"2020-11-01";"";"";"";"Cologne";"active";1001;"2020-09-30"
17441;"energy";"electricity";2100;2080;"2019-11-04";"2020-01-01";"";"";"";"Marienberg";"indelivery";1002;"2020-08-27"
17442;"energy";"electricity";2700;2866;"2018-09-12";"2018-11-01";"2018-11-01";"2020-09-29";"Wiederruf";"Mainz";"terminated";1002;"2020-09-27"
17443;"energy";"electricity";2100;2101;"2019-02-02";"2019-06-01";"";"";"";"Augsburg";"indelivery";1002;"2020-04-12"
17444;"energy";"electricity";2300;"";"2020-01-28";"2020-04-01";"";"";"";"Hamburg";"indelivery";1000;"2020-03-05"
17445;"energy";"electricity";1900;1967;"2020-06-01";"2020-11-01";"";"";"";"Hamburg";"active";1001;"2020-08-04"
17446;"energy";"electricity";2500;2611;"2019-07-16";"2020-08-01";"";"";"";"Cologne";"indelivery";1001;"2020-07-06"
17447;"energy";"electricity";2200;"";"2020-07-17";"2020-09-01";"2020-11-30";"2020-10-27";"Umzug";"Bremen";"cancelled";1002;"2020-08-06"
17448;"energy";"electricity";2100;2251;"2019-12-31";"2020-10-01";"";"";"";"Düsseldorf";"indelivery";1002;"2020-08-26"
17449;"energy";"electricity";2500;"";"2020-02-07";"2020-05-01";"2020-11-30";"2020-11-02";"fristgerecht durch Kunde";"Wuppertal";"cancelled";1000;"2020-02-21"
17450;"energy";"electricity";2300;2226;"2018-09-15";"2018-11-01";"2020-10-31";"2020-09-28";"Umzug";"Stuttgart";"cancelled";1002;"2020-09-15"
17451;"energy";"electricity";2600;2609;"2018-01-17";"2018-03-01";"";"";"";"Berlin";"indelivery";1000;"2019-08-02"
17452;"energy";"electricity";2900;"";"2018-09-21";"2018-10-01";"2019-12-31";"2019-12-03";"fristgerecht durch Kunde";"Lübeck";"terminated";1000;"2019-08-10"
17453;"energy";"gas";9600;10256;"2020-07-22";"2021-12-01";"";"";"";"Potsdam";"active";2001;"2020-08-28"
17454;"energy";"electricity";2800;2808;"2020-03-24";"2020-05-01";"";"";"";"Cologne";"indelivery";1000;"2020-09-02"
17455;"energy";"electricity";2400;2430;"2019-11-14";"2020-04-01";"";"";"";"Cologne";"indelivery";1001;"2020-02-04"
17456;"energy";"electricity";2900;2872;"2018-01-29";"2018-02-01";"2019-02-28";"2019-01-28";"fristgerecht durch Kunde";"Düsseldorf";"terminated";1000;"2018-07-16"
17457;"energy";"electricity";2500;2565;"2019-03-10";"2019-12-01";"";"";"";"Hamburg";"indelivery";1001;"2019-11-14"
17458;"energy";"gas";9900;9971;"2020-07-07";"2020-09-01";"";"";"";"Erfurt";"indelivery";2001;"2020-08-02"
17459;"energy";"electricity";2600;2557;"2019-03-17";"2019-09-01";"";"";"";"Merzig";"indelivery";1000;"2020-08-05"
17460;"energy";"electricity";2200;2302;"2018-03-31";"2018-07-01";"2018-10-31";"2018-10-02";"fristgerecht durch LichtBlick";"Bremen";"terminated";1000;"2018-10-02"
17461;"energy";"electricity";2600;2470;"2018-11-27";"2019-04-01";"2020-03-31";"2020-03-02";"Umzug";"Munich";"terminated";1002;"2019-06-27"
17462;"energy";"electricity";2800;3004;"2019-12-09";"2020-02-01";"";"";"";"Dortmund";"indelivery";1002;"2020-07-02"
17463;"energy";"electricity";2900;2929;"2018-04-23";"2018-08-01";"2020-08-31";"2020-08-01";"fristgerecht durch LichtBlick";"Berlin";"terminated";1000;"2019-06-06"
17464;"energy";"electricity";2800;2952;"2019-07-09";"2019-08-01";"";"";"";"Leipzig";"indelivery";1002;"2019-10-05"
17465;"energy";"electricity";2800;2727;"2020-03-24";"2020-09-01";"";"";"";"Karlsruhe";"indelivery";1001;"2020-09-13"
17466;"energy";"electricity";2800;2858;"2020-06-24";"2020-07-01";"";"";"";"Würzburg";"indelivery";1002;"2020-08-25"
17467;"energy";"electricity";2800;2793;"2018-11-16";"2019-07-01";"2019-07-01";"2020-02-24";"Wiederruf";"Cologne";"terminated";1002;"2019-04-26"
17468;"energy";"electricity";2500;2484;"2018-08-09";"2018-09-01";"";"";"";"Munich";"indelivery";1001;"2020-06-23"
17469;"energy";"electricity";2500;2543;"2019-08-30";"2020-06-01";"";"";"";"Stuttgart";"indelivery";1000;"2020-04-08"
17470;"energy";"electricity";3100;3268;"2018-03-31";"2018-09-01";"2018-09-01";"2019-10-31";"Wiederruf";"Bad Homburg";"terminated";1000;"2019-10-31"
17471;"energy";"electricity";2400;2308;"2018-02-11";"2018-06-01";"";"";"";"Frankfurt";"indelivery";1001;"2018-10-08"
17472;"energy";"electricity";2600;2785;"2018-09-25";"2019-02-01";"2020-03-31";"2020-03-01";"fristgerecht durch LichtBlick";"Göttingen";"terminated";1002;"2020-03-01"
17473;"energy";"gas";10100;10285;"2019-07-21";"2019-10-01";"2020-11-30";"2020-11-01";"fristgerecht durch LichtBlick";"Wuppertal";"cancelled";2001;"2020-01-07"
17474;"energy";"gas";8000;7822;"2018-09-16";"2019-04-01";"";"";"";"Berlin";"indelivery";2001;"2019-05-01"
17475;"energy";"electricity";2300;2343;"2020-04-30";"2020-05-01";"";"";"";"Stuttgart";"indelivery";1002;"2020-09-01"
17476;"energy";"gas";10100;10343;"2020-01-24";"2020-03-01";"";"";"";"Würzburg";"indelivery";2000;"2020-01-28"
17477;"energy";"electricity";2000;2120;"2018-11-13";"2019-02-01";"";"";"";"Hamburg";"indelivery";1001;"2020-08-04"
17478;"energy";"electricity";2800;2987;"2018-08-04";"2018-12-01";"";"";"";"Berlin";"indelivery";1001;"2019-09-06"
17479;"energy";"electricity";2200;2338;"2018-02-21";"2018-07-01";"";"";"";"Altötting";"indelivery";1000;"2018-11-29"
17480;"energy";"electricity";2200;2104;"2019-07-05";"2019-10-01";"";"";"";"Neuss";"indelivery";1002;"2020-08-20"
17481;"energy";"gas";8400;8550;"2019-07-23";"2019-12-01";"";"";"";"Düsseldorf";"indelivery";2001;"2020-01-22"
17482;"energy";"electricity";3000;"";"2018-06-05";"2018-10-01";"";"";"";"Hannover";"indelivery";1001;"2019-05-24"
17483;"energy";"electricity";2900;2943;"2019-08-02";"2020-07-01";"";"";"";"Magdeburg";"indelivery";1000;"2020-05-16"
17484;"energy";"electricity";2500;2520;"2018-07-14";"2018-08-01";"";"";"";"Hamburg";"indelivery";1002;"2018-09-19"
17485;"energy";"electricity";2600;2751;"2019-06-25";"2019-08-01";"";"";"";"Düsseldorf";"indelivery";1001;"2020-07-30"
17486;"energy";"electricity";2600;2820;"2018-11-20";"2018-12-01";"";"";"";"Hamburg";"indelivery";1001;"2019-03-20"
17487;"energy";"electricity";2400;2367;"2019-07-24";"2019-11-01";"";"";"";"Hamburg";"indelivery";1001;"2019-09-05"
17488;"energy";"electricity";2000;2122;"2020-05-20";"2021-04-01";"";"";"";"Karlsruhe";"active";1001;"2020-09-30"
17489;"energy";"electricity";2600;2702;"2018-07-24";"2018-08-01";"2020-07-31";"2020-07-02";"fristgerecht durch Kunde";"Altchemnitz";"terminated";1002;"2019-08-14"
17490;"energy";"electricity";2100;2169;"2019-04-09";"2019-09-01";"";"";"";"Hannover";"indelivery";1000;"2020-05-16"
17491;"energy";"electricity";2800;2948;"2019-10-13";"2020-05-01";"2020-10-31";"2020-10-03";"Umzug";"Mosbach";"cancelled";1000;"2020-02-28"
17492;"energy";"electricity";2600;2516;"2018-09-05";"2018-11-01";"";"";"";"Wuppertal";"indelivery";1000;"2020-06-27"
17493;"energy";"electricity";2700;2854;"2018-11-05";"2019-01-01";"";"";"";"Essen";"indelivery";1000;"2019-01-16"
17494;"energy";"electricity";2400;2533;"2018-12-07";"2019-01-01";"";"";"";"Lübeck";"indelivery";1002;"2018-12-12"
17495;"energy";"electricity";2000;2127;"2018-04-14";"2019-01-01";"2020-02-29";"2020-02-01";"Umzug";"Düsseldorf";"terminated";1002;"2018-05-10"
17496;"energy";"electricity";2300;2432;"2018-11-01";"2020-01-01";"";"";"";"Marienberg";"indelivery";1000;"2020-03-02"
17497;"energy";"electricity";2300;2210;"2019-08-04";"2020-03-01";"";"";"";"Berlin";"indelivery";1002;"2020-01-28"
17498;"energy";"electricity";2100;2245;"2019-09-07";"2019-11-01";"";"";"";"Dortmund";"indelivery";1001;"2020-08-09"
17499;"energy";"electricity";2300;2280;"2020-09-17";"2022-01-01";"";"";"";"Wuppertal";"active";1002;"2020-09-30"
17500;"energy";"electricity";2700;2558;"2018-03-12";"2018-05-01";"";"";"";"Dortmund";"indelivery";1002;"2019-08-17"
17501;"energy";"electricity";2700;2662;"2018-08-03";"2018-10-01";"";"";"";"Frankfurt";"indelivery";1001;"2019-05-08"
17502;"energy";"electricity";2400;2332;"2020-03-14";"2020-07-01";"";"";"";"Mainz";"indelivery";1000;"2020-07-25"
17503;"energy";"electricity";3000;3168;"2020-04-21";"2020-09-01";"";"";"";"Ansbach";"indelivery";1002;"2020-05-26"
17504;"energy";"electricity";3000;"";"2018-09-10";"2018-10-01";"";"";"";"Friedberg";"indelivery";1000;"2019-02-13"
17505;"energy";"electricity";2500;2697;"2020-02-16";"2020-04-01";"";"";"";"Wuppertal";"indelivery";1001;"2020-04-10"
17506;"energy";"electricity";2700;2819;"2020-04-15";"2020-09-01";"";"";"";"Marienberg";"indelivery";1002;"2020-05-20"
17507;"energy";"electricity";2500;2435;"2019-10-21";"2019-12-01";"";"";"";"Stuttgart";"indelivery";1001;"2019-12-01"
17508;"energy";"electricity";2600;2550;"2018-08-24";"2018-09-01";"2018-10-31";"2018-09-29";"Umzug";"Leipzig";"terminated";1000;"2018-09-29"
17509;"energy";"electricity";2100;2156;"2018-04-06";"2019-01-01";"";"";"";"Düsseldorf";"indelivery";1000;"2018-07-15"
17510;"energy";"electricity";3000;2844;"2019-08-23";"2019-09-01";"";"";"";"Starnberg";"indelivery";1001;"2019-12-28"
17511;"energy";"electricity";2000;2105;"2018-01-18";"2018-02-01";"";"";"";"Hamburg";"indelivery";1000;"2018-07-12"
17512;"energy";"electricity";2700;2617;"2018-11-21";"2019-01-01";"";"";"";"Mainz";"indelivery";1002;"2019-01-10"
17513;"energy";"electricity";2700;2636;"2018-05-18";"2018-11-01";"";"";"";"Saarbrücken";"indelivery";1001;"2019-07-05"
17514;"energy";"gas";10600;10731;"2018-09-14";"2018-12-01";"";"";"";"Duisburg";"indelivery";2000;"2019-05-11"
17515;"energy";"electricity";3000;3015;"2019-05-26";"2020-01-01";"";"";"";"Bonn";"indelivery";1001;"2019-08-02"
17516;"energy";"electricity";2100;2178;"2019-03-16";"2019-08-01";"";"";"";"Berlin";"indelivery";1000;"2020-04-27"
17517;"energy";"electricity";2100;2069;"2019-05-24";"2019-06-01";"";"";"";"Augsburg";"indelivery";1000;"2020-07-11"
17518;"energy";"gas";8300;8648;"2018-01-27";"2018-05-01";"";"";"";"Hannover";"indelivery";2001;"2019-04-03"
17519;"energy";"electricity";2300;2410;"2019-08-05";"2019-09-01";"";"";"";"Berlin";"indelivery";1000;"2020-08-12"
17520;"energy";"electricity";2600;2576;"2018-03-25";"2018-07-01";"2019-09-30";"2019-08-26";"fristgerecht durch Kunde";"Altchemnitz";"terminated";1002;"2018-10-04"
17521;"energy";"electricity";2700;2603;"2018-10-19";"2018-11-01";"";"";"";"Berlin";"indelivery";1000;"2020-02-13"
17522;"energy";"gas";7900;8226;"2019-03-27";"2019-10-01";"";"";"";"Cologne";"indelivery";2000;"2020-01-11"
17523;"energy";"electricity";2500;2590;"2020-09-10";"2020-11-01";"";"";"";"Wuppertal";"active";1001;"2020-09-19"
17524;"energy";"electricity";2500;2587;"2019-07-03";"2019-09-01";"";"";"";"Ratzeburg";"indelivery";1002;"2019-07-18"
17525;"energy";"gas";7800;7934;"2018-06-19";"2019-04-01";"";"";"";"Berlin";"indelivery";2000;"2019-05-18"
17526;"energy";"electricity";2700;2729;"2018-07-19";"2019-04-01";"";"";"";"Potsdam";"indelivery";1002;"2020-08-14"
17527;"energy";"electricity";2200;2283;"2020-01-02";"2020-03-01";"2020-09-30";"2020-08-31";"fristgerecht durch LichtBlick";"Munich";"terminated";1002;"2020-03-30"
17528;"energy";"electricity";2500;"";"2018-11-13";"2019-01-01";"";"";"";"Schwerin";"indelivery";1002;"2019-03-21"
17529;"energy";"electricity";2100;2004;"2019-08-15";"2019-12-01";"";"";"";"Bonn";"indelivery";1000;"2020-05-26"
17530;"energy";"electricity";2500;2662;"2019-01-18";"2019-05-01";"";"";"";"Hannover";"indelivery";1002;"2019-12-19"
17531;"energy";"electricity";2200;"";"2019-08-27";"2019-10-01";"2020-12-31";"2020-12-03";"fristgerecht durch Kunde";"Wuppertal";"cancelled";1000;"2019-10-18"
17532;"energy";"electricity";2800;3040;"2018-08-19";"2018-09-01";"2018-10-31";"2018-10-01";"fristgerecht durch LichtBlick";"Magdeburg";"terminated";1002;"2018-10-01"
17533;"energy";"electricity";2400;2409;"2018-06-20";"2018-12-01";"";"";"";"Cologne";"indelivery";1000;"2020-01-15"
17534;"energy";"electricity";3100;3239;"2019-01-24";"2020-04-01";"";"";"";"Göppingen";"indelivery";1001;"2019-03-14"
17535;"energy";"electricity";2300;2449;"2020-07-29";"2020-08-01";"";"";"";"Freiburg";"indelivery";1000;"2020-09-06"
17536;"energy";"electricity";2300;2196;"2019-09-04";"2019-11-01";"";"";"";"Stuttgart";"indelivery";1001;"2020-05-05"
17537;"energy";"electricity";3000;3077;"2018-01-23";"2018-05-01";"";"";"";"Dortmund";"indelivery";1002;"2019-08-31"
17538;"energy";"electricity";2700;"";"2018-09-15";"2018-11-01";"";"";"";"Munich";"indelivery";1002;"2019-02-23"
17539;"energy";"electricity";2600;"";"2020-05-09";"2020-08-01";"";"";"";"Kiel";"indelivery";1002;"2020-09-16"
17540;"energy";"electricity";2700;2566;"2018-06-01";"2018-09-01";"";"";"";"Dresden";"indelivery";1001;"2020-08-19"
17541;"energy";"electricity";2000;1983;"2018-11-07";"2019-02-01";"";"";"";"Munich";"indelivery";1000;"2020-08-26"
17542;"energy";"electricity";2700;2925;"2019-08-04";"2020-01-01";"";"";"";"Erfurt";"indelivery";1001;"2020-08-29"
17543;"energy";"electricity";2500;2543;"2020-06-13";"2020-08-01";"";"";"";"Hamburg";"indelivery";1001;"2020-09-29"
17544;"energy";"electricity";2000;2022;"2020-01-05";"2020-02-01";"";"";"";"Münster";"indelivery";1000;"2020-05-18"
17545;"energy";"electricity";2400;2423;"2018-01-11";"2018-02-01";"2018-02-01";"2020-10-28";"Wiederruf";"Kassel";"terminated";1000;"2020-02-09"
17546;"energy";"electricity";2200;2328;"2019-04-27";"2019-06-01";"";"";"";"Bremen";"indelivery";1002;"2020-09-12"
17547;"energy";"electricity";2600;2603;"2018-11-06";"2019-06-01";"";"";"";"Duisburg";"indelivery";1000;"2020-04-29"
17548;"energy";"electricity";2500;2569;"2020-08-28";"2020-10-01";"";"";"";"Düsseldorf";"indelivery";1002;"2020-09-13"
17549;"energy";"electricity";2500;2462;"2020-05-17";"2020-07-01";"";"";"";"Hamburg";"indelivery";1000;"2020-09-14"
17550;"energy";"electricity";2300;2396;"2018-03-10";"2018-04-01";"2018-05-31";"2018-05-01";"fristgerecht durch LichtBlick";"Hamburg";"terminated";1002;"2018-05-01"
17551;"energy";"electricity";2900;2948;"2020-04-19";"2021-03-01";"";"";"";"Bremen";"active";1000;"2020-07-20"
17552;"energy";"gas";11700;11940;"2019-12-11";"2020-05-01";"";"";"";"Rosenheim";"indelivery";2000;"2020-09-03"
17553;"energy";"electricity";2000;1997;"2018-03-24";"2018-05-01";"2018-05-01";"2019-02-25";"Wiederruf";"Würzburg";"terminated";1000;"2019-02-25"
17554;"energy";"electricity";2200;2216;"2019-10-25";"2019-12-01";"";"";"";"Wiesbaden";"indelivery";1000;"2020-06-28"
17555;"energy";"electricity";2800;2942;"2019-07-25";"2019-10-01";"";"";"";"Freiburg";"indelivery";1000;"2020-06-27"
17556;"energy";"electricity";2900;2875;"2020-07-29";"2020-12-01";"";"";"";"Göttingen";"active";1000;"2020-08-20"
17557;"energy";"electricity";3000;2901;"2019-12-10";"2020-02-01";"";"";"";"Duisburg";"indelivery";1002;"2020-08-21"
17558;"energy";"electricity";2400;2310;"2020-05-04";"2020-10-01";"";"";"";"Bremen";"indelivery";1001;"2020-06-08"
17559;"energy";"electricity";2400;2542;"2019-12-24";"2020-02-01";"";"";"";"Potsdam";"indelivery";1002;"2020-04-29"
17560;"energy";"electricity";2100;2179;"2018-04-22";"2018-07-01";"2020-11-30";"2020-11-02";"fristgerecht durch Kunde";"Ulm";"cancelled";1002;"2019-09-28"
17561;"energy";"gas";11700;11243;"2018-03-13";"2018-09-01";"";"";"";"Rosenheim";"indelivery";2001;"2020-05-19"
17562;"energy";"gas";9600;9928;"2019-03-29";"2019-04-01";"";"";"";"Berlin";"indelivery";2001;"2019-06-19"
17563;"energy";"electricity";2500;2577;"2020-04-09";"2020-06-01";"";"";"";"Munich";"indelivery";1000;"2020-09-28"
17564;"energy";"gas";11100;11050;"2019-08-02";"2019-10-01";"";"";"";"Hamburg";"indelivery";2001;"2019-08-18"
17565;"energy";"electricity";2100;1995;"2019-01-09";"2019-04-01";"2019-04-01";"2020-07-02";"Wiederruf";"Würzburg";"terminated";1001;"2019-12-25"
17566;"energy";"electricity";2400;2547;"2018-06-14";"2019-01-01";"";"";"";"Augsburg";"indelivery";1001;"2020-05-01"
17567;"energy";"electricity";2000;1936;"2019-11-03";"2020-02-01";"2020-07-31";"2020-07-02";"fristgerecht durch Kunde";"Saarbrücken";"terminated";1001;"2019-11-04"
17568;"energy";"electricity";2300;"";"2019-03-06";"2019-07-01";"2020-05-31";"2020-05-02";"fristgerecht durch LichtBlick";"Essen";"terminated";1001;"2019-07-26"
17569;"energy";"gas";8900;8500;"2018-04-22";"2018-07-01";"";"";"";"Munich";"indelivery";2000;"2019-06-30"
17570;"energy";"electricity";2200;2138;"2019-12-06";"2020-02-01";"";"";"";"Bremen";"indelivery";1002;"2020-03-24"
17571;"energy";"electricity";2200;"";"2019-02-03";"2019-07-01";"";"";"";"Bremen";"indelivery";1001;"2020-05-13"
17572;"energy";"electricity";2100;2003;"2018-12-23";"2019-01-01";"2019-02-28";"2019-01-24";"fristgerecht durch LichtBlick";"Berlin";"terminated";1002;"2019-01-24"
17573;"energy";"electricity";2100;2016;"2020-07-12";"2021-07-01";"";"";"";"Kiel";"active";1001;"2020-08-02"
17574;"energy";"electricity";2300;2326;"2020-04-19";"2020-06-01";"2020-06-01";"2020-07-23";"Wiederruf";"Marienberg";"terminated";1000;"2020-06-14"
17575;"energy";"electricity";2400;2310;"2018-02-06";"2018-09-01";"";"";"";"Heidelberg";"indelivery";1002;"2018-09-30"
17576;"energy";"electricity";2100;2131;"2018-10-27";"2019-01-01";"";"";"";"Hamburg";"indelivery";1000;"2019-06-14"
17577;"energy";"electricity";2200;2292;"2020-07-11";"2021-01-01";"";"";"";"Munich";"active";1002;"2020-09-09"
17578;"energy";"electricity";3000;2848;"2020-04-09";"2020-05-01";"2020-06-30";"2020-06-02";"Umzug";"Schwerin";"terminated";1002;"2020-06-02"
17579;"energy";"electricity";2700;2854;"2020-04-14";"2020-05-01";"2020-08-31";"2020-08-02";"Umzug";"Berlin";"terminated";1002;"2020-08-02"
17580;"energy";"electricity";2000;2162;"2019-06-23";"2019-07-01";"";"";"";"Berlin";"indelivery";1002;"2020-06-07"
17581;"energy";"electricity";2400;2545;"2018-03-12";"2018-08-01";"2020-10-31";"2020-10-02";"fristgerecht durch Kunde";"Berlin";"cancelled";1001;"2020-03-05"
17582;"energy";"electricity";2300;"";"2019-01-11";"2019-12-01";"";"";"";"Hamburg";"indelivery";1001;"2019-05-10"
17583;"energy";"electricity";2700;2844;"2020-02-27";"2020-06-01";"";"";"";"Berlin";"indelivery";1001;"2020-05-28"
17584;"energy";"gas";11200;11538;"2019-03-28";"2019-04-01";"";"";"";"Bonn";"indelivery";2001;"2020-04-04"
17585;"energy";"electricity";2000;2120;"2019-06-21";"2020-05-01";"";"";"";"Schwerin";"indelivery";1001;"2020-04-05"
17586;"energy";"electricity";2700;"";"2018-08-26";"2018-12-01";"2019-12-31";"2019-11-26";"fristgerecht durch Kunde";"Freiburg";"terminated";1002;"2019-11-26"
17587;"energy";"electricity";2700;2710;"2020-05-24";"2020-10-01";"";"";"";"Bielefeld";"indelivery";1002;"2020-08-08"
17588;"energy";"electricity";2800;"";"2019-02-26";"2019-09-01";"2019-09-01";"2019-12-02";"Wiederruf";"Freiburg";"terminated";1000;"2019-03-27"
17589;"energy";"electricity";2800;2709;"2020-04-07";"2020-08-01";"";"";"";"Schwerin";"indelivery";1001;"2020-09-30"
17590;"energy";"gas";11700;11391;"2019-06-16";"2019-12-01";"";"";"";"Frankfurt";"indelivery";2000;"2020-09-19"
17591;"energy";"electricity";2100;2074;"2020-04-14";"2020-07-01";"";"";"";"Stralsund";"indelivery";1001;"2020-04-26"
17592;"energy";"electricity";2500;2457;"2019-12-26";"2020-01-01";"";"";"";"Berlin";"indelivery";1002;"2020-02-23"
17593;"energy";"gas";11200;10996;"2019-11-09";"2020-04-01";"";"";"";"Saarbrücken";"indelivery";2000;"2020-03-30"
17594;"energy";"electricity";2600;2626;"2019-12-02";"2020-07-01";"";"";"";"Frankfurt";"indelivery";1000;"2020-07-17"
17595;"energy";"electricity";2100;2231;"2019-07-16";"2019-09-01";"";"";"";"Leipzig";"indelivery";1000;"2020-07-25"
17596;"energy";"gas";8100;8281;"2019-01-10";"2019-02-01";"";"";"";"Dortmund";"indelivery";2000;"2020-03-11"
17597;"energy";"electricity";2000;1937;"2019-09-23";"2019-10-01";"";"";"";"Hamburg";"indelivery";1002;"2020-02-21"
17598;"energy";"electricity";2200;2221;"2018-09-05";"2019-02-01";"";"";"";"Berlin";"indelivery";1002;"2019-07-10"
17599;"energy";"gas";9200;9039;"2018-11-04";"2019-01-01";"2019-01-01";"2020-07-27";"Wiederruf";"Heidelberg";"terminated";2000;"2019-03-13"
17600;"energy";"electricity";2300;2294;"2019-05-20";"2019-10-01";"";"";"";"Frankfurt";"indelivery";1000;"2020-04-13"
17601;"energy";"electricity";2100;2065;"2020-03-16";"2020-04-01";"";"";"";"Heidelberg";"indelivery";1002;"2020-08-09"
17602;"energy";"electricity";2200;2169;"2020-03-02";"2020-04-01";"";"";"";"Hamburg";"indelivery";1001;"2020-09-08"
17603;"energy";"electricity";3100;3235;"2019-09-25";"2019-10-01";"";"";"";"Erlangen";"indelivery";1001;"2020-08-13"
17604;"energy";"electricity";2100;2068;"2019-10-27";"2020-07-01";"";"";"";"Senftenberg";"indelivery";1001;"2020-04-01"
17605;"energy";"electricity";2500;2607;"2019-11-07";"2019-12-01";"2020-09-30";"2020-08-27";"fristgerecht durch Kunde";"Wiesbaden";"terminated";1000;"2020-08-10"
17606;"energy";"electricity";2400;"";"2020-07-05";"2021-08-01";"";"";"";"Leipzig";"active";1000;"2020-07-13"
17607;"energy";"electricity";2100;2122;"2020-03-04";"2020-05-01";"";"";"";"Munich";"indelivery";1001;"2020-04-06"
17608;"energy";"electricity";2400;"";"2019-08-15";"2019-10-01";"";"";"";"Stralsund";"indelivery";1002;"2020-07-30"
17609;"energy";"electricity";2200;2080;"2018-11-26";"2019-07-01";"";"";"";"Cologne";"indelivery";1000;"2020-09-23"
17610;"energy";"electricity";2200;2065;"2020-06-12";"2020-08-01";"";"";"";"Münster";"indelivery";1002;"2020-09-14"
17611;"energy";"electricity";2300;2279;"2018-12-20";"2019-01-01";"";"";"";"Stuttgart";"indelivery";1001;"2020-04-14"
17612;"energy";"electricity";2700;2715;"2018-08-05";"2018-10-01";"";"";"";"Hamburg";"indelivery";1000;"2018-10-26"
17613;"energy";"gas";8400;8077;"2020-01-27";"2020-07-01";"";"";"";"Marienberg";"indelivery";2001;"2020-06-02"
17614;"energy";"electricity";2700;2683;"2018-10-02";"2018-12-01";"";"";"";"Saarbrücken";"indelivery";1001;"2019-01-11"
17615;"energy";"electricity";2600;2644;"2018-11-17";"2019-03-01";"";"";"";"Freyung";"indelivery";1000;"2019-07-07"
17616;"energy";"electricity";2100;2194;"2019-09-30";"2020-01-01";"";"";"";"Cologne";"indelivery";1000;"2019-12-11"
17617;"energy";"electricity";2700;"";"2018-11-17";"2019-02-01";"";"";"";"Altchemnitz";"indelivery";1000;"2019-12-20"
17618;"energy";"electricity";2200;2229;"2020-07-16";"2020-12-01";"";"";"";"Mannheim";"active";1000;"2020-09-10"
17619;"energy";"electricity";3000;3127;"2019-12-08";"2020-02-01";"2020-07-31";"2020-07-03";"fristgerecht durch Kunde";"Bremen";"terminated";1001;"2020-02-21"
17620;"energy";"electricity";2100;2122;"2019-08-20";"2020-02-01";"";"";"";"Frankfurt";"indelivery";1002;"2020-04-15"
17621;"energy";"gas";10800;10544;"2019-03-10";"2019-07-01";"";"";"";"Dresden";"indelivery";2000;"2020-02-21"
17622;"energy";"electricity";2900;2960;"2019-02-02";"2019-04-01";"";"";"";"Düsseldorf";"indelivery";1001;"2020-01-04"
17623;"energy";"gas";11900;11475;"2018-11-21";"2019-04-01";"2020-09-30";"2020-08-29";"Umzug";"Duisburg";"terminated";2000;"2020-07-09"
17624;"energy";"electricity";2500;2577;"2020-07-20";"2020-08-01";"";"";"";"Esslingen";"indelivery";1002;"2020-08-02"
17625;"energy";"electricity";2800;3014;"2018-09-21";"2019-02-01";"";"";"";"Duisburg";"indelivery";1000;"2020-02-01"
17626;"energy";"electricity";2400;2475;"2019-09-25";"2019-12-01";"";"";"";"Münster";"indelivery";1001;"2020-02-13"
17627;"energy";"electricity";2900;2994;"2018-01-24";"2018-03-01";"2018-03-01";"2019-09-01";"Wiederruf";"Mainz";"terminated";1002;"2019-04-19"
17628;"energy";"electricity";2600;2635;"2020-07-20";"2021-05-01";"";"";"";"Altchemnitz";"active";1001;"2020-09-03"
17629;"energy";"electricity";2300;2342;"2019-08-17";"2020-01-01";"";"";"";"Mannheim";"indelivery";1001;"2019-11-13"
17630;"energy";"electricity";2700;2620;"2018-01-05";"2018-05-01";"";"";"";"Stuttgart";"indelivery";1001;"2019-07-12"
17631;"energy";"electricity";2600;2729;"2019-04-18";"2019-05-01";"";"";"";"Hamburg";"indelivery";1001;"2020-01-06"
17632;"energy";"electricity";2100;2160;"2019-01-24";"2019-05-01";"";"";"";"Munich";"indelivery";1002;"2019-03-03"
17633;"energy";"electricity";2800;2839;"2019-08-30";"2020-02-01";"";"";"";"Munich";"indelivery";1001;"2020-07-19"
17634;"energy";"electricity";2700;2610;"2020-06-17";"2020-11-01";"";"";"";"Berlin";"active";1001;"2020-09-11"
17635;"energy";"electricity";2700;"";"2018-11-09";"2019-01-01";"";"";"";"Bremen";"indelivery";1000;"2019-04-05"
17636;"energy";"electricity";2500;2407;"2019-12-13";"2020-07-01";"";"";"";"Ulm";"indelivery";1001;"2020-05-19"
17637;"energy";"gas";8700;8366;"2018-09-17";"2018-11-01";"";"";"";"Hildesheim";"indelivery";2000;"2019-01-12"
17638;"energy";"electricity";2700;2811;"2018-11-14";"2019-01-01";"2019-02-28";"2019-01-28";"Umzug";"Munich";"terminated";1001;"2019-01-28"
17639;"energy";"electricity";2400;"";"2019-09-11";"2020-02-01";"2020-07-31";"2020-07-01";"fristgerecht durch Kunde";"Augsburg";"terminated";1001;"2020-07-01"
17640;"energy";"electricity";2200;2128;"2018-06-19";"2018-07-01";"";"";"";"Mainz";"indelivery";1000;"2018-10-17"
17641;"energy";"electricity";2400;2338;"2019-03-17";"2019-11-01";"";"";"";"Leipzig";"indelivery";1001;"2019-04-04"
17642;"energy";"gas";11300;10999;"2019-06-27";"2019-10-01";"";"";"";"Düsseldorf";"indelivery";2001;"2020-07-20"
17643;"energy";"gas";10400;10457;"2020-03-14";"2020-06-01";"";"";"";"Münster";"indelivery";2000;"2020-09-09"
17644;"energy";"electricity";2700;"";"2018-09-12";"2019-02-01";"2020-06-30";"2020-06-02";"fristgerecht durch Kunde";"Berlin";"terminated";1002;"2019-04-10"
17645;"energy";"gas";7500;7695;"2018-07-07";"2018-12-01";"2020-09-30";"2020-08-31";"fristgerecht durch Kunde";"Cologne";"terminated";2001;"2018-11-27"
17646;"energy";"gas";9500;9057;"2018-08-04";"2019-01-01";"";"";"";"Kassel";"indelivery";2001;"2019-07-08"
17647;"energy";"electricity";2300;2305;"2018-02-12";"2018-06-01";"2020-01-31";"2019-12-30";"Umzug";"Stuttgart";"terminated";1001;"2018-03-15"
17648;"energy";"electricity";2400;2361;"2020-01-08";"2020-04-01";"2020-08-31";"2020-07-31";"fristgerecht durch Kunde";"Berlin";"terminated";1001;"2020-07-31"
17649;"energy";"electricity";1900;1877;"2019-11-30";"2020-01-01";"2020-05-31";"2020-05-02";"Umzug";"Munich";"terminated";1001;"2020-03-02"
17650;"energy";"electricity";2800;2773;"2018-03-21";"2018-06-01";"2018-06-01";"2019-04-28";"Wiederruf";"Augsburg";"terminated";1000;"2019-02-19"
17651;"energy";"electricity";2300;2401;"2018-09-20";"2018-10-01";"";"";"";"Kassel";"indelivery";1001;"2019-10-03"
17652;"energy";"electricity";2200;2191;"2018-04-02";"2018-08-01";"";"";"";"Bielefeld";"indelivery";1000;"2018-11-03"
17653;"energy";"gas";9800;9613;"2018-01-23";"2018-02-01";"";"";"";"Rostock";"indelivery";2000;"2018-10-16"
17654;"energy";"electricity";2100;2155;"2019-11-01";"2019-12-01";"";"";"";"Stuttgart";"indelivery";1001;"2020-04-12"
17655;"energy";"electricity";2100;2145;"2020-04-24";"2020-08-01";"";"";"";"Frankfurt (Oder)";"indelivery";1002;"2020-07-31"
17656;"energy";"electricity";2500;"";"2020-04-15";"2020-07-01";"";"";"";"Munich";"indelivery";1001;"2020-07-22"
17657;"energy";"gas";10200;9827;"2020-03-06";"2020-04-01";"";"";"";"Jena";"indelivery";2001;"2020-09-05"
17658;"energy";"electricity";2900;2776;"2018-04-06";"2018-07-01";"";"";"";"Altchemnitz";"indelivery";1000;"2019-12-07"
17659;"energy";"electricity";2400;2330;"2019-08-16";"2019-11-01";"";"";"";"Gera";"indelivery";1001;"2020-08-05"
17660;"energy";"electricity";2400;2486;"2018-02-01";"2018-07-01";"";"";"";"Kassel";"indelivery";1001;"2019-04-07"
17661;"energy";"gas";9800;9724;"2019-11-18";"2020-02-01";"";"";"";"Berlin";"indelivery";2000;"2019-11-26"
17662;"energy";"electricity";2200;2280;"2020-03-04";"2020-06-01";"";"";"";"Simmern";"indelivery";1000;"2020-09-13"
17663;"energy";"electricity";2300;2232;"2018-07-19";"2019-01-01";"";"";"";"Berlin";"indelivery";1000;"2020-08-19"
17664;"energy";"electricity";2900;3072;"2018-11-11";"2019-08-01";"";"";"";"Munich";"indelivery";1002;"2020-01-15"
17665;"energy";"electricity";2200;2083;"2019-04-14";"2019-09-01";"";"";"";"Dresden";"indelivery";1002;"2020-03-08"
17666;"energy";"electricity";2800;2693;"2019-05-07";"2019-09-01";"2020-03-31";"2020-03-02";"fristgerecht durch Kunde";"Dresden";"terminated";1002;"2019-12-14"
17667;"energy";"electricity";2500;2490;"2018-12-02";"2019-01-01";"";"";"";"Düsseldorf";"indelivery";1000;"2019-10-13"
17668;"energy";"electricity";2700;2960;"2020-08-13";"2021-07-01";"";"";"";"Kiel";"active";1000;"2020-08-16"
17669;"energy";"electricity";2700;2664;"2018-06-04";"2018-08-01";"";"";"";"Luckenwalde";"indelivery";1002;"2018-12-25"
17670;"energy";"electricity";2500;2530;"2018-03-27";"2018-04-01";"";"";"";"Berlin";"indelivery";1000;"2019-02-11"
17671;"energy";"electricity";2600;2702;"2019-01-06";"2019-09-01";"2020-09-30";"2020-08-29";"fristgerecht durch LichtBlick";"Cologne";"terminated";1001;"2020-03-14"
17672;"energy";"electricity";2800;2915;"2018-10-21";"2018-12-01";"";"";"";"Gießen";"indelivery";1000;"2019-05-14"
17673;"energy";"electricity";2300;"";"2019-05-23";"2019-08-01";"";"";"";"Wiesbaden";"indelivery";1001;"2020-05-06"
17674;"energy";"electricity";2600;2579;"2020-07-12";"2020-09-01";"";"";"";"Berlin";"indelivery";1000;"2020-07-22"
17675;"energy";"electricity";1900;"";"2020-02-19";"2020-06-01";"";"";"";"Berlin";"indelivery";1001;"2020-09-07"
17676;"energy";"electricity";2700;2613;"2018-02-12";"2018-03-01";"";"";"";"Freiburg";"indelivery";1001;"2020-05-30"
17677;"energy";"electricity";2700;2648;"2019-12-24";"2020-02-01";"2020-02-01";"2020-06-01";"Wiederruf";"Berlin";"terminated";1001;"2020-06-01"
17678;"energy";"electricity";2600;2781;"2018-11-28";"2019-01-01";"";"";"";"Berlin";"indelivery";1000;"2020-04-22"
17679;"energy";"electricity";2800;2953;"2020-07-13";"2020-09-01";"2020-10-31";"2020-10-02";"Umzug";"Hamburg";"cancelled";1002;"2020-08-28"
17680;"energy";"electricity";2200;2092;"2020-08-26";"2021-06-01";"";"";"";"Hamburg";"active";1000;"2020-09-13"
17681;"energy";"electricity";2500;2472;"2018-03-30";"2018-05-01";"2018-12-31";"2018-12-02";"fristgerecht durch LichtBlick";"Hamburg";"terminated";1002;"2018-12-02"
17682;"energy";"electricity";2200;"";"2018-03-05";"2019-02-01";"2019-08-31";"2019-08-02";"fristgerecht durch LichtBlick";"Essen";"terminated";1000;"2018-03-20"
17683;"energy";"electricity";2000;2089;"2019-04-14";"2019-06-01";"";"";"";"Bad Reichenhall";"indelivery";1000;"2019-06-04"
17684;"energy";"electricity";2500;2602;"2019-05-02";"2019-07-01";"";"";"";"Duisburg";"indelivery";1000;"2019-06-25"
17685;"energy";"electricity";2200;2159;"2019-09-23";"2020-04-01";"";"";"";"Hamburg";"indelivery";1001;"2020-09-26"
17686;"energy";"electricity";2300;2382;"2019-05-06";"2019-07-01";"";"";"";"Mainz";"indelivery";1000;"2020-02-06"
17687;"energy";"electricity";2900;3013;"2020-01-16";"2020-02-01";"";"";"";"Freiburg";"indelivery";1000;"2020-08-12"
17688;"energy";"electricity";2800;2829;"2018-11-08";"2020-02-01";"";"";"";"Frankfurt";"indelivery";1001;"2019-08-29"
17689;"energy";"electricity";2800;2947;"2019-10-07";"2020-04-01";"";"";"";"Berlin";"indelivery";1001;"2020-05-15"
17690;"energy";"gas";11100;11457;"2020-02-24";"2020-04-01";"";"";"";"Hamburg";"indelivery";2001;"2020-05-13"
17691;"energy";"electricity";2200;2266;"2019-05-16";"2019-06-01";"";"";"";"Stuttgart";"indelivery";1000;"2019-08-11"
17692;"energy";"electricity";2100;2225;"2018-08-04";"2018-09-01";"2020-12-31";"2020-12-03";"Umzug";"Kassel";"cancelled";1002;"2019-07-07"
17693;"energy";"electricity";2500;2411;"2019-01-07";"2019-09-01";"";"";"";"Dresden";"indelivery";1002;"2020-01-28"
17694;"energy";"electricity";2300;2219;"2018-08-09";"2019-04-01";"";"";"";"Frankfurt";"indelivery";1001;"2019-02-12"
17695;"energy";"electricity";2700;2930;"2018-07-10";"2019-05-01";"";"";"";"Düsseldorf";"indelivery";1000;"2018-08-30"
17696;"energy";"electricity";2100;1994;"2019-07-01";"2019-08-01";"";"";"";"Düsseldorf";"indelivery";1001;"2020-02-10"
17697;"energy";"electricity";2300;2453;"2019-02-12";"2019-03-01";"2020-08-31";"2020-08-02";"Umzug";"Dortmund";"terminated";1000;"2019-08-01"
17698;"energy";"gas";10700;10881;"2018-09-23";"2018-10-01";"";"";"";"Cologne";"indelivery";2000;"2020-02-13"
17699;"energy";"gas";9600;9415;"2019-05-10";"2019-11-01";"";"";"";"Osnabrück";"indelivery";2001;"2020-04-24"
17700;"energy";"electricity";2200;2184;"2020-08-18";"2020-10-01";"";"";"";"Fürth";"indelivery";1001;"2020-08-30"
17701;"energy";"electricity";2500;2682;"2019-02-06";"2019-03-01";"2020-11-30";"2020-11-02";"Umzug";"Rosenheim";"cancelled";1000;"2019-05-07"
17702;"energy";"electricity";2400;2340;"2018-05-18";"2018-10-01";"";"";"";"Bremen";"indelivery";1000;"2020-09-24"
17703;"energy";"electricity";2000;2036;"2020-05-02";"2020-08-01";"";"";"";"Augsburg";"indelivery";1000;"2020-06-14"
17704;"energy";"electricity";2700;2665;"2019-01-21";"2020-01-01";"2020-09-30";"2020-08-29";"Umzug";"Hagen";"terminated";1000;"2020-05-25"
17705;"energy";"electricity";2600;2771;"2020-01-31";"2020-05-01";"";"";"";"Munich";"indelivery";1000;"2020-04-30"
17706;"energy";"electricity";2800;3035;"2018-04-04";"2018-06-01";"";"";"";"Braunschweig";"indelivery";1002;"2019-06-12"
17707;"energy";"electricity";2200;2204;"2020-08-04";"2020-10-01";"2020-12-31";"2020-11-26";"Umzug";"Duisburg";"cancelled";1002;"2020-08-14"
17708;"energy";"electricity";2700;2753;"2019-12-30";"2020-09-01";"";"";"";"Altchemnitz";"indelivery";1000;"2020-01-21"
17709;"energy";"electricity";2600;2632;"2020-06-30";"2020-10-01";"";"";"";"Bremen";"indelivery";1001;"2020-09-02"
17710;"energy";"electricity";2300;2298;"2018-01-07";"2019-04-01";"";"";"";"Cologne";"indelivery";1000;"2019-11-11"
17711;"energy";"electricity";2900;3051;"2019-03-31";"2019-07-01";"2020-06-30";"2020-06-02";"Umzug";"Mannheim";"terminated";1001;"2020-02-22"
17712;"energy";"electricity";2300;2412;"2018-12-19";"2019-12-01";"2020-08-31";"2020-08-02";"Umzug";"Altchemnitz";"terminated";1000;"2019-07-13"
17713;"energy";"electricity";2500;2405;"2019-02-24";"2019-03-01";"";"";"";"Hannover";"indelivery";1000;"2020-06-07"
17714;"energy";"electricity";2600;2504;"2018-07-08";"2018-08-01";"";"";"";"Osnabrück";"indelivery";1001;"2019-07-12"
17715;"energy";"electricity";2100;2203;"2019-04-15";"2019-06-01";"";"";"";"Bremen";"indelivery";1001;"2019-11-06"
17716;"energy";"electricity";2100;2041;"2019-03-23";"2019-06-01";"";"";"";"Berlin";"indelivery";1001;"2019-12-29"
17717;"energy";"electricity";2900;3029;"2018-01-24";"2018-03-01";"2019-07-31";"2019-06-29";"fristgerecht durch Kunde";"Cologne";"terminated";1000;"2019-06-29"
17718;"energy";"gas";8400;8744;"2018-10-22";"2019-03-01";"";"";"";"Bremen";"indelivery";2001;"2019-06-09"
17719;"energy";"electricity";2500;2653;"2020-02-10";"2020-06-01";"";"";"";"Hamburg";"indelivery";1002;"2020-08-30"
17720;"energy";"electricity";2400;2444;"2019-12-30";"2020-02-01";"";"";"";"Erfurt";"indelivery";1001;"2020-09-04"
17721;"energy";"electricity";2300;2380;"2018-03-17";"2018-07-01";"2020-09-30";"2020-09-01";"Umzug";"Hamburg";"terminated";1000;"2018-08-31"
17722;"energy";"electricity";2600;2626;"2018-07-30";"2018-11-01";"";"";"";"Ulm";"indelivery";1002;"2019-11-11"
17723;"energy";"gas";11400;12035;"2019-05-02";"2019-07-01";"";"";"";"Berlin";"indelivery";2000;"2019-06-28"
17724;"energy";"electricity";2600;2769;"2018-02-17";"2018-09-01";"";"";"";"Berlin";"indelivery";1001;"2018-12-07"
17725;"energy";"electricity";2300;2354;"2019-11-19";"2020-01-01";"";"";"";"Berlin";"indelivery";1001;"2020-03-26"
17726;"energy";"electricity";2400;"";"2018-10-04";"2019-01-01";"2019-01-01";"2019-10-03";"Wiederruf";"Bremen";"terminated";1001;"2019-10-03"
17727;"energy";"electricity";2000;1913;"2018-11-18";"2019-04-01";"";"";"";"Essen";"indelivery";1001;"2019-01-20"
17728;"energy";"electricity";2800;2720;"2019-05-28";"2019-06-01";"";"";"";"Cologne";"indelivery";1001;"2019-11-21"
17729;"energy";"electricity";2800;2948;"2018-08-21";"2018-09-01";"2020-02-29";"2020-01-31";"Umzug";"Flensburg";"terminated";1000;"2019-07-28"
17730;"energy";"electricity";2200;2172;"2018-02-19";"2018-03-01";"";"";"";"Bonn";"indelivery";1001;"2019-08-01"
17731;"energy";"electricity";2500;2492;"2020-01-30";"2020-07-01";"";"";"";"Heidelberg";"indelivery";1002;"2020-09-06"
17732;"energy";"electricity";2700;"";"2020-01-22";"2020-09-01";"";"";"";"Essen";"indelivery";1001;"2020-03-05"
17733;"energy";"electricity";2100;2122;"2019-08-04";"2020-01-01";"2020-07-31";"2020-07-02";"fristgerecht durch Kunde";"Herford";"terminated";1001;"2019-11-09"
17734;"energy";"gas";11800;12360;"2020-03-13";"2020-07-01";"";"";"";"Magdeburg";"indelivery";2001;"2020-05-03"
17735;"energy";"electricity";2200;2249;"2018-09-07";"2019-08-01";"";"";"";"Wiesbaden";"indelivery";1001;"2020-01-11"
17736;"energy";"electricity";3000;3079;"2019-06-04";"2019-11-01";"";"";"";"Magdeburg";"indelivery";1000;"2019-06-24"
17737;"energy";"gas";8700;8848;"2018-11-05";"2019-02-01";"";"";"";"Düsseldorf";"indelivery";2000;"2020-05-09"
17738;"energy";"gas";8500;8284;"2018-10-23";"2019-02-01";"";"";"";"Uelzen";"indelivery";2001;"2019-06-01"
17739;"energy";"electricity";2400;2329;"2020-02-22";"2020-08-01";"";"";"";"Essen";"indelivery";1000;"2020-07-09"
17740;"energy";"electricity";2800;2900;"2019-09-15";"2019-10-01";"";"";"";"Bremen";"indelivery";1001;"2020-09-11"
17741;"energy";"electricity";2200;2120;"2019-01-12";"2019-09-01";"";"";"";"Dresden";"indelivery";1002;"2019-01-14"
17742;"energy";"electricity";2100;2009;"2020-03-16";"2020-06-01";"";"";"";"Berlin";"indelivery";1002;"2020-06-03"
17743;"energy";"electricity";2100;2148;"2018-01-19";"2018-03-01";"2018-03-01";"2020-05-03";"Wiederruf";"Lauf";"terminated";1000;"2018-11-24"
17744;"energy";"electricity";3000;"";"2019-03-29";"2020-01-01";"";"";"";"Mainz";"indelivery";1002;"2020-02-03"
17745;"energy";"electricity";2100;2117;"2019-09-12";"2019-11-01";"";"";"";"Bremerhaven";"indelivery";1000;"2020-07-05"
17746;"energy";"gas";9400;9008;"2018-05-02";"2018-06-01";"2020-04-30";"2020-04-02";"fristgerecht durch Kunde";"Marienberg";"terminated";2001;"2019-04-02"
17747;"energy";"electricity";2800;2982;"2020-07-08";"2020-08-01";"";"";"";"Bremen";"indelivery";1001;"2020-08-06"
17748;"energy";"gas";9700;9669;"2019-02-18";"2019-03-01";"2020-11-30";"2020-10-30";"fristgerecht durch Kunde";"Wuppertal";"cancelled";2000;"2019-07-20"
17749;"energy";"electricity";2400;2324;"2019-02-01";"2019-07-01";"2020-01-31";"2019-12-26";"fristgerecht durch Kunde";"Berlin";"terminated";1001;"2019-04-07"
17750;"energy";"electricity";2800;2809;"2019-09-02";"2020-05-01";"";"";"";"Coburg";"indelivery";1002;"2020-08-14"
17751;"energy";"electricity";2600;2525;"2019-05-29";"2019-07-01";"";"";"";"Berlin";"indelivery";1001;"2019-12-10"
17752;"energy";"electricity";2100;2240;"2020-03-09";"2020-04-01";"";"";"";"Berlin";"indelivery";1001;"2020-09-01"
17753;"energy";"gas";11100;10678;"2018-02-19";"2018-04-01";"";"";"";"Berlin";"indelivery";2001;"2019-10-05"
17754;"energy";"electricity";2800;2797;"2020-04-20";"2020-05-01";"";"";"";"Berlin";"indelivery";1001;"2020-07-16"
17755;"energy";"electricity";2600;2724;"2018-03-06";"2019-01-01";"";"";"";"Wiesbaden";"indelivery";1001;"2019-01-07"
17756;"energy";"electricity";2800;2909;"2018-11-13";"2019-01-01";"2019-01-01";"2020-06-02";"Wiederruf";"Potsdam";"terminated";1002;"2020-06-02"
17757;"energy";"electricity";2400;2425;"2019-10-22";"2019-11-01";"";"";"";"Göttingen";"indelivery";1000;"2019-11-12"
17758;"energy";"gas";10400;10664;"2018-11-04";"2018-12-01";"";"";"";"Berlin";"indelivery";2001;"2020-02-26"
17759;"energy";"electricity";2500;2357;"2020-08-04";"2020-12-01";"";"";"";"Bielefeld";"active";1002;"2020-08-08"
17760;"energy";"electricity";3000;2985;"2019-12-25";"2020-03-01";"";"";"";"Würzburg";"indelivery";1001;"2020-09-21"
17761;"energy";"electricity";2700;2849;"2018-01-16";"2018-03-01";"";"";"";"Munich";"indelivery";1001;"2019-06-08"
17762;"energy";"electricity";2400;2553;"2019-04-03";"2019-09-01";"2020-11-30";"2020-11-02";"Umzug";"Hamburg";"cancelled";1000;"2019-06-11"
17763;"energy";"electricity";2900;2893;"2019-07-06";"2020-01-01";"";"";"";"Hofeck";"indelivery";1001;"2020-09-17"
17764;"energy";"electricity";2600;2716;"2019-09-28";"2019-11-01";"";"";"";"Munich";"indelivery";1001;"2020-07-18"
17765;"energy";"gas";8500;9018;"2019-04-06";"2019-11-01";"";"";"";"Bonn";"indelivery";2001;"2020-03-27"
17766;"energy";"gas";9800;9703;"2018-05-26";"2018-08-01";"2020-09-30";"2020-09-02";"fristgerecht durch LichtBlick";"Stuttgart";"terminated";2001;"2020-08-18"
17767;"energy";"electricity";2600;2753;"2018-07-26";"2019-01-01";"2019-05-31";"2019-05-01";"fristgerecht durch LichtBlick";"Magdeburg";"terminated";1000;"2019-05-01"
17768;"energy";"electricity";2200;2296;"2020-04-18";"2020-10-01";"";"";"";"Berlin";"indelivery";1001;"2020-05-26"
17769;"energy";"electricity";2700;2807;"2020-06-07";"2021-01-01";"";"";"";"Hofeck";"active";1000;"2020-08-12"
17770;"energy";"electricity";2800;2698;"2018-07-18";"2018-09-01";"";"";"";"Berlin";"indelivery";1000;"2020-01-20"
17771;"energy";"electricity";2600;2660;"2018-06-11";"2018-10-01";"";"";"";"Augsburg";"indelivery";1002;"2018-09-20"
17772;"energy";"electricity";2500;2507;"2019-04-18";"2019-10-01";"2020-06-30";"2020-06-02";"Umzug";"Hamburg";"terminated";1002;"2020-03-14"
17773;"energy";"electricity";2300;2233;"2019-04-22";"2019-09-01";"";"";"";"Dresden";"indelivery";1001;"2019-07-22"
17774;"energy";"electricity";2800;"";"2020-05-25";"2020-07-01";"";"";"";"Duisburg";"indelivery";1000;"2020-07-27"
17775;"energy";"electricity";2200;2128;"2020-07-17";"2020-09-01";"";"";"";"Cologne";"indelivery";1000;"2020-07-31"
17776;"energy";"electricity";2700;2543;"2019-01-31";"2019-04-01";"2019-04-01";"2019-08-01";"Wiederruf";"Berlin";"terminated";1002;"2019-08-01"
17777;"energy";"gas";9400;9406;"2018-02-20";"2018-04-01";"";"";"";"Flensburg";"indelivery";2000;"2020-06-05"
17778;"energy";"electricity";2800;2650;"2018-11-01";"2019-03-01";"";"";"";"Hamburg";"indelivery";1002;"2019-09-12"
17779;"energy";"electricity";2000;2076;"2018-10-31";"2018-12-01";"";"";"";"Munich";"indelivery";1001;"2020-05-22"
17780;"energy";"gas";8400;8360;"2018-12-02";"2019-04-01";"2019-09-30";"2019-08-30";"fristgerecht durch Kunde";"Stuttgart";"terminated";2000;"2019-08-30"
17781;"energy";"electricity";2700;2692;"2018-02-26";"2018-04-01";"";"";"";"Augsburg";"indelivery";1002;"2019-08-01"
17782;"energy";"electricity";2500;2550;"2018-08-30";"2018-09-01";"";"";"";"Berlin";"indelivery";1002;"2019-01-18"
17783;"energy";"electricity";2800;2850;"2018-05-05";"2018-06-01";"";"";"";"Wiesbaden";"indelivery";1001;"2020-09-28"
17784;"energy";"electricity";2600;2443;"2018-11-11";"2019-02-01";"";"";"";"Wuppertal";"indelivery";1000;"2019-05-08"
17785;"energy";"electricity";2300;2281;"2019-09-16";"2019-10-01";"";"";"";"Essen";"indelivery";1000;"2020-09-16"
17786;"energy";"gas";9100;9457;"2018-01-24";"2018-02-01";"";"";"";"Rostock";"indelivery";2001;"2020-01-18"
17787;"energy";"electricity";3000;3040;"2020-06-01";"2020-07-01";"";"";"";"Essen";"indelivery";1001;"2020-08-26"
17788;"energy";"electricity";2400;2362;"2019-08-10";"2019-10-01";"";"";"";"Berlin";"indelivery";1000;"2020-05-07"
17789;"energy";"electricity";2200;2331;"2020-04-04";"2020-09-01";"";"";"";"Hamburg";"indelivery";1001;"2020-05-19"
17790;"energy";"electricity";2500;2586;"2019-09-06";"2020-01-01";"";"";"";"Hamburg";"indelivery";1002;"2020-03-16"
17791;"energy";"electricity";2800;2930;"2019-05-15";"2019-06-01";"";"";"";"Berlin";"indelivery";1000;"2020-07-07"
17792;"energy";"gas";8700;8526;"2019-05-10";"2019-07-01";"";"";"";"Essen";"indelivery";2000;"2020-08-26"
17793;"energy";"electricity";2500;2627;"2019-06-13";"2019-11-01";"";"";"";"Hamburg";"indelivery";1001;"2020-01-24"
17794;"energy";"electricity";2100;2269;"2018-07-16";"2018-10-01";"";"";"";"Braunschweig";"indelivery";1002;"2020-02-27"
17795;"energy";"electricity";2200;2158;"2019-04-19";"2019-06-01";"";"";"";"Lauterbach";"indelivery";1000;"2019-10-28"
17796;"energy";"electricity";3200;3266;"2018-12-08";"2019-03-01";"";"";"";"Senftenberg";"indelivery";1001;"2019-12-04"
17797;"energy";"electricity";2600;2626;"2019-11-04";"2020-01-01";"";"";"";"Ingolstadt";"indelivery";1000;"2019-12-30"
17798;"energy";"electricity";2800;2702;"2018-02-15";"2018-04-01";"";"";"";"Hamburg";"indelivery";1002;"2019-06-27"
17799;"energy";"gas";8600;8168;"2018-06-20";"2018-09-01";"";"";"";"Braunschweig";"indelivery";2001;"2019-10-13"
17800;"energy";"electricity";2600;2592;"2018-12-07";"2019-02-01";"2020-08-31";"2020-07-29";"fristgerecht durch LichtBlick";"Berlin";"terminated";1001;"2020-07-12"
17801;"energy";"electricity";2200;2167;"2019-02-27";"2020-02-01";"";"";"";"Passau";"indelivery";1000;"2020-05-14"
17802;"energy";"electricity";2400;2582;"2018-08-04";"2018-11-01";"";"";"";"Berlin";"indelivery";1002;"2020-08-28"
17803;"energy";"electricity";2500;2582;"2019-08-09";"2019-11-01";"";"";"";"Göttingen";"indelivery";1002;"2019-12-08"
17804;"energy";"electricity";2900;2762;"2018-09-23";"2018-11-01";"";"";"";"Düsseldorf";"indelivery";1002;"2019-05-08"
17805;"energy";"electricity";2100;2148;"2018-01-14";"2018-08-01";"2018-11-30";"2018-11-01";"fristgerecht durch LichtBlick";"Wuppertal";"terminated";1000;"2018-02-09"
17806;"energy";"electricity";2200;2204;"2019-07-01";"2019-11-01";"";"";"";"Berlin";"indelivery";1000;"2020-08-07"
17807;"energy";"gas";9000;8637;"2019-07-28";"2019-09-01";"";"";"";"Berlin";"indelivery";2000;"2019-08-06"
17808;"energy";"electricity";2600;2651;"2018-02-28";"2018-06-01";"";"";"";"Wiesbaden";"indelivery";1001;"2019-12-17"
17809;"energy";"electricity";2600;2778;"2018-11-26";"2018-12-01";"";"";"";"Hannover";"indelivery";1001;"2019-01-04"
17810;"energy";"gas";9400;9371;"2020-08-13";"2020-10-01";"";"";"";"Frankfurt";"indelivery";2001;"2020-09-05"
17811;"energy";"electricity";2500;"";"2020-02-15";"2020-08-01";"";"";"";"Düsseldorf";"indelivery";1001;"2020-07-22"
17812;"energy";"electricity";2300;2232;"2019-08-16";"2019-12-01";"";"";"";"Augsburg";"indelivery";1002;"2019-09-14"
17813;"energy";"electricity";2800;"";"2020-03-24";"2020-06-01";"2020-10-31";"2020-10-01";"fristgerecht durch Kunde";"Eichstätt";"cancelled";1001;"2020-04-03"
17814;"energy";"electricity";2200;2137;"2019-01-14";"2019-02-01";"";"";"";"Duisburg";"indelivery";1000;"2019-11-18"
17815;"energy";"electricity";2500;2463;"2018-11-10";"2019-02-01";"";"";"";"Berlin";"indelivery";1001;"2019-03-24"
17816;"energy";"gas";11300;11165;"2018-04-16";"2018-07-01";"";"";"";"Leipzig";"indelivery";2001;"2018-07-05"
17817;"energy";"electricity";3000;2978;"2019-06-04";"2019-08-01";"";"";"";"Mainz";"indelivery";1001;"2020-06-03"
17818;"energy";"electricity";2300;2296;"2019-10-16";"2020-06-01";"";"";"";"Osnabrück";"indelivery";1001;"2020-01-23"
17819;"energy";"electricity";2500;2583;"2020-02-06";"2020-10-01";"";"";"";"Gießen";"indelivery";1000;"2020-09-20"
17820;"energy";"electricity";2900;3104;"2019-10-14";"2019-12-01";"";"";"";"Magdeburg";"indelivery";1000;"2020-04-12"
17821;"energy";"electricity";2900;2896;"2019-02-18";"2019-05-01";"2019-09-30";"2019-08-28";"fristgerecht durch Kunde";"Dresden";"terminated";1000;"2019-03-06"
17822;"energy";"electricity";2600;2565;"2018-07-27";"2018-09-01";"2018-10-31";"2018-10-01";"fristgerecht durch Kunde";"Stuttgart";"terminated";1000;"2018-10-01"
17823;"energy";"electricity";1900;2002;"2019-09-24";"2020-02-01";"";"";"";"Cologne";"indelivery";1001;"2019-11-10"
17824;"energy";"electricity";2700;2775;"2019-04-04";"2019-06-01";"";"";"";"Jena";"indelivery";1001;"2020-06-09"
17825;"energy";"electricity";2900;3007;"2018-03-16";"2018-11-01";"";"";"";"Bielefeld";"indelivery";1002;"2019-12-15"
17826;"energy";"electricity";2000;1944;"2018-10-26";"2019-01-01";"";"";"";"Hamburg";"indelivery";1001;"2020-09-10"
17827;"energy";"gas";11100;10813;"2018-10-01";"2019-03-01";"";"";"";"Oldenburg";"indelivery";2001;"2019-01-03"
17828;"energy";"electricity";2600;2536;"2019-07-07";"2020-03-01";"";"";"";"Munich";"indelivery";1002;"2020-06-02"
17829;"energy";"gas";8600;8245;"2018-10-04";"2019-02-01";"";"";"";"Frankfurt";"indelivery";2000;"2019-09-23"
17830;"energy";"electricity";2800;2676;"2018-12-17";"2019-05-01";"";"";"";"Berlin";"indelivery";1002;"2019-10-05"
17831;"energy";"electricity";2800;2929;"2018-04-15";"2018-06-01";"";"";"";"Hannover";"indelivery";1001;"2018-11-28"
17832;"energy";"electricity";2200;"";"2018-02-12";"2018-04-01";"";"";"";"Hamburg";"indelivery";1000;"2019-04-29"
17833;"energy";"electricity";2500;2401;"2019-12-31";"2020-06-01";"";"";"";"Essen";"indelivery";1000;"2020-01-01"
17834;"energy";"electricity";2700;2795;"2019-01-20";"2019-04-01";"2020-01-31";"2019-12-30";"Umzug";"Düsseldorf";"terminated";1002;"2019-07-08"
17835;"energy";"electricity";2600;2726;"2019-04-09";"2019-12-01";"2020-01-31";"2020-01-02";"fristgerecht durch LichtBlick";"Munich";"terminated";1000;"2019-04-22"
17836;"energy";"electricity";3000;2860;"2019-12-24";"2020-02-01";"";"";"";"Dortmund";"indelivery";1000;"2020-08-30"
17837;"energy";"electricity";2700;2582;"2018-04-02";"2018-10-01";"2018-10-01";"2019-01-01";"Wiederruf";"Cottbus";"terminated";1002;"2019-01-01"
17838;"energy";"electricity";2600;2461;"2018-04-22";"2018-06-01";"";"";"";"Berlin";"indelivery";1001;"2019-05-17"
17839;"energy";"electricity";1900;"";"2018-12-21";"2019-05-01";"";"";"";"Hamburg";"indelivery";1000;"2019-09-01"
17840;"energy";"electricity";2700;2773;"2018-02-12";"2018-03-01";"2019-04-30";"2019-03-30";"fristgerecht durch Kunde";"Münster";"terminated";1000;"2019-03-16"
17841;"energy";"electricity";2200;2330;"2019-01-11";"2019-09-01";"";"";"";"Coburg";"indelivery";1001;"2020-08-02"
17842;"energy";"electricity";2100;"";"2020-06-01";"2020-07-01";"";"";"";"Erfurt";"indelivery";1002;"2020-07-15"
17843;"energy";"gas";8000;8192;"2019-09-14";"2019-12-01";"";"";"";"Hamburg";"indelivery";2000;"2020-06-24"
17844;"energy";"electricity";2400;"";"2020-06-16";"2021-04-01";"";"";"";"Leipzig";"active";1001;"2020-09-20"
17845;"energy";"electricity";2500;2477;"2020-09-24";"2020-10-01";"";"";"";"Braunschweig";"indelivery";1001;"2020-09-30"
17846;"energy";"electricity";2400;"";"2018-05-06";"2018-07-01";"2018-07-01";"2018-12-02";"Wiederruf";"Leipzig";"terminated";1002;"2018-10-14"
17847;"energy";"electricity";2500;2342;"2019-07-28";"2019-09-01";"";"";"";"Osnabrück";"indelivery";1002;"2020-04-30"
17848;"energy";"electricity";2200;2356;"2020-04-07";"2020-11-01";"";"";"";"Pfarrkirchen";"active";1001;"2020-06-22"
17849;"energy";"electricity";2000;1979;"2018-09-06";"2019-05-01";"";"";"";"Bremerhaven";"indelivery";1001;"2019-03-23"
17850;"energy";"electricity";3000;2931;"2019-12-25";"2020-08-01";"";"";"";"Düsseldorf";"indelivery";1001;"2020-04-03"
17851;"energy";"electricity";2200;2330;"2019-04-22";"2019-10-01";"";"";"";"Berlin";"indelivery";1000;"2020-04-30"
17852;"energy";"electricity";2900;3052;"2018-09-14";"2018-11-01";"2018-11-01";"2018-12-29";"Wiederruf";"Leipzig";"terminated";1000;"2018-12-29"
17853;"energy";"gas";8600;9102;"2020-06-07";"2020-11-01";"";"";"";"Rostock";"active";2000;"2020-07-23"
17854;"energy";"electricity";2400;2284;"2018-10-17";"2019-01-01";"2019-10-31";"2019-10-02";"fristgerecht durch Kunde";"Kelheim";"terminated";1001;"2019-09-29"
17855;"energy";"electricity";2300;2449;"2018-06-18";"2018-08-01";"2019-11-30";"2019-10-31";"fristgerecht durch Kunde";"Berlin";"terminated";1002;"2019-03-04"
17856;"energy";"electricity";2300;2449;"2020-01-19";"2020-03-01";"";"";"";"Berlin";"indelivery";1000;"2020-03-12"
17857;"energy";"electricity";2000;2177;"2019-12-26";"2020-06-01";"";"";"";"Bremen";"indelivery";1001;"2020-06-15"
17858;"energy";"electricity";2600;2471;"2019-08-19";"2019-11-01";"";"";"";"Frankfurt";"indelivery";1002;"2019-09-10"
17859;"energy";"electricity";1900;"";"2019-04-23";"2019-05-01";"2020-03-31";"2020-03-02";"fristgerecht durch LichtBlick";"Hamburg";"terminated";1002;"2020-02-20"
17860;"energy";"electricity";2200;2310;"2018-09-29";"2019-03-01";"";"";"";"Lübeck";"indelivery";1002;"2020-07-30"
17861;"energy";"electricity";2700;2781;"2020-02-22";"2020-04-01";"2020-09-30";"2020-08-30";"fristgerecht durch Kunde";"Lübeck";"terminated";1000;"2020-07-13"
17862;"energy";"electricity";2200;2395;"2019-05-16";"2019-09-01";"2019-12-31";"2019-11-27";"fristgerecht durch LichtBlick";"Hamburg";"terminated";1000;"2019-11-27"
17863;"energy";"electricity";2200;2120;"2019-06-18";"2019-11-01";"";"";"";"Berlin";"indelivery";1002;"2020-03-19"
17864;"energy";"gas";8600;8264;"2018-08-23";"2019-01-01";"";"";"";"Osnabrück";"indelivery";2001;"2018-09-25"
17865;"energy";"gas";11100;11092;"2020-02-27";"2020-09-01";"";"";"";"Essen";"indelivery";2000;"2020-08-13"
17866;"energy";"electricity";2400;2474;"2018-09-20";"2018-12-01";"";"";"";"Hamburg";"indelivery";1001;"2020-02-21"
17867;"energy";"electricity";2700;2886;"2018-05-13";"2018-08-01";"2018-09-30";"2018-09-02";"fristgerecht durch Kunde";"Kiel";"terminated";1001;"2018-09-02"
17868;"energy";"electricity";3000;3059;"2019-08-11";"2019-11-01";"";"";"";"Augsburg";"indelivery";1000;"2020-07-14"
17869;"energy";"electricity";2500;2450;"2020-02-06";"2020-04-01";"";"";"";"Duisburg";"indelivery";1000;"2020-09-10"
17870;"energy";"electricity";2500;2416;"2019-06-22";"2019-07-01";"";"";"";"Munich";"indelivery";1002;"2020-03-20"
17871;"energy";"electricity";2400;2317;"2018-11-06";"2019-03-01";"";"";"";"Berlin";"indelivery";1000;"2018-11-17"
17872;"energy";"gas";8100;8655;"2020-03-29";"2021-02-01";"";"";"";"Munich";"active";2001;"2020-09-10"
17873;"energy";"electricity";2000;2105;"2020-06-21";"2020-09-01";"2020-12-31";"2020-11-29";"fristgerecht durch Kunde";"Essen";"cancelled";1001;"2020-07-25"
17874;"energy";"electricity";2600;2680;"2018-11-18";"2019-10-01";"2020-05-31";"2020-05-02";"Umzug";"Kelheim";"terminated";1002;"2018-12-10"
17875;"energy";"electricity";2800;2915;"2018-11-04";"2019-07-01";"";"";"";"Berlin";"indelivery";1001;"2020-03-13"
17876;"energy";"electricity";1900;1913;"2018-04-05";"2018-08-01";"";"";"";"Berlin";"indelivery";1002;"2018-11-09"
17877;"energy";"gas";8500;8770;"2018-10-07";"2019-09-01";"";"";"";"Bonn";"indelivery";2000;"2020-04-26"
17878;"energy";"electricity";2700;2585;"2019-06-02";"2019-08-01";"";"";"";"Hofeck";"indelivery";1002;"2020-06-17"
17879;"energy";"gas";10600;10182;"2018-10-07";"2018-12-01";"2018-12-01";"2019-01-28";"Wiederruf";"Stuttgart";"terminated";2001;"2019-01-28"
17880;"energy";"electricity";2400;2402;"2020-08-13";"2021-01-01";"";"";"";"Stuttgart";"active";1000;"2020-08-24"
17881;"energy";"electricity";2900;3008;"2018-03-28";"2018-04-01";"2018-05-31";"2018-05-02";"fristgerecht durch Kunde";"Heilbronn";"terminated";1001;"2018-05-02"
17882;"energy";"electricity";2300;"";"2018-01-11";"2018-05-01";"";"";"";"Stuttgart";"indelivery";1000;"2018-07-30"
17883;"energy";"electricity";3000;3235;"2018-10-16";"2019-02-01";"2019-12-31";"2019-12-03";"fristgerecht durch Kunde";"Bad Tölz";"terminated";1001;"2019-01-13"
17884;"energy";"electricity";2100;2201;"2019-07-10";"2019-09-01";"2020-11-30";"2020-10-26";"Umzug";"Stuttgart";"cancelled";1000;"2020-08-16"
17885;"energy";"electricity";2100;2013;"2020-01-26";"2020-03-01";"";"";"";"Hamburg";"indelivery";1002;"2020-02-03"
17886;"energy";"gas";11500;12338;"2018-08-19";"2018-10-01";"";"";"";"Braunschweig";"indelivery";2001;"2018-10-05"
17887;"energy";"electricity";2600;2520;"2019-01-11";"2019-02-01";"2019-08-31";"2019-08-02";"Umzug";"Marienberg";"terminated";1002;"2019-08-02"
17888;"energy";"gas";11100;11249;"2018-03-26";"2018-04-01";"";"";"";"Bremen";"indelivery";2001;"2019-03-30"
17889;"energy";"electricity";2900;2736;"2020-06-14";"2020-09-01";"";"";"";"Duisburg";"indelivery";1002;"2020-08-06"
17890;"energy";"electricity";2900;2876;"2018-08-05";"2018-11-01";"";"";"";"Kiel";"indelivery";1002;"2019-03-09"
17891;"energy";"gas";10800;11116;"2020-05-13";"2020-12-01";"";"";"";"Bremen";"active";2000;"2020-06-02"
17892;"energy";"electricity";2100;2090;"2018-09-07";"2018-12-01";"2019-04-30";"2019-04-02";"Umzug";"Berlin";"terminated";1002;"2019-04-02"
17893;"energy";"gas";10300;10928;"2019-08-29";"2019-11-01";"2020-09-30";"2020-08-31";"fristgerecht durch Kunde";"Hamburg";"terminated";2001;"2019-09-04"
17894;"energy";"electricity";2300;2396;"2020-09-05";"2020-12-01";"";"";"";"Münster";"active";1001;"2020-09-15"
17895;"energy";"electricity";2400;2567;"2020-06-11";"2020-08-01";"";"";"";"Düsseldorf";"indelivery";1002;"2020-08-19"
17896;"energy";"electricity";2500;2672;"2019-05-22";"2020-04-01";"";"";"";"Hamburg";"indelivery";1001;"2019-08-04"
17897;"energy";"electricity";2400;2588;"2018-10-10";"2019-02-01";"";"";"";"Göttingen";"indelivery";1002;"2020-07-24"
17898;"energy";"electricity";2500;2526;"2018-11-13";"2019-05-01";"";"";"";"Kiel";"indelivery";1002;"2020-05-30"
17899;"energy";"electricity";2500;2721;"2018-05-30";"2018-10-01";"";"";"";"Berlin";"indelivery";1000;"2019-07-23"
17900;"energy";"electricity";2200;"";"2018-03-22";"2018-08-01";"2018-08-01";"2019-06-01";"Wiederruf";"Bielefeld";"terminated";1001;"2019-06-01"
17901;"energy";"electricity";2600;2607;"2020-03-06";"2020-05-01";"";"";"";"Leipzig";"indelivery";1002;"2020-06-19"
17902;"energy";"electricity";2500;2572;"2018-07-19";"2018-08-01";"";"";"";"Berlin";"indelivery";1002;"2019-12-02"
17903;"energy";"electricity";2400;2403;"2018-10-14";"2018-12-01";"2019-09-30";"2019-09-01";"fristgerecht durch LichtBlick";"Berlin";"terminated";1002;"2019-09-01"
17904;"energy";"electricity";2200;2367;"2020-03-26";"2020-10-01";"";"";"";"Jena";"indelivery";1001;"2020-05-08"
17905;"energy";"electricity";2400;2495;"2018-10-08";"2019-05-01";"2020-09-30";"2020-08-30";"fristgerecht durch LichtBlick";"Braunschweig";"terminated";1001;"2019-01-26"
17906;"energy";"gas";8500;8337;"2019-09-12";"2020-02-01";"";"";"";"Wiesbaden";"indelivery";2000;"2020-01-16"
17907;"energy";"gas";11700;11970;"2019-09-13";"2020-04-01";"";"";"";"Tübingen";"indelivery";2001;"2020-06-03"
17908;"energy";"electricity";2900;3084;"2018-09-27";"2018-12-01";"";"";"";"Berlin";"indelivery";1002;"2019-05-24"
17909;"energy";"electricity";2000;1941;"2018-06-29";"2018-08-01";"";"";"";"Münster";"indelivery";1001;"2018-08-19"
17910;"energy";"electricity";2600;2638;"2018-03-06";"2018-05-01";"";"";"";"Dresden";"indelivery";1001;"2018-05-28"
17911;"energy";"electricity";2000;2024;"2018-01-17";"2018-08-01";"";"";"";"Hamburg";"indelivery";1000;"2018-03-16"
17912;"energy";"electricity";2000;2059;"2019-01-02";"2019-07-01";"";"";"";"Osnabrück";"indelivery";1001;"2019-12-02"
17913;"energy";"electricity";2300;"";"2018-04-05";"2018-06-01";"2018-06-01";"2018-10-31";"Wiederruf";"Altchemnitz";"terminated";1002;"2018-10-31"
17914;"energy";"gas";10300;10637;"2019-09-07";"2019-10-01";"2020-11-30";"2020-11-01";"fristgerecht durch LichtBlick";"Dortmund";"cancelled";2000;"2020-06-03"
17915;"energy";"electricity";2700;2888;"2018-12-01";"2019-04-01";"2019-06-30";"2019-06-02";"fristgerecht durch Kunde";"Cologne";"terminated";1002;"2019-04-22"
17916;"energy";"electricity";2200;2301;"2019-04-22";"2019-10-01";"";"";"";"Hamburg";"indelivery";1001;"2020-03-19"
17917;"energy";"electricity";2200;2057;"2020-02-14";"2020-07-01";"";"";"";"Stuttgart";"indelivery";1002;"2020-08-19"
17918;"energy";"electricity";2200;2078;"2020-08-20";"2021-03-01";"";"";"";"Erfurt";"active";1002;"2020-09-02"
17919;"energy";"electricity";2900;2877;"2018-03-09";"2018-08-01";"";"";"";"Düsseldorf";"indelivery";1000;"2019-08-04"
17920;"energy";"gas";10200;10385;"2020-08-29";"2020-09-01";"";"";"";"Berlin";"indelivery";2000;"2020-09-03"
17921;"energy";"electricity";2500;2419;"2018-01-19";"2018-02-01";"2019-05-31";"2019-05-02";"fristgerecht durch Kunde";"Dortmund";"terminated";1001;"2018-07-28"
17922;"energy";"electricity";2800;2988;"2019-04-21";"2019-08-01";"";"";"";"Rostock";"indelivery";1001;"2019-05-28"
17923;"energy";"electricity";2900;2834;"2020-04-08";"2020-09-01";"";"";"";"Hannover";"indelivery";1000;"2020-08-22"
17924;"energy";"electricity";2300;2366;"2018-05-26";"2018-07-01";"";"";"";"Kiel";"indelivery";1001;"2020-02-03"
17925;"energy";"electricity";2400;2520;"2020-01-12";"2020-07-01";"";"";"";"Cologne";"indelivery";1002;"2020-06-21"
17926;"energy";"electricity";2600;"";"2020-07-09";"2020-12-01";"";"";"";"Rostock";"active";1002;"2020-09-30"
17927;"energy";"electricity";2700;2839;"2018-09-15";"2019-03-01";"";"";"";"Berlin";"indelivery";1001;"2019-10-10"
17928;"energy";"electricity";2100;"";"2019-10-06";"2020-02-01";"";"";"";"Duisburg";"indelivery";1000;"2020-09-21"
17929;"energy";"electricity";2200;2377;"2020-02-20";"2020-05-01";"";"";"";"Mainz";"indelivery";1000;"2020-05-04"
17930;"energy";"electricity";2700;2657;"2020-06-16";"2021-03-01";"";"";"";"Munich";"active";1000;"2020-09-22"
17931;"energy";"electricity";2500;2554;"2018-08-14";"2019-02-01";"";"";"";"Hamburg";"indelivery";1001;"2020-08-16"
17932;"energy";"electricity";2800;"";"2018-10-12";"2019-08-01";"";"";"";"Berlin";"indelivery";1002;"2019-05-22"
17933;"energy";"electricity";2400;2507;"2020-04-24";"2020-06-01";"";"";"";"Erfurt";"indelivery";1002;"2020-08-28"
17934;"energy";"electricity";2200;2184;"2019-06-27";"2019-08-01";"";"";"";"Marienberg";"indelivery";1000;"2020-04-21"
17935;"energy";"gas";9100;8799;"2019-06-04";"2019-12-01";"";"";"";"Wilhelmshaven";"indelivery";2001;"2019-06-04"
17936;"energy";"electricity";3000;2896;"2019-06-10";"2019-09-01";"";"";"";"Leipzig";"indelivery";1002;"2020-05-06"
17937;"energy";"electricity";2100;2299;"2020-05-14";"2020-08-01";"";"";"";"Heidelberg";"indelivery";1000;"2020-06-21"
17938;"energy";"electricity";2100;2080;"2019-05-12";"2020-01-01";"2020-10-31";"2020-10-01";"Umzug";"Magdeburg";"cancelled";1002;"2019-05-13"
17939;"energy";"electricity";2000;2125;"2019-11-15";"2020-01-01";"";"";"";"Hamburg";"indelivery";1000;"2020-08-09"
17940;"energy";"electricity";2100;2185;"2018-09-06";"2019-03-01";"";"";"";"Kiel";"indelivery";1002;"2019-11-03"
17941;"energy";"electricity";2300;2440;"2018-01-03";"2018-09-01";"";"";"";"Jena";"indelivery";1000;"2018-07-11"
17942;"energy";"electricity";2900;2847;"2018-11-13";"2019-05-01";"2020-11-30";"2020-11-02";"Umzug";"Mannheim";"cancelled";1002;"2020-07-12"
17943;"energy";"electricity";2600;2646;"2019-07-27";"2020-05-01";"";"";"";"Altchemnitz";"indelivery";1002;"2019-11-03"
17944;"energy";"electricity";1900;1851;"2018-11-30";"2019-02-01";"2020-07-31";"2020-07-02";"Umzug";"Berlin";"terminated";1002;"2019-06-20"
17945;"energy";"electricity";2800;2947;"2019-01-06";"2019-06-01";"2019-11-30";"2019-11-01";"fristgerecht durch LichtBlick";"Würzburg";"terminated";1001;"2019-08-02"
17946;"energy";"electricity";3000;"";"2020-09-16";"2022-02-01";"";"";"";"Stendal";"active";1001;"2020-09-24"
17947;"energy";"electricity";2500;2579;"2019-11-16";"2020-06-01";"";"";"";"Wuppertal";"indelivery";1000;"2020-08-03"
17948;"energy";"gas";8700;8602;"2020-06-09";"2021-02-01";"";"";"";"Munich";"active";2001;"2020-06-24"
17949;"energy";"electricity";2100;2060;"2018-06-08";"2018-12-01";"";"";"";"Augsburg";"indelivery";1000;"2019-04-26"
17950;"energy";"electricity";2700;2743;"2020-03-12";"2020-05-01";"";"";"";"Munich";"indelivery";1000;"2020-06-24"
17951;"energy";"electricity";2300;2332;"2019-08-26";"2019-11-01";"";"";"";"Cologne";"indelivery";1000;"2020-03-10"
17952;"energy";"electricity";2300;2423;"2020-02-09";"2020-06-01";"";"";"";"Hamburg";"indelivery";1000;"2020-04-20"
17953;"energy";"gas";10000;"";"2018-05-21";"2018-07-01";"";"";"";"Cologne";"indelivery";2001;"2018-07-10"
17954;"energy";"electricity";2300;2407;"2018-09-05";"2020-01-01";"";"";"";"Heidelberg";"indelivery";1000;"2018-10-26"
17955;"energy";"electricity";2100;2247;"2020-03-15";"2020-05-01";"";"";"";"Munich";"indelivery";1000;"2020-03-22"
17956;"energy";"electricity";2700;2671;"2018-12-13";"2019-02-01";"";"";"";"Stuttgart";"indelivery";1000;"2019-06-17"
17957;"energy";"electricity";2500;2525;"2018-08-05";"2018-10-01";"";"";"";"Berlin";"indelivery";1002;"2019-07-24"
17958;"energy";"electricity";2200;2338;"2019-06-13";"2020-01-01";"2020-05-31";"2020-05-01";"fristgerecht durch Kunde";"Heidelberg";"terminated";1002;"2020-05-01"
17959;"energy";"electricity";2400;2458;"2019-10-23";"2019-12-01";"";"";"";"Gießen";"indelivery";1001;"2020-01-08"
17960;"energy";"gas";9700;9909;"2018-06-29";"2018-07-01";"";"";"";"Hamburg";"indelivery";2001;"2018-11-13"
17961;"energy";"electricity";2500;2553;"2019-04-18";"2019-10-01";"";"";"";"Altchemnitz";"indelivery";1000;"2020-02-08"
17962;"energy";"electricity";2300;2348;"2020-05-17";"2021-01-01";"";"";"";"Bremen";"active";1001;"2020-06-07"
17963;"energy";"electricity";2500;2582;"2018-04-20";"2018-05-01";"2020-08-31";"2020-08-02";"Umzug";"Duisburg";"terminated";1001;"2020-02-26"
17964;"energy";"electricity";2700;2678;"2018-02-18";"2018-04-01";"";"";"";"Essen";"indelivery";1001;"2018-08-07"
17965;"energy";"electricity";2900;2999;"2018-01-07";"2018-04-01";"2020-11-30";"2020-10-31";"fristgerecht durch Kunde";"Bremen";"cancelled";1002;"2018-07-16"
17966;"energy";"electricity";2200;2095;"2019-05-16";"2019-10-01";"";"";"";"Düsseldorf";"indelivery";1000;"2020-08-28"
17967;"energy";"electricity";2100;2091;"2019-08-10";"2019-12-01";"";"";"";"Hamburg";"indelivery";1001;"2020-08-15"
17968;"energy";"electricity";2400;2390;"2018-03-09";"2018-05-01";"2019-03-31";"2019-03-01";"Umzug";"Marienberg";"terminated";1000;"2019-03-01"
17969;"energy";"gas";11200;11352;"2019-07-19";"2020-02-01";"2020-04-30";"2020-03-30";"Umzug";"Kassel";"terminated";2001;"2020-03-30"
17970;"energy";"gas";8600;8582;"2020-07-23";"2020-09-01";"";"";"";"Cologne";"indelivery";2001;"2020-07-25"
17971;"energy";"electricity";2300;2211;"2019-09-06";"2019-10-01";"2020-03-31";"2020-03-01";"fristgerecht durch Kunde";"Hamburg";"terminated";1000;"2019-12-29"
17972;"energy";"electricity";2900;3027;"2019-01-07";"2019-05-01";"";"";"";"Mannheim";"indelivery";1001;"2020-05-08"
17973;"energy";"electricity";2600;2627;"2018-12-28";"2019-01-01";"2020-02-29";"2020-02-01";"Umzug";"Augsburg";"terminated";1001;"2020-02-01"
17974;"energy";"electricity";2800;2941;"2018-12-24";"2019-01-01";"";"";"";"Hamburg";"indelivery";1001;"2019-12-02"
17975;"energy";"electricity";2900;2963;"2019-11-05";"2020-05-01";"";"";"";"Augsburg";"indelivery";1002;"2020-05-31"
17976;"energy";"electricity";2900;3158;"2020-06-18";"2020-12-01";"";"";"";"Itzehoe";"active";1000;"2020-07-29"
17977;"energy";"gas";10500;"";"2019-02-12";"2019-06-01";"2019-06-01";"2019-10-03";"Wiederruf";"Berlin";"terminated";2001;"2019-07-23"
17978;"energy";"electricity";2300;"";"2019-09-18";"2019-11-01";"";"";"";"Hamburg";"indelivery";1000;"2020-08-05"
17979;"energy";"electricity";2500;2709;"2019-07-01";"2019-12-01";"";"";"";"Essen";"indelivery";1000;"2019-10-18"
17980;"energy";"electricity";3000;2912;"2020-02-27";"2020-08-01";"";"";"";"Hannover";"indelivery";1000;"2020-03-05"
17981;"energy";"gas";11300;11744;"2019-04-20";"2019-06-01";"";"";"";"Hamburg";"indelivery";2001;"2020-04-23"
17982;"energy";"gas";11400;11077;"2018-05-25";"2019-05-01";"";"";"";"Stuttgart";"indelivery";2000;"2019-01-04"
17983;"energy";"electricity";2600;"";"2019-06-01";"2019-10-01";"2020-11-30";"2020-10-29";"Umzug";"Munich";"cancelled";1000;"2020-05-02"
17984;"energy";"electricity";2200;2203;"2019-03-18";"2019-05-01";"";"";"";"Dresden";"indelivery";1001;"2019-05-29"
17985;"energy";"gas";11300;11509;"2018-03-01";"2018-04-01";"";"";"";"Duisburg";"indelivery";2001;"2018-09-15"
17986;"energy";"electricity";2200;2195;"2018-06-10";"2018-07-01";"2018-10-31";"2018-09-28";"Umzug";"Cologne";"terminated";1002;"2018-09-28"
17987;"energy";"electricity";2100;1968;"2020-01-10";"2020-03-01";"";"";"";"Berlin";"indelivery";1001;"2020-09-10"
17988;"energy";"electricity";2800;2925;"2019-05-13";"2019-08-01";"2020-10-31";"2020-10-02";"Umzug";"Hamburg";"cancelled";1001;"2019-09-01"
17989;"energy";"electricity";2600;2607;"2019-02-09";"2020-04-01";"2020-04-01";"2020-12-03";"Wiederruf";"Kiel";"terminated";1002;"2020-04-26"
17990;"energy";"electricity";2500;2441;"2019-12-23";"2020-05-01";"";"";"";"Berlin";"indelivery";1002;"2020-07-28"
17991;"energy";"electricity";2800;2734;"2019-06-10";"2019-09-01";"";"";"";"Cologne";"indelivery";1000;"2020-02-08"
17992;"energy";"electricity";2500;2605;"2018-12-21";"2019-02-01";"";"";"";"Altchemnitz";"indelivery";1000;"2020-07-01"
17993;"energy";"electricity";2200;2207;"2019-07-09";"2019-09-01";"";"";"";"Mainz";"indelivery";1002;"2019-09-26"
17994;"energy";"electricity";2900;3120;"2018-05-10";"2018-06-01";"2020-02-29";"2020-01-31";"fristgerecht durch Kunde";"Cottbus";"terminated";1002;"2019-03-11"
17995;"energy";"electricity";3000;3069;"2020-02-24";"2020-05-01";"";"";"";"Alzey";"indelivery";1001;"2020-05-06"
17996;"energy";"electricity";2000;1976;"2020-09-04";"2020-12-01";"";"";"";"Berlin";"active";1000;"2020-09-23"
17997;"energy";"electricity";3000;3077;"2020-07-14";"2020-11-01";"";"";"";"Starnberg";"active";1002;"2020-09-22"
17998;"energy";"electricity";2200;2168;"2018-04-04";"2018-06-01";"2018-06-01";"2019-11-02";"Wiederruf";"Lübeck";"terminated";1000;"2019-11-02"
17999;"energy";"gas";8200;8568;"2018-10-10";"2019-04-01";"";"";"";"Münster";"indelivery";2000;"2019-04-21"
18000;"energy";"electricity";2100;2097;"2018-02-26";"2018-04-01";"";"";"";"Munich";"indelivery";1000;"2018-09-21"
18001;"energy";"electricity";2400;"";"2018-04-09";"2018-10-01";"";"";"";"Koblenz";"indelivery";1000;"2018-08-13"
18002;"energy";"electricity";2900;3060;"2018-08-18";"2018-12-01";"2019-09-30";"2019-08-28";"fristgerecht durch LichtBlick";"Bonn";"terminated";1002;"2019-08-28"
18003;"energy";"electricity";2500;2546;"2019-09-19";"2020-05-01";"";"";"";"Augsburg";"indelivery";1000;"2020-01-18"
18004;"energy";"electricity";2000;1937;"2018-05-15";"2019-01-01";"";"";"";"Magdeburg";"indelivery";1000;"2018-11-11"
18005;"energy";"electricity";2900;3065;"2018-06-25";"2018-11-01";"";"";"";"Berlin";"indelivery";1001;"2018-08-06"
18006;"energy";"electricity";2800;2671;"2018-09-28";"2018-10-01";"";"";"";"Berlin";"indelivery";1001;"2018-11-13"
18007;"energy";"electricity";2200;2144;"2019-01-14";"2019-06-01";"2020-07-31";"2020-06-26";"fristgerecht durch LichtBlick";"Rostock";"terminated";1001;"2019-10-07"
18008;"energy";"electricity";3100;3355;"2018-04-25";"2018-09-01";"2020-12-31";"2020-12-01";"fristgerecht durch LichtBlick";"Trier";"cancelled";1001;"2019-04-25"
18009;"energy";"electricity";2600;2750;"2018-08-26";"2018-10-01";"";"";"";"Berlin";"indelivery";1000;"2020-09-02"
18010;"energy";"gas";10600;11197;"2018-03-05";"2018-12-01";"";"";"";"Munich";"indelivery";2001;"2019-12-20"
18011;"energy";"electricity";2400;2361;"2020-01-27";"2020-03-01";"2020-03-01";"2020-09-01";"Wiederruf";"Augsburg";"terminated";1001;"2020-04-03"
18012;"energy";"electricity";2700;2722;"2020-03-14";"2020-05-01";"";"";"";"Frankfurt";"indelivery";1002;"2020-05-31"
18013;"energy";"electricity";2500;2653;"2019-11-29";"2020-07-01";"";"";"";"Gera";"indelivery";1000;"2020-05-04"
18014;"energy";"electricity";2500;2425;"2020-06-26";"2021-01-01";"";"";"";"Duisburg";"active";1000;"2020-07-24"
18015;"energy";"electricity";2500;2501;"2020-04-03";"2020-09-01";"";"";"";"Dresden";"indelivery";1001;"2020-06-30"
18016;"energy";"electricity";2600;"";"2018-10-10";"2019-02-01";"";"";"";"Ulm";"indelivery";1001;"2018-11-18"
18017;"energy";"electricity";2300;2497;"2018-06-04";"2018-11-01";"";"";"";"Erfurt";"indelivery";1001;"2018-12-30"
18018;"energy";"electricity";2400;2495;"2019-02-02";"2019-04-01";"";"";"";"Hannover";"indelivery";1001;"2019-02-18"
18019;"energy";"electricity";2200;2286;"2019-08-19";"2019-12-01";"2020-06-30";"2020-06-02";"fristgerecht durch Kunde";"Munich";"terminated";1001;"2020-05-19"
18020;"energy";"electricity";2600;2525;"2019-11-23";"2020-03-01";"2020-07-31";"2020-06-30";"fristgerecht durch LichtBlick";"Munich";"terminated";1002;"2020-05-07"
18021;"energy";"electricity";2500;2596;"2019-08-26";"2019-12-01";"";"";"";"Berlin";"indelivery";1002;"2020-04-27"
18022;"energy";"electricity";2900;3016;"2019-11-12";"2020-04-01";"2020-08-31";"2020-08-03";"fristgerecht durch LichtBlick";"Hannover";"terminated";1000;"2020-03-10"
18023;"energy";"gas";9200;9302;"2019-10-04";"2020-01-01";"";"";"";"Kiel";"indelivery";2001;"2020-03-13"
18024;"energy";"electricity";2100;2056;"2020-04-04";"2020-08-01";"";"";"";"Dortmund";"indelivery";1001;"2020-04-17"
18025;"energy";"electricity";2200;2221;"2018-09-02";"2018-11-01";"2020-01-31";"2019-12-28";"fristgerecht durch LichtBlick";"Saarbrücken";"terminated";1000;"2019-12-28"
18026;"energy";"electricity";2100;2169;"2019-06-29";"2019-07-01";"2020-08-31";"2020-08-01";"fristgerecht durch Kunde";"Bonn";"terminated";1001;"2020-06-04"
18027;"energy";"gas";11100;11887;"2018-04-03";"2018-06-01";"2018-06-01";"2019-08-02";"Wiederruf";"Regensburg";"terminated";2001;"2019-08-02"
18028;"energy";"electricity";2400;2511;"2018-09-06";"2018-12-01";"";"";"";"Hamburg";"indelivery";1001;"2018-09-24"
18029;"energy";"electricity";3000;3061;"2018-08-15";"2019-04-01";"";"";"";"Bremen";"indelivery";1002;"2019-12-10"
18030;"energy";"electricity";2800;2817;"2019-01-03";"2019-04-01";"";"";"";"Freiburg";"indelivery";1000;"2020-08-24"
18031;"energy";"electricity";2900;2884;"2020-03-30";"2020-08-01";"";"";"";"Dortmund";"indelivery";1002;"2020-04-19"
18032;"energy";"electricity";2600;2730;"2020-03-16";"2020-05-01";"";"";"";"Berlin";"indelivery";1000;"2020-07-21"
18033;"energy";"electricity";3000;3188;"2018-07-14";"2018-12-01";"";"";"";"Offenbach";"indelivery";1002;"2020-09-14"
18034;"energy";"electricity";2700;2577;"2019-09-09";"2019-12-01";"";"";"";"Flensburg";"indelivery";1002;"2020-04-25"
18035;"energy";"electricity";2300;2362;"2018-10-12";"2019-10-01";"";"";"";"Munich";"indelivery";1000;"2018-11-03"
18036;"energy";"electricity";2400;2332;"2020-03-09";"2021-08-01";"";"";"";"Munich";"active";1000;"2020-03-30"
18037;"energy";"electricity";2500;2402;"2018-07-24";"2018-12-01";"";"";"";"Erfurt";"indelivery";1002;"2019-11-28"
18038;"energy";"electricity";2200;2333;"2020-01-26";"2020-02-01";"";"";"";"Hannover";"indelivery";1001;"2020-04-09"
18039;"energy";"electricity";2700;2685;"2020-07-10";"2020-08-01";"";"";"";"Duisburg";"indelivery";1000;"2020-08-09"
18040;"energy";"electricity";2200;2279;"2019-09-03";"2020-06-01";"";"";"";"Hamburg";"indelivery";1000;"2020-08-15"
18041;"energy";"electricity";2500;2443;"2020-09-02";"2020-12-01";"";"";"";"Berlin";"active";1002;"2020-09-16"
18042;"energy";"electricity";2800;2812;"2019-03-29";"2019-07-01";"";"";"";"Wuppertal";"indelivery";1002;"2020-09-27"
18043;"energy";"electricity";2600;2520;"2019-03-02";"2020-04-01";"";"";"";"Erfurt";"indelivery";1001;"2019-10-29"
18044;"energy";"electricity";2200;2144;"2019-09-11";"2019-10-01";"";"";"";"Dresden";"indelivery";1001;"2020-08-12"
18045;"energy";"electricity";2700;"";"2018-10-06";"2019-06-01";"";"";"";"Bremen";"indelivery";1002;"2018-12-23"
18046;"energy";"electricity";2400;2453;"2020-04-11";"2020-06-01";"";"";"";"Berlin";"indelivery";1002;"2020-05-05"
18047;"energy";"electricity";2700;2862;"2019-12-23";"2020-03-01";"";"";"";"Schwerin";"indelivery";1001;"2020-08-14"
18048;"energy";"electricity";2700;2668;"2020-04-27";"2020-08-01";"";"";"";"Essen";"indelivery";1000;"2020-07-12"
18049;"energy";"electricity";1900;2048;"2018-02-08";"2018-10-01";"";"";"";"Berlin";"indelivery";1002;"2018-08-12"
18050;"energy";"gas";10900;11595;"2019-08-19";"2019-12-01";"";"";"";"Bremen";"indelivery";2000;"2020-02-11"
18051;"energy";"electricity";2400;2291;"2019-10-01";"2020-07-01";"";"";"";"Dortmund";"indelivery";1001;"2020-03-23"
18052;"energy";"electricity";2000;2190;"2018-09-14";"2018-11-01";"";"";"";"Hofeck";"indelivery";1002;"2020-07-06"
18053;"energy";"electricity";2900;2849;"2018-09-15";"2019-01-01";"2019-01-01";"2020-04-01";"Wiederruf";"Augsburg";"terminated";1002;"2018-09-28"
18054;"energy";"electricity";2700;2792;"2019-04-26";"2019-07-01";"2019-10-31";"2019-09-28";"fristgerecht durch LichtBlick";"Kassel";"terminated";1002;"2019-09-28"
18055;"energy";"electricity";2900;2910;"2019-11-11";"2019-12-01";"";"";"";"Berlin";"indelivery";1002;"2020-01-21"
18056;"energy";"electricity";2200;2337;"2020-07-19";"2020-09-01";"";"";"";"Bonn";"indelivery";1001;"2020-08-03"
18057;"energy";"electricity";2400;2460;"2019-11-03";"2020-04-01";"";"";"";"Berlin";"indelivery";1001;"2020-09-03"
18058;"energy";"electricity";2100;2084;"2018-01-02";"2018-03-01";"";"";"";"Cologne";"indelivery";1002;"2018-09-14"
18059;"energy";"electricity";2300;2284;"2019-01-21";"2019-08-01";"2019-08-01";"2019-12-30";"Wiederruf";"Berlin";"terminated";1000;"2019-10-19"
18060;"energy";"gas";9900;"";"2018-12-25";"2019-10-01";"";"";"";"Göttingen";"indelivery";2000;"2020-09-13"
18061;"energy";"gas";11600;12341;"2020-01-28";"2020-04-01";"";"";"";"Berlin";"indelivery";2000;"2020-02-22"
18062;"energy";"electricity";2400;2431;"2018-04-25";"2018-09-01";"";"";"";"Bonn";"indelivery";1000;"2018-08-20"
18063;"energy";"electricity";2900;2998;"2019-04-17";"2020-03-01";"";"";"";"Freiburg";"indelivery";1002;"2019-08-19"
18064;"energy";"electricity";2700;2706;"2019-04-14";"2020-07-01";"";"";"";"Berlin";"indelivery";1001;"2020-05-16"
18065;"energy";"gas";11500;11417;"2019-11-07";"2020-02-01";"";"";"";"Dresden";"indelivery";2001;"2020-02-07"
18066;"energy";"gas";8700;8612;"2020-06-05";"2020-07-01";"";"";"";"Mannheim";"indelivery";2001;"2020-07-01"
18067;"energy";"electricity";2200;2240;"2018-02-19";"2018-09-01";"";"";"";"Hamburg";"indelivery";1002;"2020-03-11"
18068;"energy";"gas";9400;9688;"2019-09-27";"2019-12-01";"2020-09-30";"2020-08-19";"fristgerecht durch Kunde";"Düsseldorf";"terminated";2000;"2019-11-27"
18069;"energy";"electricity";2400;2603;"2019-12-25";"2020-12-01";"";"";"";"Aichach";"active";1001;"2020-06-26"
18070;"energy";"electricity";2200;"";"2019-10-31";"2020-03-01";"";"";"";"Leipzig";"indelivery";1001;"2020-04-09"
18071;"energy";"gas";10900;10417;"2019-10-15";"2020-08-01";"";"";"";"Würzburg";"indelivery";2001;"2019-12-23"
18072;"energy";"gas";11000;11748;"2018-07-02";"2018-12-01";"";"";"";"Hanau";"indelivery";2001;"2020-04-05"
18073;"energy";"electricity";2100;2209;"2020-03-07";"2020-05-01";"";"";"";"Augsburg";"indelivery";1001;"2020-06-12"
18074;"energy";"electricity";2200;2110;"2019-09-10";"2019-10-01";"";"";"";"Leipzig";"indelivery";1001;"2020-07-18"
18075;"energy";"electricity";2400;2478;"2018-11-14";"2019-04-01";"";"";"";"Bonn";"indelivery";1002;"2020-05-20"
18076;"energy";"electricity";2200;2292;"2019-12-20";"2020-04-01";"";"";"";"Essen";"indelivery";1000;"2020-02-01"
18077;"energy";"electricity";2400;2440;"2018-07-01";"2018-10-01";"2020-05-31";"2020-05-02";"Umzug";"Stuttgart";"terminated";1001;"2020-05-02"
18078;"energy";"electricity";2200;2162;"2018-09-05";"2018-12-01";"";"";"";"Leipzig";"indelivery";1000;"2019-04-24"
18079;"energy";"electricity";2200;2359;"2018-09-25";"2019-08-01";"2020-05-31";"2020-05-02";"fristgerecht durch Kunde";"Hamburg";"terminated";1001;"2019-01-24"
18080;"energy";"electricity";2000;2069;"2019-07-03";"2019-11-01";"2019-12-31";"2019-12-02";"fristgerecht durch LichtBlick";"Munich";"terminated";1002;"2019-12-02"
18081;"energy";"electricity";2200;2359;"2018-11-21";"2018-12-01";"";"";"";"Altchemnitz";"indelivery";1001;"2019-09-29"
18082;"energy";"electricity";2700;2742;"2020-05-17";"2020-07-01";"";"";"";"Berlin";"indelivery";1002;"2020-08-08"
18083;"energy";"electricity";2000;2067;"2019-09-14";"2020-05-01";"";"";"";"Cologne";"indelivery";1001;"2019-11-27"
18084;"energy";"electricity";2200;2296;"2018-04-20";"2018-08-01";"";"";"";"Berlin";"indelivery";1001;"2020-09-09"
18085;"energy";"electricity";2500;2547;"2020-01-20";"2021-01-01";"";"";"";"Munich";"active";1002;"2020-07-31"
18086;"energy";"electricity";2100;2075;"2019-12-19";"2020-04-01";"";"";"";"Hamburg";"indelivery";1002;"2020-07-17"
18087;"energy";"electricity";2100;2080;"2018-02-20";"2018-03-01";"";"";"";"Koblenz";"indelivery";1001;"2020-04-12"
18088;"energy";"electricity";2900;2977;"2018-03-16";"2018-08-01";"";"";"";"Berlin";"indelivery";1001;"2018-03-29"
18089;"energy";"gas";8400;8194;"2020-03-29";"2020-05-01";"";"";"";"Mühlhausen";"indelivery";2000;"2020-04-16"
18090;"energy";"electricity";2500;2587;"2020-03-18";"2020-09-01";"";"";"";"Berlin";"indelivery";1002;"2020-04-22"
18091;"energy";"electricity";2700;2731;"2018-12-24";"2019-01-01";"2020-02-29";"2020-01-30";"Umzug";"Kronach";"terminated";1001;"2019-08-29"
18092;"energy";"electricity";2100;2147;"2018-07-25";"2018-08-01";"2019-04-30";"2019-04-02";"fristgerecht durch LichtBlick";"Leipzig";"terminated";1000;"2019-04-02"
18093;"energy";"electricity";2300;"";"2019-11-24";"2019-12-01";"";"";"";"Würzburg";"indelivery";1000;"2020-04-07"
18094;"energy";"electricity";2300;2415;"2020-05-07";"2020-08-01";"";"";"";"Cologne";"indelivery";1001;"2020-06-13"
18095;"energy";"electricity";2200;2043;"2020-05-28";"2020-06-01";"";"";"";"Lübeck";"indelivery";1000;"2020-07-27"
18096;"energy";"electricity";2100;2109;"2020-01-23";"2020-08-01";"";"";"";"Mainz";"indelivery";1002;"2020-08-09"
18097;"energy";"gas";9600;9812;"2018-08-19";"2019-04-01";"";"";"";"Rastatt";"indelivery";2000;"2020-09-06"
18098;"energy";"electricity";2500;2639;"2019-03-15";"2019-05-01";"";"";"";"Leipzig";"indelivery";1001;"2019-07-19"
18099;"energy";"electricity";2100;2175;"2019-12-18";"2020-01-01";"";"";"";"Braunschweig";"indelivery";1002;"2020-01-26"
18100;"energy";"electricity";2100;2087;"2020-02-16";"2020-04-01";"";"";"";"Cologne";"indelivery";1001;"2020-09-24"
18101;"energy";"gas";11800;12490;"2018-10-12";"2019-11-01";"2019-11-01";"2020-01-30";"Wiederruf";"Bonn";"terminated";2000;"2020-01-30"
18102;"energy";"electricity";2100;2114;"2018-01-21";"2018-03-01";"";"";"";"Freiburg";"indelivery";1001;"2020-09-13"
18103;"energy";"electricity";2800;"";"2020-02-22";"2020-03-01";"";"";"";"Augsburg";"indelivery";1002;"2020-04-01"
18104;"energy";"electricity";2600;2516;"2018-10-20";"2018-12-01";"";"";"";"Stade";"indelivery";1000;"2019-05-19"
18105;"energy";"electricity";2800;2665;"2020-09-11";"2021-03-01";"";"";"";"Magdeburg";"active";1001;"2020-09-20"
18106;"energy";"electricity";2800;3006;"2019-05-02";"2019-09-01";"";"";"";"Mannheim";"indelivery";1002;"2020-09-03"
18107;"energy";"electricity";2700;2781;"2019-04-10";"2019-05-01";"";"";"";"Ingolstadt";"indelivery";1001;"2020-08-21"
18108;"energy";"electricity";2700;2610;"2018-04-02";"2018-11-01";"2020-01-31";"2020-01-03";"fristgerecht durch Kunde";"Frankfurt";"terminated";1002;"2020-01-03"
18109;"energy";"electricity";3000;3093;"2018-04-02";"2018-10-01";"";"";"";"Siegen";"indelivery";1000;"2020-01-12"
18110;"energy";"electricity";3000;2875;"2020-07-24";"2020-09-01";"";"";"";"Mannheim";"indelivery";1001;"2020-09-30"
18111;"energy";"gas";9900;9891;"2020-03-22";"2020-11-01";"";"";"";"Bremen";"active";2000;"2020-06-26"
18112;"energy";"gas";10800;"";"2018-12-23";"2019-06-01";"";"";"";"Cologne";"indelivery";2001;"2019-03-15"
18113;"energy";"gas";12000;12187;"2018-12-02";"2019-01-01";"";"";"";"Magdeburg";"indelivery";2000;"2019-10-15"
18114;"energy";"gas";9500;"";"2019-06-12";"2019-07-01";"";"";"";"Augsburg";"indelivery";2001;"2020-01-28"
18115;"energy";"gas";11000;11114;"2018-12-16";"2019-02-01";"";"";"";"Düsseldorf";"indelivery";2001;"2019-11-09"
18116;"energy";"electricity";1900;1811;"2018-09-25";"2019-08-01";"";"";"";"Munich";"indelivery";1001;"2018-11-12"
18117;"energy";"electricity";2800;2918;"2018-04-21";"2018-09-01";"2020-05-31";"2020-05-03";"fristgerecht durch Kunde";"Hannover";"terminated";1000;"2019-07-26"
18118;"energy";"electricity";2800;2706;"2018-08-06";"2018-09-01";"";"";"";"Magdeburg";"indelivery";1001;"2019-03-01"
18119;"energy";"electricity";2300;2382;"2018-05-22";"2018-07-01";"";"";"";"Rostock";"indelivery";1000;"2020-01-29"
18120;"energy";"electricity";3000;3017;"2019-04-09";"2019-06-01";"";"";"";"Leipzig";"indelivery";1001;"2019-04-22"
18121;"energy";"electricity";2400;2404;"2020-07-20";"2020-08-01";"";"";"";"Berlin";"indelivery";1000;"2020-07-24"
18122;"energy";"electricity";2200;2352;"2018-12-31";"2019-01-01";"";"";"";"Hamburg";"indelivery";1000;"2019-04-30"
18123;"energy";"electricity";2600;2701;"2019-01-12";"2019-02-01";"2020-12-31";"2020-11-28";"fristgerecht durch LichtBlick";"Heidelberg";"cancelled";1001;"2019-03-23"
18124;"energy";"electricity";2700;2747;"2020-03-09";"2020-05-01";"";"";"";"Potsdam";"indelivery";1001;"2020-09-28"
18125;"energy";"electricity";2300;2430;"2020-01-23";"2020-06-01";"";"";"";"Karlsruhe";"indelivery";1001;"2020-05-09"
18126;"energy";"electricity";2400;"";"2020-01-12";"2020-03-01";"";"";"";"Fürth";"indelivery";1002;"2020-08-01"
18127;"energy";"electricity";2300;2279;"2018-05-19";"2018-10-01";"";"";"";"Berlin";"indelivery";1000;"2018-07-11"
18128;"energy";"electricity";1900;1838;"2020-03-09";"2020-06-01";"";"";"";"Hamburg";"indelivery";1001;"2020-06-13"
18129;"energy";"electricity";2600;2742;"2020-01-04";"2020-05-01";"";"";"";"Wuppertal";"indelivery";1001;"2020-06-20"
18130;"energy";"electricity";2300;"";"2019-02-01";"2019-03-01";"";"";"";"Frankfurt";"indelivery";1002;"2019-04-15"
18131;"energy";"electricity";2600;2706;"2018-11-25";"2019-01-01";"2020-11-30";"2020-10-30";"fristgerecht durch LichtBlick";"Bremen";"cancelled";1001;"2019-11-08"
18132;"energy";"electricity";2800;2759;"2020-08-19";"2020-11-01";"";"";"";"Braunschweig";"active";1001;"2020-09-08"
18133;"energy";"electricity";2500;2515;"2018-12-23";"2019-02-01";"";"";"";"Wuppertal";"indelivery";1001;"2019-12-29"
18134;"energy";"electricity";2600;2667;"2019-07-18";"2019-08-01";"";"";"";"Berlin";"indelivery";1000;"2019-11-09"
18135;"energy";"electricity";2600;2714;"2018-08-14";"2018-12-01";"";"";"";"Düsseldorf";"indelivery";1002;"2018-12-18"
18136;"energy";"electricity";2600;"";"2019-06-09";"2019-07-01";"";"";"";"Stuttgart";"indelivery";1001;"2020-03-07"
18137;"energy";"electricity";2300;2157;"2019-03-17";"2019-05-01";"";"";"";"Düsseldorf";"indelivery";1000;"2020-04-15"
18138;"energy";"gas";8600;8372;"2018-11-29";"2019-02-01";"";"";"";"Parchim";"indelivery";2000;"2019-10-17"
18139;"energy";"gas";8800;9529;"2018-08-30";"2019-01-01";"";"";"";"Leipzig";"indelivery";2000;"2020-08-07"
18140;"energy";"electricity";2700;2561;"2019-06-04";"2020-04-01";"";"";"";"Haßfurt";"indelivery";1000;"2019-12-18"
18141;"energy";"electricity";2700;2675;"2018-11-20";"2019-06-01";"";"";"";"Ulm";"indelivery";1000;"2020-09-02"
18142;"energy";"electricity";2200;2282;"2019-10-03";"2019-11-01";"";"";"";"Braunschweig";"indelivery";1000;"2020-06-08"
18143;"energy";"electricity";1900;1906;"2019-04-10";"2020-03-01";"";"";"";"Munich";"indelivery";1000;"2019-04-27"
18144;"energy";"electricity";2300;2381;"2018-12-17";"2019-03-01";"2019-03-01";"2019-05-30";"Wiederruf";"Münster";"terminated";1001;"2019-05-30"
18145;"energy";"gas";10600;10642;"2020-04-17";"2020-12-01";"";"";"";"Cologne";"active";2000;"2020-06-10"
18146;"energy";"electricity";2100;2281;"2019-09-21";"2020-03-01";"";"";"";"Magdeburg";"indelivery";1000;"2020-06-01"
18147;"energy";"electricity";2900;2797;"2019-11-19";"2019-12-01";"";"";"";"Rosenheim";"indelivery";1001;"2020-09-01"
18148;"energy";"electricity";2800;2663;"2018-10-28";"2018-11-01";"";"";"";"Stuttgart";"indelivery";1001;"2020-07-10"
18149;"energy";"electricity";2700;2570;"2020-08-05";"2021-01-01";"";"";"";"Augsburg";"active";1002;"2020-09-17"
18150;"energy";"electricity";2100;2063;"2018-05-09";"2018-07-01";"";"";"";"Leipzig";"indelivery";1000;"2020-07-25"
18151;"energy";"electricity";2700;2645;"2020-01-29";"2020-02-01";"";"";"";"Marienberg";"indelivery";1002;"2020-09-13"
18152;"energy";"electricity";2400;2479;"2018-03-08";"2018-04-01";"";"";"";"Würzburg";"indelivery";1000;"2018-10-31"
18153;"energy";"electricity";2200;2405;"2020-02-02";"2020-09-01";"";"";"";"Marienberg";"indelivery";1001;"2020-07-07"
18154;"energy";"electricity";2600;2474;"2019-06-04";"2019-11-01";"2020-05-31";"2020-05-03";"fristgerecht durch LichtBlick";"Hamburg";"terminated";1002;"2020-03-16"
18155;"energy";"electricity";2700;2849;"2019-10-18";"2019-11-01";"";"";"";"Berlin";"indelivery";1001;"2019-10-26"
18156;"energy";"electricity";2700;2661;"2018-02-10";"2018-03-01";"";"";"";"Bonn";"indelivery";1001;"2020-02-22"
18157;"energy";"electricity";2000;2140;"2019-12-22";"2020-02-01";"";"";"";"Essen";"indelivery";1000;"2020-07-28"
18158;"energy";"electricity";2600;2686;"2018-09-28";"2018-11-01";"";"";"";"Stuttgart";"indelivery";1002;"2019-11-20"
18159;"energy";"electricity";2900;3028;"2019-04-18";"2019-09-01";"";"";"";"Bad Segeberg";"indelivery";1000;"2020-04-28"
18160;"energy";"gas";10000;9802;"2018-10-20";"2019-03-01";"";"";"";"Dortmund";"indelivery";2000;"2019-01-03"
18161;"energy";"electricity";2000;2057;"2018-02-07";"2018-09-01";"";"";"";"Augsburg";"indelivery";1001;"2019-07-24"
18162;"energy";"electricity";2200;2226;"2020-01-10";"2020-03-01";"";"";"";"Ulm";"indelivery";1001;"2020-04-28"
18163;"energy";"electricity";2000;2005;"2018-01-18";"2018-12-01";"";"";"";"Hamburg";"indelivery";1001;"2019-11-16"
18164;"energy";"electricity";2500;2484;"2020-07-08";"2021-01-01";"";"";"";"Potsdam";"active";1000;"2020-09-09"
18165;"energy";"electricity";2500;2469;"2019-03-27";"2019-05-01";"";"";"";"Hamburg";"indelivery";1002;"2019-11-19"
18166;"energy";"electricity";2900;2942;"2019-08-07";"2020-01-01";"";"";"";"Regensburg";"indelivery";1002;"2019-12-02"
18167;"energy";"electricity";2400;2571;"2020-08-18";"2020-10-01";"";"";"";"Rostock";"indelivery";1001;"2020-09-07"
18168;"energy";"electricity";2100;2064;"2019-05-25";"2019-07-01";"";"";"";"Mannheim";"indelivery";1001;"2020-09-27"
18169;"energy";"gas";8600;8474;"2019-01-19";"2019-11-01";"";"";"";"Leipzig";"indelivery";2000;"2020-09-20"
18170;"energy";"electricity";2100;2022;"2019-08-05";"2019-09-01";"";"";"";"Flensburg";"indelivery";1000;"2020-08-05"
18171;"energy";"electricity";2500;2577;"2018-03-26";"2018-08-01";"2020-02-29";"2020-01-29";"fristgerecht durch Kunde";"Duisburg";"terminated";1000;"2020-01-29"
18172;"energy";"electricity";2200;2330;"2020-07-22";"2021-01-01";"";"";"";"Berlin";"active";1001;"2020-09-13"
18173;"energy";"electricity";2200;"";"2019-04-18";"2020-02-01";"";"";"";"Würzburg";"indelivery";1001;"2020-03-08"
18174;"energy";"electricity";2500;2421;"2020-06-13";"2020-07-01";"2020-12-31";"2020-12-03";"Umzug";"Saarbrücken";"cancelled";1001;"2020-08-30"
18175;"energy";"electricity";2600;2725;"2019-06-01";"2020-04-01";"";"";"";"Berlin";"indelivery";1002;"2020-02-25"
18176;"energy";"electricity";2700;2853;"2018-12-25";"2019-04-01";"2019-10-31";"2019-09-27";"Umzug";"Mannheim";"terminated";1001;"2019-09-27"
18177;"energy";"electricity";2200;2244;"2018-07-07";"2018-10-01";"2019-12-31";"2019-12-02";"fristgerecht durch LichtBlick";"Wuppertal";"terminated";1001;"2019-11-26"
18178;"energy";"electricity";2900;3168;"2018-08-23";"2018-12-01";"";"";"";"Wuppertal";"indelivery";1002;"2020-01-20"
18179;"energy";"electricity";2300;2453;"2019-08-05";"2019-09-01";"";"";"";"Hamburg";"indelivery";1001;"2019-11-23"
18180;"energy";"electricity";2000;1940;"2020-01-30";"2020-02-01";"";"";"";"Berlin";"indelivery";1002;"2020-03-30"
18181;"energy";"electricity";2600;2725;"2020-09-18";"2021-03-01";"";"";"";"Kiel";"active";1002;"2020-09-20"
18182;"energy";"electricity";2600;"";"2019-03-09";"2019-06-01";"";"";"";"Dresden";"indelivery";1002;"2020-02-09"
18183;"energy";"electricity";2500;2610;"2018-07-15";"2018-08-01";"";"";"";"Delmenhorst";"indelivery";1002;"2020-07-31"
18184;"energy";"electricity";2100;2231;"2018-06-29";"2018-09-01";"2019-10-31";"2019-10-03";"fristgerecht durch Kunde";"Berlin";"terminated";1001;"2019-10-03"
18185;"energy";"electricity";2100;1982;"2018-09-08";"2018-11-01";"";"";"";"Koblenz";"indelivery";1002;"2019-04-14"
18186;"energy";"gas";8400;8640;"2019-11-07";"2020-01-01";"";"";"";"Duisburg";"indelivery";2001;"2020-06-15"
18187;"energy";"electricity";2400;2355;"2018-02-04";"2018-04-01";"2019-05-31";"2019-05-02";"fristgerecht durch LichtBlick";"Berlin";"terminated";1001;"2019-05-02"
18188;"energy";"electricity";2400;2475;"2020-09-27";"2020-11-01";"";"";"";"Bonn";"active";1001;"2020-09-27"
18189;"energy";"electricity";2000;1999;"2020-08-08";"2020-10-01";"";"";"";"Osnabrück";"indelivery";1002;"2020-08-24"
18190;"energy";"electricity";2300;2312;"2018-11-08";"2019-02-01";"";"";"";"Jena";"indelivery";1001;"2020-09-29"
18191;"energy";"electricity";2500;2522;"2019-02-14";"2019-04-01";"";"";"";"Berlin";"indelivery";1001;"2019-04-04"
18192;"energy";"gas";11200;11008;"2019-03-24";"2019-07-01";"";"";"";"Hamburg";"indelivery";2000;"2020-03-26"
18193;"energy";"electricity";2800;"";"2019-08-05";"2019-09-01";"";"";"";"Erfurt";"indelivery";1001;"2020-09-29"
18194;"energy";"electricity";2900;2745;"2018-11-23";"2019-07-01";"";"";"";"Leipzig";"indelivery";1000;"2019-03-14"
18195;"energy";"electricity";2400;2362;"2019-06-10";"2020-05-01";"";"";"";"Gera";"indelivery";1000;"2019-07-06"
18196;"energy";"electricity";2800;2933;"2020-04-15";"2020-07-01";"";"";"";"Berlin";"indelivery";1001;"2020-05-09"
18197;"energy";"gas";10800;11478;"2019-09-20";"2019-12-01";"";"";"";"Dortmund";"indelivery";2000;"2019-09-25"
18198;"energy";"gas";12100;12534;"2018-08-13";"2019-01-01";"2020-01-31";"2020-01-01";"Umzug";"Greiz";"terminated";2001;"2019-12-16"
18199;"energy";"electricity";2300;2476;"2020-07-12";"2020-12-01";"";"";"";"Bielefeld";"active";1000;"2020-08-16"
18200;"energy";"electricity";2100;2122;"2018-07-25";"2018-08-01";"";"";"";"Dresden";"indelivery";1000;"2019-08-24"
18201;"energy";"electricity";2700;2610;"2018-08-08";"2018-10-01";"2019-05-31";"2019-05-02";"fristgerecht durch Kunde";"Hamburg";"terminated";1000;"2018-12-30"
18202;"energy";"electricity";2800;2855;"2019-12-15";"2020-02-01";"";"";"";"Cologne";"indelivery";1002;"2020-07-10"
18203;"energy";"gas";11300;11092;"2018-05-28";"2019-01-01";"";"";"";"Dresden";"indelivery";2001;"2018-07-13"
18204;"energy";"gas";10900;10589;"2019-10-09";"2019-12-01";"";"";"";"Jena";"indelivery";2000;"2019-11-01"
18205;"energy";"electricity";2600;2697;"2019-07-12";"2019-11-01";"";"";"";"Marienberg";"indelivery";1000;"2020-03-19"
18206;"energy";"electricity";2100;"";"2020-01-27";"2020-05-01";"2020-05-01";"2020-08-02";"Wiederruf";"Berlin";"terminated";1000;"2020-08-02"
18207;"energy";"gas";11500;12179;"2019-01-13";"2019-03-01";"";"";"";"Berlin";"indelivery";2001;"2020-09-13"
18208;"energy";"gas";10300;10128;"2018-10-03";"2018-11-01";"2018-11-01";"2020-01-31";"Wiederruf";"Dresden";"terminated";2001;"2019-12-31"
18209;"energy";"electricity";2100;2115;"2020-08-30";"2021-01-01";"";"";"";"Ingolstadt";"active";1000;"2020-09-12"
18210;"energy";"electricity";2600;2619;"2019-04-26";"2019-11-01";"";"";"";"Cologne";"indelivery";1000;"2019-05-12"
18211;"energy";"gas";8300;8407;"2020-05-03";"2020-10-01";"";"";"";"Kiel";"indelivery";2001;"2020-08-29"
18212;"energy";"electricity";2300;2436;"2019-11-04";"2020-03-01";"";"";"";"Berlin";"indelivery";1000;"2020-01-12"
18213;"energy";"gas";8100;7804;"2018-01-30";"2018-06-01";"2018-06-01";"2019-10-01";"Wiederruf";"Frankfurt";"terminated";2000;"2018-10-24"
18214;"energy";"electricity";1900;1878;"2019-09-27";"2019-11-01";"";"";"";"Hamburg";"indelivery";1002;"2020-07-02"
18215;"energy";"electricity";2700;"";"2020-01-06";"2020-05-01";"";"";"";"Berlin";"indelivery";1000;"2020-04-30"
18216;"energy";"electricity";2600;2608;"2019-06-06";"2019-08-01";"";"";"";"Münster";"indelivery";1001;"2020-09-16"
18217;"energy";"electricity";2600;2502;"2018-03-22";"2018-05-01";"2020-06-30";"2020-05-28";"Umzug";"Jena";"terminated";1002;"2019-03-28"
18218;"energy";"electricity";2600;2608;"2019-03-10";"2019-07-01";"2019-07-01";"2019-10-01";"Wiederruf";"Mainz";"terminated";1002;"2019-10-01"
18219;"energy";"electricity";2600;"";"2020-09-14";"2021-02-01";"";"";"";"Berlin";"active";1001;"2020-09-14"
18220;"energy";"electricity";2300;"";"2020-05-29";"2020-06-01";"";"";"";"Berlin";"indelivery";1000;"2020-08-02"
18221;"energy";"electricity";2900;2856;"2018-11-04";"2018-12-01";"";"";"";"Cologne";"indelivery";1001;"2019-03-14"
18222;"energy";"electricity";3000;3020;"2020-02-26";"2020-03-01";"2020-08-31";"2020-07-29";"Umzug";"Düsseldorf";"terminated";1001;"2020-07-29"
18223;"energy";"electricity";2400;2497;"2019-10-05";"2020-10-01";"";"";"";"Leipzig";"indelivery";1001;"2020-04-13"
18224;"energy";"gas";8400;8338;"2020-05-22";"2020-08-01";"";"";"";"Duisburg";"indelivery";2001;"2020-07-15"
18225;"energy";"electricity";2800;2773;"2018-12-07";"2019-02-01";"";"";"";"Marienberg";"indelivery";1000;"2019-10-22"
18226;"energy";"electricity";2300;2240;"2019-01-01";"2019-05-01";"";"";"";"Magdeburg";"indelivery";1000;"2019-09-24"
18227;"energy";"electricity";2700;2652;"2020-09-30";"2020-10-01";"";"";"";"Stuttgart";"indelivery";1001;"2020-09-30"
18228;"energy";"electricity";2600;2553;"2019-04-02";"2019-08-01";"";"";"";"Augsburg";"indelivery";1001;"2020-09-30"
18229;"energy";"electricity";2000;2033;"2020-04-12";"2020-06-01";"";"";"";"Berlin";"indelivery";1001;"2020-05-26"
18230;"energy";"electricity";2300;2196;"2019-10-31";"2019-11-01";"2020-01-31";"2019-12-27";"fristgerecht durch Kunde";"Augsburg";"terminated";1001;"2019-12-27"
18231;"energy";"electricity";2500;2399;"2019-05-28";"2020-02-01";"";"";"";"Freiburg";"indelivery";1000;"2019-09-22"
18232;"energy";"gas";11500;11560;"2019-04-12";"2019-07-01";"";"";"";"Dresden";"indelivery";2001;"2020-09-10"
18233;"energy";"electricity";2100;2210;"2019-11-28";"2020-02-01";"";"";"";"Düsseldorf";"indelivery";1002;"2020-04-21"
18234;"energy";"electricity";2700;2726;"2019-07-27";"2020-01-01";"";"";"";"Mainz";"indelivery";1001;"2019-10-13"
18235;"energy";"electricity";2100;"";"2020-03-19";"2020-07-01";"";"";"";"Berlin";"indelivery";1001;"2020-07-07"
18236;"energy";"electricity";2400;2349;"2018-08-25";"2018-10-01";"";"";"";"Rosenheim";"indelivery";1000;"2020-03-02"
18237;"energy";"electricity";2100;2083;"2018-10-05";"2018-12-01";"";"";"";"Heidelberg";"indelivery";1000;"2020-04-29"
18238;"energy";"electricity";2100;2272;"2020-01-27";"2020-04-01";"";"";"";"Düsseldorf";"indelivery";1000;"2020-06-20"
18239;"energy";"electricity";2100;2162;"2019-03-04";"2019-07-01";"";"";"";"Rosenheim";"indelivery";1000;"2019-03-15"
18240;"energy";"electricity";2700;2755;"2020-02-13";"2020-04-01";"";"";"";"Frankfurt";"indelivery";1002;"2020-05-17"
18241;"energy";"electricity";2500;2684;"2020-04-02";"2020-09-01";"";"";"";"Hamburg";"indelivery";1002;"2020-07-30"
18242;"energy";"gas";11600;11407;"2020-03-03";"2021-01-01";"";"";"";"Düsseldorf";"active";2001;"2020-08-09"
18243;"energy";"gas";9500;9696;"2019-03-02";"2019-05-01";"";"";"";"Berlin";"indelivery";2001;"2020-02-21"
18244;"energy";"electricity";2000;1914;"2020-03-30";"2020-04-01";"";"";"";"Hamburg";"indelivery";1002;"2020-04-23"
18245;"energy";"gas";11100;10634;"2019-09-23";"2019-11-01";"2020-10-31";"2020-09-30";"fristgerecht durch Kunde";"Kiel";"cancelled";2000;"2019-11-07"
18246;"energy";"electricity";2400;2577;"2018-01-14";"2018-02-01";"";"";"";"Munich";"indelivery";1000;"2018-08-06"
18247;"energy";"electricity";2400;2306;"2020-09-28";"2021-05-01";"";"";"";"Munich";"active";1000;"2020-09-30"
18248;"energy";"electricity";2000;1987;"2020-06-26";"2021-01-01";"";"";"";"Munich";"active";1001;"2020-09-06"
18249;"energy";"electricity";2100;2210;"2018-10-16";"2018-12-01";"";"";"";"Berlin";"indelivery";1000;"2019-12-14"
18250;"energy";"electricity";2300;2375;"2018-01-18";"2018-08-01";"2019-10-31";"2019-10-01";"Umzug";"Berlin";"terminated";1002;"2019-10-01"
18251;"energy";"electricity";2200;2261;"2018-09-19";"2020-01-01";"";"";"";"Essen";"indelivery";1002;"2018-12-23"
18252;"energy";"gas";9500;"";"2018-11-27";"2018-12-01";"";"";"";"Wiesbaden";"indelivery";2001;"2020-03-30"
18253;"energy";"electricity";2800;2790;"2019-03-01";"2019-10-01";"";"";"";"Berlin";"indelivery";1000;"2019-08-14"
18254;"energy";"gas";8500;8222;"2019-01-31";"2019-05-01";"";"";"";"Leipzig";"indelivery";2000;"2020-06-05"
18255;"energy";"electricity";2600;2461;"2020-03-23";"2020-10-01";"";"";"";"Bad Homburg";"indelivery";1001;"2020-07-22"
18256;"energy";"electricity";2200;2256;"2018-09-04";"2019-01-01";"2019-01-01";"2019-12-01";"Wiederruf";"Hamburg";"terminated";1002;"2019-01-14"
18257;"energy";"gas";9100;9304;"2020-07-17";"2020-09-01";"";"";"";"Berlin";"indelivery";2001;"2020-09-24"
18258;"energy";"electricity";2300;2385;"2018-02-02";"2018-04-01";"2020-03-31";"2020-03-03";"fristgerecht durch LichtBlick";"Hamburg";"terminated";1001;"2019-08-23"
18259;"energy";"electricity";2700;2672;"2020-08-10";"2021-05-01";"";"";"";"Stuttgart";"active";1001;"2020-08-12"
18260;"energy";"electricity";2500;2623;"2018-06-09";"2018-09-01";"2020-06-30";"2020-05-27";"Umzug";"Hamburg";"terminated";1002;"2019-04-23"
18261;"energy";"electricity";2100;2233;"2019-02-12";"2019-05-01";"";"";"";"Braunschweig";"indelivery";1002;"2020-01-17"
18262;"energy";"electricity";2200;2299;"2019-01-09";"2019-03-01";"";"";"";"Marienberg";"indelivery";1001;"2019-12-07"
18263;"energy";"electricity";2600;2660;"2020-03-23";"2020-11-01";"";"";"";"Munich";"active";1000;"2020-09-30"
18264;"energy";"electricity";1900;1883;"2020-08-18";"2021-02-01";"";"";"";"Munich";"active";1001;"2020-08-26"
18265;"energy";"gas";9800;9889;"2018-12-30";"2019-01-01";"";"";"";"Marienberg";"indelivery";2001;"2020-06-05"
18266;"energy";"gas";10900;11224;"2018-06-01";"2018-12-01";"";"";"";"Freiburg";"indelivery";2001;"2019-06-05"
18267;"energy";"electricity";2500;2447;"2019-08-11";"2019-11-01";"";"";"";"Hamburg";"indelivery";1001;"2020-01-21"
18268;"energy";"electricity";2900;2961;"2020-03-19";"2021-05-01";"";"";"";"Sankt Wendel";"active";1001;"2020-06-03"
18269;"energy";"electricity";2500;2551;"2020-06-16";"2020-08-01";"";"";"";"Cologne";"indelivery";1002;"2020-09-02"
18270;"energy";"gas";10400;11105;"2020-03-05";"2020-06-01";"";"";"";"Hamburg";"indelivery";2000;"2020-07-06"
18271;"energy";"electricity";2700;2886;"2019-06-24";"2019-09-01";"";"";"";"Mannheim";"indelivery";1000;"2020-01-09"
18272;"energy";"electricity";2300;2415;"2020-02-21";"2020-07-01";"2020-07-01";"2020-12-02";"Wiederruf";"Karlsruhe";"terminated";1000;"2020-03-10"
18273;"energy";"electricity";2100;2078;"2020-02-24";"2020-12-01";"";"";"";"Munich";"active";1001;"2020-07-19"
18274;"energy";"electricity";2800;3018;"2018-05-05";"2019-04-01";"2020-10-31";"2020-09-28";"Umzug";"Dortmund";"cancelled";1001;"2018-11-23"
18275;"energy";"electricity";2900;2909;"2019-02-23";"2019-07-01";"";"";"";"Berlin";"indelivery";1002;"2019-08-21"
18276;"energy";"electricity";2100;2038;"2019-01-13";"2019-03-01";"";"";"";"Berlin";"indelivery";1001;"2019-06-12"
18277;"energy";"electricity";2300;2268;"2019-01-26";"2019-03-01";"2019-03-01";"2019-12-30";"Wiederruf";"Essen";"terminated";1001;"2019-12-30"
18278;"energy";"electricity";2300;2140;"2018-05-23";"2018-09-01";"2018-09-01";"2019-08-31";"Wiederruf";"Bonn";"terminated";1001;"2018-08-29"
18279;"energy";"electricity";2500;2539;"2020-07-14";"2020-12-01";"";"";"";"Magdeburg";"active";1002;"2020-07-23"
18280;"energy";"gas";9100;9110;"2019-12-07";"2020-05-01";"";"";"";"Dortmund";"indelivery";2000;"2020-06-21"
18281;"energy";"electricity";2700;2684;"2019-06-23";"2019-09-01";"";"";"";"Leipzig";"indelivery";1002;"2019-09-01"
18282;"energy";"electricity";2800;2747;"2018-07-07";"2018-09-01";"2018-09-01";"2019-12-01";"Wiederruf";"Düsseldorf";"terminated";1000;"2019-12-01"
18283;"energy";"electricity";2300;2429;"2018-07-04";"2018-09-01";"2019-02-28";"2019-01-30";"fristgerecht durch Kunde";"Munich";"terminated";1001;"2019-01-30"
18284;"energy";"electricity";2100;2121;"2020-02-22";"2020-04-01";"";"";"";"Düsseldorf";"indelivery";1002;"2020-09-01"
18285;"energy";"electricity";2200;2238;"2019-12-30";"2020-06-01";"";"";"";"Berlin";"indelivery";1002;"2020-07-22"
18286;"energy";"electricity";2300;2371;"2020-07-15";"2020-09-01";"2020-10-31";"2020-09-22";"Umzug";"Hamburg";"cancelled";1002;"2020-09-19"
18287;"energy";"electricity";2400;2265;"2019-11-16";"2020-03-01";"";"";"";"Munich";"indelivery";1002;"2019-12-12"
18288;"energy";"electricity";3000;3041;"2019-02-03";"2019-06-01";"";"";"";"Dresden";"indelivery";1000;"2020-05-20"
18289;"energy";"electricity";2700;2816;"2019-01-08";"2019-04-01";"2019-11-30";"2019-11-02";"fristgerecht durch Kunde";"Düsseldorf";"terminated";1002;"2019-03-21"
18290;"energy";"electricity";2900;"";"2018-02-02";"2018-04-01";"";"";"";"Bremen";"indelivery";1002;"2020-08-02"
18291;"energy";"electricity";2200;2423;"2018-07-10";"2018-09-01";"";"";"";"Dresden";"indelivery";1000;"2019-10-12"
18292;"energy";"electricity";2900;2801;"2019-06-11";"2019-07-01";"2020-05-31";"2020-05-02";"fristgerecht durch Kunde";"Marienberg";"terminated";1002;"2020-05-02"
18293;"energy";"gas";12400;12195;"2019-04-25";"2019-07-01";"2020-09-30";"2020-08-31";"fristgerecht durch LichtBlick";"Neustadt";"terminated";2001;"2020-02-20"
18294;"energy";"electricity";2600;2618;"2020-09-14";"2021-03-01";"";"";"";"Frankfurt";"active";1002;"2020-09-26"
18295;"energy";"electricity";2200;2242;"2018-04-23";"2018-06-01";"2018-06-01";"2019-04-25";"Wiederruf";"Hamburg";"terminated";1001;"2019-04-25"
18296;"energy";"electricity";2500;2439;"2020-08-16";"2020-10-01";"";"";"";"Munich";"indelivery";1002;"2020-09-24"
18297;"energy";"electricity";3000;2874;"2018-10-16";"2019-01-01";"";"";"";"Schwerin";"indelivery";1001;"2020-07-08"
18298;"energy";"electricity";2300;2331;"2019-04-15";"2020-03-01";"";"";"";"Dresden";"indelivery";1002;"2020-03-26"
18299;"energy";"electricity";2800;"";"2020-03-04";"2020-06-01";"";"";"";"Berlin";"indelivery";1002;"2020-09-12"
18300;"energy";"electricity";2400;2421;"2018-03-20";"2018-08-01";"";"";"";"Bonn";"indelivery";1000;"2018-12-12"
18301;"energy";"electricity";2100;2089;"2019-05-18";"2019-10-01";"";"";"";"Berlin";"indelivery";1000;"2019-08-19"
18302;"energy";"electricity";2500;"";"2018-02-12";"2018-05-01";"2019-11-30";"2019-10-29";"Umzug";"Frankfurt";"terminated";1002;"2019-10-29"
18303;"energy";"electricity";2400;2355;"2020-03-16";"2020-06-01";"2020-11-30";"2020-11-01";"Umzug";"Stuttgart";"cancelled";1002;"2020-05-22"
18304;"energy";"electricity";2200;2304;"2018-10-11";"2018-12-01";"";"";"";"Berlin";"indelivery";1002;"2018-12-20"
18305;"energy";"electricity";2300;"";"2019-06-07";"2019-10-01";"";"";"";"Tauberbischofsheim";"indelivery";1001;"2020-02-10"
18306;"energy";"electricity";2400;2482;"2018-03-05";"2018-06-01";"2018-06-01";"2018-07-03";"Wiederruf";"Hamburg";"terminated";1000;"2018-07-03"
18307;"energy";"electricity";2600;2510;"2018-08-21";"2018-10-01";"";"";"";"Rendsburg";"indelivery";1000;"2019-09-08"
18308;"energy";"electricity";1900;2012;"2018-06-05";"2018-08-01";"";"";"";"Munich";"indelivery";1002;"2020-01-07"
18309;"energy";"gas";10600;10278;"2019-02-25";"2019-06-01";"";"";"";"Cologne";"indelivery";2000;"2019-12-28"
18310;"energy";"gas";10300;10950;"2020-06-13";"2020-11-01";"";"";"";"Frankfurt";"active";2001;"2020-08-16"
18311;"energy";"electricity";2500;2564;"2018-11-05";"2019-02-01";"";"";"";"Berlin";"indelivery";1000;"2019-06-27"
18312;"energy";"electricity";2900;2981;"2019-06-02";"2020-09-01";"";"";"";"Würzburg";"indelivery";1002;"2020-06-17"
18313;"energy";"electricity";2100;2158;"2018-02-23";"2018-03-01";"2019-07-31";"2019-07-02";"fristgerecht durch Kunde";"Munich";"terminated";1001;"2019-07-02"
18314;"energy";"electricity";2500;2603;"2019-05-29";"2019-08-01";"";"";"";"Lübeck";"indelivery";1002;"2019-06-16"
18315;"energy";"electricity";2700;2824;"2018-02-25";"2018-07-01";"2018-10-31";"2018-09-30";"fristgerecht durch Kunde";"Bremen";"terminated";1002;"2018-09-30"
18316;"energy";"gas";10000;10381;"2019-08-03";"2019-12-01";"2020-02-29";"2020-01-31";"fristgerecht durch Kunde";"Cologne";"terminated";2001;"2020-01-28"
18317;"energy";"electricity";2500;2581;"2020-06-15";"2020-08-01";"";"";"";"Cologne";"indelivery";1000;"2020-08-20"
18318;"energy";"electricity";2100;2299;"2018-03-11";"2018-09-01";"2019-01-31";"2018-12-25";"fristgerecht durch LichtBlick";"Frankfurt";"terminated";1000;"2018-12-25"
18319;"energy";"electricity";2500;"";"2019-03-31";"2019-08-01";"";"";"";"Oldenburg";"indelivery";1000;"2020-04-23"
18320;"energy";"electricity";2300;2364;"2019-09-19";"2020-02-01";"";"";"";"Cologne";"indelivery";1002;"2020-04-19"
18321;"energy";"electricity";2300;2377;"2019-03-26";"2019-07-01";"2020-11-30";"2020-11-02";"fristgerecht durch LichtBlick";"Berlin";"cancelled";1001;"2020-05-03"
18322;"energy";"electricity";2200;2122;"2020-06-02";"2020-09-01";"";"";"";"Frankfurt";"indelivery";1002;"2020-07-22"
18323;"energy";"electricity";2600;2675;"2018-12-11";"2019-05-01";"";"";"";"Berlin";"indelivery";1002;"2020-07-24"
18324;"energy";"electricity";2700;2629;"2020-01-17";"2020-02-01";"";"";"";"Karlsruhe";"indelivery";1002;"2020-07-21"
18325;"energy";"electricity";2900;2924;"2018-02-20";"2018-03-01";"";"";"";"Emden";"indelivery";1002;"2020-07-18"
18326;"energy";"electricity";2000;2072;"2018-12-13";"2019-09-01";"";"";"";"Berlin";"indelivery";1000;"2019-07-25"
18327;"energy";"electricity";2300;"";"2020-06-18";"2020-12-01";"";"";"";"Koblenz";"active";1000;"2020-07-27"
18328;"energy";"gas";10000;9649;"2018-11-06";"2019-01-01";"2020-12-31";"2020-12-02";"fristgerecht durch Kunde";"Hannover";"cancelled";2001;"2018-11-15"
18329;"energy";"gas";9700;"";"2018-11-18";"2019-01-01";"";"";"";"Berlin";"indelivery";2001;"2019-08-18"
18330;"energy";"electricity";2300;2440;"2019-02-26";"2019-06-01";"2020-08-31";"2020-07-24";"fristgerecht durch Kunde";"Berlin";"terminated";1001;"2020-03-12"
18331;"energy";"electricity";2400;2496;"2019-01-13";"2019-03-01";"2019-03-01";"2020-09-02";"Wiederruf";"Essen";"terminated";1002;"2020-09-02"
18332;"energy";"gas";9700;9428;"2019-11-29";"2020-03-01";"";"";"";"Dortmund";"indelivery";2000;"2020-06-11"
18333;"energy";"electricity";2200;2412;"2019-11-22";"2020-01-01";"2020-01-01";"2020-03-01";"Wiederruf";"Hamburg";"terminated";1002;"2020-03-01"
18334;"energy";"electricity";2800;2660;"2019-02-18";"2019-08-01";"";"";"";"Munich";"indelivery";1002;"2019-11-06"
18335;"energy";"electricity";2900;2921;"2019-12-27";"2020-03-01";"";"";"";"Karlsruhe";"indelivery";1002;"2020-09-01"
18336;"energy";"electricity";2000;1908;"2018-06-29";"2018-09-01";"2018-09-01";"2020-05-03";"Wiederruf";"Frankfurt";"terminated";1000;"2020-02-15"
18337;"energy";"electricity";1900;1932;"2019-10-23";"2019-12-01";"2020-06-30";"2020-05-30";"Umzug";"Hamburg";"terminated";1002;"2020-05-02"
18338;"energy";"electricity";2600;2624;"2020-08-03";"2021-03-01";"";"";"";"Berlin";"active";1002;"2020-08-24"
18339;"energy";"electricity";2800;2741;"2019-08-07";"2020-03-01";"";"";"";"Karlsruhe";"indelivery";1001;"2020-04-08"
18340;"energy";"electricity";2200;2276;"2018-07-20";"2018-11-01";"";"";"";"Sankt Wendel";"indelivery";1000;"2020-09-05"
18341;"energy";"electricity";2800;3041;"2018-09-15";"2018-11-01";"";"";"";"Wuppertal";"indelivery";1000;"2020-02-07"
18342;"energy";"electricity";2000;2160;"2019-09-16";"2019-10-01";"";"";"";"Gießen";"indelivery";1001;"2020-04-07"
18343;"energy";"electricity";2700;2596;"2019-10-17";"2020-05-01";"2020-09-30";"2020-08-28";"fristgerecht durch Kunde";"Braunschweig";"terminated";1000;"2020-06-01"
18344;"energy";"electricity";2300;2445;"2019-05-25";"2019-07-01";"";"";"";"Bonn";"indelivery";1001;"2019-06-11"
18345;"energy";"electricity";2200;2082;"2020-01-22";"2020-02-01";"";"";"";"Hamburg";"indelivery";1000;"2020-02-27"
18346;"energy";"electricity";2500;2616;"2018-07-12";"2018-08-01";"";"";"";"Bad Dürkheim";"indelivery";1002;"2018-10-31"
18347;"energy";"gas";10800;10490;"2018-11-20";"2019-08-01";"";"";"";"Dortmund";"indelivery";2000;"2020-06-12"
18348;"energy";"electricity";2900;3082;"2020-06-01";"2020-07-01";"";"";"";"Bremen";"indelivery";1001;"2020-06-27"
18349;"energy";"electricity";2200;2152;"2020-02-07";"2021-02-01";"";"";"";"Düsseldorf";"active";1000;"2020-04-28"
18350;"energy";"gas";9100;9356;"2020-06-01";"2020-07-01";"";"";"";"Berlin";"indelivery";2000;"2020-09-23"
18351;"energy";"electricity";2800;2843;"2019-05-02";"2019-07-01";"";"";"";"Frankfurt";"indelivery";1002;"2020-08-24"
18352;"energy";"electricity";2400;2467;"2018-04-01";"2018-06-01";"2020-06-30";"2020-05-25";"Umzug";"Hannover";"terminated";1002;"2019-07-12"
18353;"energy";"electricity";2800;2840;"2020-05-04";"2020-09-01";"";"";"";"Munich";"indelivery";1002;"2020-09-06"
18354;"energy";"gas";11900;11436;"2019-08-01";"2019-12-01";"";"";"";"Essen";"indelivery";2001;"2020-04-03"
18355;"energy";"electricity";2100;2172;"2019-02-26";"2019-10-01";"";"";"";"Cologne";"indelivery";1001;"2020-08-23"
18356;"energy";"electricity";3000;2861;"2018-06-16";"2018-08-01";"";"";"";"Duisburg";"indelivery";1000;"2018-07-07"
18357;"energy";"electricity";2700;2559;"2020-05-10";"2020-08-01";"";"";"";"Aalen";"indelivery";1002;"2020-09-20"
18358;"energy";"electricity";2700;2559;"2020-06-05";"2020-10-01";"2020-12-31";"2020-12-02";"fristgerecht durch LichtBlick";"Munich";"cancelled";1001;"2020-09-27"
18359;"energy";"electricity";3100;2978;"2019-06-09";"2019-07-01";"";"";"";"Wittenberg";"indelivery";1001;"2019-06-29"
18360;"energy";"electricity";2100;2051;"2019-07-27";"2019-09-01";"";"";"";"Düsseldorf";"indelivery";1000;"2019-08-17"
18361;"energy";"electricity";2300;2231;"2019-09-22";"2019-11-01";"";"";"";"Berlin";"indelivery";1001;"2020-02-03"
18362;"energy";"gas";9600;9578;"2019-11-20";"2020-01-01";"2020-09-30";"2020-08-29";"Umzug";"Munich";"terminated";2000;"2020-06-03"
18363;"energy";"electricity";2700;2738;"2020-02-03";"2020-04-01";"";"";"";"Berlin";"indelivery";1000;"2020-02-16"
18364;"energy";"gas";7700;7687;"2019-09-19";"2020-05-01";"";"";"";"Berlin";"indelivery";2000;"2020-01-09"
18365;"energy";"electricity";2800;2859;"2018-02-11";"2018-04-01";"2018-04-01";"2018-10-02";"Wiederruf";"Altchemnitz";"terminated";1000;"2018-10-02"
18366;"energy";"electricity";2600;2562;"2018-03-26";"2018-10-01";"2020-11-30";"2020-11-01";"fristgerecht durch Kunde";"Ingolstadt";"cancelled";1002;"2020-04-28"
18367;"energy";"gas";10600;"";"2019-09-22";"2019-11-01";"";"";"";"Bielefeld";"indelivery";2000;"2019-09-28"
18368;"energy";"electricity";2500;2646;"2018-09-03";"2018-12-01";"2020-05-31";"2020-05-03";"Umzug";"Berlin";"terminated";1000;"2020-05-03"
18369;"energy";"electricity";2000;1921;"2018-11-24";"2018-12-01";"";"";"";"Berlin";"indelivery";1001;"2019-02-05"
18370;"energy";"electricity";2400;2402;"2019-10-04";"2020-02-01";"2020-09-30";"2020-08-26";"fristgerecht durch LichtBlick";"Berlin";"terminated";1001;"2020-01-29"
18371;"energy";"electricity";2200;2269;"2018-11-07";"2019-01-01";"";"";"";"Gera";"indelivery";1000;"2019-09-20"
18372;"energy";"gas";8600;8313;"2018-12-26";"2019-02-01";"";"";"";"Ulm";"indelivery";2000;"2020-06-17"
18373;"energy";"electricity";2600;2660;"2019-09-18";"2019-12-01";"2020-06-30";"2020-05-30";"fristgerecht durch LichtBlick";"Jena";"terminated";1001;"2020-05-30"
18374;"energy";"electricity";2300;2350;"2018-01-26";"2018-02-01";"2018-02-01";"2018-05-30";"Wiederruf";"Bielefeld";"terminated";1000;"2018-05-30"
18375;"energy";"electricity";2500;2384;"2019-05-15";"2019-09-01";"";"";"";"Münster";"indelivery";1001;"2020-07-28"
18376;"energy";"electricity";3000;"";"2020-05-24";"2020-07-01";"";"";"";"Düsseldorf";"indelivery";1001;"2020-06-27"
18377;"energy";"electricity";2400;2343;"2019-01-16";"2019-03-01";"";"";"";"Bremerhaven";"indelivery";1000;"2020-03-17"
18378;"energy";"gas";10000;10592;"2020-01-15";"2020-05-01";"2020-12-31";"2020-11-28";"fristgerecht durch Kunde";"Wuppertal";"cancelled";2001;"2020-07-28"
18379;"energy";"electricity";2100;2260;"2020-01-14";"2020-10-01";"";"";"";"Dortmund";"indelivery";1001;"2020-02-23"
18380;"energy";"electricity";2600;2501;"2018-10-04";"2019-03-01";"";"";"";"Essen";"indelivery";1001;"2019-10-06"
18381;"energy";"electricity";2200;2113;"2019-11-29";"2020-07-01";"";"";"";"Mainz";"indelivery";1001;"2020-07-11"
18382;"energy";"electricity";2400;2608;"2019-08-19";"2019-10-01";"";"";"";"Oldenburg";"indelivery";1000;"2020-07-10"
18383;"energy";"electricity";2400;2455;"2020-05-06";"2020-07-01";"";"";"";"Duisburg";"indelivery";1001;"2020-08-03"
18384;"energy";"electricity";2100;2267;"2018-08-14";"2019-05-01";"";"";"";"Essen";"indelivery";1002;"2019-05-28"
18385;"energy";"electricity";2400;"";"2018-06-11";"2018-07-01";"";"";"";"Ulm";"indelivery";1001;"2020-04-04"
18386;"energy";"electricity";2000;2039;"2018-10-01";"2018-11-01";"";"";"";"Hamburg";"indelivery";1002;"2019-07-01"
18387;"energy";"electricity";2900;2979;"2019-11-07";"2020-01-01";"";"";"";"Gera";"indelivery";1001;"2020-05-31"
18388;"energy";"gas";7700;8064;"2019-07-10";"2020-09-01";"";"";"";"Berlin";"indelivery";2000;"2019-09-19"
18389;"energy";"electricity";2400;2491;"2019-03-07";"2019-05-01";"";"";"";"Bonn";"indelivery";1000;"2020-06-25"
18390;"energy";"electricity";2900;3024;"2018-10-06";"2018-12-01";"";"";"";"Düsseldorf";"indelivery";1002;"2019-09-21"
18391;"energy";"electricity";2600;2695;"2020-09-15";"2021-05-01";"";"";"";"Munich";"active";1002;"2020-09-18"
18392;"energy";"electricity";2700;2875;"2018-10-08";"2018-11-01";"";"";"";"Berlin";"indelivery";1000;"2018-12-21"
18393;"energy";"electricity";2400;2533;"2018-05-23";"2019-04-01";"";"";"";"Saarbrücken";"indelivery";1000;"2019-04-12"
18394;"energy";"electricity";2100;2132;"2018-06-15";"2019-04-01";"2020-09-30";"2020-09-02";"fristgerecht durch LichtBlick";"Bremen";"terminated";1000;"2019-05-12"
18395;"energy";"gas";11400;11404;"2019-07-21";"2019-10-01";"";"";"";"Hofeck";"indelivery";2000;"2020-07-15"
18396;"energy";"electricity";2800;2910;"2019-11-14";"2020-02-01";"";"";"";"Berlin";"indelivery";1002;"2020-03-09"
18397;"energy";"electricity";2900;3081;"2019-06-28";"2019-09-01";"2020-04-30";"2020-04-01";"fristgerecht durch Kunde";"Braunschweig";"terminated";1002;"2020-01-30"
18398;"energy";"electricity";2500;2659;"2019-09-01";"2019-12-01";"";"";"";"Düsseldorf";"indelivery";1001;"2020-04-02"
18399;"energy";"electricity";2400;2385;"2019-04-02";"2019-05-01";"";"";"";"Marienberg";"indelivery";1002;"2019-12-03"
18400;"energy";"electricity";2100;2076;"2018-08-12";"2019-05-01";"2019-05-01";"2019-08-03";"Wiederruf";"Rostock";"terminated";1002;"2019-07-17"
18401;"energy";"electricity";2700;2878;"2020-09-28";"2020-12-01";"";"";"";"Düsseldorf";"active";1000;"2020-09-30"
18402;"energy";"gas";11100;10883;"2018-10-12";"2019-05-01";"";"";"";"Memmingen";"indelivery";2001;"2020-01-29"
18403;"energy";"electricity";2900;3100;"2018-11-01";"2019-05-01";"";"";"";"Bonn";"indelivery";1000;"2019-03-24"
18404;"energy";"electricity";2800;2833;"2018-01-12";"2018-08-01";"";"";"";"Berlin";"indelivery";1002;"2019-03-15"
18405;"energy";"gas";9900;10645;"2018-12-16";"2019-02-01";"";"";"";"Duisburg";"indelivery";2000;"2019-07-16"
18406;"energy";"electricity";2400;2296;"2019-12-25";"2020-02-01";"";"";"";"Flensburg";"indelivery";1002;"2020-02-15"
18407;"energy";"electricity";2400;2546;"2018-04-04";"2018-06-01";"";"";"";"Bremerhaven";"indelivery";1002;"2020-05-05"
18408;"energy";"electricity";2100;2062;"2020-01-15";"2020-04-01";"";"";"";"Ulm";"indelivery";1000;"2020-04-08"
18409;"energy";"electricity";2800;2894;"2018-10-29";"2018-12-01";"";"";"";"Berlin";"indelivery";1001;"2019-08-21"
18410;"energy";"electricity";2600;2718;"2019-08-30";"2019-09-01";"2020-06-30";"2020-05-30";"Umzug";"Erfurt";"terminated";1001;"2020-02-11"
18411;"energy";"electricity";2200;2327;"2018-10-28";"2018-11-01";"";"";"";"Munich";"indelivery";1000;"2020-07-17"
18412;"energy";"electricity";2300;2359;"2020-05-27";"2020-07-01";"";"";"";"Berlin";"indelivery";1002;"2020-08-07"
18413;"energy";"electricity";2700;2646;"2020-03-22";"2020-06-01";"";"";"";"Potsdam";"indelivery";1000;"2020-07-14"
18414;"energy";"electricity";2300;2413;"2020-06-18";"2020-08-01";"";"";"";"Berlin";"indelivery";1002;"2020-07-30"
18415;"energy";"electricity";2400;2329;"2018-04-09";"2018-06-01";"";"";"";"Dortmund";"indelivery";1002;"2019-02-27"
18416;"energy";"electricity";2100;2306;"2018-03-11";"2018-06-01";"";"";"";"Dortmund";"indelivery";1000;"2020-07-23"
18417;"energy";"electricity";2500;2618;"2020-05-28";"2020-10-01";"";"";"";"Freiburg";"indelivery";1002;"2020-09-07"
18418;"energy";"electricity";2600;2602;"2018-05-02";"2018-08-01";"";"";"";"Berlin";"indelivery";1000;"2020-07-30"
18419;"energy";"gas";7700;7944;"2019-03-28";"2019-04-01";"";"";"";"Berlin";"indelivery";2000;"2020-05-05"
18420;"energy";"electricity";2700;2603;"2018-07-09";"2019-06-01";"";"";"";"Hamburg";"indelivery";1001;"2019-06-20"
18421;"energy";"electricity";2400;2450;"2020-08-02";"2021-02-01";"";"";"";"Berlin";"active";1000;"2020-08-27"
18422;"energy";"gas";8600;8849;"2019-06-19";"2019-11-01";"";"";"";"Marienberg";"indelivery";2001;"2020-09-07"
18423;"energy";"electricity";2600;2539;"2019-04-28";"2019-09-01";"2020-08-31";"2020-08-01";"Umzug";"Stuttgart";"terminated";1001;"2019-07-13"
18424;"energy";"electricity";3000;2930;"2020-08-10";"2021-02-01";"";"";"";"Bielefeld";"active";1002;"2020-09-30"
18425;"energy";"electricity";2600;2538;"2019-08-09";"2019-11-01";"2020-11-30";"2020-10-30";"fristgerecht durch Kunde";"Cologne";"cancelled";1000;"2019-12-13"
18426;"energy";"electricity";2900;2950;"2018-03-25";"2018-06-01";"2018-06-01";"2018-12-30";"Wiederruf";"Kassel";"terminated";1002;"2018-07-01"
18427;"energy";"electricity";2100;2023;"2018-11-11";"2019-02-01";"";"";"";"Berlin";"indelivery";1001;"2019-09-24"
18428;"energy";"electricity";2100;2284;"2019-10-16";"2020-05-01";"";"";"";"Ulm";"indelivery";1001;"2020-05-02"
18429;"energy";"electricity";2300;2396;"2018-10-15";"2019-11-01";"2020-07-31";"2020-07-03";"fristgerecht durch LichtBlick";"Ratzeburg";"terminated";1002;"2019-09-23"
18430;"energy";"electricity";3100;3211;"2018-01-01";"2018-05-01";"2020-07-31";"2020-06-30";"fristgerecht durch Kunde";"Mönchengladbach";"terminated";1002;"2018-09-15"
18431;"energy";"electricity";2200;"";"2018-03-19";"2018-04-01";"";"";"";"Hannover";"indelivery";1002;"2018-09-09"
18432;"energy";"electricity";2000;2174;"2020-07-22";"2020-08-01";"";"";"";"Stuttgart";"indelivery";1000;"2020-09-23"
18433;"energy";"electricity";2200;2103;"2020-09-12";"2021-06-01";"";"";"";"Bielefeld";"active";1002;"2020-09-22"
18434;"energy";"electricity";2000;2117;"2019-05-27";"2020-01-01";"";"";"";"Munich";"indelivery";1000;"2019-09-22"
18435;"energy";"electricity";2100;2012;"2018-11-02";"2018-12-01";"";"";"";"Munich";"indelivery";1002;"2020-07-18"
18436;"energy";"electricity";2700;2625;"2018-06-20";"2018-12-01";"";"";"";"Fürth";"indelivery";1000;"2018-07-24"
18437;"energy";"electricity";2500;2442;"2020-06-26";"2021-06-01";"";"";"";"Munich";"active";1001;"2020-07-04"
18438;"energy";"electricity";2000;2171;"2019-01-26";"2020-04-01";"";"";"";"Frankfurt";"indelivery";1002;"2019-06-26"
18439;"energy";"electricity";2600;2676;"2018-06-15";"2019-01-01";"";"";"";"Leipzig";"indelivery";1000;"2020-08-29"
18440;"energy";"electricity";2400;"";"2018-11-02";"2019-04-01";"";"";"";"Karlsruhe";"indelivery";1000;"2020-02-07"
18441;"energy";"gas";10100;10877;"2020-08-12";"2021-02-01";"";"";"";"Bremen";"active";2000;"2020-09-08"
18442;"energy";"gas";11200;10812;"2019-03-06";"2019-12-01";"2020-11-30";"2020-11-01";"fristgerecht durch Kunde";"Essen";"cancelled";2001;"2019-07-05"
18443;"energy";"electricity";2600;2497;"2019-06-01";"2019-08-01";"";"";"";"Duisburg";"indelivery";1001;"2020-05-11"
18444;"energy";"electricity";2500;"";"2020-01-27";"2020-03-01";"";"";"";"Altchemnitz";"indelivery";1001;"2020-09-15"
18445;"energy";"electricity";2600;2655;"2018-04-13";"2018-07-01";"";"";"";"Berlin";"indelivery";1001;"2018-10-09"
18446;"energy";"electricity";2800;3061;"2020-02-29";"2020-04-01";"";"";"";"Munich";"indelivery";1000;"2020-06-18"
18447;"energy";"gas";9100;8895;"2018-12-05";"2020-04-01";"";"";"";"Wuppertal";"indelivery";2000;"2019-09-27"
18448;"energy";"electricity";2300;2393;"2020-09-27";"2021-03-01";"";"";"";"Essen";"active";1002;"2020-09-30"
18449;"energy";"electricity";3000;3187;"2019-09-01";"2019-10-01";"2020-02-29";"2020-01-31";"fristgerecht durch Kunde";"Göttingen";"terminated";1001;"2020-01-31"
18450;"energy";"electricity";2700;2559;"2018-08-04";"2018-12-01";"2019-08-31";"2019-08-03";"fristgerecht durch Kunde";"Dresden";"terminated";1001;"2019-08-03"
18451;"energy";"electricity";2200;2246;"2018-06-04";"2018-08-01";"";"";"";"Stuttgart";"indelivery";1001;"2018-08-27"
18452;"energy";"electricity";2200;2283;"2018-12-11";"2019-05-01";"";"";"";"Hamburg";"indelivery";1002;"2020-01-23"
18453;"energy";"electricity";2600;2676;"2020-06-03";"2020-08-01";"";"";"";"Magdeburg";"indelivery";1002;"2020-07-09"
18454;"energy";"electricity";2700;2640;"2018-11-29";"2019-02-01";"";"";"";"Heidelberg";"indelivery";1002;"2020-01-15"
18455;"energy";"electricity";2400;2383;"2018-05-12";"2018-12-01";"";"";"";"Altchemnitz";"indelivery";1002;"2019-05-14"
18456;"energy";"gas";9400;9978;"2018-03-18";"2018-05-01";"";"";"";"Cologne";"indelivery";2000;"2019-09-08"
18457;"energy";"electricity";2200;2247;"2020-08-18";"2020-11-01";"";"";"";"Peine";"active";1002;"2020-09-02"
18458;"energy";"electricity";2000;2020;"2019-05-01";"2019-11-01";"";"";"";"Frankfurt";"indelivery";1002;"2020-05-09"
18459;"energy";"electricity";2400;2582;"2018-02-25";"2018-05-01";"2019-02-28";"2019-01-31";"fristgerecht durch LichtBlick";"Frankfurt";"terminated";1002;"2018-09-12"
18460;"energy";"electricity";2700;2634;"2018-09-21";"2019-03-01";"";"";"";"Munich";"indelivery";1002;"2020-01-12"
18461;"energy";"electricity";2000;1924;"2019-12-31";"2020-02-01";"";"";"";"Bremen";"indelivery";1000;"2020-08-20"
18462;"energy";"electricity";2500;2490;"2018-02-17";"2018-08-01";"";"";"";"Munich";"indelivery";1002;"2020-05-14"
18463;"energy";"electricity";1900;1867;"2019-03-31";"2019-05-01";"2020-11-30";"2020-11-02";"fristgerecht durch LichtBlick";"Berlin";"cancelled";1002;"2019-11-10"
18464;"energy";"electricity";2400;2444;"2018-08-16";"2018-10-01";"2020-08-31";"2020-08-01";"Umzug";"Hamburg";"terminated";1001;"2020-05-26"
18465;"energy";"electricity";2700;2808;"2019-11-13";"2020-06-01";"";"";"";"Fürth";"indelivery";1000;"2020-01-05"
18466;"energy";"gas";11500;11935;"2018-08-14";"2018-12-01";"";"";"";"Coburg";"indelivery";2001;"2019-06-17"
18467;"energy";"electricity";2100;"";"2019-02-24";"2019-06-01";"2019-08-31";"2019-08-02";"fristgerecht durch Kunde";"Berlin";"terminated";1001;"2019-06-17"
18468;"energy";"electricity";2200;2275;"2018-07-27";"2018-12-01";"";"";"";"Berlin";"indelivery";1001;"2019-06-14"
18469;"energy";"electricity";2600;2748;"2020-08-02";"2021-04-01";"";"";"";"Hannover";"active";1001;"2020-08-11"
18470;"energy";"electricity";3000;2881;"2019-06-30";"2020-01-01";"";"";"";"Bonn";"indelivery";1000;"2019-11-26"
18471;"energy";"electricity";3100;3107;"2019-11-08";"2020-01-01";"";"";"";"Altötting";"indelivery";1002;"2019-11-13"
18472;"energy";"gas";11000;10726;"2019-06-21";"2019-09-01";"";"";"";"Leipzig";"indelivery";2001;"2019-10-18"
18473;"energy";"gas";8700;9356;"2018-10-19";"2019-02-01";"";"";"";"Bremen";"indelivery";2001;"2020-02-16"
18474;"energy";"gas";11500;11773;"2018-03-26";"2018-11-01";"";"";"";"Essen";"indelivery";2000;"2018-10-10"
18475;"energy";"electricity";2300;2284;"2019-05-28";"2019-06-01";"";"";"";"Wiesbaden";"indelivery";1002;"2020-06-02"
18476;"energy";"electricity";2500;2392;"2019-08-10";"2019-10-01";"";"";"";"Dresden";"indelivery";1001;"2020-05-15"
18477;"energy";"electricity";2500;2382;"2018-11-21";"2019-01-01";"";"";"";"Berlin";"indelivery";1001;"2019-09-06"
18478;"energy";"gas";7700;8197;"2018-03-02";"2018-08-01";"";"";"";"Hamburg";"indelivery";2000;"2018-12-21"
18479;"energy";"electricity";2900;2992;"2020-04-18";"2020-11-01";"";"";"";"Duisburg";"active";1001;"2020-07-02"
18480;"energy";"electricity";2000;2192;"2018-04-04";"2018-10-01";"";"";"";"Wuppertal";"indelivery";1002;"2018-07-15"
18481;"energy";"electricity";2600;2640;"2020-06-04";"2020-11-01";"";"";"";"Düsseldorf";"active";1000;"2020-06-29"
18482;"energy";"electricity";2100;2200;"2018-12-28";"2019-01-01";"2020-12-31";"2020-11-27";"Umzug";"Altchemnitz";"cancelled";1002;"2020-06-13"
18483;"energy";"electricity";2500;2541;"2019-06-23";"2020-04-01";"";"";"";"Münster";"indelivery";1000;"2020-08-12"
18484;"energy";"electricity";2300;2232;"2020-06-05";"2021-01-01";"";"";"";"Duisburg";"active";1002;"2020-09-30"
18485;"energy";"electricity";2300;2285;"2018-08-01";"2018-10-01";"";"";"";"Berlin";"indelivery";1000;"2019-03-09"
18486;"energy";"electricity";2200;2273;"2020-04-23";"2020-06-01";"";"";"";"Berlin";"indelivery";1000;"2020-05-15"
18487;"energy";"electricity";2600;2575;"2020-09-28";"2021-01-01";"";"";"";"Hamburg";"active";1000;"2020-09-30"
18488;"energy";"electricity";2800;2949;"2018-02-18";"2019-01-01";"";"";"";"Augsburg";"indelivery";1001;"2018-10-03"
18489;"energy";"electricity";1900;2044;"2018-06-24";"2018-11-01";"2020-12-31";"2020-12-02";"fristgerecht durch LichtBlick";"Stuttgart";"cancelled";1000;"2019-12-13"
18490;"energy";"electricity";2800;2769;"2018-04-07";"2018-08-01";"";"";"";"Essen";"indelivery";1001;"2019-01-09"
18491;"energy";"electricity";2300;2184;"2019-10-03";"2019-12-01";"";"";"";"Marienberg";"indelivery";1002;"2019-10-18"
18492;"energy";"electricity";2600;2726;"2019-06-28";"2020-01-01";"";"";"";"Bad Neustadt";"indelivery";1000;"2019-10-08"
18493;"energy";"electricity";2100;2230;"2019-02-04";"2019-04-01";"";"";"";"Göppingen";"indelivery";1001;"2019-09-24"
18494;"energy";"gas";10300;11030;"2018-12-11";"2019-04-01";"";"";"";"Berlin";"indelivery";2000;"2020-04-09"
18495;"energy";"electricity";2800;2731;"2018-02-05";"2019-01-01";"";"";"";"Duisburg";"indelivery";1002;"2019-04-23"
18496;"energy";"electricity";2200;2121;"2020-04-17";"2020-06-01";"";"";"";"Dortmund";"indelivery";1001;"2020-09-17"
18497;"energy";"electricity";2000;2162;"2019-02-11";"2019-05-01";"";"";"";"Magdeburg";"indelivery";1002;"2019-09-22"
18498;"energy";"electricity";2500;2449;"2018-09-29";"2019-03-01";"";"";"";"Berlin";"indelivery";1000;"2019-04-12"
18499;"energy";"electricity";2600;"";"2018-11-26";"2019-08-01";"";"";"";"Rostock";"indelivery";1000;"2020-05-28"
18500;"energy";"electricity";2900;3096;"2018-06-14";"2018-08-01";"2018-11-30";"2018-11-02";"fristgerecht durch LichtBlick";"Recklinghausen";"terminated";1000;"2018-11-02"
18501;"energy";"electricity";2400;2546;"2018-01-20";"2018-02-01";"";"";"";"Berlin";"indelivery";1002;"2018-06-02"
18502;"energy";"electricity";2200;2230;"2020-03-08";"2020-06-01";"";"";"";"Düsseldorf";"indelivery";1002;"2020-05-28"
18503;"energy";"electricity";1900;1980;"2019-04-17";"2019-06-01";"";"";"";"Berlin";"indelivery";1001;"2019-07-19"
18504;"energy";"electricity";2800;2784;"2020-09-20";"2020-10-01";"";"";"";"Dresden";"indelivery";1000;"2020-09-27"
18505;"energy";"electricity";2300;2283;"2019-10-14";"2020-04-01";"";"";"";"Berlin";"indelivery";1001;"2020-09-26"
18506;"energy";"electricity";2700;2717;"2018-09-26";"2019-08-01";"";"";"";"Berlin";"indelivery";1002;"2019-10-23"
18507;"energy";"electricity";2700;"";"2019-03-03";"2019-05-01";"2020-03-31";"2020-03-01";"fristgerecht durch Kunde";"Cologne";"terminated";1002;"2020-03-01"
18508;"energy";"electricity";3000;2813;"2020-06-22";"2020-11-01";"";"";"";"Berlin";"active";1002;"2020-09-11"
18509;"energy";"electricity";2100;2143;"2019-11-16";"2020-01-01";"";"";"";"Bremerhaven";"indelivery";1000;"2020-06-07"
18510;"energy";"electricity";2500;2472;"2019-04-25";"2019-05-01";"";"";"";"Düsseldorf";"indelivery";1002;"2019-07-18"
18511;"energy";"electricity";3000;2862;"2018-09-21";"2018-11-01";"";"";"";"Rostock";"indelivery";1002;"2019-01-23"
18512;"energy";"electricity";2000;2008;"2019-06-18";"2019-10-01";"2020-10-31";"2020-09-30";"Umzug";"Hamburg";"cancelled";1000;"2019-12-21"
18513;"energy";"electricity";2300;2360;"2020-05-02";"2020-10-01";"";"";"";"Dresden";"indelivery";1000;"2020-09-08"
18514;"energy";"gas";11200;11338;"2020-07-13";"2020-08-01";"";"";"";"Berlin";"indelivery";2000;"2020-09-19"
18515;"energy";"electricity";2900;2886;"2019-03-03";"2019-07-01";"2020-07-31";"2020-06-22";"fristgerecht durch Kunde";"Dortmund";"terminated";1001;"2019-07-06"
18516;"energy";"electricity";2500;2558;"2019-05-12";"2019-07-01";"";"";"";"Essen";"indelivery";1001;"2019-09-16"
18517;"energy";"electricity";2500;2577;"2019-10-12";"2019-12-01";"2020-08-31";"2020-08-01";"fristgerecht durch Kunde";"Mannheim";"terminated";1000;"2020-03-23"
18518;"energy";"gas";9100;8871;"2020-08-01";"2020-09-01";"";"";"";"Emden";"indelivery";2000;"2020-09-19"
18519;"energy";"electricity";2100;2210;"2019-12-04";"2020-02-01";"";"";"";"Göttingen";"indelivery";1000;"2020-08-30"
18520;"energy";"gas";8200;8253;"2020-03-05";"2020-12-01";"";"";"";"Rosenheim";"active";2001;"2020-06-16"
18521;"energy";"electricity";2300;2253;"2019-08-08";"2019-10-01";"";"";"";"Hamburg";"indelivery";1001;"2020-05-28"
18522;"energy";"electricity";1900;1979;"2018-07-19";"2019-05-01";"2020-10-31";"2020-10-02";"fristgerecht durch Kunde";"Berlin";"cancelled";1000;"2020-07-01"
18523;"energy";"electricity";2700;2869;"2018-11-04";"2018-12-01";"2020-10-31";"2020-09-28";"fristgerecht durch LichtBlick";"Berlin";"cancelled";1001;"2020-07-07"
18524;"energy";"electricity";2700;"";"2020-06-09";"2020-07-01";"";"";"";"Göttingen";"indelivery";1002;"2020-07-28"
18525;"energy";"electricity";2200;2136;"2020-09-26";"2020-11-01";"";"";"";"Dortmund";"active";1000;"2020-09-29"
18526;"energy";"electricity";2100;2201;"2018-11-25";"2019-02-01";"";"";"";"Berlin";"indelivery";1002;"2019-08-17"
18527;"energy";"electricity";2300;2247;"2018-04-23";"2018-08-01";"";"";"";"Marienberg";"indelivery";1001;"2020-06-15"
18528;"energy";"electricity";3000;3012;"2019-06-26";"2020-03-01";"2020-08-31";"2020-07-30";"fristgerecht durch LichtBlick";"Duisburg";"terminated";1000;"2020-07-30"
18529;"energy";"electricity";2000;1929;"2018-01-21";"2018-02-01";"2020-11-30";"2020-11-02";"fristgerecht durch LichtBlick";"Munich";"cancelled";1000;"2019-10-13"
18530;"energy";"gas";9900;9930;"2019-02-01";"2019-12-01";"";"";"";"Munich";"indelivery";2001;"2019-08-04"
18531;"energy";"electricity";2800;2882;"2020-04-21";"2020-08-01";"";"";"";"Munich";"indelivery";1002;"2020-07-05"
18532;"energy";"electricity";2800;"";"2019-05-31";"2019-11-01";"";"";"";"Würzburg";"indelivery";1002;"2020-02-11"
18533;"energy";"electricity";2100;2122;"2019-06-05";"2020-01-01";"2020-10-31";"2020-10-01";"fristgerecht durch Kunde";"Essen";"cancelled";1002;"2020-09-19"
18534;"energy";"electricity";2800;2746;"2020-01-01";"2020-03-01";"";"";"";"Essen";"indelivery";1000;"2020-06-26"
18535;"energy";"electricity";2400;2335;"2018-09-07";"2019-05-01";"2020-09-30";"2020-08-29";"fristgerecht durch Kunde";"Mannheim";"terminated";1001;"2018-12-06"
18536;"energy";"electricity";2100;2053;"2019-11-11";"2019-12-01";"";"";"";"Dortmund";"indelivery";1001;"2020-05-27"
18537;"energy";"electricity";2500;2418;"2019-09-30";"2019-12-01";"";"";"";"Koblenz";"indelivery";1000;"2019-11-04"
18538;"energy";"electricity";2500;2515;"2020-09-12";"2021-01-01";"";"";"";"Wuppertal";"active";1001;"2020-09-25"
18539;"energy";"electricity";2700;2726;"2020-05-16";"2020-08-01";"";"";"";"Berlin";"indelivery";1001;"2020-08-30"
18540;"energy";"electricity";2300;2376;"2018-01-15";"2018-07-01";"";"";"";"Dortmund";"indelivery";1000;"2020-05-08"
18541;"energy";"gas";11500;11159;"2018-05-23";"2019-01-01";"2020-04-30";"2020-03-29";"fristgerecht durch LichtBlick";"Mainz";"terminated";2000;"2018-09-20"
18542;"energy";"electricity";2200;2204;"2020-07-15";"2020-08-01";"";"";"";"Berlin";"indelivery";1002;"2020-08-10"
18543;"energy";"electricity";2100;2304;"2018-04-10";"2019-01-01";"";"";"";"Rostock";"indelivery";1002;"2019-09-04"
18544;"energy";"electricity";2700;"";"2019-04-16";"2019-05-01";"";"";"";"Stuttgart";"indelivery";1001;"2020-05-06"
18545;"energy";"electricity";2600;2629;"2019-02-11";"2019-06-01";"";"";"";"Duisburg";"indelivery";1002;"2019-12-10"
18546;"energy";"electricity";2400;2348;"2018-10-21";"2019-01-01";"";"";"";"Cologne";"indelivery";1000;"2020-08-15"
18547;"energy";"electricity";2000;2121;"2018-09-14";"2018-11-01";"2019-02-28";"2019-01-29";"fristgerecht durch LichtBlick";"Essen";"terminated";1001;"2019-01-29"
18548;"energy";"electricity";3000;3184;"2020-02-21";"2020-05-01";"";"";"";"Homberg";"indelivery";1000;"2020-05-25"
18549;"energy";"gas";9500;9823;"2019-01-02";"2019-04-01";"";"";"";"Bremen";"indelivery";2000;"2020-04-28"
18550;"energy";"electricity";2900;3044;"2019-06-18";"2019-07-01";"2019-07-01";"2020-08-30";"Wiederruf";"Hamburg";"terminated";1002;"2020-08-03"
18551;"energy";"gas";11900;12217;"2020-03-08";"2020-04-01";"2020-10-31";"2020-10-02";"fristgerecht durch LichtBlick";"Kassel";"cancelled";2000;"2020-06-19"
18552;"energy";"electricity";2200;2328;"2020-04-25";"2021-01-01";"";"";"";"Saalfeld";"active";1001;"2020-07-05"
18553;"energy";"gas";10500;10816;"2018-06-27";"2018-12-01";"";"";"";"Bielefeld";"indelivery";2001;"2019-06-06"
18554;"energy";"electricity";2200;2086;"2020-01-03";"2020-03-01";"";"";"";"Munich";"indelivery";1002;"2020-03-11"
18555;"energy";"electricity";2400;"";"2018-09-20";"2018-10-01";"";"";"";"Berlin";"indelivery";1002;"2018-10-13"
18556;"energy";"electricity";2000;1999;"2019-12-07";"2020-11-01";"";"";"";"Dresden";"active";1001;"2020-01-27"
18557;"energy";"electricity";3000;2974;"2019-10-25";"2021-02-01";"";"";"";"Regensburg";"active";1002;"2020-06-28"
18558;"energy";"electricity";2900;2861;"2019-05-07";"2019-12-01";"";"";"";"Dortmund";"indelivery";1000;"2019-12-28"
18559;"energy";"electricity";2700;2814;"2020-09-24";"2020-10-01";"";"";"";"Bielefeld";"indelivery";1000;"2020-09-29"
18560;"energy";"electricity";3000;2872;"2019-12-07";"2020-06-01";"";"";"";"Hannover";"indelivery";1001;"2020-07-08"
18561;"energy";"electricity";2200;2377;"2020-02-19";"2020-06-01";"";"";"";"Rostock";"indelivery";1001;"2020-06-05"
18562;"energy";"electricity";2800;2932;"2018-06-16";"2018-07-01";"";"";"";"Berlin";"indelivery";1000;"2019-05-23"
18563;"energy";"electricity";2800;2937;"2019-07-03";"2019-10-01";"";"";"";"Dortmund";"indelivery";1001;"2020-01-28"
18564;"energy";"electricity";2600;2620;"2020-01-31";"2020-05-01";"";"";"";"Freiberg";"indelivery";1002;"2020-04-22"
18565;"energy";"electricity";2000;2030;"2019-01-04";"2019-06-01";"";"";"";"Hamburg";"indelivery";1000;"2020-01-27"
18566;"energy";"gas";8700;8625;"2018-09-26";"2019-03-01";"";"";"";"Hannover";"indelivery";2001;"2019-07-30"
18567;"energy";"electricity";2100;1989;"2020-05-18";"2020-10-01";"";"";"";"Würzburg";"indelivery";1002;"2020-09-24"
18568;"energy";"electricity";2200;2377;"2019-12-08";"2020-05-01";"";"";"";"Dresden";"indelivery";1001;"2020-07-19"
18569;"energy";"electricity";2700;2848;"2019-04-06";"2020-08-01";"";"";"";"Wuppertal";"indelivery";1002;"2020-08-05"
18570;"energy";"electricity";3000;3158;"2019-08-25";"2020-01-01";"";"";"";"Wiesbaden";"indelivery";1001;"2020-02-16"
18571;"energy";"gas";11400;11274;"2018-07-21";"2019-03-01";"2020-12-31";"2020-12-03";"fristgerecht durch Kunde";"Ingolstadt";"cancelled";2001;"2020-01-04"
18572;"energy";"electricity";2300;2295;"2018-08-19";"2019-08-01";"";"";"";"Berlin";"indelivery";1000;"2018-11-10"
18573;"energy";"electricity";2300;2271;"2019-09-14";"2019-12-01";"";"";"";"Hamburg";"indelivery";1000;"2019-10-30"
18574;"energy";"gas";8400;8807;"2018-05-05";"2018-12-01";"";"";"";"Gera";"indelivery";2000;"2020-03-07"
18575;"energy";"electricity";1900;1888;"2019-09-04";"2019-11-01";"";"";"";"Munich";"indelivery";1000;"2020-04-02"
18576;"energy";"electricity";2100;2229;"2019-10-18";"2019-12-01";"";"";"";"Berlin";"indelivery";1001;"2019-11-04"
18577;"energy";"electricity";2700;2600;"2018-12-31";"2019-01-01";"2019-08-31";"2019-07-28";"fristgerecht durch Kunde";"Cologne";"terminated";1001;"2019-07-28"
18578;"energy";"electricity";2000;2090;"2018-11-08";"2019-02-01";"";"";"";"Cologne";"indelivery";1000;"2019-09-28"
18579;"energy";"electricity";2400;2444;"2019-08-09";"2019-09-01";"";"";"";"Munich";"indelivery";1000;"2020-06-09"
18580;"energy";"electricity";2400;2517;"2020-03-28";"2020-04-01";"";"";"";"Augsburg";"indelivery";1001;"2020-09-18"
18581;"energy";"electricity";2400;2422;"2019-07-26";"2019-09-01";"2019-12-31";"2019-12-03";"fristgerecht durch Kunde";"Hannover";"terminated";1001;"2019-10-10"
18582;"energy";"gas";10600;10516;"2018-11-03";"2019-04-01";"2019-12-31";"2019-12-01";"fristgerecht durch LichtBlick";"Berlin";"terminated";2001;"2019-12-01"
18583;"energy";"electricity";2700;2762;"2019-02-17";"2019-08-01";"";"";"";"Berlin";"indelivery";1001;"2019-03-28"
18584;"energy";"electricity";2000;1982;"2018-04-02";"2018-07-01";"";"";"";"Hamburg";"indelivery";1002;"2019-05-14"
18585;"energy";"electricity";2400;"";"2019-05-10";"2019-06-01";"";"";"";"Munich";"indelivery";1000;"2020-02-01"
18586;"energy";"gas";10800;"";"2020-03-09";"2020-07-01";"2020-07-01";"2020-09-02";"Wiederruf";"Coburg";"terminated";2000;"2020-09-02"
18587;"energy";"electricity";2300;2387;"2020-03-30";"2020-07-01";"";"";"";"Mannheim";"indelivery";1000;"2020-09-15"
18588;"energy";"electricity";2500;2369;"2020-05-02";"2020-11-01";"";"";"";"Hannover";"active";1000;"2020-05-12"
18589;"energy";"electricity";2400;2469;"2018-10-21";"2019-01-01";"2020-02-29";"2020-02-01";"fristgerecht durch Kunde";"Mannheim";"terminated";1002;"2019-06-14"
18590;"energy";"electricity";2900;2835;"2019-01-14";"2019-04-01";"2019-08-31";"2019-08-03";"fristgerecht durch LichtBlick";"Rostock";"terminated";1001;"2019-06-04"
18591;"energy";"gas";9400;9268;"2019-12-30";"2020-05-01";"";"";"";"Cologne";"indelivery";2000;"2020-01-31"
18592;"energy";"gas";8600;8320;"2019-12-16";"2020-05-01";"";"";"";"Hamburg";"indelivery";2000;"2019-12-21"
18593;"energy";"electricity";2100;2136;"2020-02-04";"2020-04-01";"";"";"";"Berlin";"indelivery";1000;"2020-09-19"
18594;"energy";"electricity";2700;2618;"2018-08-11";"2018-10-01";"2019-03-31";"2019-02-24";"fristgerecht durch LichtBlick";"Bielefeld";"terminated";1000;"2019-02-24"
18595;"energy";"gas";11800;12044;"2019-06-29";"2019-08-01";"";"";"";"Potsdam";"indelivery";2001;"2019-10-23"
18596;"energy";"electricity";2600;2765;"2019-10-26";"2019-12-01";"";"";"";"Stralsund";"indelivery";1002;"2020-08-27"
18597;"energy";"electricity";2700;2892;"2020-05-17";"2020-08-01";"";"";"";"Fürth";"indelivery";1000;"2020-07-03"
18598;"energy";"electricity";2300;2243;"2019-10-31";"2020-03-01";"";"";"";"Erfurt";"indelivery";1001;"2020-07-01"
18599;"energy";"electricity";2300;2291;"2018-06-12";"2018-07-01";"2018-12-31";"2018-12-02";"Umzug";"Potsdam";"terminated";1000;"2018-12-02"
18600;"energy";"electricity";2900;"";"2020-08-06";"2021-03-01";"";"";"";"Ulm";"active";1002;"2020-08-10"
18601;"energy";"electricity";2300;2198;"2020-09-11";"2020-10-01";"";"";"";"Wittlich";"indelivery";1002;"2020-09-12"
18602;"energy";"gas";10900;10892;"2020-02-18";"2020-04-01";"";"";"";"Berlin";"indelivery";2000;"2020-09-08"
18603;"energy";"gas";9500;10135;"2020-09-20";"2021-05-01";"";"";"";"Gießen";"active";2001;"2020-09-20"
18604;"energy";"gas";10800;"";"2020-06-16";"2020-07-01";"";"";"";"Berlin";"indelivery";2000;"2020-08-02"
18605;"energy";"electricity";2300;2362;"2018-11-25";"2019-05-01";"";"";"";"Berlin";"indelivery";1002;"2020-04-16"
18606;"energy";"electricity";2400;2350;"2020-08-11";"2021-01-01";"";"";"";"Hannover";"active";1002;"2020-09-19"
18607;"energy";"electricity";2800;2982;"2018-10-23";"2018-12-01";"";"";"";"Hannover";"indelivery";1002;"2020-08-06"
18608;"energy";"electricity";2300;2299;"2018-08-12";"2018-10-01";"";"";"";"Münster";"indelivery";1000;"2020-05-18"
18609;"energy";"electricity";2400;2457;"2018-05-11";"2018-10-01";"2020-02-29";"2020-01-25";"Umzug";"Stuttgart";"terminated";1001;"2020-01-25"
18610;"energy";"electricity";3000;3207;"2019-08-06";"2019-12-01";"";"";"";"Altchemnitz";"indelivery";1000;"2020-05-22"
18611;"energy";"gas";10300;"";"2020-09-17";"2021-01-01";"";"";"";"Wiesbaden";"active";2000;"2020-09-29"
18612;"energy";"electricity";2200;2233;"2019-08-30";"2020-01-01";"";"";"";"Frankfurt";"indelivery";1000;"2020-05-09"
18613;"energy";"electricity";2700;2594;"2018-02-21";"2019-01-01";"";"";"";"Gera";"indelivery";1002;"2020-04-28"
18614;"energy";"electricity";2000;2129;"2019-03-20";"2020-01-01";"";"";"";"Mannheim";"indelivery";1002;"2019-09-16"
18615;"energy";"electricity";2700;2709;"2018-10-03";"2019-04-01";"";"";"";"Braunschweig";"indelivery";1002;"2020-06-23"
18616;"energy";"electricity";2100;2092;"2019-05-06";"2019-06-01";"";"";"";"Hamburg";"indelivery";1002;"2020-06-18"
18617;"energy";"electricity";2500;2454;"2019-11-18";"2020-01-01";"";"";"";"Wiesbaden";"indelivery";1002;"2020-06-12"
18618;"energy";"electricity";2300;2365;"2019-08-08";"2019-09-01";"2019-09-01";"2019-10-03";"Wiederruf";"Stuttgart";"terminated";1002;"2019-10-03"
18619;"energy";"gas";10400;10352;"2019-11-17";"2019-12-01";"2020-08-31";"2020-08-03";"Umzug";"Hamburg";"terminated";2000;"2020-04-12"
18620;"energy";"electricity";3100;3060;"2018-01-09";"2018-07-01";"";"";"";"Neustadt";"indelivery";1002;"2018-07-05"
18621;"energy";"gas";9900;9783;"2018-11-21";"2019-04-01";"2019-04-01";"2019-07-03";"Wiederruf";"Dresden";"terminated";2000;"2019-07-03"
18622;"energy";"electricity";2100;2042;"2020-04-01";"2020-05-01";"";"";"";"Bonn";"indelivery";1002;"2020-05-30"
18623;"energy";"electricity";2600;2757;"2020-09-29";"2020-11-01";"";"";"";"Berlin";"active";1000;"2020-09-30"
18624;"energy";"electricity";2300;2235;"2020-01-14";"2020-09-01";"";"";"";"Hamburg";"indelivery";1000;"2020-04-16"
18625;"energy";"gas";10700;11027;"2018-06-19";"2018-08-01";"2019-02-28";"2019-01-28";"fristgerecht durch LichtBlick";"Munich";"terminated";2001;"2019-01-28"
18626;"energy";"electricity";2000;2066;"2020-09-19";"2021-04-01";"";"";"";"Hamburg";"active";1000;"2020-09-19"
18627;"energy";"gas";10600;10253;"2018-08-24";"2018-12-01";"2020-08-31";"2020-08-02";"Umzug";"Hamburg";"terminated";2000;"2020-02-28"
18628;"energy";"electricity";2900;2860;"2018-03-06";"2018-06-01";"";"";"";"Stuttgart";"indelivery";1002;"2018-05-29"
18629;"energy";"electricity";3000;3050;"2018-01-24";"2018-07-01";"2018-07-01";"2020-09-02";"Wiederruf";"Stendal";"terminated";1001;"2020-04-12"
18630;"energy";"electricity";2800;2953;"2018-03-02";"2018-07-01";"2018-11-30";"2018-11-01";"fristgerecht durch LichtBlick";"Trier";"terminated";1000;"2018-11-01"
18631;"energy";"electricity";2800;2720;"2020-04-02";"2020-07-01";"";"";"";"Frankfurt";"indelivery";1001;"2020-07-28"
18632;"energy";"gas";8800;9102;"2020-04-25";"2021-03-01";"";"";"";"Oldenburg";"active";2001;"2020-07-04"
18633;"energy";"electricity";2400;2379;"2019-02-13";"2019-03-01";"";"";"";"Frankfurt";"indelivery";1000;"2020-04-21"
18634;"energy";"electricity";1900;2070;"2019-04-30";"2020-03-01";"";"";"";"Munich";"indelivery";1001;"2020-02-01"
18635;"energy";"electricity";2600;2524;"2020-09-09";"2020-11-01";"";"";"";"Essen";"active";1002;"2020-09-27"
18636;"energy";"electricity";2600;2603;"2020-01-15";"2020-02-01";"";"";"";"Cologne";"indelivery";1001;"2020-02-24"
18637;"energy";"electricity";2600;2747;"2019-07-18";"2019-10-01";"";"";"";"Jena";"indelivery";1001;"2020-06-13"
18638;"energy";"electricity";2400;2317;"2020-09-05";"2021-08-01";"";"";"";"Aachen";"active";1000;"2020-09-30"
18639;"energy";"electricity";2400;2466;"2019-01-07";"2019-06-01";"";"";"";"Marienberg";"indelivery";1002;"2020-08-10"
18640;"energy";"electricity";2100;2091;"2019-09-27";"2019-11-01";"";"";"";"Stuttgart";"indelivery";1000;"2020-06-02"
18641;"energy";"electricity";2800;2728;"2019-11-11";"2020-04-01";"";"";"";"Duisburg";"indelivery";1000;"2020-02-20"
18642;"energy";"electricity";2300;2156;"2019-11-18";"2020-01-01";"";"";"";"Hamburg";"indelivery";1002;"2020-05-20"
18643;"energy";"electricity";2400;2468;"2020-09-02";"2020-11-01";"";"";"";"Berlin";"active";1000;"2020-09-03"
18644;"energy";"electricity";2400;2564;"2019-06-13";"2019-08-01";"2019-08-01";"2020-03-01";"Wiederruf";"Mannheim";"terminated";1001;"2020-02-27"
18645;"energy";"electricity";2500;2381;"2020-09-08";"2021-05-01";"";"";"";"Braunschweig";"active";1001;"2020-09-26"
18646;"energy";"electricity";2200;2167;"2019-03-11";"2019-09-01";"";"";"";"Augsburg";"indelivery";1000;"2020-09-30"
18647;"energy";"electricity";2400;2392;"2019-04-02";"2019-06-01";"";"";"";"Wiesbaden";"indelivery";1000;"2019-12-10"
18648;"energy";"electricity";2500;2578;"2018-11-20";"2019-06-01";"";"";"";"Berlin";"indelivery";1002;"2019-02-17"
18649;"energy";"electricity";2400;2367;"2018-02-12";"2019-04-01";"";"";"";"Emden";"indelivery";1001;"2018-09-27"
18650;"energy";"electricity";2900;2973;"2018-02-14";"2018-04-01";"";"";"";"Regensburg";"indelivery";1000;"2020-02-19"
18651;"energy";"electricity";2100;2136;"2019-08-07";"2020-08-01";"";"";"";"Bremerhaven";"indelivery";1001;"2019-11-18"
18652;"energy";"electricity";2700;2808;"2019-08-27";"2020-02-01";"";"";"";"Dortmund";"indelivery";1000;"2020-08-07"
18653;"energy";"gas";9700;9712;"2019-03-31";"2019-07-01";"";"";"";"Hamburg";"indelivery";2001;"2019-11-28"
18654;"energy";"gas";10900;10543;"2018-12-01";"2019-10-01";"";"";"";"Berlin";"indelivery";2001;"2019-06-06"
18655;"energy";"gas";11400;12242;"2020-03-27";"2020-05-01";"";"";"";"Munich";"indelivery";2000;"2020-08-31"
18656;"energy";"gas";8400;8140;"2020-08-26";"2020-12-01";"";"";"";"Hamburg";"active";2000;"2020-08-29"
18657;"energy";"electricity";2500;2562;"2019-01-20";"2019-02-01";"";"";"";"Braunschweig";"indelivery";1002;"2019-09-12"
18658;"energy";"gas";9300;9265;"2018-02-10";"2018-04-01";"2019-02-28";"2019-01-26";"fristgerecht durch LichtBlick";"Cologne";"terminated";2001;"2019-01-26"
18659;"energy";"electricity";2500;2688;"2020-01-12";"2020-04-01";"";"";"";"Frankfurt";"indelivery";1002;"2020-03-22"
18660;"energy";"electricity";2900;3049;"2020-09-08";"2020-12-01";"";"";"";"Freiburg";"active";1002;"2020-09-16"
18661;"energy";"electricity";2000;2093;"2018-06-19";"2018-09-01";"2018-09-01";"2020-04-01";"Wiederruf";"Osnabrück";"terminated";1001;"2020-01-29"
18662;"energy";"electricity";2000;2129;"2020-01-08";"2020-10-01";"";"";"";"Hamburg";"indelivery";1002;"2020-03-24"
18663;"energy";"electricity";1900;1903;"2019-08-28";"2020-04-01";"2020-07-31";"2020-07-03";"fristgerecht durch LichtBlick";"Berlin";"terminated";1001;"2020-04-26"
18664;"energy";"electricity";2800;2962;"2019-10-11";"2019-12-01";"";"";"";"Hamburg";"indelivery";1002;"2020-05-13"
18665;"energy";"electricity";2100;2101;"2018-03-25";"2018-07-01";"";"";"";"Hannover";"indelivery";1002;"2020-08-15"
18666;"energy";"electricity";2300;2225;"2019-06-05";"2019-12-01";"";"";"";"Mainz";"indelivery";1001;"2020-03-21"
18667;"energy";"electricity";2400;2570;"2018-05-09";"2018-06-01";"";"";"";"Berlin";"indelivery";1000;"2019-03-09"
18668;"energy";"gas";10000;9919;"2019-05-07";"2019-08-01";"";"";"";"Essen";"indelivery";2000;"2020-04-23"
18669;"energy";"electricity";2900;2958;"2019-06-23";"2019-10-01";"2020-12-31";"2020-12-03";"Umzug";"Oldenburg";"cancelled";1000;"2020-01-02"
18670;"energy";"electricity";2200;2231;"2018-07-28";"2018-09-01";"2018-12-31";"2018-12-03";"Umzug";"Berlin";"terminated";1001;"2018-09-08"
18671;"energy";"electricity";2200;2112;"2019-03-26";"2019-06-01";"";"";"";"Bremen";"indelivery";1002;"2019-12-30"
18672;"energy";"electricity";2200;2371;"2019-02-25";"2019-04-01";"2019-10-31";"2019-10-03";"fristgerecht durch Kunde";"Cologne";"terminated";1000;"2019-10-03"
18673;"energy";"electricity";2400;2494;"2020-05-26";"2020-07-01";"";"";"";"Hamburg";"indelivery";1002;"2020-09-28"
18674;"energy";"electricity";2700;2843;"2018-11-08";"2018-12-01";"";"";"";"Itzehoe";"indelivery";1002;"2020-08-01"
18675;"energy";"electricity";2200;2318;"2020-08-07";"2021-02-01";"";"";"";"Lübeck";"active";1000;"2020-08-12"
18676;"energy";"electricity";2000;1996;"2019-05-04";"2019-09-01";"";"";"";"Regensburg";"indelivery";1001;"2020-01-06"
18677;"energy";"electricity";2000;2141;"2018-06-22";"2018-08-01";"2018-08-01";"2018-10-24";"Wiederruf";"Cologne";"terminated";1001;"2018-10-24"
18678;"energy";"electricity";3000;3114;"2019-04-28";"2019-07-01";"";"";"";"Heidelberg";"indelivery";1002;"2019-09-16"
18679;"energy";"electricity";2800;2798;"2018-03-28";"2019-02-01";"2019-02-01";"2019-06-27";"Wiederruf";"Bremerhaven";"terminated";1002;"2019-06-27"
18680;"energy";"electricity";2400;2380;"2018-07-11";"2018-08-01";"";"";"";"Munich";"indelivery";1002;"2019-07-01"
18681;"energy";"electricity";3100;3006;"2019-07-10";"2020-01-01";"";"";"";"Pirmasens";"indelivery";1000;"2019-08-24"
18682;"energy";"electricity";2300;2433;"2018-12-26";"2019-02-01";"";"";"";"Mannheim";"indelivery";1000;"2019-09-30"
18683;"energy";"electricity";2100;2106;"2018-07-26";"2019-02-01";"2019-08-31";"2019-07-30";"Umzug";"Braunschweig";"terminated";1002;"2018-12-28"
18684;"energy";"electricity";2000;2003;"2019-06-20";"2020-05-01";"";"";"";"Berlin";"indelivery";1001;"2019-08-04"
18685;"energy";"electricity";2500;2562;"2019-01-04";"2019-04-01";"";"";"";"Berlin";"indelivery";1001;"2019-05-14"
18686;"energy";"electricity";2800;2829;"2020-05-30";"2020-10-01";"";"";"";"Osnabrück";"indelivery";1002;"2020-09-22"
18687;"energy";"electricity";2500;2733;"2019-01-27";"2019-02-01";"";"";"";"Stuttgart";"indelivery";1002;"2019-08-31"
18688;"energy";"electricity";2600;2684;"2018-04-23";"2018-11-01";"2019-01-31";"2019-01-02";"fristgerecht durch Kunde";"Wuppertal";"terminated";1000;"2019-01-02"
18689;"energy";"electricity";2200;2105;"2018-01-11";"2018-08-01";"";"";"";"Magdeburg";"indelivery";1001;"2020-03-08"
18690;"energy";"electricity";2100;2221;"2019-06-29";"2019-08-01";"";"";"";"Koblenz";"indelivery";1001;"2019-12-23"
18691;"energy";"electricity";2800;3008;"2020-01-08";"2020-02-01";"";"";"";"Osnabrück";"indelivery";1001;"2020-05-02"
18692;"energy";"electricity";2900;3038;"2019-01-28";"2019-02-01";"";"";"";"Leipzig";"indelivery";1000;"2020-08-08"
18693;"energy";"electricity";2900;3010;"2019-08-24";"2020-02-01";"";"";"";"Wuppertal";"indelivery";1001;"2020-06-10"
18694;"energy";"electricity";2400;2541;"2019-10-21";"2020-03-01";"";"";"";"Munich";"indelivery";1000;"2019-11-21"
18695;"energy";"gas";9000;9152;"2019-07-31";"2019-08-01";"";"";"";"Hamburg";"indelivery";2001;"2020-05-08"
18696;"energy";"electricity";2700;2885;"2018-01-19";"2018-09-01";"2020-08-31";"2020-08-01";"Umzug";"Mannheim";"terminated";1000;"2018-08-30"
18697;"energy";"electricity";2100;2174;"2018-12-15";"2019-01-01";"";"";"";"Munich";"indelivery";1000;"2020-08-10"
18698;"energy";"electricity";2100;2250;"2020-04-15";"2020-11-01";"";"";"";"Hamburg";"active";1001;"2020-06-04"
18699;"energy";"electricity";2300;"";"2019-12-09";"2020-08-01";"";"";"";"Berlin";"indelivery";1001;"2020-02-06"
18700;"energy";"electricity";2100;2230;"2018-10-18";"2018-12-01";"";"";"";"Hamburg";"indelivery";1001;"2019-05-02"
18701;"energy";"electricity";2900;2965;"2020-01-01";"2020-04-01";"";"";"";"Schwabach";"indelivery";1000;"2020-09-03"
18702;"energy";"gas";9000;8602;"2019-07-23";"2019-09-01";"";"";"";"Heidelberg";"indelivery";2001;"2020-07-31"
18703;"energy";"gas";11400;11102;"2019-03-06";"2019-06-01";"";"";"";"Kassel";"indelivery";2000;"2019-04-26"
18704;"energy";"electricity";2000;2157;"2019-09-23";"2020-08-01";"";"";"";"Mannheim";"indelivery";1002;"2019-11-24"
18705;"energy";"gas";10500;11228;"2018-06-25";"2018-08-01";"";"";"";"Ludwigshafen";"indelivery";2001;"2020-05-20"
18706;"energy";"electricity";2700;2873;"2020-01-02";"2020-04-01";"";"";"";"Wiesbaden";"indelivery";1001;"2020-02-06"
18707;"energy";"electricity";2100;2061;"2018-03-18";"2018-05-01";"";"";"";"Berlin";"indelivery";1000;"2020-05-19"
18708;"energy";"electricity";2100;2005;"2020-09-19";"2020-10-01";"";"";"";"Leipzig";"indelivery";1002;"2020-09-20"
18709;"energy";"electricity";2500;2401;"2019-07-29";"2019-11-01";"";"";"";"Munich";"indelivery";1002;"2020-07-16"
18710;"energy";"electricity";2200;2330;"2019-11-11";"2019-12-01";"";"";"";"Düsseldorf";"indelivery";1000;"2019-11-23"
18711;"energy";"gas";11500;11923;"2020-01-01";"2020-01-01";"";"";"";"Stuttgart";"indelivery";2001;"2020-03-05"
18712;"energy";"electricity";2100;2165;"2019-09-14";"2020-07-01";"";"";"";"Wuppertal";"indelivery";1002;"2020-08-26"
18713;"energy";"electricity";2400;2437;"2019-07-16";"2019-12-01";"";"";"";"Hamburg";"indelivery";1000;"2020-01-30"
18714;"energy";"electricity";2600;2607;"2020-09-15";"2021-02-01";"";"";"";"Berlin";"active";1001;"2020-09-21"
18715;"energy";"electricity";2000;"";"2020-08-03";"2021-06-01";"";"";"";"Hamburg";"active";1001;"2020-08-24"
18716;"energy";"gas";11500;11562;"2019-12-25";"2020-06-01";"";"";"";"Marienberg";"indelivery";2001;"2020-02-21"
18717;"energy";"electricity";2900;2818;"2020-03-01";"2020-08-01";"";"";"";"Altchemnitz";"indelivery";1000;"2020-07-12"
18718;"energy";"electricity";2800;"";"2020-07-13";"2020-08-01";"";"";"";"Düsseldorf";"indelivery";1002;"2020-08-11"
18719;"energy";"gas";8600;8281;"2019-11-15";"2020-02-01";"";"";"";"Cologne";"indelivery";2001;"2020-03-07"
18720;"energy";"electricity";2700;2891;"2018-09-21";"2018-12-01";"2020-01-31";"2020-01-01";"fristgerecht durch LichtBlick";"Lübeck";"terminated";1002;"2020-01-01"
18721;"energy";"electricity";2700;2681;"2018-04-10";"2018-05-01";"";"";"";"Berlin";"indelivery";1001;"2018-07-12"
18722;"energy";"electricity";2400;2485;"2018-12-27";"2019-02-01";"2020-12-31";"2020-11-30";"Umzug";"Cologne";"cancelled";1000;"2019-03-01"
18723;"energy";"electricity";2000;2009;"2020-08-12";"2020-11-01";"";"";"";"Marienberg";"active";1000;"2020-08-21"
18724;"energy";"electricity";2900;2979;"2018-04-01";"2018-05-01";"";"";"";"Bremen";"indelivery";1001;"2019-12-15"
18725;"energy";"electricity";2400;2432;"2020-03-23";"2020-06-01";"";"";"";"Schwerin";"indelivery";1001;"2020-06-08"
18726;"energy";"electricity";2600;2599;"2019-05-05";"2020-02-01";"";"";"";"Berlin";"indelivery";1001;"2020-03-19"
18727;"energy";"gas";10600;10874;"2020-07-22";"2020-10-01";"";"";"";"Cologne";"indelivery";2001;"2020-09-10"
18728;"energy";"electricity";2200;2274;"2019-05-29";"2019-09-01";"";"";"";"Dortmund";"indelivery";1000;"2019-10-01"
18729;"energy";"electricity";2700;"";"2019-10-12";"2020-04-01";"2020-09-30";"2020-08-28";"fristgerecht durch LichtBlick";"Altenkirchen";"terminated";1001;"2020-05-15"
18730;"energy";"electricity";2500;2373;"2019-05-11";"2019-06-01";"";"";"";"Bielefeld";"indelivery";1001;"2020-01-15"
18731;"energy";"gas";11500;"";"2018-12-29";"2019-01-01";"";"";"";"Munich";"indelivery";2001;"2019-01-24"
18732;"energy";"electricity";2500;2575;"2020-01-21";"2020-06-01";"";"";"";"Hamburg";"indelivery";1000;"2020-03-12"
18733;"energy";"gas";11800;11760;"2018-10-05";"2019-05-01";"";"";"";"Berlin";"indelivery";2000;"2019-07-30"
18734;"energy";"electricity";2700;2705;"2018-06-09";"2018-09-01";"2020-02-29";"2020-01-29";"Umzug";"Hannover";"terminated";1001;"2019-03-22"
18735;"energy";"electricity";2600;2812;"2019-10-05";"2020-05-01";"";"";"";"Frankfurt";"indelivery";1000;"2019-10-16"
18736;"energy";"electricity";2000;2099;"2020-04-21";"2020-06-01";"";"";"";"Mannheim";"indelivery";1002;"2020-06-13"
18737;"energy";"electricity";2600;2608;"2019-03-29";"2019-05-01";"";"";"";"Stuttgart";"indelivery";1002;"2020-03-03"
18738;"energy";"electricity";2200;2368;"2020-04-07";"2021-05-01";"";"";"";"Berlin";"active";1000;"2020-05-20"
18739;"energy";"electricity";2700;2598;"2019-02-20";"2019-09-01";"2019-09-01";"2020-01-30";"Wiederruf";"Hannover";"terminated";1002;"2019-10-21"
18740;"energy";"electricity";2300;2256;"2018-01-29";"2018-04-01";"2019-02-28";"2019-01-31";"fristgerecht durch Kunde";"Göttingen";"terminated";1001;"2019-01-31"
18741;"energy";"electricity";2600;2808;"2020-08-25";"2021-01-01";"";"";"";"Altötting";"active";1000;"2020-09-01"
18742;"energy";"electricity";2000;2020;"2020-08-28";"2020-09-01";"";"";"";"Rosenheim";"indelivery";1000;"2020-09-08"
18743;"energy";"electricity";2600;2730;"2020-07-18";"2020-10-01";"";"";"";"Münster";"indelivery";1000;"2020-08-21"
18744;"energy";"electricity";2600;2458;"2018-10-06";"2018-12-01";"";"";"";"Wuppertal";"indelivery";1001;"2019-01-17"
18745;"energy";"electricity";2800;2922;"2018-10-23";"2019-07-01";"2019-07-01";"2020-08-31";"Wiederruf";"Cottbus";"terminated";1000;"2020-04-17"
18746;"energy";"gas";7900;7927;"2019-06-05";"2019-08-01";"";"";"";"Berlin";"indelivery";2001;"2019-07-08"
18747;"energy";"electricity";2900;2985;"2018-09-07";"2018-12-01";"";"";"";"Bremen";"indelivery";1001;"2018-11-19"
18748;"energy";"electricity";2600;2619;"2019-01-28";"2019-07-01";"";"";"";"Braunschweig";"indelivery";1001;"2019-11-01"
18749;"energy";"electricity";2100;2047;"2019-03-03";"2020-03-01";"";"";"";"Dortmund";"indelivery";1001;"2020-02-24"
18750;"energy";"electricity";2200;2196;"2019-08-16";"2020-11-01";"";"";"";"Hamburg";"active";1000;"2020-01-12"
18751;"energy";"gas";8700;8425;"2020-01-01";"2020-03-01";"";"";"";"Schwerin";"indelivery";2000;"2020-09-15"
18752;"energy";"electricity";2400;"";"2020-03-27";"2020-09-01";"";"";"";"Stralsund";"indelivery";1000;"2020-08-12"
18753;"energy";"electricity";2700;2699;"2019-07-10";"2019-09-01";"";"";"";"Potsdam";"indelivery";1001;"2020-02-05"
18754;"energy";"electricity";2200;2270;"2018-10-22";"2019-06-01";"";"";"";"Essen";"indelivery";1000;"2020-01-26"
18755;"energy";"electricity";2600;2793;"2020-07-09";"2021-03-01";"";"";"";"Berlin";"active";1002;"2020-07-29"
18756;"energy";"electricity";2600;2700;"2018-10-21";"2018-12-01";"";"";"";"Hamburg";"indelivery";1002;"2020-03-25"
18757;"energy";"electricity";2000;1944;"2019-09-12";"2019-11-01";"";"";"";"Bremen";"indelivery";1001;"2019-12-26"
18758;"energy";"electricity";2800;2764;"2020-06-12";"2021-03-01";"";"";"";"Bielefeld";"active";1000;"2020-09-30"
18759;"energy";"electricity";2800;"";"2019-05-02";"2019-07-01";"";"";"";"Berlin";"indelivery";1000;"2020-09-17"
18760;"energy";"gas";11100;"";"2020-02-12";"2020-09-01";"";"";"";"Münster";"indelivery";2000;"2020-04-21"
18761;"energy";"electricity";2100;2072;"2019-08-30";"2020-01-01";"2020-06-30";"2020-06-01";"Umzug";"Oldenburg";"terminated";1002;"2020-02-10"
18762;"energy";"electricity";2800;2719;"2020-01-05";"2020-07-01";"";"";"";"Berlin";"indelivery";1000;"2020-09-30"
18763;"energy";"electricity";2700;2891;"2020-07-08";"2020-10-01";"";"";"";"Berlin";"indelivery";1001;"2020-08-18"
18764;"energy";"electricity";2500;2592;"2020-05-18";"2020-08-01";"";"";"";"Wuppertal";"indelivery";1002;"2020-09-24"
18765;"energy";"electricity";2300;2317;"2018-02-07";"2018-06-01";"";"";"";"Bremen";"indelivery";1001;"2019-09-22"
18766;"energy";"electricity";2000;2120;"2018-01-19";"2018-02-01";"";"";"";"Augsburg";"indelivery";1001;"2018-11-26"
18767;"energy";"gas";10200;10479;"2019-02-25";"2019-09-01";"";"";"";"Marienberg";"indelivery";2000;"2019-09-13"
18768;"energy";"electricity";2700;2725;"2020-02-23";"2020-05-01";"";"";"";"Freiburg";"indelivery";1002;"2020-05-02"
18769;"energy";"electricity";2700;"";"2019-09-23";"2019-11-01";"2020-03-31";"2020-03-01";"fristgerecht durch Kunde";"Augsburg";"terminated";1002;"2020-03-01"
18770;"energy";"electricity";1900;1924;"2018-01-01";"2018-05-01";"2019-01-31";"2019-01-02";"fristgerecht durch Kunde";"Cologne";"terminated";1002;"2019-01-02"
18771;"energy";"electricity";2100;"";"2018-12-11";"2019-04-01";"2019-05-31";"2019-04-30";"fristgerecht durch Kunde";"Heidelberg";"terminated";1000;"2019-04-30"
18772;"energy";"electricity";2400;2323;"2020-01-10";"2020-07-01";"";"";"";"Weißenburg";"indelivery";1002;"2020-03-28"
18773;"energy";"electricity";2300;2263;"2019-01-23";"2019-04-01";"2020-12-31";"2020-12-01";"Umzug";"Berlin";"cancelled";1002;"2019-10-15"
18774;"energy";"electricity";2400;"";"2018-10-01";"2019-06-01";"2019-07-31";"2019-06-29";"fristgerecht durch Kunde";"Hannover";"terminated";1001;"2019-06-29"
18775;"energy";"gas";9600;10217;"2019-01-14";"2019-04-01";"";"";"";"Münster";"indelivery";2000;"2019-09-08"
18776;"energy";"electricity";2100;2269;"2018-12-30";"2019-01-01";"2020-07-31";"2020-07-02";"fristgerecht durch Kunde";"Kassel";"terminated";1000;"2020-01-08"
18777;"energy";"electricity";1900;1897;"2020-09-21";"2021-01-01";"";"";"";"Hamburg";"active";1000;"2020-09-25"
18778;"energy";"electricity";2900;3090;"2018-04-28";"2018-05-01";"2018-05-01";"2020-09-30";"Wiederruf";"Oldenburg";"terminated";1002;"2019-06-28"
18779;"energy";"electricity";2100;2062;"2019-02-18";"2019-03-01";"";"";"";"Berlin";"indelivery";1001;"2019-07-11"
18780;"energy";"gas";9000;9581;"2020-01-07";"2020-04-01";"2020-06-30";"2020-06-02";"fristgerecht durch Kunde";"Berlin";"terminated";2000;"2020-06-02"
18781;"energy";"gas";10100;9621;"2020-06-07";"2020-07-01";"";"";"";"Würzburg";"indelivery";2001;"2020-09-20"
18782;"energy";"electricity";2900;3024;"2018-05-23";"2018-06-01";"2018-06-01";"2018-12-31";"Wiederruf";"Bremen";"terminated";1001;"2018-12-31"
18783;"energy";"electricity";2400;2502;"2018-04-20";"2018-06-01";"";"";"";"Berlin";"indelivery";1001;"2020-08-02"
18784;"energy";"electricity";2000;1983;"2018-07-30";"2018-09-01";"";"";"";"Berlin";"indelivery";1000;"2019-01-30"
18785;"energy";"electricity";2200;2263;"2018-05-21";"2018-12-01";"";"";"";"Düsseldorf";"indelivery";1002;"2019-09-12"
18786;"energy";"electricity";2900;2901;"2019-05-11";"2019-08-01";"2020-02-29";"2020-01-24";"Umzug";"Oberhausen";"terminated";1000;"2020-01-24"
18787;"energy";"electricity";3000;2852;"2020-03-01";"2020-03-01";"";"";"";"Altchemnitz";"indelivery";1001;"2020-09-10"
18788;"energy";"electricity";2200;2202;"2020-06-28";"2021-01-01";"";"";"";"Berlin";"active";1001;"2020-07-29"
18789;"energy";"electricity";2100;2202;"2018-07-08";"2018-08-01";"2019-11-30";"2019-10-31";"Umzug";"Mainz";"terminated";1000;"2019-10-31"
18790;"energy";"gas";9600;9229;"2018-10-24";"2019-03-01";"";"";"";"Karlsruhe";"indelivery";2000;"2020-04-12"
18791;"energy";"electricity";2800;"";"2019-01-17";"2019-09-01";"";"";"";"Freiburg";"indelivery";1002;"2020-07-20"
18792;"energy";"gas";8600;9034;"2020-04-26";"2020-09-01";"";"";"";"Berlin";"indelivery";2000;"2020-07-29"
18793;"energy";"electricity";2000;2077;"2019-04-10";"2019-07-01";"";"";"";"Ingolstadt";"indelivery";1000;"2020-07-16"
18794;"energy";"gas";10300;9842;"2020-07-11";"2020-09-01";"";"";"";"Dortmund";"indelivery";2001;"2020-08-27"
18795;"energy";"electricity";2400;2324;"2019-07-05";"2019-09-01";"";"";"";"Essen";"indelivery";1002;"2019-10-21"
18796;"energy";"electricity";2100;2222;"2018-08-27";"2019-03-01";"";"";"";"Stuttgart";"indelivery";1000;"2020-09-20"
18797;"energy";"electricity";2900;2961;"2019-08-13";"2021-01-01";"";"";"";"Duisburg";"active";1000;"2020-01-08"
18798;"energy";"electricity";2800;2649;"2018-10-04";"2019-03-01";"";"";"";"Osnabrück";"indelivery";1002;"2020-03-12"
18799;"energy";"electricity";2500;2563;"2020-05-14";"2020-11-01";"";"";"";"Mannheim";"active";1002;"2020-07-05"
18800;"energy";"electricity";2200;2142;"2020-04-13";"2020-10-01";"";"";"";"Hamburg";"indelivery";1002;"2020-05-17"
18801;"energy";"electricity";2600;2697;"2019-06-21";"2020-02-01";"";"";"";"Saarbrücken";"indelivery";1000;"2019-10-12"
18802;"energy";"gas";9700;10203;"2019-01-15";"2019-03-01";"";"";"";"Hamburg";"indelivery";2000;"2019-05-11"
18803;"energy";"electricity";2200;2293;"2019-04-27";"2019-06-01";"";"";"";"Dortmund";"indelivery";1001;"2020-08-17"
18804;"energy";"gas";11000;11275;"2020-03-22";"2020-07-01";"";"";"";"Schwerin";"indelivery";2001;"2020-04-12"
18805;"energy";"electricity";2200;2252;"2019-12-14";"2020-04-01";"";"";"";"Potsdam";"indelivery";1002;"2020-05-07"
18806;"energy";"gas";9800;9668;"2019-01-03";"2019-04-01";"2020-12-31";"2020-12-03";"fristgerecht durch Kunde";"Wiesbaden";"cancelled";2000;"2020-08-29"
18807;"energy";"electricity";2100;2116;"2018-03-16";"2019-01-01";"2020-01-31";"2020-01-03";"fristgerecht durch Kunde";"Lübeck";"terminated";1000;"2018-07-23"
18808;"energy";"electricity";2100;2218;"2019-09-02";"2019-11-01";"";"";"";"Mannheim";"indelivery";1002;"2019-09-02"
18809;"energy";"electricity";2300;2358;"2019-02-21";"2019-11-01";"";"";"";"Schwerin";"indelivery";1000;"2020-05-02"
18810;"energy";"electricity";2600;2604;"2018-07-19";"2018-10-01";"";"";"";"Marienberg";"indelivery";1001;"2020-06-08"
18811;"energy";"electricity";2800;2812;"2018-11-07";"2019-10-01";"2019-10-01";"2020-01-30";"Wiederruf";"Bremen";"terminated";1000;"2020-01-30"
18812;"energy";"electricity";2300;2312;"2018-02-26";"2018-04-01";"";"";"";"Berlin";"indelivery";1001;"2019-03-26"
18813;"energy";"electricity";2100;2244;"2018-11-18";"2019-04-01";"";"";"";"Marienberg";"indelivery";1000;"2019-02-11"
18814;"energy";"electricity";2900;2992;"2020-03-17";"2020-04-01";"";"";"";"Münster";"indelivery";1001;"2020-08-05"
18815;"energy";"gas";8600;9041;"2020-01-31";"2020-04-01";"";"";"";"Leipzig";"indelivery";2000;"2020-07-12"
18816;"energy";"electricity";2600;2507;"2019-08-09";"2019-10-01";"";"";"";"Cologne";"indelivery";1000;"2020-02-22"
18817;"energy";"electricity";2200;"";"2018-04-16";"2018-10-01";"";"";"";"Koblenz";"indelivery";1000;"2019-11-10"
18818;"energy";"electricity";2700;2857;"2018-05-09";"2019-06-01";"";"";"";"Karlsruhe";"indelivery";1001;"2019-08-15"
18819;"energy";"electricity";2900;3027;"2019-04-12";"2019-11-01";"";"";"";"Augsburg";"indelivery";1001;"2020-01-30"
18820;"energy";"electricity";2300;2391;"2018-02-06";"2018-07-01";"2019-04-30";"2019-03-28";"Umzug";"Bremen";"terminated";1001;"2019-03-28"
18821;"energy";"electricity";2700;2733;"2018-03-24";"2018-05-01";"2020-03-31";"2020-03-02";"fristgerecht durch LichtBlick";"Dresden";"terminated";1001;"2020-02-05"
18822;"energy";"electricity";1900;1934;"2020-03-11";"2020-05-01";"2020-12-31";"2020-12-03";"fristgerecht durch Kunde";"Munich";"cancelled";1000;"2020-06-08"
18823;"energy";"gas";11800;12541;"2020-07-05";"2021-01-01";"";"";"";"Düsseldorf";"active";2001;"2020-09-16"
18824;"energy";"electricity";2200;2309;"2020-01-07";"2020-06-01";"";"";"";"Hamburg";"indelivery";1001;"2020-05-28"
18825;"energy";"electricity";2100;1997;"2020-06-26";"2020-12-01";"";"";"";"Berlin";"active";1002;"2020-09-01"
18826;"energy";"electricity";2600;2726;"2018-12-04";"2019-02-01";"";"";"";"Wetzlar";"indelivery";1001;"2020-06-05"
18827;"energy";"electricity";2100;2232;"2019-06-12";"2019-11-01";"";"";"";"Stuttgart";"indelivery";1002;"2020-07-06"
18828;"energy";"electricity";2800;"";"2018-03-01";"2018-05-01";"2020-12-31";"2020-12-03";"fristgerecht durch Kunde";"Dortmund";"cancelled";1002;"2018-12-25"
18829;"energy";"electricity";2900;3091;"2018-08-25";"2018-10-01";"2019-04-30";"2019-04-02";"fristgerecht durch LichtBlick";"Hamburg";"terminated";1002;"2018-10-11"
18830;"energy";"electricity";2500;2426;"2018-12-03";"2019-02-01";"";"";"";"Berlin";"indelivery";1001;"2019-05-10"
18831;"energy";"electricity";2700;2701;"2019-05-25";"2019-07-01";"";"";"";"Uelzen";"indelivery";1000;"2019-06-04"
18832;"energy";"electricity";2100;"";"2018-05-07";"2018-12-01";"";"";"";"Augsburg";"indelivery";1001;"2018-11-13"
18833;"energy";"electricity";2100;2001;"2019-09-09";"2020-01-01";"";"";"";"Hannover";"indelivery";1001;"2020-02-16"
18834;"energy";"electricity";2300;2351;"2018-05-20";"2018-06-01";"2019-09-30";"2019-09-02";"fristgerecht durch Kunde";"Marienberg";"terminated";1002;"2019-09-02"
18835;"energy";"gas";11300;12038;"2020-04-30";"2020-06-01";"2020-08-31";"2020-07-30";"fristgerecht durch Kunde";"Munich";"terminated";2000;"2020-05-26"
18836;"energy";"gas";11600;11467;"2019-01-08";"2019-03-01";"";"";"";"Karlsruhe";"indelivery";2000;"2020-01-17"
18837;"energy";"gas";11000;"";"2020-07-02";"2020-08-01";"";"";"";"Gießen";"indelivery";2000;"2020-08-26"
18838;"energy";"electricity";2500;2356;"2018-02-23";"2018-07-01";"";"";"";"Marienberg";"indelivery";1001;"2020-05-31"
18839;"energy";"gas";8200;8425;"2018-10-17";"2019-01-01";"";"";"";"Berlin";"indelivery";2000;"2020-09-13"
18840;"energy";"electricity";2000;2062;"2018-06-02";"2018-11-01";"";"";"";"Berlin";"indelivery";1000;"2018-07-07"
18841;"energy";"electricity";2800;2805;"2018-10-12";"2018-11-01";"";"";"";"Erfurt";"indelivery";1002;"2020-05-21"
18842;"energy";"electricity";2600;2701;"2019-05-09";"2019-07-01";"2019-07-01";"2020-10-02";"Wiederruf";"Berlin";"terminated";1001;"2020-07-29"
18843;"energy";"electricity";3100;3285;"2018-03-24";"2018-09-01";"";"";"";"Bautzen";"indelivery";1002;"2019-07-26"
18844;"energy";"gas";11400;11784;"2019-12-31";"2020-02-01";"";"";"";"Augsburg";"indelivery";2000;"2020-08-24"
18845;"energy";"electricity";2100;2145;"2020-08-25";"2021-04-01";"";"";"";"Kassel";"active";1001;"2020-09-08"
18846;"energy";"electricity";2800;2798;"2019-04-30";"2019-07-01";"";"";"";"Munich";"indelivery";1002;"2019-09-27"
18847;"energy";"electricity";2100;2242;"2019-12-18";"2020-04-01";"";"";"";"Hamburg";"indelivery";1000;"2020-05-30"
18848;"energy";"electricity";2200;2353;"2019-11-06";"2019-12-01";"";"";"";"Essen";"indelivery";1002;"2019-12-24"
18849;"energy";"electricity";2200;2386;"2019-12-02";"2020-03-01";"";"";"";"Wuppertal";"indelivery";1002;"2020-02-26"
18850;"energy";"gas";10300;10068;"2018-05-16";"2018-08-01";"";"";"";"Bremen";"indelivery";2001;"2019-10-12"
18851;"energy";"electricity";2200;2114;"2018-10-06";"2019-02-01";"2019-05-31";"2019-04-24";"fristgerecht durch LichtBlick";"Bremen";"terminated";1000;"2018-12-18"
18852;"energy";"electricity";3000;2904;"2019-06-05";"2019-07-01";"";"";"";"Neumünster";"indelivery";1000;"2020-07-28"
18853;"energy";"electricity";2400;2464;"2020-07-27";"2021-07-01";"";"";"";"Berlin";"active";1001;"2020-09-16"
18854;"energy";"gas";8400;8711;"2019-01-06";"2020-01-01";"";"";"";"Dresden";"indelivery";2001;"2020-05-16"
18855;"energy";"electricity";2300;2441;"2018-10-28";"2018-12-01";"";"";"";"Lübeck";"indelivery";1002;"2019-06-26"
18856;"energy";"electricity";2900;2800;"2020-06-11";"2020-08-01";"2020-08-01";"2020-09-02";"Wiederruf";"Cologne";"terminated";1002;"2020-07-04"
18857;"energy";"electricity";2600;2492;"2019-11-19";"2020-04-01";"";"";"";"Wuppertal";"indelivery";1002;"2020-08-22"
18858;"energy";"gas";8900;8838;"2019-08-07";"2019-12-01";"";"";"";"Munich";"indelivery";2001;"2019-09-23"
18859;"energy";"gas";8200;8359;"2018-10-04";"2018-11-01";"";"";"";"Munich";"indelivery";2001;"2019-08-19"
18860;"energy";"electricity";2900;3143;"2018-05-05";"2018-07-01";"";"";"";"Husum";"indelivery";1001;"2019-11-18"
18861;"energy";"electricity";2200;2212;"2019-08-04";"2020-03-01";"";"";"";"Frankfurt";"indelivery";1002;"2020-03-26"
18862;"energy";"electricity";2800;2942;"2019-02-20";"2019-10-01";"";"";"";"Dresden";"indelivery";1002;"2020-04-19"
18863;"energy";"electricity";2800;"";"2020-07-10";"2020-09-01";"";"";"";"Ulm";"indelivery";1000;"2020-07-26"
18864;"energy";"electricity";2600;2534;"2018-02-09";"2018-08-01";"";"";"";"Essen";"indelivery";1002;"2019-04-24"
18865;"energy";"electricity";2100;2181;"2018-02-18";"2018-04-01";"";"";"";"Göttingen";"indelivery";1002;"2020-09-04"
18866;"energy";"electricity";2500;2546;"2018-10-20";"2019-08-01";"";"";"";"Berlin";"indelivery";1001;"2020-01-24"
18867;"energy";"electricity";2800;2731;"2018-07-16";"2018-09-01";"";"";"";"Heidelberg";"indelivery";1000;"2019-10-19"
18868;"energy";"electricity";2200;2217;"2018-12-28";"2019-02-01";"";"";"";"Cologne";"indelivery";1002;"2019-07-03"
18869;"energy";"electricity";2800;2955;"2020-04-23";"2020-05-01";"2020-06-30";"2020-06-01";"Umzug";"Munich";"terminated";1002;"2020-06-01"
18870;"energy";"gas";9600;10193;"2019-10-28";"2019-12-01";"";"";"";"Magdeburg";"indelivery";2000;"2020-04-14"
18871;"energy";"electricity";2100;2225;"2020-08-13";"2020-10-01";"";"";"";"Hamburg";"indelivery";1001;"2020-09-23"
18872;"energy";"gas";10100;"";"2018-05-06";"2018-07-01";"2020-10-31";"2020-09-27";"fristgerecht durch LichtBlick";"Duisburg";"cancelled";2000;"2019-10-02"
18873;"energy";"electricity";2600;2705;"2020-09-23";"2022-03-01";"";"";"";"Berlin";"active";1000;"2020-09-27"
18874;"energy";"electricity";2600;2728;"2018-08-09";"2019-02-01";"";"";"";"Hamburg";"indelivery";1000;"2019-02-11"
18875;"energy";"gas";11500;11513;"2020-01-22";"2020-05-01";"";"";"";"Berlin";"indelivery";2001;"2020-08-03"
18876;"energy";"electricity";2200;2176;"2020-08-08";"2020-11-01";"";"";"";"Kleve";"active";1002;"2020-08-15"
18877;"energy";"electricity";2300;2246;"2018-09-06";"2018-12-01";"2020-01-31";"2020-01-02";"fristgerecht durch Kunde";"Berlin";"terminated";1000;"2019-10-21"
18878;"energy";"electricity";2500;2433;"2018-02-17";"2018-08-01";"";"";"";"Kiel";"indelivery";1002;"2019-12-13"
18879;"energy";"electricity";2100;2061;"2018-07-15";"2019-07-01";"";"";"";"Duisburg";"indelivery";1002;"2018-09-18"
18880;"energy";"gas";9800;9881;"2019-02-22";"2019-05-01";"";"";"";"Marienberg";"indelivery";2001;"2019-07-27"
18881;"energy";"electricity";2100;2118;"2020-04-02";"2020-09-01";"";"";"";"Cologne";"indelivery";1000;"2020-08-27"
18882;"energy";"electricity";3000;2983;"2019-02-21";"2019-07-01";"";"";"";"Kiel";"indelivery";1001;"2020-01-25"
18883;"energy";"gas";10200;"";"2020-03-18";"2020-04-01";"";"";"";"Hamburg";"indelivery";2001;"2020-08-18"
18884;"energy";"electricity";2800;2680;"2020-02-08";"2020-04-01";"";"";"";"Leipzig";"indelivery";1001;"2020-09-27"
18885;"energy";"electricity";2900;"";"2018-07-24";"2018-09-01";"2019-09-30";"2019-09-01";"fristgerecht durch Kunde";"Bonn";"terminated";1000;"2019-09-01"
18886;"energy";"electricity";2500;2533;"2019-08-20";"2019-10-01";"";"";"";"Bad Fallingbostel";"indelivery";1000;"2020-02-01"
18887;"energy";"electricity";3000;"";"2018-08-31";"2018-09-01";"2020-07-31";"2020-07-03";"fristgerecht durch Kunde";"Wuppertal";"terminated";1001;"2019-07-10"
18888;"energy";"electricity";2100;2150;"2019-06-20";"2019-08-01";"";"";"";"Berlin";"indelivery";1001;"2020-08-24"
18889;"energy";"electricity";2900;2994;"2019-02-13";"2019-12-01";"";"";"";"Augsburg";"indelivery";1001;"2020-08-04"
18890;"energy";"electricity";2100;2073;"2018-07-05";"2018-08-01";"";"";"";"Augsburg";"indelivery";1001;"2019-03-17"
18891;"energy";"electricity";2200;2267;"2020-03-14";"2020-04-01";"";"";"";"Koblenz";"indelivery";1000;"2020-06-27"
18892;"energy";"electricity";2700;2912;"2019-03-27";"2019-05-01";"";"";"";"Kassel";"indelivery";1001;"2020-05-12"
18893;"energy";"electricity";2100;2134;"2018-01-05";"2018-02-01";"2018-05-31";"2018-05-01";"fristgerecht durch Kunde";"Berlin";"terminated";1000;"2018-05-01"
18894;"energy";"electricity";2800;2994;"2019-01-31";"2019-05-01";"";"";"";"Cologne";"indelivery";1000;"2019-04-30"
18895;"energy";"electricity";2800;3005;"2020-07-30";"2020-08-01";"";"";"";"Dortmund";"indelivery";1001;"2020-09-19"
18896;"energy";"gas";7800;7908;"2018-02-03";"2018-03-01";"";"";"";"Berlin";"indelivery";2001;"2019-01-10"
18897;"energy";"electricity";2400;2539;"2018-04-25";"2018-09-01";"";"";"";"Freiburg";"indelivery";1000;"2019-02-27"
18898;"energy";"electricity";3000;2856;"2019-03-10";"2019-06-01";"";"";"";"Munich";"indelivery";1001;"2020-08-21"
18899;"energy";"electricity";2800;2686;"2018-01-28";"2018-05-01";"";"";"";"Leipzig";"indelivery";1001;"2018-10-17"
18900;"energy";"electricity";2300;2369;"2019-09-29";"2020-05-01";"";"";"";"Cologne";"indelivery";1000;"2020-03-01"
18901;"energy";"electricity";3000;3060;"2018-11-06";"2019-07-01";"2020-06-30";"2020-06-02";"fristgerecht durch LichtBlick";"Koblenz";"terminated";1000;"2020-01-29"
18902;"energy";"electricity";2900;2881;"2019-01-27";"2020-01-01";"";"";"";"Hamburg";"indelivery";1002;"2019-07-30"
18903;"energy";"electricity";2700;2879;"2019-06-25";"2019-07-01";"";"";"";"Dresden";"indelivery";1000;"2019-07-15"
18904;"energy";"electricity";2100;2135;"2019-05-19";"2019-11-01";"2020-01-31";"2020-01-03";"fristgerecht durch LichtBlick";"Berlin";"terminated";1001;"2019-05-31"
18905;"energy";"electricity";2300;2188;"2019-03-05";"2019-05-01";"";"";"";"Osnabrück";"indelivery";1001;"2019-09-20"
18906;"energy";"electricity";2100;2090;"2018-11-23";"2019-08-01";"";"";"";"Freiburg";"indelivery";1000;"2020-01-10"
18907;"energy";"electricity";2300;2442;"2018-03-04";"2018-05-01";"2018-06-30";"2018-05-30";"fristgerecht durch Kunde";"Berlin";"terminated";1001;"2018-05-30"
18908;"energy";"electricity";3000;3060;"2020-06-29";"2021-02-01";"";"";"";"Marienberg";"active";1002;"2020-09-05"
18909;"energy";"electricity";2200;2058;"2020-03-29";"2020-05-01";"";"";"";"Berlin";"indelivery";1002;"2020-09-17"
18910;"energy";"electricity";3000;3004;"2020-09-06";"2020-11-01";"";"";"";"Ulm";"active";1000;"2020-09-10"
18911;"energy";"electricity";2400;"";"2020-04-15";"2020-07-01";"";"";"";"Berlin";"indelivery";1001;"2020-09-09"
18912;"energy";"electricity";2700;"";"2018-05-05";"2019-03-01";"";"";"";"Frankfurt";"indelivery";1002;"2019-06-27"
18913;"energy";"electricity";2400;2513;"2019-07-23";"2019-09-01";"";"";"";"Essen";"indelivery";1002;"2020-08-17"
18914;"energy";"electricity";2300;2244;"2020-03-26";"2020-05-01";"";"";"";"Dresden";"indelivery";1001;"2020-05-20"
18915;"energy";"gas";10700;10298;"2019-01-06";"2019-03-01";"";"";"";"Berlin";"indelivery";2001;"2019-02-22"
18916;"energy";"electricity";2700;2569;"2018-07-12";"2018-11-01";"2019-04-30";"2019-04-02";"Umzug";"Dresden";"terminated";1000;"2019-04-02"
18917;"energy";"gas";10500;"";"2020-08-21";"2020-10-01";"";"";"";"Stuttgart";"indelivery";2000;"2020-08-29"
18918;"energy";"gas";9200;9318;"2020-07-02";"2020-09-01";"";"";"";"Apolda";"indelivery";2000;"2020-08-23"
18919;"energy";"electricity";2500;2659;"2018-12-28";"2019-03-01";"";"";"";"Bremerhaven";"indelivery";1002;"2020-07-10"
18920;"energy";"electricity";2800;2809;"2019-01-28";"2019-10-01";"2020-01-31";"2020-01-03";"fristgerecht durch Kunde";"Oldenburg";"terminated";1000;"2019-12-04"
18921;"energy";"electricity";2600;2726;"2019-04-26";"2019-07-01";"";"";"";"Hofeck";"indelivery";1000;"2019-11-23"
18922;"energy";"electricity";2600;2617;"2018-10-13";"2019-05-01";"";"";"";"Leipzig";"indelivery";1002;"2019-11-20"
18923;"energy";"electricity";2200;2264;"2018-04-27";"2018-06-01";"";"";"";"Dresden";"indelivery";1002;"2018-09-02"
18924;"energy";"gas";9800;"";"2020-02-02";"2020-03-01";"";"";"";"Munich";"indelivery";2001;"2020-03-01"
18925;"energy";"electricity";2500;2655;"2019-01-11";"2019-03-01";"";"";"";"Erding";"indelivery";1000;"2019-02-06"
18926;"energy";"electricity";2100;1962;"2019-07-30";"2019-11-01";"";"";"";"Leipzig";"indelivery";1002;"2020-09-19"
18927;"energy";"electricity";2000;1965;"2018-10-25";"2018-12-01";"";"";"";"Dresden";"indelivery";1000;"2020-02-29"
18928;"energy";"electricity";2700;2789;"2018-12-13";"2019-04-01";"2020-06-30";"2020-05-29";"fristgerecht durch LichtBlick";"Berlin";"terminated";1002;"2020-04-16"
18929;"energy";"electricity";2800;2756;"2019-06-09";"2020-01-01";"2020-09-30";"2020-09-02";"fristgerecht durch LichtBlick";"Schwerin";"terminated";1001;"2019-11-12"
18930;"energy";"electricity";2300;2269;"2018-01-05";"2018-06-01";"";"";"";"Dresden";"indelivery";1002;"2020-03-27"
18931;"energy";"electricity";2200;2301;"2019-04-15";"2019-06-01";"";"";"";"Berlin";"indelivery";1000;"2020-04-03"
18932;"energy";"electricity";2100;2136;"2019-12-07";"2020-06-01";"";"";"";"Hamburg";"indelivery";1001;"2019-12-14"
18933;"energy";"electricity";2800;2913;"2019-12-23";"2020-05-01";"";"";"";"Cologne";"indelivery";1000;"2020-09-19"
18934;"energy";"electricity";2000;1941;"2019-10-26";"2020-04-01";"";"";"";"Berlin";"indelivery";1001;"2019-12-23"
18935;"energy";"electricity";3000;3138;"2019-04-15";"2019-07-01";"2020-06-30";"2020-05-28";"fristgerecht durch Kunde";"Dortmund";"terminated";1002;"2019-05-31"
18936;"energy";"electricity";2300;"";"2020-04-04";"2020-09-01";"";"";"";"Gera";"indelivery";1001;"2020-07-03"
18937;"energy";"electricity";2700;2836;"2020-06-09";"2021-02-01";"";"";"";"Cottbus";"active";1002;"2020-07-18"
18938;"energy";"electricity";2600;2507;"2018-05-24";"2018-11-01";"";"";"";"Marienberg";"indelivery";1002;"2019-04-13"
18939;"energy";"electricity";2200;2255;"2019-01-31";"2019-04-01";"";"";"";"Cologne";"indelivery";1001;"2019-05-30"
18940;"energy";"electricity";2800;3003;"2020-03-16";"2020-05-01";"2020-05-01";"2020-10-28";"Wiederruf";"Regensburg";"terminated";1000;"2020-04-29"
18941;"energy";"electricity";2900;2809;"2020-09-28";"2020-11-01";"";"";"";"Schleswig";"active";1000;"2020-09-29"
18942;"energy";"gas";10500;10420;"2019-04-18";"2019-11-01";"";"";"";"Potsdam";"indelivery";2000;"2019-10-26"
18943;"energy";"electricity";2600;"";"2018-12-20";"2019-02-01";"2020-03-31";"2020-03-01";"fristgerecht durch LichtBlick";"Berlin";"terminated";1000;"2019-07-24"
18944;"energy";"gas";11500;12300;"2019-08-05";"2020-01-01";"";"";"";"Munich";"indelivery";2001;"2020-03-23"
18945;"energy";"electricity";2300;2294;"2020-01-07";"2020-07-01";"";"";"";"Erfurt";"indelivery";1001;"2020-09-30"
18946;"energy";"electricity";2500;2413;"2019-01-08";"2020-01-01";"";"";"";"Cologne";"indelivery";1000;"2019-07-18"
18947;"energy";"electricity";3000;3137;"2020-02-20";"2020-10-01";"";"";"";"Viersen";"indelivery";1002;"2020-03-25"
18948;"energy";"electricity";2600;2719;"2019-01-30";"2019-09-01";"";"";"";"Berlin";"indelivery";1002;"2020-07-08"
18949;"energy";"gas";11000;11894;"2018-06-28";"2019-05-01";"";"";"";"Leipzig";"indelivery";2001;"2019-06-15"
18950;"energy";"electricity";2100;2080;"2019-05-19";"2019-10-01";"";"";"";"Rotenburg";"indelivery";1000;"2020-05-04"
18951;"energy";"electricity";2600;2580;"2020-05-07";"2020-11-01";"";"";"";"Dortmund";"active";1001;"2020-09-16"
18952;"energy";"gas";9600;"";"2018-09-01";"2018-10-01";"";"";"";"Stuttgart";"indelivery";2000;"2018-10-31"
18953;"energy";"electricity";2100;2117;"2019-08-30";"2020-05-01";"";"";"";"Dortmund";"indelivery";1002;"2020-04-08"
18954;"energy";"gas";8400;"";"2018-04-01";"2018-06-01";"";"";"";"Bremen";"indelivery";2000;"2020-05-12"
18955;"energy";"electricity";2000;2006;"2020-04-30";"2020-09-01";"";"";"";"Koblenz";"indelivery";1000;"2020-08-30"
18956;"energy";"electricity";3000;2983;"2018-10-03";"2019-03-01";"";"";"";"Kassel";"indelivery";1001;"2019-07-06"
18957;"energy";"gas";11600;11948;"2018-09-13";"2018-10-01";"2018-10-01";"2020-10-03";"Wiederruf";"Gera";"terminated";2001;"2019-04-18"
18958;"energy";"electricity";2200;2304;"2020-07-07";"2020-10-01";"";"";"";"Berlin";"indelivery";1002;"2020-07-07"
18959;"energy";"gas";11800;12661;"2019-08-07";"2019-10-01";"2019-10-01";"2020-08-31";"Wiederruf";"Regen";"terminated";2000;"2020-01-30"
18960;"energy";"gas";10800;11048;"2019-10-11";"2019-11-01";"";"";"";"Vechta";"indelivery";2001;"2020-02-12"
18961;"energy";"electricity";2300;2323;"2018-12-15";"2019-05-01";"";"";"";"Frankfurt";"indelivery";1002;"2020-07-19"
18962;"energy";"electricity";2800;2716;"2018-03-18";"2018-04-01";"";"";"";"Erfurt";"indelivery";1001;"2020-03-28"
18963;"energy";"electricity";2300;"";"2019-02-20";"2019-04-01";"";"";"";"Bremerhaven";"indelivery";1000;"2020-04-06"
18964;"energy";"electricity";2600;2678;"2018-02-14";"2018-12-01";"";"";"";"Marienberg";"indelivery";1000;"2019-10-28"
18965;"energy";"gas";10000;10419;"2018-04-17";"2018-09-01";"";"";"";"Wuppertal";"indelivery";2001;"2018-04-21"
18966;"energy";"gas";11500;11651;"2018-01-30";"2018-04-01";"2018-04-01";"2019-10-02";"Wiederruf";"Hamburg";"terminated";2000;"2018-05-25"
18967;"energy";"electricity";2000;1926;"2020-09-26";"2021-06-01";"";"";"";"Cologne";"active";1000;"2020-09-29"
18968;"energy";"electricity";2800;2930;"2018-07-19";"2018-09-01";"2018-09-01";"2020-03-03";"Wiederruf";"Hamburg";"terminated";1002;"2019-03-28"
18969;"energy";"electricity";2400;2364;"2020-08-18";"2020-10-01";"";"";"";"Leipzig";"indelivery";1000;"2020-09-15"
18970;"energy";"electricity";2600;2570;"2020-08-15";"2021-02-01";"";"";"";"Berlin";"active";1002;"2020-09-29"
18971;"energy";"gas";9700;10228;"2019-07-18";"2019-12-01";"";"";"";"Marienberg";"indelivery";2001;"2019-09-23"
18972;"energy";"electricity";2500;2434;"2020-01-18";"2020-05-01";"";"";"";"Bielefeld";"indelivery";1000;"2020-03-02"
18973;"energy";"electricity";2500;2599;"2018-07-23";"2018-10-01";"2019-01-31";"2019-01-01";"Umzug";"Hannover";"terminated";1002;"2019-01-01"
18974;"energy";"electricity";3000;"";"2020-01-27";"2020-05-01";"";"";"";"Forchheim";"indelivery";1000;"2020-07-21"
18975;"energy";"gas";8400;8303;"2018-10-17";"2019-01-01";"2019-02-28";"2019-01-28";"fristgerecht durch LichtBlick";"Duisburg";"terminated";2000;"2019-01-28"
18976;"energy";"electricity";2700;2734;"2018-11-17";"2019-09-01";"";"";"";"Berlin";"indelivery";1000;"2019-05-08"
18977;"energy";"electricity";2500;2428;"2018-06-15";"2018-10-01";"";"";"";"Wiesbaden";"indelivery";1002;"2018-10-27"
18978;"energy";"electricity";2800;2890;"2018-12-23";"2019-04-01";"";"";"";"Mainz";"indelivery";1000;"2020-05-30"
18979;"energy";"electricity";2100;2212;"2020-01-01";"2020-03-01";"";"";"";"Rostock";"indelivery";1002;"2020-01-02"
18980;"energy";"electricity";2300;2195;"2019-08-01";"2019-10-01";"";"";"";"Potsdam";"indelivery";1002;"2019-10-14"
18981;"energy";"electricity";2800;"";"2019-08-13";"2019-10-01";"";"";"";"Bremen";"indelivery";1000;"2020-04-06"
18982;"energy";"electricity";2400;2337;"2020-08-23";"2020-10-01";"";"";"";"Berlin";"indelivery";1001;"2020-09-23"
18983;"energy";"electricity";2200;2319;"2019-06-01";"2020-02-01";"";"";"";"Karlsruhe";"indelivery";1001;"2020-03-31"
18984;"energy";"electricity";2900;2918;"2020-09-16";"2020-10-01";"";"";"";"Würzburg";"indelivery";1000;"2020-09-24"
18985;"energy";"electricity";2900;2783;"2019-06-16";"2019-09-01";"";"";"";"Berlin";"indelivery";1001;"2020-06-25"
18986;"energy";"gas";9600;9310;"2018-03-23";"2018-09-01";"";"";"";"Bremen";"indelivery";2001;"2020-05-13"
18987;"energy";"electricity";2500;2347;"2019-03-09";"2019-06-01";"";"";"";"Bremen";"indelivery";1002;"2020-09-15"
18988;"energy";"gas";8600;8471;"2018-10-27";"2018-12-01";"";"";"";"Cologne";"indelivery";2000;"2019-09-30"
18989;"energy";"electricity";2200;2241;"2018-11-12";"2018-12-01";"";"";"";"Braunschweig";"indelivery";1000;"2020-07-09"
18990;"energy";"electricity";2000;2123;"2019-07-22";"2019-08-01";"";"";"";"Munich";"indelivery";1001;"2020-06-07"
18991;"energy";"electricity";2600;2510;"2018-06-07";"2019-01-01";"";"";"";"Sigmaringen";"indelivery";1002;"2020-03-14"
18992;"energy";"electricity";2900;2837;"2018-03-05";"2018-10-01";"";"";"";"Wiesbaden";"indelivery";1002;"2018-10-25"
18993;"energy";"gas";9900;10680;"2019-08-16";"2020-03-01";"";"";"";"Hofeck";"indelivery";2001;"2020-05-11"
18994;"energy";"electricity";2600;2533;"2020-08-04";"2020-11-01";"";"";"";"Munich";"active";1000;"2020-09-01"
18995;"energy";"electricity";2400;2615;"2019-01-18";"2019-02-01";"";"";"";"Osnabrück";"indelivery";1001;"2020-02-22"
18996;"energy";"gas";10100;10695;"2020-01-05";"2020-06-01";"";"";"";"Hamburg";"indelivery";2001;"2020-08-01"
18997;"energy";"gas";8900;9106;"2018-05-20";"2018-10-01";"";"";"";"Hamburg";"indelivery";2000;"2019-03-25"
18998;"energy";"electricity";2100;2146;"2019-04-15";"2019-06-01";"";"";"";"Marienberg";"indelivery";1002;"2020-02-22"
18999;"energy";"gas";8800;9215;"2018-03-06";"2018-10-01";"";"";"";"Cologne";"indelivery";2000;"2018-05-07"
19000;"energy";"electricity";2500;2401;"2019-02-15";"2019-04-01";"2020-12-31";"2020-12-01";"fristgerecht durch Kunde";"Karlsruhe";"cancelled";1002;"2019-04-26"
19001;"energy";"electricity";2300;2320;"2018-10-25";"2018-12-01";"";"";"";"Rostock";"indelivery";1001;"2020-03-21"
19002;"energy";"electricity";2600;2750;"2019-12-15";"2020-04-01";"";"";"";"Stuttgart";"indelivery";1000;"2020-01-10"
19003;"energy";"electricity";2500;2585;"2019-06-14";"2019-08-01";"";"";"";"Marienberg";"indelivery";1000;"2020-04-08"
19004;"energy";"electricity";2000;1913;"2019-04-20";"2019-09-01";"";"";"";"Berlin";"indelivery";1002;"2020-01-01"
19005;"energy";"electricity";2600;2630;"2019-03-16";"2019-05-01";"";"";"";"Cologne";"indelivery";1000;"2019-07-14"
19006;"energy";"electricity";2100;2068;"2018-12-22";"2019-02-01";"2020-02-29";"2020-01-29";"Umzug";"Ulm";"terminated";1001;"2020-01-29"
19007;"energy";"electricity";2900;"";"2019-04-03";"2019-06-01";"2019-06-01";"2020-09-29";"Wiederruf";"Düsseldorf";"terminated";1002;"2020-08-12"
19008;"energy";"electricity";2800;2925;"2020-06-19";"2021-04-01";"";"";"";"Leipzig";"active";1001;"2020-09-17"
19009;"energy";"electricity";2900;3181;"2018-11-14";"2018-12-01";"";"";"";"Hofeck";"indelivery";1000;"2020-08-03"
19010;"energy";"electricity";2200;2397;"2019-10-10";"2020-02-01";"";"";"";"Berlin";"indelivery";1002;"2019-11-12"
19011;"energy";"electricity";2700;2752;"2019-06-25";"2019-09-01";"";"";"";"Berlin";"indelivery";1002;"2019-11-21"
19012;"energy";"electricity";2800;2736;"2020-04-12";"2020-05-01";"";"";"";"Duisburg";"indelivery";1001;"2020-05-31"
19013;"energy";"electricity";2400;2446;"2018-04-24";"2018-06-01";"";"";"";"Düsseldorf";"indelivery";1001;"2020-07-15"
19014;"energy";"electricity";3000;3145;"2020-01-02";"2020-03-01";"";"";"";"Dresden";"indelivery";1000;"2020-02-14"
19015;"energy";"electricity";2300;2252;"2019-09-23";"2019-11-01";"";"";"";"Berlin";"indelivery";1001;"2020-04-15"
19016;"energy";"gas";11700;11960;"2018-01-14";"2018-09-01";"";"";"";"Mannheim";"indelivery";2001;"2018-02-26"
19017;"energy";"electricity";1900;2031;"2018-07-26";"2018-09-01";"";"";"";"Berlin";"indelivery";1002;"2020-03-30"
19018;"energy";"electricity";2200;2173;"2019-01-28";"2019-03-01";"";"";"";"Münster";"indelivery";1001;"2019-03-26"
19019;"energy";"electricity";2100;2086;"2019-04-11";"2019-12-01";"";"";"";"Cologne";"indelivery";1001;"2020-08-30"
19020;"energy";"electricity";2600;2704;"2020-01-08";"2021-04-01";"";"";"";"Flensburg";"active";1000;"2020-01-29"
19021;"energy";"electricity";2500;2420;"2019-05-20";"2019-09-01";"";"";"";"Essen";"indelivery";1000;"2020-06-16"
19022;"energy";"electricity";2200;2156;"2019-04-24";"2019-08-01";"";"";"";"Hamburg";"indelivery";1001;"2020-07-24"
19023;"energy";"electricity";2700;2645;"2019-09-10";"2020-04-01";"2020-11-30";"2020-10-31";"fristgerecht durch Kunde";"Leipzig";"cancelled";1001;"2019-10-13"
19024;"energy";"electricity";2600;2741;"2019-01-06";"2020-06-01";"";"";"";"Mainz";"indelivery";1000;"2020-04-20"
19025;"energy";"electricity";2200;2352;"2018-01-14";"2018-03-01";"";"";"";"Bielefeld";"indelivery";1002;"2018-09-23"
19026;"energy";"electricity";2100;2263;"2020-05-07";"2020-08-01";"";"";"";"Augsburg";"indelivery";1002;"2020-08-08"
19027;"energy";"electricity";2000;2162;"2019-08-11";"2020-03-01";"";"";"";"Frankfurt";"indelivery";1001;"2019-12-11"
19028;"energy";"electricity";2300;2360;"2020-02-10";"2020-04-01";"";"";"";"Fürth";"indelivery";1002;"2020-02-16"
19029;"energy";"electricity";2200;2120;"2020-05-27";"2020-09-01";"";"";"";"Berlin";"indelivery";1002;"2020-06-18"
19030;"energy";"electricity";2100;2124;"2020-08-26";"2020-10-01";"";"";"";"Osnabrück";"indelivery";1001;"2020-09-05"
19031;"energy";"electricity";2200;2263;"2019-08-17";"2020-01-01";"2020-01-01";"2020-10-31";"Wiederruf";"Coburg";"terminated";1002;"2019-10-15"
19032;"energy";"electricity";2500;2628;"2018-08-28";"2018-10-01";"";"";"";"Marienberg";"indelivery";1002;"2020-02-28"
19033;"energy";"electricity";2300;2220;"2020-06-01";"2020-11-01";"";"";"";"Hamburg";"active";1000;"2020-06-07"
19034;"energy";"electricity";2700;2534;"2020-05-13";"2020-07-01";"";"";"";"Frankfurt";"indelivery";1000;"2020-07-20"
19035;"energy";"electricity";2700;2704;"2019-06-17";"2019-07-01";"2019-10-31";"2019-10-03";"fristgerecht durch LichtBlick";"Berlin";"terminated";1000;"2019-07-28"
19036;"energy";"gas";12000;12673;"2020-01-15";"2020-04-01";"2020-10-31";"2020-10-01";"Umzug";"Bremen";"cancelled";2000;"2020-09-05"
19037;"energy";"electricity";2100;2196;"2019-04-25";"2019-10-01";"";"";"";"Dortmund";"indelivery";1002;"2019-09-16"
19038;"energy";"electricity";2900;3026;"2018-07-22";"2019-01-01";"";"";"";"Schwerin";"indelivery";1001;"2019-12-17"
19039;"energy";"gas";10900;10418;"2019-09-18";"2019-10-01";"2019-10-01";"2020-11-02";"Wiederruf";"Kiel";"terminated";2000;"2020-05-09"
19040;"energy";"electricity";2600;2736;"2018-07-25";"2018-10-01";"";"";"";"Hamburg";"indelivery";1002;"2018-12-22"
19041;"energy";"electricity";2600;2811;"2018-09-22";"2019-04-01";"";"";"";"Duisburg";"indelivery";1002;"2019-02-08"
19042;"energy";"electricity";2300;2260;"2020-02-23";"2020-05-01";"";"";"";"Berlin";"indelivery";1001;"2020-07-09"
19043;"energy";"electricity";2000;1974;"2018-09-30";"2018-10-01";"";"";"";"Rostock";"indelivery";1002;"2020-08-23"
19044;"energy";"electricity";2200;2199;"2020-09-29";"2020-11-01";"";"";"";"Hamburg";"active";1001;"2020-09-29"
19045;"energy";"electricity";2000;2092;"2018-10-16";"2018-11-01";"";"";"";"Berlin";"indelivery";1002;"2020-06-26"
19046;"energy";"electricity";2900;2787;"2020-01-14";"2020-03-01";"";"";"";"Dresden";"indelivery";1000;"2020-02-21"
19047;"energy";"electricity";2300;2346;"2019-10-06";"2019-12-01";"";"";"";"Dresden";"indelivery";1002;"2019-11-21"
19048;"energy";"gas";11000;10876;"2019-10-17";"2020-01-01";"";"";"";"Stralsund";"indelivery";2001;"2020-08-06"
19049;"energy";"electricity";2900;"";"2020-07-06";"2021-01-01";"";"";"";"Altchemnitz";"active";1001;"2020-08-24"
19050;"energy";"electricity";2700;2573;"2020-02-04";"2020-10-01";"";"";"";"Detmold";"indelivery";1001;"2020-02-20"
19051;"energy";"electricity";2000;2095;"2018-04-22";"2018-06-01";"";"";"";"Dortmund";"indelivery";1000;"2019-03-23"
19052;"energy";"electricity";2600;2565;"2020-04-02";"2020-06-01";"";"";"";"Dortmund";"indelivery";1001;"2020-07-04"
19053;"energy";"electricity";2200;"";"2018-09-02";"2019-06-01";"2020-12-31";"2020-12-02";"Umzug";"Cologne";"cancelled";1002;"2019-06-12"
19054;"energy";"gas";9300;9427;"2019-01-14";"2019-09-01";"";"";"";"Essen";"indelivery";2000;"2019-02-27"
19055;"energy";"electricity";2800;2871;"2020-03-24";"2020-05-01";"";"";"";"Schleswig";"indelivery";1001;"2020-06-15"
19056;"energy";"electricity";2700;2693;"2019-05-14";"2019-07-01";"";"";"";"Fulda";"indelivery";1002;"2020-04-27"
19057;"energy";"electricity";2500;2508;"2019-04-08";"2019-07-01";"";"";"";"Sangerhausen";"indelivery";1000;"2019-05-13"
19058;"energy";"electricity";2200;2124;"2019-01-07";"2019-05-01";"2019-05-01";"2020-05-29";"Wiederruf";"Ingolstadt";"terminated";1001;"2019-03-17"
19059;"energy";"electricity";2600;2503;"2018-09-17";"2018-12-01";"";"";"";"Bonn";"indelivery";1001;"2018-11-25"
19060;"energy";"electricity";2100;2031;"2020-05-04";"2020-09-01";"";"";"";"Bremen";"indelivery";1001;"2020-05-13"
19061;"energy";"gas";12000;12287;"2018-04-04";"2018-07-01";"2018-07-01";"2019-06-29";"Wiederruf";"Wiesbaden";"terminated";2000;"2019-05-07"
19062;"energy";"electricity";3000;2955;"2018-06-26";"2018-07-01";"";"";"";"Dresden";"indelivery";1002;"2019-08-17"
19063;"energy";"electricity";2000;2171;"2019-11-30";"2020-01-01";"";"";"";"Berlin";"indelivery";1000;"2020-05-13"
19064;"energy";"electricity";2900;3096;"2019-04-15";"2019-08-01";"";"";"";"Berlin";"indelivery";1001;"2019-07-20"
19065;"energy";"electricity";2300;2298;"2020-06-28";"2020-12-01";"";"";"";"Marienberg";"active";1001;"2020-07-29"
19066;"energy";"electricity";2200;2100;"2020-02-06";"2020-09-01";"";"";"";"Würzburg";"indelivery";1002;"2020-07-08"
19067;"energy";"electricity";2000;1939;"2018-01-14";"2018-05-01";"";"";"";"Berlin";"indelivery";1001;"2019-11-30"
19068;"energy";"electricity";2100;2145;"2019-03-13";"2019-06-01";"";"";"";"Bielefeld";"indelivery";1000;"2020-04-03"
19069;"energy";"electricity";2400;"";"2018-08-15";"2019-06-01";"2019-08-31";"2019-08-02";"fristgerecht durch LichtBlick";"Hanau";"terminated";1000;"2018-10-12"
19070;"energy";"electricity";2600;2506;"2018-04-28";"2018-06-01";"";"";"";"Duisburg";"indelivery";1002;"2020-06-17"
19071;"energy";"electricity";2400;"";"2018-04-09";"2018-09-01";"";"";"";"Münster";"indelivery";1000;"2019-11-15"
19072;"energy";"electricity";3000;3216;"2018-12-11";"2019-02-01";"2019-02-01";"2020-08-31";"Wiederruf";"Gera";"terminated";1002;"2019-02-16"
19073;"energy";"electricity";2200;2162;"2020-09-23";"2021-01-01";"";"";"";"Stralsund";"active";1000;"2020-09-28"
19074;"energy";"electricity";2000;2028;"2020-06-14";"2021-01-01";"";"";"";"Munich";"active";1000;"2020-07-21"
19075;"energy";"electricity";2600;"";"2019-09-14";"2020-08-01";"";"";"";"Berlin";"indelivery";1001;"2020-02-27"
19076;"energy";"electricity";2700;2701;"2019-06-09";"2020-01-01";"";"";"";"Duisburg";"indelivery";1001;"2019-10-02"
19077;"energy";"gas";9900;9586;"2018-04-18";"2018-09-01";"2019-11-30";"2019-10-26";"fristgerecht durch LichtBlick";"Düsseldorf";"terminated";2000;"2019-10-26"
19078;"energy";"electricity";2500;2533;"2020-01-14";"2020-08-01";"";"";"";"Berlin";"indelivery";1001;"2020-08-04"
19079;"energy";"gas";8500;8151;"2018-09-14";"2019-02-01";"";"";"";"Cologne";"indelivery";2001;"2019-08-24"
19080;"energy";"gas";11300;"";"2018-02-01";"2018-03-01";"2020-07-31";"2020-06-27";"fristgerecht durch LichtBlick";"Essen";"terminated";2001;"2020-05-20"
19081;"energy";"gas";9300;8936;"2019-02-14";"2019-07-01";"";"";"";"Bielefeld";"indelivery";2000;"2019-07-10"
19082;"energy";"electricity";2400;2575;"2018-03-11";"2018-04-01";"";"";"";"Bad Fallingbostel";"indelivery";1001;"2019-06-10"
19083;"energy";"electricity";2800;2962;"2019-04-14";"2019-07-01";"";"";"";"Stuttgart";"indelivery";1001;"2020-08-27"
19084;"energy";"electricity";3000;3104;"2018-04-05";"2018-06-01";"2018-06-01";"2018-11-02";"Wiederruf";"Bremen";"terminated";1002;"2018-11-02"
19085;"energy";"electricity";2300;2160;"2019-03-08";"2019-07-01";"";"";"";"Ratzeburg";"indelivery";1000;"2020-07-25"
19086;"energy";"electricity";2300;2268;"2018-11-17";"2019-05-01";"";"";"";"Berlin";"indelivery";1002;"2019-08-05"
19087;"energy";"electricity";2300;2443;"2019-09-18";"2019-12-01";"";"";"";"Flensburg";"indelivery";1001;"2020-06-04"
19088;"energy";"electricity";2600;"";"2018-02-22";"2018-05-01";"";"";"";"Düsseldorf";"indelivery";1002;"2020-01-03"
19089;"energy";"electricity";2200;2160;"2020-02-19";"2020-04-01";"2020-07-31";"2020-07-02";"fristgerecht durch LichtBlick";"Cologne";"terminated";1001;"2020-05-18"
19090;"energy";"electricity";2800;2740;"2020-08-31";"2020-09-01";"";"";"";"Bremerhaven";"indelivery";1002;"2020-09-06"
19091;"energy";"electricity";2700;2642;"2020-01-02";"2020-03-01";"";"";"";"Erfurt";"indelivery";1001;"2020-01-24"
19092;"energy";"electricity";2100;1977;"2019-12-01";"2020-10-01";"";"";"";"Munich";"indelivery";1000;"2020-08-30"
19093;"energy";"gas";11000;11268;"2020-08-04";"2020-10-01";"";"";"";"Hamburg";"indelivery";2000;"2020-09-08"
19094;"energy";"gas";11000;"";"2020-08-17";"2021-01-01";"";"";"";"Jena";"active";2000;"2020-08-24"
19095;"energy";"electricity";2500;2526;"2018-12-13";"2019-02-01";"";"";"";"Berlin";"indelivery";1000;"2019-11-20"
19096;"energy";"electricity";2400;2331;"2020-02-21";"2020-03-01";"";"";"";"Potsdam";"indelivery";1000;"2020-03-13"
19097;"energy";"electricity";2300;2443;"2018-05-16";"2018-07-01";"";"";"";"Flensburg";"indelivery";1000;"2019-07-14"
19098;"energy";"electricity";1900;2085;"2018-05-25";"2018-08-01";"2020-10-31";"2020-09-21";"Umzug";"Berlin";"cancelled";1002;"2018-10-08"
19099;"energy";"electricity";2500;2694;"2020-02-22";"2020-03-01";"";"";"";"Marienberg";"indelivery";1000;"2020-03-14"
19100;"energy";"electricity";2200;2327;"2018-08-31";"2018-10-01";"";"";"";"Freising";"indelivery";1000;"2018-12-30"
19101;"energy";"electricity";2500;2595;"2018-03-31";"2018-06-01";"";"";"";"Hamburg";"indelivery";1002;"2020-04-15"
19102;"energy";"gas";10600;10721;"2018-11-20";"2019-01-01";"";"";"";"Hamburg";"indelivery";2001;"2019-04-18"
19103;"energy";"electricity";2200;2307;"2019-07-22";"2019-11-01";"2019-11-01";"2020-10-03";"Wiederruf";"Dortmund";"terminated";1000;"2019-08-11"
19104;"energy";"gas";7500;7329;"2018-05-02";"2018-07-01";"";"";"";"Berlin";"indelivery";2000;"2020-09-17"
19105;"energy";"electricity";3000;2965;"2019-11-30";"2020-03-01";"";"";"";"Duisburg";"indelivery";1002;"2020-04-23"
19106;"energy";"electricity";2400;2399;"2020-07-02";"2020-08-01";"";"";"";"Mainz";"indelivery";1000;"2020-07-22"
19107;"energy";"electricity";2900;2745;"2020-06-20";"2020-07-01";"";"";"";"Kassel";"indelivery";1001;"2020-09-26"
19108;"energy";"electricity";2900;2810;"2018-08-24";"2018-09-01";"";"";"";"Essen";"indelivery";1000;"2020-09-07"
19109;"energy";"gas";8200;8671;"2019-09-09";"2020-02-01";"";"";"";"Karlsruhe";"indelivery";2000;"2019-10-31"
19110;"energy";"electricity";2800;"";"2018-08-25";"2018-11-01";"";"";"";"Kassel";"indelivery";1000;"2019-02-03"
19111;"energy";"electricity";2200;2150;"2019-12-30";"2020-03-01";"";"";"";"Potsdam";"indelivery";1000;"2020-09-08"
19112;"energy";"electricity";2100;2114;"2018-06-23";"2018-12-01";"";"";"";"Düsseldorf";"indelivery";1000;"2020-08-11"
19113;"energy";"gas";11200;10914;"2019-12-10";"2020-05-01";"";"";"";"Cologne";"indelivery";2001;"2020-01-26"
19114;"energy";"gas";9600;10154;"2020-07-08";"2020-09-01";"";"";"";"Schwerin";"indelivery";2000;"2020-09-10"
19115;"energy";"electricity";2100;"";"2019-12-23";"2020-08-01";"";"";"";"Bonn";"indelivery";1001;"2020-03-21"
19116;"energy";"electricity";2000;2180;"2019-01-29";"2019-03-01";"";"";"";"Ingolstadt";"indelivery";1000;"2019-07-08"
19117;"energy";"electricity";2900;3103;"2018-11-17";"2019-04-01";"";"";"";"Wiesbaden";"indelivery";1000;"2020-03-28"
19118;"energy";"electricity";2400;2344;"2019-07-11";"2019-09-01";"";"";"";"Altchemnitz";"indelivery";1000;"2019-09-15"
19119;"energy";"electricity";2900;2793;"2018-01-19";"2018-07-01";"";"";"";"Koblenz";"indelivery";1000;"2018-06-11"
19120;"energy";"electricity";2500;2420;"2019-02-16";"2019-04-01";"";"";"";"Leipzig";"indelivery";1002;"2019-08-22"
19121;"energy";"gas";9300;"";"2018-01-29";"2018-02-01";"";"";"";"Stuttgart";"indelivery";2001;"2018-11-14"
19122;"energy";"electricity";2800;2786;"2020-06-05";"2020-10-01";"";"";"";"Berlin";"indelivery";1002;"2020-08-31"
19123;"energy";"electricity";2600;2610;"2018-09-05";"2018-10-01";"";"";"";"Braunschweig";"indelivery";1001;"2020-09-11"
19124;"energy";"electricity";2400;2427;"2019-09-28";"2019-10-01";"";"";"";"Flensburg";"indelivery";1001;"2020-04-25"
19125;"energy";"electricity";2300;2421;"2018-09-26";"2018-11-01";"2019-10-31";"2019-10-03";"fristgerecht durch LichtBlick";"Duisburg";"terminated";1002;"2019-09-04"
19126;"energy";"electricity";2300;2348;"2019-08-14";"2020-08-01";"";"";"";"Braunschweig";"indelivery";1002;"2020-08-24"
19127;"energy";"electricity";3000;3038;"2018-09-18";"2018-11-01";"2020-09-30";"2020-08-29";"fristgerecht durch Kunde";"Husum";"terminated";1002;"2019-03-20"
19128;"energy";"electricity";2600;2581;"2019-03-11";"2019-10-01";"";"";"";"Cologne";"indelivery";1001;"2019-08-18"
19129;"energy";"electricity";2400;"";"2020-03-20";"2020-07-01";"";"";"";"Frankfurt";"indelivery";1001;"2020-06-10"
19130;"energy";"gas";11600;11128;"2019-08-27";"2019-10-01";"2019-12-31";"2019-12-03";"fristgerecht durch LichtBlick";"Potsdam";"terminated";2001;"2019-09-16"
19131;"energy";"electricity";2700;2792;"2019-09-12";"2020-02-01";"";"";"";"Berlin";"indelivery";1001;"2019-12-11"
19132;"energy";"electricity";2300;2202;"2019-10-07";"2020-01-01";"";"";"";"Rostock";"indelivery";1002;"2020-08-07"
19133;"energy";"electricity";2700;2599;"2020-02-22";"2020-07-01";"";"";"";"Berlin";"indelivery";1002;"2020-04-30"
19134;"energy";"electricity";2900;"";"2020-08-15";"2020-12-01";"";"";"";"Cologne";"active";1000;"2020-09-14"
19135;"energy";"electricity";2100;2021;"2019-05-04";"2020-01-01";"";"";"";"Berlin";"indelivery";1001;"2019-12-16"
19136;"energy";"electricity";2500;2615;"2020-04-12";"2020-07-01";"";"";"";"Essen";"indelivery";1002;"2020-06-21"
19137;"energy";"electricity";2700;2618;"2019-02-28";"2019-09-01";"";"";"";"Freiburg";"indelivery";1002;"2019-12-07"
19138;"energy";"electricity";2600;2718;"2018-04-23";"2018-08-01";"";"";"";"Wiesbaden";"indelivery";1001;"2019-06-22"
19139;"energy";"electricity";2300;2261;"2019-03-06";"2019-05-01";"";"";"";"Jena";"indelivery";1002;"2019-07-06"
19140;"energy";"electricity";2000;2155;"2019-05-02";"2019-06-01";"";"";"";"Augsburg";"indelivery";1002;"2020-04-17"
19141;"energy";"electricity";2600;2498;"2020-08-15";"2020-11-01";"";"";"";"Cologne";"active";1002;"2020-08-27"
19142;"energy";"electricity";2100;2143;"2018-08-05";"2019-04-01";"2020-04-30";"2020-04-01";"fristgerecht durch Kunde";"Cottbus";"terminated";1001;"2019-11-02"
19143;"energy";"electricity";2700;2684;"2019-10-15";"2020-01-01";"";"";"";"Altchemnitz";"indelivery";1000;"2020-08-09"
19144;"energy";"electricity";2300;2198;"2018-10-07";"2019-04-01";"";"";"";"Cologne";"indelivery";1000;"2018-10-24"
19145;"energy";"electricity";2700;2697;"2020-08-20";"2021-06-01";"";"";"";"Augsburg";"active";1000;"2020-09-18"
19146;"energy";"electricity";3000;3073;"2020-01-22";"2020-06-01";"";"";"";"Hannover";"indelivery";1000;"2020-08-06"
19147;"energy";"electricity";2300;2263;"2019-10-03";"2020-03-01";"";"";"";"Essen";"indelivery";1000;"2020-04-03"
19148;"energy";"electricity";2500;2479;"2020-02-11";"2020-03-01";"";"";"";"Mannheim";"indelivery";1001;"2020-08-25"
19149;"energy";"electricity";2100;2049;"2019-10-30";"2019-11-01";"";"";"";"Cologne";"indelivery";1001;"2020-04-19"
19150;"energy";"electricity";2000;2033;"2019-11-25";"2020-03-01";"";"";"";"Duisburg";"indelivery";1002;"2020-03-10"
19151;"energy";"electricity";2100;2149;"2019-02-04";"2019-12-01";"";"";"";"Munich";"indelivery";1002;"2019-08-24"
19152;"energy";"electricity";2900;2869;"2018-03-12";"2018-05-01";"";"";"";"Hannover";"indelivery";1002;"2020-01-10"
19153;"energy";"gas";10400;11181;"2020-07-01";"2021-10-01";"";"";"";"Oldenburg";"active";2001;"2020-08-24"
19154;"energy";"gas";11100;11955;"2020-05-26";"2020-06-01";"";"";"";"Berlin";"indelivery";2001;"2020-07-15"
19155;"energy";"electricity";2700;2750;"2018-06-18";"2018-08-01";"2018-08-01";"2018-08-29";"Wiederruf";"Erfurt";"terminated";1002;"2018-08-29"
19156;"energy";"electricity";2800;2903;"2018-06-16";"2018-12-01";"2020-09-30";"2020-09-02";"fristgerecht durch LichtBlick";"Dresden";"terminated";1001;"2019-08-14"
19157;"energy";"electricity";2300;2280;"2019-08-12";"2019-09-01";"";"";"";"Heide";"indelivery";1000;"2020-05-20"
19158;"energy";"electricity";2000;2017;"2018-10-14";"2019-01-01";"";"";"";"Berlin";"indelivery";1002;"2019-01-17"
19159;"energy";"electricity";2200;2046;"2020-07-19";"2021-08-01";"";"";"";"Neubrandenburg";"active";1001;"2020-07-30"
19160;"energy";"electricity";2700;2615;"2020-03-02";"2020-05-01";"";"";"";"Leipzig";"indelivery";1000;"2020-08-26"
19161;"energy";"electricity";2700;"";"2020-02-05";"2020-04-01";"";"";"";"Dillingen";"indelivery";1002;"2020-05-10"
19162;"energy";"electricity";2200;2064;"2020-08-19";"2020-10-01";"";"";"";"Munich";"indelivery";1002;"2020-09-16"
19163;"energy";"electricity";2100;2065;"2019-03-24";"2019-06-01";"";"";"";"Marienberg";"indelivery";1001;"2020-01-01"
19164;"energy";"electricity";2700;2721;"2019-11-07";"2020-01-01";"2020-07-31";"2020-07-03";"fristgerecht durch Kunde";"Wuppertal";"terminated";1000;"2019-11-29"
19165;"energy";"electricity";2400;2361;"2018-01-27";"2018-02-01";"";"";"";"Hamburg";"indelivery";1002;"2019-05-07"
19166;"energy";"gas";11400;10902;"2019-04-25";"2019-11-01";"";"";"";"Munich";"indelivery";2001;"2020-06-28"
19167;"energy";"electricity";3000;3201;"2018-07-15";"2018-08-01";"2019-12-31";"2019-12-02";"Umzug";"Heidelberg";"terminated";1000;"2019-12-02"
19168;"energy";"electricity";2100;2144;"2018-02-10";"2018-04-01";"";"";"";"Dortmund";"indelivery";1001;"2019-04-12"
19169;"energy";"electricity";2700;2893;"2018-06-08";"2018-08-01";"";"";"";"Mainz";"indelivery";1002;"2019-07-02"
19170;"energy";"electricity";2100;2191;"2020-07-24";"2021-07-01";"";"";"";"Kiel";"active";1001;"2020-08-17"
19171;"energy";"electricity";2700;2792;"2018-07-31";"2019-05-01";"2019-05-01";"2019-07-03";"Wiederruf";"Münster";"terminated";1000;"2019-07-03"
19172;"energy";"gas";9200;9006;"2019-06-30";"2019-12-01";"";"";"";"Berlin";"indelivery";2000;"2019-10-26"
19173;"energy";"gas";11200;11985;"2019-02-22";"2019-06-01";"";"";"";"Dortmund";"indelivery";2000;"2020-06-16"
19174;"energy";"electricity";2600;2598;"2019-03-13";"2019-06-01";"";"";"";"Wuppertal";"indelivery";1002;"2020-05-10"
19175;"energy";"electricity";2100;2002;"2018-09-30";"2018-11-01";"";"";"";"Berlin";"indelivery";1001;"2019-03-22"
19176;"energy";"electricity";2500;2708;"2018-06-10";"2019-10-01";"";"";"";"Hamburg";"indelivery";1001;"2019-08-26"
19177;"energy";"electricity";2800;2796;"2020-01-31";"2020-03-01";"";"";"";"Meißen";"indelivery";1000;"2020-02-10"
19178;"energy";"electricity";2600;2574;"2020-03-04";"2020-05-01";"";"";"";"Dortmund";"indelivery";1000;"2020-06-07"
19179;"energy";"electricity";2100;2082;"2019-07-21";"2019-12-01";"";"";"";"Berlin";"indelivery";1002;"2020-08-19"
19180;"energy";"electricity";2600;2477;"2019-09-11";"2019-11-01";"";"";"";"Frankfurt";"indelivery";1000;"2020-04-19"
19181;"energy";"electricity";2500;2690;"2020-01-25";"2020-07-01";"";"";"";"Ingolstadt";"indelivery";1000;"2020-03-24"
19182;"energy";"electricity";2200;2223;"2018-11-14";"2019-03-01";"";"";"";"Güstrow";"indelivery";1001;"2019-01-28"
19183;"energy";"electricity";2800;2673;"2019-03-14";"2020-01-01";"";"";"";"Bielefeld";"indelivery";1002;"2019-05-15"
19184;"energy";"electricity";2800;2734;"2019-09-07";"2019-11-01";"";"";"";"Oldenburg";"indelivery";1000;"2020-01-03"
19185;"energy";"electricity";2500;2490;"2018-06-04";"2018-08-01";"";"";"";"Bonn";"indelivery";1000;"2019-08-12"
19186;"energy";"gas";8100;7735;"2020-02-21";"2020-04-01";"";"";"";"Bremen";"indelivery";2000;"2020-06-08"
19187;"energy";"electricity";2200;2235;"2018-01-16";"2018-06-01";"";"";"";"Hannover";"indelivery";1002;"2019-03-27"
19188;"energy";"electricity";2900;3064;"2019-01-25";"2019-03-01";"";"";"";"Dresden";"indelivery";1001;"2019-05-04"
19189;"energy";"electricity";2900;2783;"2019-06-11";"2019-08-01";"";"";"";"Hamburg";"indelivery";1001;"2020-08-05"
19190;"energy";"electricity";2200;2143;"2020-03-08";"2020-05-01";"";"";"";"Hamburg";"indelivery";1001;"2020-04-27"
19191;"energy";"electricity";2800;2741;"2020-03-09";"2020-06-01";"";"";"";"Duisburg";"indelivery";1001;"2020-09-16"
19192;"energy";"electricity";2300;2250;"2020-08-12";"2021-01-01";"";"";"";"Wiesbaden";"active";1000;"2020-09-20"
19193;"energy";"electricity";2500;2393;"2018-09-02";"2018-11-01";"2019-03-31";"2019-03-01";"fristgerecht durch Kunde";"Marienberg";"terminated";1001;"2019-03-01"
19194;"energy";"electricity";2600;2553;"2019-05-30";"2019-07-01";"";"";"";"Hannover";"indelivery";1002;"2020-03-02"
19195;"energy";"electricity";2600;2657;"2020-06-26";"2020-11-01";"";"";"";"Marienberg";"active";1002;"2020-07-13"
19196;"energy";"electricity";2400;2538;"2018-09-20";"2018-11-01";"2019-07-31";"2019-07-02";"fristgerecht durch LichtBlick";"Dortmund";"terminated";1001;"2019-03-14"
19197;"energy";"electricity";2000;2032;"2019-10-25";"2019-12-01";"2020-11-30";"2020-10-27";"Umzug";"Duisburg";"cancelled";1002;"2020-05-08"
19198;"energy";"electricity";2800;2707;"2018-08-04";"2018-10-01";"";"";"";"Hamburg";"indelivery";1002;"2018-08-08"
19199;"energy";"electricity";2900;2902;"2018-07-20";"2018-11-01";"";"";"";"Leverkusen";"indelivery";1000;"2019-08-13"
19200;"energy";"electricity";2400;2396;"2018-03-07";"2018-10-01";"2020-02-29";"2020-01-31";"Umzug";"Wiesbaden";"terminated";1002;"2019-09-07"
19201;"energy";"electricity";2200;2201;"2020-08-08";"2021-01-01";"";"";"";"Ingolstadt";"active";1002;"2020-08-25"
19202;"energy";"electricity";2400;2286;"2019-02-17";"2019-03-01";"";"";"";"Essen";"indelivery";1000;"2020-09-04"
19203;"energy";"electricity";2800;2756;"2018-07-23";"2018-11-01";"";"";"";"Berlin";"indelivery";1000;"2020-07-09"
19204;"energy";"electricity";2100;2309;"2018-09-17";"2018-11-01";"";"";"";"Berlin";"indelivery";1002;"2019-10-01"
19205;"energy";"electricity";2100;2241;"2018-11-13";"2019-02-01";"2019-04-30";"2019-04-02";"fristgerecht durch LichtBlick";"Eisenach";"terminated";1001;"2019-04-02"
19206;"energy";"electricity";3000;2968;"2019-06-16";"2019-09-01";"";"";"";"Deggendorf";"indelivery";1000;"2020-08-10"
19207;"energy";"gas";8400;8213;"2018-06-24";"2018-09-01";"2018-09-01";"2020-07-01";"Wiederruf";"Kiel";"terminated";2001;"2019-11-25"
19208;"energy";"gas";11100;11860;"2019-03-07";"2019-05-01";"";"";"";"Mannheim";"indelivery";2001;"2020-07-14"
19209;"energy";"electricity";2300;2469;"2019-07-23";"2019-08-01";"";"";"";"Duisburg";"indelivery";1000;"2020-03-05"
19210;"energy";"electricity";2200;2323;"2018-10-12";"2019-08-01";"";"";"";"Hamburg";"indelivery";1002;"2020-02-28"
19211;"energy";"electricity";2100;2201;"2020-06-08";"2021-02-01";"";"";"";"Augsburg";"active";1000;"2020-08-17"
19212;"energy";"electricity";3000;2935;"2020-09-17";"2020-11-01";"";"";"";"Hannover";"active";1000;"2020-09-30"
19213;"energy";"electricity";2600;2501;"2020-09-07";"2021-02-01";"";"";"";"Stralsund";"active";1002;"2020-09-18"
19214;"energy";"electricity";2600;2649;"2018-09-10";"2019-01-01";"2019-01-01";"2019-04-30";"Wiederruf";"Stuttgart";"terminated";1002;"2019-04-30"
19215;"energy";"electricity";2500;2384;"2020-03-27";"2020-08-01";"2020-12-31";"2020-12-02";"fristgerecht durch LichtBlick";"Göttingen";"cancelled";1002;"2020-09-01"
19216;"energy";"electricity";2100;2225;"2019-11-12";"2020-01-01";"";"";"";"Cologne";"indelivery";1000;"2020-02-18"
19217;"energy";"electricity";2000;1950;"2018-09-23";"2019-08-01";"";"";"";"Munich";"indelivery";1000;"2020-06-20"
19218;"energy";"electricity";2700;2585;"2018-07-27";"2018-08-01";"2018-09-30";"2018-09-02";"Umzug";"Hamburg";"terminated";1002;"2018-09-02"
19219;"energy";"electricity";2200;2085;"2018-11-10";"2019-03-01";"";"";"";"Essen";"indelivery";1001;"2019-01-19"
19220;"energy";"electricity";2800;2903;"2020-08-16";"2020-12-01";"";"";"";"Berlin";"active";1001;"2020-09-13"
19221;"energy";"electricity";2500;2514;"2019-07-26";"2019-10-01";"";"";"";"Weimar";"indelivery";1000;"2020-05-22"
19222;"energy";"electricity";2300;2331;"2019-03-13";"2019-05-01";"";"";"";"Neustadt";"indelivery";1001;"2019-06-07"
19223;"energy";"gas";9800;"";"2019-04-02";"2019-06-01";"2019-06-01";"2020-12-03";"Wiederruf";"Rosenheim";"terminated";2001;"2020-07-23"
19224;"energy";"electricity";2400;2465;"2019-04-27";"2019-05-01";"";"";"";"Hannover";"indelivery";1000;"2019-06-26"
19225;"energy";"electricity";2500;2532;"2019-11-07";"2020-04-01";"";"";"";"Duisburg";"indelivery";1000;"2019-11-22"
19226;"energy";"electricity";2100;"";"2018-06-09";"2019-01-01";"";"";"";"Marienberg";"indelivery";1002;"2019-06-13"
19227;"energy";"electricity";2600;2774;"2019-12-18";"2020-02-01";"";"";"";"Berlin";"indelivery";1002;"2020-08-26"
19228;"energy";"electricity";2500;2586;"2020-03-26";"2020-04-01";"";"";"";"Dortmund";"indelivery";1001;"2020-09-16"
19229;"energy";"gas";10700;11158;"2020-02-27";"2020-03-01";"";"";"";"Ludwigshafen";"indelivery";2001;"2020-05-15"
19230;"energy";"electricity";2500;2603;"2019-04-13";"2019-06-01";"";"";"";"Ulm";"indelivery";1000;"2019-11-09"
19231;"energy";"gas";9300;9759;"2019-12-18";"2020-03-01";"";"";"";"Hamburg";"indelivery";2000;"2020-03-02"
19232;"energy";"gas";10800;11465;"2018-07-25";"2018-09-01";"2018-09-01";"2020-10-03";"Wiederruf";"Braunschweig";"terminated";2001;"2019-04-03"
19233;"energy";"electricity";2100;2138;"2018-05-19";"2019-01-01";"2020-10-31";"2020-09-27";"Umzug";"Duisburg";"cancelled";1002;"2019-04-08"
19234;"energy";"electricity";2300;2277;"2018-05-21";"2018-08-01";"";"";"";"Stuttgart";"indelivery";1002;"2020-03-02"
19235;"energy";"electricity";2600;2621;"2019-05-19";"2019-07-01";"";"";"";"Essen";"indelivery";1000;"2020-05-27"
19236;"energy";"electricity";2900;2859;"2019-09-04";"2020-03-01";"2020-12-31";"2020-12-02";"fristgerecht durch Kunde";"Berlin";"cancelled";1000;"2020-02-28"
19237;"energy";"electricity";2600;2517;"2020-03-31";"2020-10-01";"2020-10-01";"2020-11-01";"Wiederruf";"Dresden";"terminated";1000;"2020-07-26"
19238;"energy";"electricity";2700;2848;"2018-09-05";"2019-02-01";"";"";"";"Marienberg";"indelivery";1001;"2020-03-27"
19239;"energy";"electricity";2000;1952;"2019-12-19";"2020-02-01";"";"";"";"Hamburg";"indelivery";1000;"2020-06-21"
19240;"energy";"electricity";2800;2816;"2018-09-19";"2018-12-01";"";"";"";"Dresden";"indelivery";1002;"2020-04-06"
19241;"energy";"electricity";2500;2530;"2019-03-08";"2019-05-01";"2020-04-30";"2020-03-29";"fristgerecht durch LichtBlick";"Leipzig";"terminated";1002;"2019-11-12"
19242;"energy";"electricity";2400;2587;"2019-08-03";"2019-11-01";"";"";"";"Essen";"indelivery";1000;"2020-02-24"
19243;"energy";"electricity";2300;2341;"2020-02-03";"2020-05-01";"2020-08-31";"2020-08-03";"fristgerecht durch Kunde";"Cologne";"terminated";1000;"2020-06-16"
19244;"energy";"electricity";2600;2616;"2020-02-07";"2020-05-01";"";"";"";"Munich";"indelivery";1001;"2020-07-01"
19245;"energy";"electricity";2100;2233;"2020-03-05";"2020-05-01";"";"";"";"Magdeburg";"indelivery";1001;"2020-06-09"
19246;"energy";"electricity";2300;2201;"2018-03-30";"2018-09-01";"2020-10-31";"2020-09-28";"fristgerecht durch LichtBlick";"Cologne";"cancelled";1000;"2018-07-08"
19247;"energy";"electricity";2500;2664;"2020-09-20";"2020-11-01";"";"";"";"Mindelheim";"active";1001;"2020-09-23"
19248;"energy";"electricity";1900;"";"2019-03-18";"2019-08-01";"";"";"";"Berlin";"indelivery";1002;"2020-08-18"
19249;"energy";"electricity";2200;2179;"2019-12-03";"2020-05-01";"";"";"";"Cottbus";"indelivery";1000;"2020-04-15"
19250;"energy";"gas";10800;11013;"2019-02-24";"2019-03-01";"";"";"";"Augsburg";"indelivery";2001;"2019-10-23"
19251;"energy";"electricity";2200;"";"2020-04-21";"2020-05-01";"";"";"";"Korbach";"indelivery";1002;"2020-05-31"
19252;"energy";"electricity";2300;"";"2020-02-19";"2020-03-01";"";"";"";"Cochem";"indelivery";1002;"2020-09-20"
19253;"energy";"electricity";2100;2206;"2019-11-02";"2020-01-01";"";"";"";"Fürth";"indelivery";1001;"2020-03-07"
19254;"energy";"electricity";2200;2254;"2019-09-04";"2020-05-01";"";"";"";"Berlin";"indelivery";1000;"2019-12-08"
19255;"energy";"electricity";2900;2841;"2020-04-12";"2020-08-01";"";"";"";"Dortmund";"indelivery";1000;"2020-08-27"
19256;"energy";"electricity";2100;2195;"2018-11-23";"2018-12-01";"2020-12-31";"2020-12-02";"fristgerecht durch LichtBlick";"Berlin";"cancelled";1000;"2019-08-12"
19257;"energy";"electricity";2900;3041;"2018-05-01";"2018-06-01";"";"";"";"Essen";"indelivery";1001;"2020-09-13"
19258;"energy";"electricity";2500;2536;"2018-03-18";"2018-06-01";"2018-06-01";"2019-12-28";"Wiederruf";"Berlin";"terminated";1002;"2018-06-28"
19259;"energy";"electricity";2700;2647;"2020-01-29";"2020-06-01";"";"";"";"Hannover";"indelivery";1000;"2020-03-31"
19260;"energy";"electricity";2300;2463;"2018-06-04";"2018-07-01";"";"";"";"Göttingen";"indelivery";1001;"2019-06-06"
19261;"energy";"electricity";2600;2791;"2020-02-09";"2020-04-01";"";"";"";"Hamburg";"indelivery";1002;"2020-09-17"
19262;"energy";"electricity";2900;2874;"2018-04-02";"2019-02-01";"2020-09-30";"2020-09-02";"fristgerecht durch Kunde";"Essen";"terminated";1001;"2020-03-16"
19263;"energy";"electricity";2800;2705;"2020-09-14";"2021-02-01";"";"";"";"Bremerhaven";"active";1002;"2020-09-20"
19264;"energy";"electricity";2900;2908;"2020-01-29";"2020-03-01";"";"";"";"Dresden";"indelivery";1000;"2020-09-12"
19265;"energy";"electricity";2500;2355;"2018-12-06";"2019-01-01";"";"";"";"Frankfurt";"indelivery";1000;"2019-01-19"
19266;"energy";"electricity";2800;2955;"2019-11-02";"2020-03-01";"";"";"";"Düsseldorf";"indelivery";1000;"2020-05-19"
19267;"energy";"electricity";2400;2264;"2018-01-01";"2018-12-01";"2019-03-31";"2019-03-01";"Umzug";"Altchemnitz";"terminated";1001;"2019-03-01"
19268;"energy";"gas";11300;11025;"2019-04-20";"2019-05-01";"";"";"";"Munich";"indelivery";2001;"2019-07-18"
19269;"energy";"electricity";2700;2790;"2020-05-09";"2020-10-01";"";"";"";"Frankfurt";"indelivery";1002;"2020-07-30"
19270;"energy";"electricity";2700;2771;"2018-05-16";"2018-07-01";"";"";"";"Cologne";"indelivery";1002;"2019-08-03"
19271;"energy";"electricity";2300;2183;"2019-06-05";"2019-07-01";"";"";"";"Wiesbaden";"indelivery";1000;"2019-08-18"
19272;"energy";"electricity";2600;2528;"2018-10-27";"2018-11-01";"";"";"";"Wiesbaden";"indelivery";1002;"2019-01-10"
19273;"energy";"electricity";2700;2852;"2019-01-13";"2019-05-01";"";"";"";"Rotenburg";"indelivery";1001;"2019-10-20"
19274;"energy";"electricity";2800;2855;"2019-06-05";"2020-01-01";"";"";"";"Bonn";"indelivery";1002;"2020-09-26"
19275;"energy";"gas";9700;9729;"2019-05-05";"2019-06-01";"";"";"";"Berlin";"indelivery";2001;"2020-05-30"
19276;"energy";"electricity";3000;2894;"2019-06-14";"2019-10-01";"2020-11-30";"2020-10-30";"Umzug";"Düsseldorf";"cancelled";1001;"2020-09-09"
19277;"energy";"electricity";2000;1937;"2018-09-15";"2019-01-01";"";"";"";"Dresden";"indelivery";1002;"2020-07-27"
19278;"energy";"gas";8300;7886;"2018-11-24";"2018-12-01";"2020-03-31";"2020-03-02";"Umzug";"Bielefeld";"terminated";2000;"2019-03-03"
19279;"energy";"electricity";2500;2662;"2020-01-09";"2020-03-01";"";"";"";"Lübeck";"indelivery";1002;"2020-09-24"
19280;"energy";"electricity";2200;2397;"2018-06-28";"2018-12-01";"";"";"";"Berlin";"indelivery";1001;"2019-03-16"
19281;"energy";"gas";11800;11992;"2020-06-22";"2020-07-01";"";"";"";"Bonn";"indelivery";2001;"2020-07-12"
19282;"energy";"gas";10300;10130;"2020-09-24";"2020-11-01";"";"";"";"Freiburg";"active";2000;"2020-09-25"
19283;"energy";"electricity";2300;2257;"2020-01-27";"2020-05-01";"";"";"";"Berlin";"indelivery";1002;"2020-08-09"
19284;"energy";"electricity";2100;2096;"2018-12-08";"2020-02-01";"";"";"";"Marienberg";"indelivery";1001;"2019-10-16"
19285;"energy";"electricity";2900;3022;"2020-04-10";"2020-08-01";"";"";"";"Rostock";"indelivery";1000;"2020-08-05"
19286;"energy";"electricity";2500;"";"2018-04-19";"2018-06-01";"2019-01-31";"2019-01-01";"fristgerecht durch Kunde";"Wuppertal";"terminated";1001;"2019-01-01"
19287;"energy";"electricity";2500;2500;"2020-05-30";"2020-10-01";"";"";"";"Düsseldorf";"indelivery";1001;"2020-08-03"
19288;"energy";"electricity";2800;2968;"2020-04-19";"2020-06-01";"";"";"";"Augsburg";"indelivery";1001;"2020-05-27"
19289;"energy";"electricity";2500;2366;"2020-01-24";"2020-05-01";"2020-05-01";"2020-10-03";"Wiederruf";"Berlin";"terminated";1000;"2020-08-20"
19290;"energy";"electricity";2100;2017;"2019-05-07";"2019-09-01";"";"";"";"Hamburg";"indelivery";1002;"2020-07-04"
19291;"energy";"gas";11500;12294;"2018-07-09";"2019-02-01";"";"";"";"Bremen";"indelivery";2001;"2019-02-01"
19292;"energy";"electricity";2100;2089;"2020-05-18";"2020-10-01";"";"";"";"Unna";"indelivery";1002;"2020-07-26"
19293;"energy";"electricity";2800;2969;"2019-03-29";"2020-01-01";"";"";"";"Fürth";"indelivery";1000;"2020-03-10"
19294;"energy";"electricity";2500;2531;"2018-02-25";"2018-03-01";"";"";"";"Aurich";"indelivery";1002;"2018-06-19"
19295;"energy";"electricity";2800;2899;"2019-05-22";"2019-09-01";"";"";"";"Cologne";"indelivery";1001;"2020-03-28"
19296;"energy";"electricity";2800;2782;"2020-09-03";"2021-01-01";"";"";"";"Fürth";"active";1000;"2020-09-05"
19297;"energy";"electricity";2700;2890;"2019-10-03";"2019-11-01";"";"";"";"Düsseldorf";"indelivery";1001;"2020-06-06"
19298;"energy";"gas";9800;10045;"2020-09-29";"2020-10-01";"";"";"";"Dortmund";"indelivery";2000;"2020-09-29"
19299;"energy";"electricity";2600;"";"2019-01-26";"2019-10-01";"2020-10-31";"2020-10-02";"fristgerecht durch LichtBlick";"Marienberg";"cancelled";1002;"2020-06-13"
19300;"energy";"electricity";2200;2298;"2019-08-31";"2020-07-01";"";"";"";"Berlin";"indelivery";1001;"2020-04-06"
19301;"energy";"electricity";2100;2193;"2020-05-04";"2020-06-01";"";"";"";"Ulm";"indelivery";1000;"2020-08-31"
19302;"energy";"gas";9500;10227;"2020-07-17";"2020-09-01";"";"";"";"Berlin";"indelivery";2000;"2020-08-15"
19303;"energy";"gas";10700;10609;"2019-01-12";"2019-10-01";"";"";"";"Munich";"indelivery";2001;"2020-06-04"
19304;"energy";"electricity";2600;2831;"2018-02-26";"2018-05-01";"2018-06-30";"2018-06-02";"Umzug";"Cologne";"terminated";1002;"2018-06-02"
19305;"energy";"electricity";2600;2553;"2018-03-29";"2018-04-01";"";"";"";"Magdeburg";"indelivery";1000;"2019-02-21"
19306;"energy";"electricity";2200;2106;"2018-10-31";"2019-01-01";"";"";"";"Cologne";"indelivery";1000;"2019-06-15"
19307;"energy";"electricity";2400;"";"2020-04-14";"2020-06-01";"2020-06-01";"2020-11-30";"Wiederruf";"Frankfurt";"terminated";1002;"2020-09-08"
19308;"energy";"electricity";1900;1999;"2020-01-31";"2020-04-01";"";"";"";"Munich";"indelivery";1001;"2020-05-21"
19309;"energy";"electricity";2300;2288;"2019-05-30";"2019-09-01";"";"";"";"Düsseldorf";"indelivery";1001;"2020-04-21"
19310;"energy";"electricity";1900;1972;"2018-07-29";"2019-01-01";"2020-12-31";"2020-11-26";"fristgerecht durch LichtBlick";"Hamburg";"cancelled";1002;"2018-08-19"
19311;"energy";"electricity";2400;2320;"2018-02-27";"2018-05-01";"";"";"";"Rostock";"indelivery";1001;"2018-06-26"
19312;"energy";"electricity";3000;2890;"2019-12-03";"2020-02-01";"";"";"";"Duisburg";"indelivery";1001;"2020-03-26"
19313;"energy";"gas";8700;9188;"2020-01-18";"2020-07-01";"";"";"";"Berlin";"indelivery";2001;"2020-04-12"
19314;"energy";"electricity";2200;2337;"2019-07-13";"2019-09-01";"";"";"";"Augsburg";"indelivery";1000;"2020-09-07"
19315;"energy";"electricity";2200;2068;"2019-09-20";"2019-11-01";"";"";"";"Münster";"indelivery";1001;"2020-05-30"
19316;"energy";"electricity";2300;2303;"2019-01-24";"2019-03-01";"";"";"";"Bonn";"indelivery";1000;"2019-02-04"
19317;"energy";"electricity";2700;2787;"2018-07-23";"2018-08-01";"";"";"";"Leipzig";"indelivery";1001;"2019-12-12"
19318;"energy";"electricity";2500;2653;"2019-01-15";"2019-04-01";"";"";"";"Frankfurt";"indelivery";1001;"2020-01-27"
19319;"energy";"electricity";2100;2130;"2019-03-22";"2019-06-01";"";"";"";"Karlsruhe";"indelivery";1000;"2020-05-24"
19320;"energy";"electricity";2100;1967;"2018-04-27";"2019-03-01";"2019-09-30";"2019-09-01";"Umzug";"Frankfurt";"terminated";1000;"2019-09-01"
19321;"energy";"electricity";2100;2100;"2018-10-29";"2019-08-01";"";"";"";"Heidelberg";"indelivery";1002;"2019-07-23"
19322;"energy";"electricity";2500;2481;"2018-02-02";"2018-08-01";"";"";"";"Berlin";"indelivery";1000;"2018-10-29"
19323;"energy";"electricity";2200;2362;"2019-11-08";"2020-05-01";"";"";"";"Cologne";"indelivery";1002;"2020-04-04"
19324;"energy";"electricity";2400;2341;"2020-05-25";"2020-06-01";"";"";"";"Dresden";"indelivery";1000;"2020-07-14"
19325;"energy";"electricity";2700;2800;"2019-11-19";"2019-12-01";"2020-01-31";"2019-12-31";"Umzug";"Bielefeld";"terminated";1000;"2019-12-31"
19326;"energy";"electricity";2400;2532;"2020-08-07";"2020-10-01";"";"";"";"Berlin";"indelivery";1000;"2020-09-18"
19327;"energy";"electricity";2400;2499;"2019-07-30";"2019-11-01";"";"";"";"Frankfurt";"indelivery";1001;"2019-11-27"
19328;"energy";"gas";11700;12091;"2018-07-06";"2018-10-01";"";"";"";"Dresden";"indelivery";2000;"2020-07-05"
19329;"energy";"electricity";2100;2107;"2018-03-13";"2018-05-01";"2018-11-30";"2018-11-01";"fristgerecht durch Kunde";"Potsdam";"terminated";1002;"2018-03-16"
19330;"energy";"electricity";2600;2474;"2018-09-21";"2018-11-01";"2019-01-31";"2019-01-03";"fristgerecht durch LichtBlick";"Bremen";"terminated";1000;"2019-01-03"
19331;"energy";"electricity";2500;2381;"2018-10-14";"2018-11-01";"";"";"";"Hamburg";"indelivery";1002;"2020-08-06"
19332;"energy";"electricity";2600;2556;"2019-03-18";"2019-10-01";"";"";"";"Dortmund";"indelivery";1001;"2019-05-10"
19333;"energy";"electricity";2100;"";"2019-11-27";"2020-02-01";"2020-12-31";"2020-12-01";"fristgerecht durch LichtBlick";"Wuppertal";"cancelled";1001;"2020-07-17"
19334;"energy";"electricity";2100;2099;"2020-05-05";"2020-09-01";"";"";"";"Schwerin";"indelivery";1002;"2020-09-04"
19335;"energy";"electricity";2100;2055;"2019-01-07";"2019-03-01";"2020-05-31";"2020-05-03";"fristgerecht durch LichtBlick";"Dortmund";"terminated";1002;"2019-01-14"
19336;"energy";"electricity";2100;"";"2020-08-14";"2021-12-01";"";"";"";"Duisburg";"active";1002;"2020-09-30"
19337;"energy";"electricity";2800;2790;"2019-06-12";"2019-12-01";"";"";"";"Wiesbaden";"indelivery";1002;"2020-05-21"
19338;"energy";"electricity";2000;1995;"2018-02-07";"2018-03-01";"";"";"";"Hamburg";"indelivery";1000;"2018-06-22"
19339;"energy";"gas";10400;10577;"2019-11-22";"2020-05-01";"";"";"";"Augsburg";"indelivery";2000;"2020-04-24"
19340;"energy";"electricity";2400;2496;"2019-09-14";"2019-11-01";"2019-12-31";"2019-11-28";"Umzug";"Halle";"terminated";1000;"2019-11-28"
19341;"energy";"electricity";2500;2500;"2020-01-18";"2020-08-01";"";"";"";"Frankfurt";"indelivery";1002;"2020-03-02"
19342;"energy";"electricity";3000;3159;"2020-03-17";"2020-04-01";"";"";"";"Essen";"indelivery";1000;"2020-05-08"
19343;"energy";"electricity";2100;2116;"2018-09-26";"2018-11-01";"";"";"";"Nordhausen";"indelivery";1000;"2020-03-27"
19344;"energy";"electricity";2800;2715;"2020-02-25";"2020-05-01";"";"";"";"Münster";"indelivery";1002;"2020-02-27"
19345;"energy";"electricity";2200;2299;"2019-10-23";"2020-01-01";"";"";"";"Kaufbeuren";"indelivery";1002;"2020-03-09"
19346;"energy";"electricity";2400;2402;"2019-10-01";"2019-10-01";"";"";"";"Berlin";"indelivery";1000;"2020-09-29"
19347;"energy";"electricity";2600;2646;"2019-06-06";"2019-08-01";"";"";"";"Kassel";"indelivery";1001;"2020-09-03"
19348;"energy";"electricity";2300;2321;"2019-07-22";"2019-10-01";"";"";"";"Lübeck";"indelivery";1001;"2020-08-14"
19349;"energy";"gas";8100;8022;"2019-01-22";"2019-04-01";"";"";"";"Hamburg";"indelivery";2000;"2019-05-05"
19350;"energy";"electricity";2400;2573;"2020-09-24";"2021-02-01";"";"";"";"Delmenhorst";"active";1001;"2020-09-27"
19351;"energy";"electricity";2700;2930;"2020-02-25";"2020-09-01";"";"";"";"Stuttgart";"indelivery";1002;"2020-05-19"
19352;"energy";"electricity";2200;2132;"2018-03-01";"2018-08-01";"2020-05-31";"2020-05-03";"fristgerecht durch LichtBlick";"Cologne";"terminated";1001;"2018-10-23"
19353;"energy";"electricity";2400;2403;"2019-11-12";"2019-12-01";"";"";"";"Bonn";"indelivery";1002;"2019-12-31"
19354;"energy";"electricity";2300;2276;"2020-09-13";"2021-02-01";"";"";"";"Regensburg";"active";1002;"2020-09-18"
19355;"energy";"gas";10500;10618;"2019-09-30";"2020-07-01";"";"";"";"Bonn";"indelivery";2001;"2020-04-24"
19356;"energy";"electricity";2200;2149;"2018-06-06";"2018-10-01";"";"";"";"Potsdam";"indelivery";1002;"2020-05-16"
19357;"energy";"electricity";2100;"";"2019-11-23";"2020-04-01";"";"";"";"Düsseldorf";"indelivery";1002;"2019-12-14"
19358;"energy";"electricity";2800;2772;"2019-12-19";"2020-04-01";"";"";"";"Munich";"indelivery";1002;"2019-12-26"
19359;"energy";"electricity";2900;2731;"2020-01-17";"2020-05-01";"";"";"";"Lübeck";"indelivery";1002;"2020-09-29"
19360;"energy";"gas";11200;11836;"2020-08-26";"2021-04-01";"";"";"";"Bielefeld";"active";2000;"2020-09-03"
19361;"energy";"electricity";3000;3105;"2018-12-13";"2019-03-01";"";"";"";"Marienberg";"indelivery";1001;"2019-02-03"
19362;"energy";"gas";8900;"";"2020-03-01";"2020-04-01";"";"";"";"Berlin";"indelivery";2000;"2020-08-31"
19363;"energy";"electricity";2200;2265;"2018-03-02";"2018-07-01";"2019-09-30";"2019-08-27";"fristgerecht durch Kunde";"Freiburg";"terminated";1001;"2019-08-27"
19364;"energy";"electricity";2300;2211;"2019-11-24";"2020-04-01";"";"";"";"Mannheim";"indelivery";1002;"2020-01-05"
19365;"energy";"gas";7600;7971;"2018-11-07";"2018-12-01";"";"";"";"Berlin";"indelivery";2000;"2020-06-20"
19366;"energy";"gas";9600;10244;"2019-04-10";"2019-09-01";"2020-02-29";"2020-01-28";"Umzug";"Berlin";"terminated";2000;"2019-10-02"
19367;"energy";"electricity";2300;2367;"2019-12-05";"2020-08-01";"";"";"";"Hamburg";"indelivery";1002;"2020-05-29"
19368;"energy";"electricity";2100;2164;"2019-01-29";"2019-12-01";"";"";"";"Altchemnitz";"indelivery";1000;"2020-06-08"
19369;"energy";"electricity";3000;2870;"2018-12-24";"2019-05-01";"2019-07-31";"2019-06-28";"fristgerecht durch LichtBlick";"Braunschweig";"terminated";1000;"2019-06-28"
19370;"energy";"electricity";3100;3346;"2019-04-27";"2019-08-01";"";"";"";"Torgau";"indelivery";1002;"2019-11-23"
19371;"energy";"electricity";2300;2207;"2019-09-18";"2020-05-01";"";"";"";"Marienberg";"indelivery";1002;"2020-02-27"
19372;"energy";"electricity";2800;2880;"2018-03-23";"2018-04-01";"";"";"";"Berlin";"indelivery";1002;"2019-02-01"
19373;"energy";"electricity";2600;2514;"2019-07-02";"2020-10-01";"";"";"";"Bremen";"indelivery";1000;"2019-08-26"
19374;"energy";"electricity";2700;2872;"2018-04-14";"2018-08-01";"2019-07-31";"2019-06-29";"fristgerecht durch Kunde";"Frankfurt";"terminated";1002;"2019-06-29"
19375;"energy";"electricity";2200;2196;"2019-04-11";"2019-09-01";"2019-10-31";"2019-10-02";"fristgerecht durch LichtBlick";"Magdeburg";"terminated";1001;"2019-10-02"
19376;"energy";"gas";8500;8189;"2018-01-15";"2018-07-01";"2018-07-01";"2020-07-01";"Wiederruf";"Berlin";"terminated";2001;"2018-03-23"
19377;"energy";"electricity";2100;2257;"2019-04-04";"2019-07-01";"";"";"";"Altchemnitz";"indelivery";1001;"2020-05-09"
19378;"energy";"electricity";2500;2698;"2018-07-22";"2018-09-01";"";"";"";"Würzburg";"indelivery";1000;"2020-03-27"
19379;"energy";"gas";9100;9336;"2019-08-04";"2019-12-01";"";"";"";"Kiel";"indelivery";2000;"2019-11-25"
19380;"energy";"electricity";2600;2733;"2019-02-07";"2019-04-01";"";"";"";"Heidelberg";"indelivery";1001;"2019-02-24"
19381;"energy";"electricity";3000;3162;"2018-09-30";"2018-10-01";"";"";"";"Hofheim";"indelivery";1000;"2019-12-31"
19382;"energy";"electricity";2400;2513;"2020-03-13";"2020-05-01";"";"";"";"Hamburg";"indelivery";1000;"2020-08-15"
19383;"energy";"electricity";2200;2323;"2018-10-01";"2019-05-01";"";"";"";"Hamburg";"indelivery";1001;"2018-12-17"
19384;"energy";"electricity";2500;2667;"2018-11-12";"2019-08-01";"";"";"";"Marienberg";"indelivery";1002;"2019-09-02"
19385;"energy";"electricity";2300;2206;"2020-08-08";"2021-02-01";"";"";"";"Bonn";"active";1001;"2020-08-09"
19386;"energy";"electricity";2600;2446;"2019-10-27";"2020-06-01";"";"";"";"Düsseldorf";"indelivery";1000;"2020-08-28"
19387;"energy";"electricity";2400;2376;"2018-06-15";"2018-07-01";"";"";"";"Kiel";"indelivery";1000;"2019-02-02"
19388;"energy";"gas";10700;10333;"2018-10-05";"2019-02-01";"";"";"";"Marienberg";"indelivery";2000;"2019-08-14"
19389;"energy";"electricity";2100;2200;"2019-02-17";"2019-07-01";"";"";"";"Emden";"indelivery";1000;"2020-01-29"
19390;"energy";"electricity";2400;2327;"2020-03-10";"2020-05-01";"2020-11-30";"2020-11-01";"fristgerecht durch Kunde";"Augsburg";"cancelled";1002;"2020-09-23"
19391;"energy";"electricity";2200;2114;"2018-01-12";"2018-04-01";"";"";"";"Hamburg";"indelivery";1001;"2018-06-22"
19392;"energy";"electricity";2000;1925;"2018-03-26";"2018-05-01";"";"";"";"Munich";"indelivery";1000;"2020-08-29"
19393;"energy";"electricity";2200;2415;"2020-01-24";"2020-05-01";"";"";"";"Berlin";"indelivery";1001;"2020-04-16"
19394;"energy";"gas";11700;11646;"2019-02-08";"2019-06-01";"2019-06-01";"2019-10-27";"Wiederruf";"Flensburg";"terminated";2000;"2019-10-27"
19395;"energy";"electricity";2900;2795;"2018-09-10";"2018-11-01";"2020-01-31";"2019-12-30";"Umzug";"Stralsund";"terminated";1000;"2018-12-27"
19396;"energy";"electricity";2600;2688;"2018-07-04";"2018-10-01";"";"";"";"Berlin";"indelivery";1000;"2018-10-21"
19397;"energy";"electricity";3000;2980;"2019-01-19";"2019-07-01";"2020-09-30";"2020-09-01";"fristgerecht durch Kunde";"Bielefeld";"terminated";1001;"2019-06-23"
19398;"energy";"electricity";2400;2373;"2019-05-15";"2020-06-01";"";"";"";"Hannover";"indelivery";1001;"2019-12-02"
19399;"energy";"electricity";2600;2717;"2018-05-08";"2018-06-01";"";"";"";"Berlin";"indelivery";1000;"2020-09-03"
19400;"energy";"electricity";2500;2547;"2019-10-25";"2020-08-01";"";"";"";"Herford";"indelivery";1001;"2020-01-29"
19401;"energy";"electricity";2900;3101;"2018-09-21";"2019-07-01";"";"";"";"Leipzig";"indelivery";1000;"2020-07-29"
19402;"energy";"electricity";2700;2838;"2020-07-01";"2020-08-01";"";"";"";"Mannheim";"indelivery";1001;"2020-09-20"
19403;"energy";"electricity";2500;2391;"2018-06-27";"2018-08-01";"2018-08-01";"2018-09-26";"Wiederruf";"Bonn";"terminated";1002;"2018-09-26"
19404;"energy";"gas";11500;11986;"2019-10-17";"2020-01-01";"";"";"";"Hamburg";"indelivery";2001;"2020-01-21"
19405;"energy";"electricity";2800;2994;"2018-05-31";"2018-08-01";"2018-08-01";"2020-04-29";"Wiederruf";"Oldenburg";"terminated";1000;"2019-12-07"
19406;"energy";"electricity";2600;"";"2019-09-18";"2020-05-01";"";"";"";"Düsseldorf";"indelivery";1002;"2019-10-29"
19407;"energy";"electricity";2800;2906;"2019-12-30";"2020-04-01";"";"";"";"Marienberg";"indelivery";1002;"2020-06-11"
19408;"energy";"gas";10900;10580;"2018-12-04";"2019-01-01";"";"";"";"Magdeburg";"indelivery";2000;"2019-09-18"
19409;"energy";"electricity";2200;2205;"2019-09-28";"2020-01-01";"";"";"";"Stuttgart";"indelivery";1000;"2020-03-25"
19410;"energy";"electricity";2000;2131;"2020-06-09";"2020-08-01";"";"";"";"Hannover";"indelivery";1001;"2020-09-27"
19411;"energy";"electricity";2600;2580;"2018-11-22";"2019-02-01";"";"";"";"Hannover";"indelivery";1000;"2019-10-28"
19412;"energy";"electricity";2500;2449;"2020-02-26";"2020-05-01";"";"";"";"Stuttgart";"indelivery";1001;"2020-06-27"
19413;"energy";"electricity";2500;2592;"2020-04-23";"2020-05-01";"";"";"";"Frankfurt";"indelivery";1002;"2020-07-30"
19414;"energy";"electricity";2900;"";"2020-05-10";"2020-09-01";"";"";"";"Ulm";"indelivery";1001;"2020-05-28"
19415;"energy";"electricity";2600;2507;"2019-06-23";"2019-07-01";"";"";"";"Miltenberg";"indelivery";1001;"2019-11-03"
19416;"energy";"electricity";2400;2314;"2019-08-16";"2019-12-01";"";"";"";"Altchemnitz";"indelivery";1002;"2020-03-29"
19417;"energy";"gas";11200;11164;"2020-02-04";"2020-04-01";"";"";"";"Mannheim";"indelivery";2000;"2020-09-25"
19418;"energy";"electricity";2500;2669;"2020-02-11";"2020-06-01";"";"";"";"Hamburg";"indelivery";1002;"2020-05-17"
19419;"energy";"electricity";2900;3107;"2018-10-21";"2019-04-01";"";"";"";"Karlsruhe";"indelivery";1002;"2020-04-04"
19420;"energy";"electricity";2200;2259;"2018-07-09";"2018-09-01";"";"";"";"Dresden";"indelivery";1001;"2020-09-20"
19421;"energy";"electricity";2200;2347;"2019-02-15";"2019-09-01";"";"";"";"Hamburg";"indelivery";1001;"2019-06-08"
19422;"energy";"electricity";2900;2959;"2018-02-15";"2018-04-01";"2020-10-31";"2020-10-03";"Umzug";"Oldenburg";"cancelled";1001;"2019-07-03"
19423;"energy";"electricity";2800;2810;"2020-07-10";"2020-08-01";"";"";"";"Mannheim";"indelivery";1001;"2020-07-22"
19424;"energy";"electricity";2800;2892;"2019-03-27";"2019-05-01";"";"";"";"Cologne";"indelivery";1000;"2019-07-28"
19425;"energy";"electricity";2300;2244;"2019-03-03";"2019-08-01";"2019-08-01";"2020-01-31";"Wiederruf";"Karlsruhe";"terminated";1002;"2019-09-05"
19426;"energy";"electricity";2500;2670;"2019-07-17";"2019-09-01";"";"";"";"Bonn";"indelivery";1001;"2020-04-20"
19427;"energy";"electricity";2100;2113;"2020-07-12";"2021-04-01";"";"";"";"Berlin";"active";1001;"2020-09-03"
19428;"energy";"electricity";2400;2280;"2020-07-31";"2020-12-01";"";"";"";"Hofeck";"active";1002;"2020-09-28"
19429;"energy";"electricity";2200;"";"2019-04-19";"2019-07-01";"";"";"";"Dresden";"indelivery";1000;"2020-04-26"
19430;"energy";"electricity";2400;2473;"2018-07-13";"2018-09-01";"2020-09-30";"2020-09-01";"fristgerecht durch LichtBlick";"Berlin";"terminated";1002;"2020-03-09"
19431;"energy";"electricity";2400;2589;"2020-03-23";"2020-04-01";"";"";"";"Saarbrücken";"indelivery";1002;"2020-07-26"
19432;"energy";"gas";10400;"";"2019-08-19";"2019-10-01";"";"";"";"Marienberg";"indelivery";2001;"2020-04-24"
19433;"energy";"electricity";2500;2444;"2019-07-02";"2019-11-01";"";"";"";"Hamburg";"indelivery";1000;"2019-12-01"
19434;"energy";"electricity";2500;2596;"2019-02-27";"2019-03-01";"";"";"";"Düsseldorf";"indelivery";1000;"2020-01-10"
19435;"energy";"electricity";2800;3010;"2018-06-06";"2019-04-01";"2020-02-29";"2020-02-01";"fristgerecht durch Kunde";"Karlsruhe";"terminated";1000;"2018-10-09"
19436;"energy";"electricity";2400;2305;"2018-10-09";"2019-02-01";"";"";"";"Mannheim";"indelivery";1002;"2018-10-21"
19437;"energy";"gas";8400;8497;"2019-09-18";"2019-11-01";"2019-11-01";"2020-06-30";"Wiederruf";"Dresden";"terminated";2000;"2020-06-30"
19438;"energy";"electricity";2400;2445;"2018-03-24";"2018-08-01";"";"";"";"Magdeburg";"indelivery";1001;"2020-03-17"
19439;"energy";"electricity";2600;2778;"2019-06-21";"2019-07-01";"";"";"";"Wuppertal";"indelivery";1000;"2020-03-29"
19440;"energy";"electricity";2700;2757;"2020-01-20";"2020-02-01";"";"";"";"Cologne";"indelivery";1000;"2020-03-03"
19441;"energy";"gas";11000;10710;"2018-01-23";"2018-05-01";"2020-03-31";"2020-03-03";"Umzug";"Hannover";"terminated";2000;"2019-03-18"
19442;"energy";"electricity";2700;2609;"2018-03-24";"2018-07-01";"";"";"";"Munich";"indelivery";1000;"2020-03-24"
19443;"energy";"electricity";2600;2548;"2019-12-12";"2020-02-01";"";"";"";"Leipzig";"indelivery";1002;"2020-07-03"
19444;"energy";"electricity";2100;2278;"2018-02-12";"2018-05-01";"";"";"";"Cologne";"indelivery";1001;"2020-03-06"
19445;"energy";"gas";11200;11422;"2019-08-03";"2019-12-01";"";"";"";"Berlin";"indelivery";2001;"2020-02-18"
19446;"energy";"electricity";2600;2793;"2018-02-12";"2018-08-01";"";"";"";"Berlin";"indelivery";1001;"2018-09-04"
19447;"energy";"electricity";2600;2758;"2019-12-24";"2020-05-01";"";"";"";"Braunschweig";"indelivery";1001;"2020-04-26"
19448;"energy";"electricity";2300;2351;"2019-02-13";"2019-03-01";"2020-07-31";"2020-07-02";"fristgerecht durch Kunde";"Frankfurt";"terminated";1001;"2019-07-01"
19449;"energy";"electricity";2000;1900;"2018-03-24";"2018-06-01";"";"";"";"Berlin";"indelivery";1002;"2018-07-18"
19450;"energy";"electricity";2200;"";"2018-10-27";"2019-07-01";"";"";"";"Göttingen";"indelivery";1000;"2020-03-14"
19451;"energy";"electricity";2600;"";"2019-10-25";"2019-12-01";"";"";"";"Munich";"indelivery";1000;"2020-03-22"
19452;"energy";"electricity";2200;2296;"2019-08-26";"2020-02-01";"";"";"";"Berlin";"indelivery";1001;"2019-12-25"
19453;"energy";"electricity";2800;2773;"2019-08-31";"2019-12-01";"";"";"";"Gera";"indelivery";1000;"2020-01-01"
19454;"energy";"electricity";2400;"";"2018-10-28";"2019-11-01";"";"";"";"Altchemnitz";"indelivery";1002;"2020-02-26"
19455;"energy";"gas";10200;9709;"2019-08-29";"2019-10-01";"";"";"";"Göttingen";"indelivery";2000;"2019-11-08"
19456;"energy";"electricity";2100;2051;"2019-05-04";"2019-07-01";"";"";"";"Berlin";"indelivery";1002;"2020-07-30"
19457;"energy";"electricity";2500;2538;"2018-07-25";"2018-12-01";"";"";"";"Bonn";"indelivery";1000;"2019-10-28"
19458;"energy";"electricity";3000;"";"2018-10-12";"2019-08-01";"2019-08-01";"2019-12-03";"Wiederruf";"Ingolstadt";"terminated";1000;"2018-10-14"
19459;"energy";"electricity";2200;2303;"2019-10-12";"2020-05-01";"";"";"";"Hamburg";"indelivery";1002;"2020-04-01"
19460;"energy";"electricity";1900;1874;"2018-12-09";"2019-05-01";"";"";"";"Munich";"indelivery";1000;"2019-02-23"
19461;"energy";"electricity";2800;3008;"2018-08-18";"2019-01-01";"";"";"";"Jena";"indelivery";1001;"2019-01-24"
19462;"energy";"electricity";2800;2971;"2018-09-24";"2018-11-01";"2019-10-31";"2019-10-01";"fristgerecht durch Kunde";"Oldenburg";"terminated";1000;"2019-07-08"
19463;"energy";"gas";7500;7531;"2018-08-22";"2019-07-01";"";"";"";"Berlin";"indelivery";2001;"2020-09-23"
19464;"energy";"electricity";2000;2159;"2019-01-25";"2019-10-01";"";"";"";"Duisburg";"indelivery";1001;"2019-09-03"
19465;"energy";"electricity";2900;3082;"2019-12-22";"2020-01-01";"";"";"";"Duisburg";"indelivery";1000;"2020-05-10"
19466;"energy";"electricity";2400;2458;"2019-04-14";"2019-11-01";"";"";"";"Hannover";"indelivery";1002;"2020-07-03"
19467;"energy";"electricity";2700;2686;"2020-07-08";"2020-09-01";"";"";"";"Hamburg";"indelivery";1002;"2020-09-26"
19468;"energy";"gas";10800;11144;"2018-11-25";"2018-12-01";"";"";"";"Lübeck";"indelivery";2001;"2020-08-23"
19469;"energy";"electricity";2600;"";"2020-05-18";"2020-07-01";"";"";"";"Frankfurt";"indelivery";1000;"2020-07-07"
19470;"energy";"electricity";2400;2370;"2019-07-18";"2020-04-01";"";"";"";"Kiel";"indelivery";1001;"2019-09-26"
19471;"energy";"electricity";2700;2782;"2018-10-04";"2019-01-01";"";"";"";"Berlin";"indelivery";1001;"2020-09-08"
19472;"energy";"electricity";2300;2370;"2019-11-30";"2020-02-01";"";"";"";"Cologne";"indelivery";1000;"2020-09-20"
19473;"energy";"electricity";2300;"";"2020-01-12";"2020-08-01";"";"";"";"Bielefeld";"indelivery";1000;"2020-07-30"
19474;"energy";"electricity";2500;2590;"2018-06-04";"2018-12-01";"";"";"";"Duisburg";"indelivery";1001;"2020-06-26"
19475;"energy";"gas";9400;9690;"2018-01-18";"2018-02-01";"2018-10-31";"2018-09-29";"Umzug";"Marienberg";"terminated";2000;"2018-09-29"
19476;"energy";"electricity";2700;2547;"2019-02-03";"2019-12-01";"";"";"";"Berlin";"indelivery";1002;"2019-06-10"
19477;"energy";"electricity";2200;2114;"2020-04-11";"2020-07-01";"";"";"";"Dortmund";"indelivery";1002;"2020-09-11"
19478;"energy";"electricity";2500;"";"2019-11-18";"2020-06-01";"";"";"";"Hannover";"indelivery";1002;"2020-04-01"
19479;"energy";"gas";9500;9596;"2019-07-26";"2019-11-01";"2020-12-31";"2020-12-03";"fristgerecht durch LichtBlick";"Berlin";"cancelled";2001;"2019-12-22"
19480;"energy";"electricity";2400;2566;"2018-08-26";"2018-12-01";"";"";"";"Berlin";"indelivery";1002;"2020-03-22"
19481;"energy";"electricity";3000;2827;"2019-01-30";"2019-03-01";"";"";"";"Bremen";"indelivery";1001;"2020-04-30"
19482;"energy";"electricity";2500;2438;"2018-08-17";"2018-10-01";"";"";"";"Bonn";"indelivery";1002;"2020-05-01"
19483;"energy";"gas";10600;10767;"2019-09-14";"2019-11-01";"";"";"";"Essen";"indelivery";2000;"2019-09-25"
19484;"energy";"electricity";3000;2835;"2018-09-16";"2018-12-01";"";"";"";"Braunschweig";"indelivery";1002;"2020-04-09"
19485;"energy";"electricity";2600;2513;"2019-12-20";"2020-01-01";"2020-01-01";"2020-10-29";"Wiederruf";"Potsdam";"terminated";1000;"2020-02-13"
19486;"energy";"electricity";2400;2426;"2018-07-06";"2019-01-01";"";"";"";"Berlin";"indelivery";1002;"2019-01-31"
19487;"energy";"electricity";3000;3051;"2019-07-30";"2020-01-01";"";"";"";"Heidelberg";"indelivery";1001;"2020-05-28"
19488;"energy";"electricity";2400;2544;"2019-02-01";"2019-05-01";"";"";"";"Berlin";"indelivery";1001;"2019-11-23"
19489;"energy";"electricity";2400;2297;"2018-03-22";"2018-09-01";"";"";"";"Berlin";"indelivery";1000;"2020-09-21"
19490;"energy";"electricity";2200;2372;"2019-03-23";"2019-04-01";"2020-11-30";"2020-11-01";"fristgerecht durch LichtBlick";"Kassel";"cancelled";1001;"2019-04-05"
19491;"energy";"electricity";2200;2309;"2020-06-08";"2020-08-01";"2020-08-01";"2020-11-28";"Wiederruf";"Stuttgart";"terminated";1002;"2020-07-08"
19492;"energy";"electricity";2100;2096;"2020-04-29";"2020-08-01";"";"";"";"Marienberg";"indelivery";1001;"2020-07-10"
19493;"energy";"gas";10300;11082;"2018-05-18";"2018-06-01";"2019-01-31";"2018-12-31";"fristgerecht durch LichtBlick";"Bielefeld";"terminated";2000;"2018-12-31"
19494;"energy";"electricity";2800;"";"2019-08-19";"2019-09-01";"2020-12-31";"2020-12-01";"fristgerecht durch Kunde";"Karlsruhe";"cancelled";1000;"2020-04-05"
19495;"energy";"electricity";2300;2182;"2018-01-22";"2018-03-01";"2019-12-31";"2019-12-02";"fristgerecht durch LichtBlick";"Berlin";"terminated";1002;"2019-12-02"
19496;"energy";"electricity";2500;2544;"2019-10-05";"2020-01-01";"";"";"";"Oldenburg";"indelivery";1001;"2020-08-16"
19497;"energy";"electricity";2700;2823;"2020-02-11";"2020-03-01";"2020-07-31";"2020-06-30";"fristgerecht durch Kunde";"Berlin";"terminated";1001;"2020-06-30"
19498;"energy";"electricity";2000;1913;"2018-10-12";"2019-01-01";"2019-01-01";"2020-02-01";"Wiederruf";"Berlin";"terminated";1001;"2019-07-01"
19499;"energy";"electricity";3000;2960;"2018-05-28";"2018-08-01";"2019-04-30";"2019-04-02";"fristgerecht durch Kunde";"Herne";"terminated";1002;"2019-04-02"
19500;"energy";"electricity";2800;2837;"2020-09-17";"2021-06-01";"";"";"";"Hamburg";"active";1002;"2020-09-20"
19501;"energy";"electricity";2700;2638;"2020-06-23";"2020-11-01";"";"";"";"Hannover";"active";1002;"2020-09-06"
19502;"energy";"electricity";3000;2933;"2018-01-22";"2018-10-01";"2020-10-31";"2020-10-03";"fristgerecht durch LichtBlick";"Duisburg";"cancelled";1002;"2020-03-30"
19503;"energy";"gas";8700;8492;"2018-07-10";"2019-07-01";"";"";"";"Würzburg";"indelivery";2001;"2020-03-21"
19504;"energy";"electricity";2100;2254;"2020-08-22";"2020-12-01";"";"";"";"Heidelberg";"active";1001;"2020-09-23"
19505;"energy";"gas";10700;11515;"2019-01-20";"2019-04-01";"";"";"";"Berlin";"indelivery";2001;"2019-07-14"
19506;"energy";"electricity";2900;2977;"2020-01-12";"2020-05-01";"";"";"";"Schwerin";"indelivery";1001;"2020-02-10"
19507;"energy";"electricity";2200;"";"2020-08-19";"2020-10-01";"";"";"";"Leipzig";"indelivery";1001;"2020-09-06"
19508;"energy";"electricity";2200;2226;"2020-04-07";"2020-05-01";"";"";"";"Oldenburg";"indelivery";1001;"2020-06-30"
19509;"energy";"electricity";2500;2559;"2019-02-12";"2019-04-01";"";"";"";"Magdeburg";"indelivery";1000;"2019-11-06"
19510;"energy";"gas";11800;11434;"2019-08-20";"2020-02-01";"";"";"";"Münster";"indelivery";2001;"2020-08-06"
19511;"energy";"gas";11700;12397;"2018-02-15";"2018-07-01";"2018-07-01";"2020-12-03";"Wiederruf";"Hamburg";"terminated";2000;"2018-07-07"
19512;"energy";"electricity";2900;2857;"2018-08-18";"2018-09-01";"2019-07-31";"2019-06-29";"Umzug";"Duisburg";"terminated";1000;"2019-06-06"
19513;"energy";"electricity";2300;2308;"2018-12-16";"2019-04-01";"";"";"";"Mainz";"indelivery";1001;"2019-08-10"
19514;"energy";"electricity";3000;3013;"2018-10-10";"2018-12-01";"2020-11-30";"2020-10-30";"Umzug";"Rosenheim";"cancelled";1000;"2020-07-20"
19515;"energy";"electricity";2800;2929;"2020-06-14";"2020-08-01";"";"";"";"Hannover";"indelivery";1000;"2020-07-02"
19516;"energy";"electricity";2300;2352;"2018-05-24";"2018-09-01";"";"";"";"Potsdam";"indelivery";1002;"2019-07-02"
19517;"energy";"electricity";2000;2123;"2019-12-29";"2020-02-01";"";"";"";"Stuttgart";"indelivery";1002;"2020-02-26"
19518;"energy";"electricity";2800;2877;"2018-04-01";"2018-05-01";"";"";"";"Emden";"indelivery";1002;"2019-02-13"
19519;"energy";"electricity";2200;2176;"2018-01-07";"2018-06-01";"";"";"";"Dresden";"indelivery";1000;"2020-08-22"
19520;"energy";"electricity";2900;"";"2020-02-28";"2020-04-01";"";"";"";"Mainz";"indelivery";1000;"2020-03-02"
19521;"energy";"electricity";2900;2884;"2018-05-18";"2018-07-01";"";"";"";"Hannover";"indelivery";1002;"2020-08-04"
19522;"energy";"electricity";2200;2245;"2018-08-27";"2018-10-01";"";"";"";"Magdeburg";"indelivery";1002;"2020-03-25"
19523;"energy";"electricity";2700;2695;"2018-12-07";"2019-02-01";"";"";"";"Berlin";"indelivery";1002;"2019-11-30"
19524;"energy";"electricity";2700;2866;"2019-10-03";"2020-01-01";"";"";"";"Wiesbaden";"indelivery";1000;"2020-06-10"
19525;"energy";"electricity";2400;"";"2018-04-05";"2018-05-01";"";"";"";"Berlin";"indelivery";1000;"2019-05-21"
19526;"energy";"electricity";2100;2215;"2019-07-20";"2019-10-01";"";"";"";"Hamburg";"indelivery";1002;"2019-08-10"
19527;"energy";"electricity";2200;2329;"2018-04-02";"2018-05-01";"2018-08-31";"2018-07-31";"Umzug";"Wuppertal";"terminated";1001;"2018-07-31"
19528;"energy";"electricity";2500;2636;"2020-05-30";"2020-07-01";"";"";"";"Cologne";"indelivery";1000;"2020-07-11"
19529;"energy";"electricity";2700;2719;"2020-07-13";"2020-11-01";"";"";"";"Düsseldorf";"active";1000;"2020-09-27"
19530;"energy";"electricity";2100;2184;"2019-06-20";"2019-10-01";"";"";"";"Essen";"indelivery";1001;"2019-07-27"
19531;"energy";"electricity";2300;2438;"2018-11-09";"2018-12-01";"2019-07-31";"2019-07-03";"fristgerecht durch Kunde";"Düsseldorf";"terminated";1002;"2019-07-03"
19532;"energy";"electricity";2300;2408;"2018-06-15";"2018-09-01";"";"";"";"Marienberg";"indelivery";1000;"2020-03-17"
19533;"energy";"electricity";2100;2222;"2019-10-20";"2019-12-01";"";"";"";"Düsseldorf";"indelivery";1001;"2020-02-19"
19534;"energy";"electricity";2600;2700;"2019-11-11";"2020-05-01";"";"";"";"Oldenburg";"indelivery";1000;"2019-12-20"
19535;"energy";"electricity";2000;1998;"2018-10-12";"2018-11-01";"";"";"";"Berlin";"indelivery";1001;"2020-08-13"
19536;"energy";"electricity";2400;2502;"2020-03-16";"2020-05-01";"";"";"";"Heidelberg";"indelivery";1000;"2020-05-05"
19537;"energy";"gas";9600;9896;"2020-01-19";"2020-03-01";"";"";"";"Berlin";"indelivery";2000;"2020-03-04"
19538;"energy";"electricity";2500;2456;"2019-03-29";"2019-05-01";"";"";"";"Stuttgart";"indelivery";1002;"2019-12-16"
19539;"energy";"electricity";2700;2887;"2020-07-18";"2021-01-01";"";"";"";"Berlin";"active";1001;"2020-07-25"
19540;"energy";"electricity";2100;2203;"2020-09-28";"2021-03-01";"";"";"";"Saarbrücken";"active";1001;"2020-09-30"
19541;"energy";"electricity";2400;2402;"2020-08-09";"2020-11-01";"";"";"";"Mannheim";"active";1002;"2020-08-25"
19542;"energy";"electricity";2300;2273;"2019-01-25";"2019-06-01";"";"";"";"Munich";"indelivery";1000;"2019-03-28"
19543;"energy";"electricity";2800;"";"2018-11-03";"2019-02-01";"2019-05-31";"2019-04-29";"Umzug";"Kassel";"terminated";1002;"2019-02-01"
19544;"energy";"electricity";2600;2816;"2020-02-20";"2020-04-01";"";"";"";"Heinsberg";"indelivery";1002;"2020-09-26"
19545;"energy";"gas";9600;9210;"2018-02-07";"2018-04-01";"";"";"";"Marienberg";"indelivery";2000;"2020-02-26"
19546;"energy";"electricity";2400;2322;"2020-08-23";"2020-10-01";"";"";"";"Emmendingen";"indelivery";1002;"2020-09-23"
19547;"energy";"electricity";2900;2745;"2018-06-29";"2019-01-01";"";"";"";"Hamburg";"indelivery";1001;"2020-01-18"
19548;"energy";"gas";10900;11756;"2019-06-21";"2019-08-01";"";"";"";"Wuppertal";"indelivery";2001;"2020-09-28"
19549;"energy";"electricity";2100;2168;"2020-06-04";"2020-12-01";"";"";"";"Cologne";"active";1002;"2020-07-04"
19550;"energy";"electricity";2600;2683;"2020-09-17";"2021-01-01";"";"";"";"Dortmund";"active";1002;"2020-09-27"
19551;"energy";"gas";11700;12017;"2018-03-25";"2018-11-01";"";"";"";"Braunschweig";"indelivery";2000;"2020-04-23"
19552;"energy";"electricity";2700;2786;"2019-04-12";"2019-10-01";"";"";"";"Wiesbaden";"indelivery";1001;"2019-07-07"
19553;"energy";"electricity";2700;"";"2018-11-29";"2019-02-01";"";"";"";"Cologne";"indelivery";1000;"2019-03-19"
19554;"energy";"electricity";2500;2437;"2018-05-18";"2018-09-01";"2020-06-30";"2020-05-27";"Umzug";"Gießen";"terminated";1001;"2020-05-27"
19555;"energy";"electricity";2800;"";"2019-07-03";"2019-08-01";"";"";"";"Bielefeld";"indelivery";1001;"2019-11-20"
19556;"energy";"gas";9800;10242;"2020-02-08";"2020-06-01";"";"";"";"Hannover";"indelivery";2000;"2020-05-20"
19557;"energy";"electricity";2400;"";"2020-08-25";"2020-12-01";"";"";"";"Stuttgart";"active";1002;"2020-08-26"
19558;"energy";"electricity";2700;2839;"2018-02-22";"2018-09-01";"";"";"";"Bremerhaven";"indelivery";1002;"2018-11-15"
19559;"energy";"gas";10200;9718;"2018-07-28";"2018-09-01";"";"";"";"Münster";"indelivery";2000;"2019-07-06"
19560;"energy";"electricity";2900;3070;"2018-01-10";"2018-02-01";"";"";"";"Bonn";"indelivery";1001;"2019-07-30"
19561;"energy";"electricity";2100;2029;"2018-01-10";"2018-03-01";"2020-10-31";"2020-09-30";"fristgerecht durch Kunde";"Essen";"cancelled";1001;"2018-05-02"
19562;"energy";"electricity";2800;2813;"2018-06-27";"2019-02-01";"";"";"";"Leipzig";"indelivery";1000;"2019-06-04"
19563;"energy";"gas";10000;10688;"2018-10-21";"2019-06-01";"";"";"";"Mannheim";"indelivery";2000;"2019-12-16"
19564;"energy";"gas";11600;11985;"2019-02-02";"2019-03-01";"2019-07-31";"2019-07-03";"fristgerecht durch LichtBlick";"Dortmund";"terminated";2000;"2019-07-03"
19565;"energy";"electricity";2600;2479;"2019-01-27";"2019-05-01";"";"";"";"Hamburg";"indelivery";1001;"2019-10-31"
19566;"energy";"electricity";2800;2779;"2018-05-10";"2018-07-01";"";"";"";"Leipzig";"indelivery";1002;"2020-02-18"
19567;"energy";"electricity";2600;2562;"2020-01-26";"2020-02-01";"";"";"";"Göttingen";"indelivery";1001;"2020-07-06"
19568;"energy";"electricity";2500;2382;"2019-10-24";"2020-02-01";"";"";"";"Berlin";"indelivery";1000;"2020-04-02"
19569;"energy";"electricity";2600;2793;"2019-04-10";"2020-01-01";"";"";"";"Berlin";"indelivery";1002;"2019-06-12"
19570;"energy";"electricity";2300;2486;"2018-08-10";"2020-01-01";"";"";"";"Frankfurt";"indelivery";1000;"2019-01-19"
19571;"energy";"electricity";2900;2789;"2018-10-28";"2019-03-01";"";"";"";"Karlsruhe";"indelivery";1002;"2020-02-21"
19572;"energy";"gas";10700;10184;"2019-07-10";"2019-08-01";"2019-08-01";"2020-02-01";"Wiederruf";"Munich";"terminated";2000;"2020-02-01"
19573;"energy";"gas";10700;10892;"2018-08-14";"2018-11-01";"2020-01-31";"2019-12-30";"fristgerecht durch Kunde";"Freiburg";"terminated";2001;"2019-12-30"
19574;"energy";"electricity";2100;2064;"2018-02-26";"2018-04-01";"";"";"";"Dortmund";"indelivery";1002;"2019-09-03"
19575;"energy";"electricity";2500;2534;"2018-10-12";"2019-04-01";"";"";"";"Berlin";"indelivery";1000;"2019-04-02"
19576;"energy";"gas";10200;9861;"2018-06-11";"2018-07-01";"2020-02-29";"2020-01-22";"Umzug";"Schwerin";"terminated";2001;"2019-04-09"
19577;"energy";"electricity";2400;2403;"2018-09-25";"2018-11-01";"";"";"";"Hamburg";"indelivery";1002;"2019-06-29"
19578;"energy";"electricity";2200;2190;"2018-02-15";"2018-03-01";"2019-07-31";"2019-06-25";"fristgerecht durch Kunde";"Bielefeld";"terminated";1002;"2019-04-25"
19579;"energy";"electricity";2400;2624;"2020-09-26";"2021-06-01";"";"";"";"Hamburg";"active";1000;"2020-09-27"
19580;"energy";"electricity";2300;2455;"2018-05-15";"2018-06-01";"";"";"";"Kassel";"indelivery";1002;"2018-09-06"
19581;"energy";"electricity";2900;3162;"2018-08-22";"2019-07-01";"";"";"";"Munich";"indelivery";1001;"2020-01-06"
19582;"energy";"gas";10300;10506;"2020-05-27";"2020-06-01";"";"";"";"Berlin";"indelivery";2000;"2020-08-06"
19583;"energy";"electricity";2600;2528;"2020-07-13";"2020-10-01";"";"";"";"Memmingen";"indelivery";1002;"2020-08-14"
19584;"energy";"electricity";2500;2584;"2019-05-08";"2020-05-01";"";"";"";"Duisburg";"indelivery";1000;"2019-10-30"
19585;"energy";"electricity";2700;2942;"2018-06-08";"2019-05-01";"";"";"";"Hamburg";"indelivery";1000;"2019-02-15"
19586;"energy";"electricity";2600;2764;"2020-01-01";"2020-03-01";"";"";"";"Duisburg";"indelivery";1000;"2020-09-22"
19587;"energy";"electricity";2200;2267;"2019-07-27";"2020-06-01";"";"";"";"Frankfurt";"indelivery";1001;"2019-11-16"
19588;"energy";"electricity";2300;2332;"2018-11-25";"2019-01-01";"2020-01-31";"2020-01-01";"fristgerecht durch LichtBlick";"Stuttgart";"terminated";1002;"2020-01-01"
19589;"energy";"electricity";2700;2933;"2020-05-02";"2021-04-01";"";"";"";"Leipzig";"active";1000;"2020-05-17"
19590;"energy";"electricity";2100;2304;"2019-07-23";"2019-08-01";"";"";"";"Cologne";"indelivery";1002;"2019-08-04"
19591;"energy";"gas";7600;7593;"2019-04-20";"2019-11-01";"2019-11-01";"2020-04-30";"Wiederruf";"Munich";"terminated";2001;"2020-04-30"
19592;"energy";"electricity";2000;1992;"2020-04-01";"2020-06-01";"";"";"";"Berlin";"indelivery";1002;"2020-09-12"
19593;"energy";"electricity";2500;"";"2018-10-18";"2018-12-01";"";"";"";"Munich";"indelivery";1000;"2020-07-25"
19594;"energy";"electricity";2100;2209;"2018-05-27";"2018-07-01";"";"";"";"Bremen";"indelivery";1000;"2019-04-23"
19595;"energy";"gas";8800;9538;"2019-12-19";"2020-04-01";"";"";"";"Freyung";"indelivery";2000;"2020-03-27"
19596;"energy";"electricity";2000;2126;"2018-05-04";"2018-12-01";"2019-03-31";"2019-02-27";"fristgerecht durch Kunde";"Frankfurt";"terminated";1002;"2019-02-27"
19597;"energy";"electricity";2900;3031;"2019-05-15";"2019-07-01";"";"";"";"Leipzig";"indelivery";1002;"2020-03-17"
19598;"energy";"electricity";2600;2619;"2018-05-13";"2018-11-01";"";"";"";"Mettmann";"indelivery";1000;"2020-06-29"
19599;"energy";"electricity";2600;2626;"2018-10-30";"2019-04-01";"2020-10-31";"2020-09-27";"fristgerecht durch Kunde";"Berlin";"cancelled";1002;"2019-01-19"
19600;"energy";"electricity";2400;2456;"2019-09-07";"2019-10-01";"";"";"";"Düsseldorf";"indelivery";1001;"2020-09-10"
19601;"energy";"gas";10600;10493;"2019-01-05";"2019-11-01";"";"";"";"Braunschweig";"indelivery";2001;"2019-11-20"
19602;"energy";"electricity";2700;"";"2018-04-11";"2018-05-01";"";"";"";"Saarbrücken";"indelivery";1002;"2019-10-08"
19603;"energy";"gas";10500;10385;"2019-01-07";"2019-07-01";"";"";"";"Hannover";"indelivery";2001;"2020-09-25"
19604;"energy";"electricity";2200;2270;"2020-04-15";"2020-10-01";"";"";"";"Essen";"indelivery";1000;"2020-07-23"
19605;"energy";"electricity";2500;2685;"2020-08-25";"2020-12-01";"";"";"";"Magdeburg";"active";1002;"2020-09-28"
19606;"energy";"gas";9000;8984;"2018-05-05";"2018-08-01";"";"";"";"Münster";"indelivery";2000;"2019-05-12"
19607;"energy";"electricity";2300;2228;"2019-03-30";"2019-07-01";"";"";"";"Kusel";"indelivery";1000;"2020-08-29"
19608;"energy";"electricity";2500;2566;"2018-11-23";"2018-12-01";"";"";"";"Cologne";"indelivery";1002;"2019-12-07"
19609;"energy";"electricity";2300;2314;"2018-10-19";"2019-04-01";"";"";"";"Duisburg";"indelivery";1000;"2020-09-19"
19610;"energy";"electricity";2500;2465;"2018-07-19";"2018-10-01";"2020-08-31";"2020-08-03";"fristgerecht durch Kunde";"Berlin";"terminated";1002;"2020-01-10"
19611;"energy";"electricity";2500;2456;"2020-07-10";"2020-09-01";"";"";"";"Oldenburg";"indelivery";1002;"2020-09-13"
19612;"energy";"electricity";2800;2862;"2020-07-27";"2021-12-01";"";"";"";"Berlin";"active";1001;"2020-09-15"
19613;"energy";"electricity";2200;2235;"2020-07-25";"2021-06-01";"";"";"";"Berlin";"active";1000;"2020-07-25"
19614;"energy";"electricity";2400;"";"2018-10-30";"2019-03-01";"";"";"";"Marienberg";"indelivery";1000;"2019-06-27"
19615;"energy";"electricity";2600;2820;"2019-01-13";"2019-12-01";"";"";"";"Bonn";"indelivery";1001;"2019-05-20"
19616;"energy";"electricity";2700;2656;"2020-03-30";"2020-07-01";"";"";"";"Dortmund";"indelivery";1001;"2020-08-07"
19617;"energy";"electricity";2800;2981;"2018-05-27";"2018-11-01";"";"";"";"Frankfurt";"indelivery";1002;"2020-04-23"
19618;"energy";"electricity";2800;"";"2020-01-12";"2020-06-01";"";"";"";"Hannover";"indelivery";1002;"2020-01-19"
19619;"energy";"electricity";2300;2415;"2020-08-25";"2020-12-01";"";"";"";"Berlin";"active";1001;"2020-09-22"
19620;"energy";"electricity";2400;2425;"2019-07-07";"2020-01-01";"";"";"";"Lübeck";"indelivery";1000;"2019-12-01"
19621;"energy";"electricity";2700;2790;"2019-02-06";"2019-12-01";"";"";"";"Frankfurt";"indelivery";1001;"2020-04-05"
19622;"energy";"electricity";2300;2443;"2020-05-29";"2020-09-01";"";"";"";"Bremen";"indelivery";1000;"2020-09-27"
19623;"energy";"electricity";2400;2332;"2018-02-25";"2018-04-01";"2018-04-01";"2020-04-02";"Wiederruf";"Mannheim";"terminated";1000;"2020-02-06"
19624;"energy";"electricity";2800;"";"2020-08-15";"2020-11-01";"";"";"";"Berlin";"active";1002;"2020-09-12"
19625;"energy";"electricity";2500;2647;"2018-01-14";"2018-08-01";"";"";"";"Stuttgart";"indelivery";1002;"2018-07-17"
19626;"energy";"electricity";2300;2396;"2020-05-16";"2020-10-01";"";"";"";"Berlin";"indelivery";1002;"2020-09-13"
19627;"energy";"gas";10200;"";"2019-01-07";"2019-07-01";"";"";"";"Dortmund";"indelivery";2000;"2019-05-10"
19628;"energy";"electricity";2200;2306;"2020-02-10";"2020-04-01";"";"";"";"Frankfurt";"indelivery";1002;"2020-05-01"
19629;"energy";"electricity";2700;2697;"2019-07-21";"2019-10-01";"2020-08-31";"2020-07-27";"fristgerecht durch Kunde";"Munich";"terminated";1000;"2019-10-31"
19630;"energy";"electricity";2500;2691;"2018-10-06";"2018-11-01";"2020-06-30";"2020-05-30";"fristgerecht durch Kunde";"Mannheim";"terminated";1001;"2020-05-30"
19631;"energy";"gas";11800;11265;"2020-09-28";"2021-05-01";"";"";"";"Frankfurt";"active";2001;"2020-09-28"
19632;"energy";"electricity";3000;"";"2019-09-19";"2020-02-01";"";"";"";"Nuremberg";"indelivery";1000;"2020-08-06"
19633;"energy";"electricity";3100;2937;"2018-09-17";"2019-04-01";"2019-04-01";"2019-06-01";"Wiederruf";"Eisenberg";"terminated";1002;"2019-06-01"
19634;"energy";"gas";9000;9179;"2018-01-03";"2018-03-01";"";"";"";"Osnabrück";"indelivery";2000;"2019-01-14"
19635;"energy";"electricity";2600;2518;"2020-05-21";"2021-02-01";"";"";"";"Ingolstadt";"active";1002;"2020-08-27"
19636;"energy";"electricity";2300;2199;"2019-12-18";"2020-01-01";"";"";"";"Bremen";"indelivery";1001;"2020-03-05"
19637;"energy";"electricity";2600;2492;"2020-02-17";"2020-07-01";"";"";"";"Münster";"indelivery";1002;"2020-07-15"
19638;"energy";"electricity";2200;2332;"2018-07-21";"2018-09-01";"";"";"";"Berlin";"indelivery";1002;"2018-12-11"
19639;"energy";"electricity";2200;2321;"2019-06-16";"2019-07-01";"";"";"";"Northeim";"indelivery";1002;"2019-09-14"
19640;"energy";"electricity";2400;2326;"2020-02-28";"2020-04-01";"";"";"";"Ingolstadt";"indelivery";1001;"2020-09-01"
19641;"energy";"electricity";2100;2152;"2018-04-15";"2018-10-01";"2019-06-30";"2019-06-01";"Umzug";"Marienberg";"terminated";1002;"2019-06-01"
19642;"energy";"electricity";2800;2682;"2018-10-12";"2019-07-01";"";"";"";"Bremerhaven";"indelivery";1001;"2019-08-13"
19643;"energy";"electricity";2800;2993;"2018-01-16";"2018-04-01";"";"";"";"Bremen";"indelivery";1000;"2019-03-12"
19644;"energy";"gas";11300;11715;"2019-09-26";"2020-01-01";"";"";"";"Munich";"indelivery";2001;"2019-12-04"
19645;"energy";"electricity";2500;2519;"2018-06-10";"2018-11-01";"";"";"";"Berlin";"indelivery";1000;"2018-06-17"
19646;"energy";"electricity";2900;2826;"2018-08-22";"2019-03-01";"";"";"";"Berlin";"indelivery";1000;"2019-10-05"
19647;"energy";"gas";8700;9361;"2018-01-31";"2018-05-01";"2020-03-31";"2020-03-03";"fristgerecht durch Kunde";"Heidelberg";"terminated";2000;"2018-12-07"
19648;"energy";"electricity";3000;3163;"2020-06-05";"2020-08-01";"";"";"";"Leipzig";"indelivery";1001;"2020-09-04"
19649;"energy";"electricity";2500;2550;"2018-02-06";"2018-06-01";"2020-12-31";"2020-12-01";"Umzug";"Berlin";"cancelled";1002;"2020-09-01"
19650;"energy";"electricity";2500;2367;"2018-01-09";"2018-02-01";"";"";"";"Rostock";"indelivery";1002;"2020-01-23"
19651;"energy";"electricity";2400;2356;"2019-04-29";"2020-06-01";"";"";"";"Mannheim";"indelivery";1000;"2020-02-15"
19652;"energy";"electricity";3000;3060;"2018-11-18";"2019-05-01";"";"";"";"Karlsruhe";"indelivery";1002;"2019-04-08"
19653;"energy";"electricity";2000;1960;"2019-10-20";"2020-05-01";"";"";"";"Düsseldorf";"indelivery";1000;"2020-05-04"
19654;"energy";"electricity";2700;2601;"2019-08-26";"2019-10-01";"2020-09-30";"2020-08-28";"fristgerecht durch Kunde";"Recklinghausen";"terminated";1001;"2019-10-14"
19655;"energy";"electricity";2700;2854;"2019-04-19";"2019-06-01";"2019-08-31";"2019-08-03";"fristgerecht durch LichtBlick";"Leipzig";"terminated";1002;"2019-07-15"
19656;"energy";"electricity";2400;2515;"2019-12-26";"2020-01-01";"";"";"";"Kiel";"indelivery";1002;"2020-05-03"
19657;"energy";"electricity";2400;2336;"2018-08-20";"2018-09-01";"";"";"";"Bielefeld";"indelivery";1002;"2019-07-19"
19658;"energy";"gas";9000;8631;"2018-03-07";"2018-06-01";"";"";"";"Oldenburg";"indelivery";2001;"2018-05-22"
19659;"energy";"electricity";2000;1934;"2018-06-17";"2019-02-01";"";"";"";"Wiesbaden";"indelivery";1002;"2019-09-09"
19660;"energy";"electricity";2900;3108;"2019-01-25";"2019-08-01";"2020-09-30";"2020-08-30";"fristgerecht durch Kunde";"Essen";"terminated";1000;"2019-05-15"
19661;"energy";"gas";11300;11548;"2020-08-25";"2021-01-01";"";"";"";"Duisburg";"active";2000;"2020-09-08"
19662;"energy";"electricity";2300;2309;"2020-07-15";"2020-10-01";"";"";"";"Berlin";"indelivery";1000;"2020-07-24"
19663;"energy";"electricity";2200;2309;"2019-05-31";"2019-11-01";"";"";"";"Cologne";"indelivery";1000;"2019-07-31"
19664;"energy";"electricity";2200;2108;"2019-07-22";"2019-09-01";"";"";"";"Stuttgart";"indelivery";1002;"2019-09-05"
19665;"energy";"electricity";2700;2581;"2018-02-04";"2018-04-01";"2020-02-29";"2020-01-31";"fristgerecht durch Kunde";"Wiesbaden";"terminated";1002;"2019-10-16"
19666;"energy";"gas";9000;9452;"2018-08-27";"2018-09-01";"";"";"";"Neumünster";"indelivery";2001;"2018-11-08"
19667;"energy";"electricity";2700;"";"2019-05-03";"2019-07-01";"";"";"";"Dortmund";"indelivery";1001;"2019-06-13"
19668;"energy";"electricity";3000;3098;"2018-03-23";"2018-08-01";"";"";"";"Freiburg";"indelivery";1001;"2020-08-06"
19669;"energy";"electricity";2300;2317;"2018-01-05";"2018-05-01";"";"";"";"Birkenfeld";"indelivery";1002;"2019-12-20"
19670;"energy";"electricity";2000;2118;"2019-07-14";"2020-04-01";"2020-05-31";"2020-05-01";"fristgerecht durch Kunde";"Hamburg";"terminated";1001;"2020-05-01"
19671;"energy";"electricity";1900;1978;"2019-12-25";"2020-01-01";"";"";"";"Hamburg";"indelivery";1000;"2020-02-02"
19672;"energy";"electricity";2200;2225;"2020-02-06";"2020-03-01";"";"";"";"Bremen";"indelivery";1000;"2020-03-19"
19673;"energy";"electricity";2200;2285;"2020-01-08";"2020-08-01";"";"";"";"Sigmaringen";"indelivery";1002;"2020-01-25"
19674;"energy";"electricity";2100;2149;"2018-03-19";"2018-05-01";"";"";"";"Koblenz";"indelivery";1002;"2020-05-25"
19675;"energy";"electricity";2600;2534;"2020-09-10";"2021-03-01";"";"";"";"Koblenz";"active";1002;"2020-09-17"
19676;"energy";"electricity";2100;2115;"2018-11-20";"2019-09-01";"";"";"";"Hamburg";"indelivery";1002;"2019-04-21"
19677;"energy";"electricity";2400;2509;"2018-09-28";"2018-11-01";"";"";"";"Munich";"indelivery";1000;"2020-03-11"
19678;"energy";"electricity";2200;2097;"2019-03-03";"2019-05-01";"";"";"";"Berlin";"indelivery";1000;"2019-03-04"
19679;"energy";"gas";8500;9052;"2018-08-11";"2019-08-01";"";"";"";"Stuttgart";"indelivery";2001;"2019-10-11"
19680;"energy";"electricity";2400;2460;"2018-07-29";"2018-11-01";"";"";"";"Frankfurt";"indelivery";1002;"2019-10-26"
19681;"energy";"electricity";2300;2311;"2020-01-05";"2020-05-01";"";"";"";"Bonn";"indelivery";1001;"2020-05-04"
19682;"energy";"electricity";2700;2839;"2018-12-28";"2019-02-01";"";"";"";"Plauen";"indelivery";1000;"2019-05-08"
19683;"energy";"electricity";2700;2633;"2018-02-05";"2018-03-01";"2019-12-31";"2019-12-01";"fristgerecht durch LichtBlick";"Duisburg";"terminated";1000;"2018-06-26"
19684;"energy";"electricity";2200;2270;"2018-10-17";"2019-06-01";"";"";"";"Berlin";"indelivery";1002;"2019-03-21"
19685;"energy";"electricity";2100;2146;"2019-12-13";"2020-01-01";"";"";"";"Würzburg";"indelivery";1000;"2020-02-05"
19686;"energy";"electricity";2800;2901;"2018-10-03";"2019-03-01";"2020-11-30";"2020-11-01";"fristgerecht durch LichtBlick";"Bad Schwalbach";"cancelled";1001;"2020-04-13"
19687;"energy";"electricity";2000;2043;"2018-05-21";"2019-02-01";"";"";"";"Munich";"indelivery";1000;"2020-07-30"
19688;"energy";"gas";10100;10136;"2018-07-01";"2018-08-01";"2019-08-31";"2019-08-03";"fristgerecht durch LichtBlick";"Duisburg";"terminated";2000;"2019-05-08"
19689;"energy";"electricity";2800;"";"2019-01-24";"2019-03-01";"";"";"";"Berlin";"indelivery";1002;"2019-08-03"
19690;"energy";"electricity";2700;2564;"2019-01-08";"2019-05-01";"";"";"";"Husum";"indelivery";1002;"2020-05-09"
19691;"energy";"electricity";2800;2852;"2018-03-03";"2018-07-01";"";"";"";"Munich";"indelivery";1001;"2019-07-09"
19692;"energy";"electricity";2800;2866;"2018-08-31";"2018-12-01";"";"";"";"Essen";"indelivery";1000;"2019-06-13"
19693;"energy";"electricity";2200;2217;"2019-08-11";"2019-10-01";"";"";"";"Cologne";"indelivery";1000;"2020-07-21"
19694;"energy";"electricity";2300;2370;"2018-06-06";"2018-08-01";"2018-08-01";"2019-05-29";"Wiederruf";"Dortmund";"terminated";1000;"2019-05-29"
19695;"energy";"electricity";2600;2656;"2020-02-16";"2020-03-01";"2020-12-31";"2020-12-03";"fristgerecht durch LichtBlick";"Mannheim";"cancelled";1002;"2020-06-20"
19696;"energy";"electricity";2700;2686;"2019-02-07";"2019-09-01";"";"";"";"Duisburg";"indelivery";1001;"2019-07-02"
19697;"energy";"electricity";2100;2071;"2020-06-24";"2020-12-01";"";"";"";"Münster";"active";1002;"2020-09-09"
19698;"energy";"electricity";2600;2518;"2018-09-03";"2019-09-01";"2020-02-29";"2020-01-31";"fristgerecht durch Kunde";"Lübeck";"terminated";1001;"2019-03-26"
19699;"energy";"electricity";2900;3024;"2019-07-20";"2020-04-01";"";"";"";"Rostock";"indelivery";1002;"2020-02-16"
19700;"energy";"electricity";2600;2718;"2019-10-19";"2019-12-01";"";"";"";"Dresden";"indelivery";1000;"2020-06-02"
19701;"energy";"electricity";2700;2633;"2020-02-01";"2020-05-01";"";"";"";"Dresden";"indelivery";1001;"2020-06-09"
19702;"energy";"electricity";2000;2086;"2018-11-16";"2019-04-01";"";"";"";"Berlin";"indelivery";1002;"2020-01-14"
19703;"energy";"electricity";2200;2330;"2019-07-30";"2020-02-01";"";"";"";"Koblenz";"indelivery";1000;"2020-02-11"
19704;"energy";"gas";10400;11247;"2018-07-06";"2019-08-01";"";"";"";"Stuttgart";"indelivery";2000;"2020-03-14"
19705;"energy";"electricity";2000;2083;"2018-05-12";"2018-07-01";"2020-10-31";"2020-10-02";"fristgerecht durch LichtBlick";"Cologne";"cancelled";1000;"2019-12-01"
19706;"energy";"electricity";2300;2339;"2018-08-21";"2018-09-01";"";"";"";"Munich";"indelivery";1000;"2020-09-01"
19707;"energy";"electricity";2300;2251;"2019-05-11";"2019-06-01";"";"";"";"Berlin";"indelivery";1002;"2020-08-15"
19708;"energy";"gas";9300;9236;"2018-09-05";"2018-12-01";"";"";"";"Osnabrück";"indelivery";2001;"2019-12-17"
19709;"energy";"electricity";2200;2390;"2020-02-09";"2020-05-01";"";"";"";"Duisburg";"indelivery";1001;"2020-03-11"
19710;"energy";"electricity";2100;2012;"2020-04-10";"2020-07-01";"";"";"";"Hamburg";"indelivery";1000;"2020-08-21"
19711;"energy";"electricity";2800;2797;"2018-04-30";"2018-11-01";"";"";"";"Cologne";"indelivery";1001;"2019-09-25"
19712;"energy";"electricity";2600;2592;"2018-07-24";"2018-10-01";"2019-05-31";"2019-04-30";"fristgerecht durch Kunde";"Berlin";"terminated";1002;"2018-08-16"
19713;"energy";"electricity";2500;2422;"2018-02-01";"2018-05-01";"";"";"";"Berlin";"indelivery";1001;"2019-11-15"
19714;"energy";"electricity";2500;2685;"2019-09-17";"2019-12-01";"";"";"";"Cologne";"indelivery";1000;"2020-04-17"
19715;"energy";"electricity";2600;2498;"2020-01-23";"2020-11-01";"";"";"";"Fürth";"active";1002;"2020-07-23"
19716;"energy";"electricity";2600;2601;"2019-04-03";"2019-06-01";"";"";"";"Essen";"indelivery";1000;"2020-09-24"
19717;"energy";"gas";11200;11645;"2019-02-07";"2019-03-01";"2020-09-30";"2020-09-02";"fristgerecht durch Kunde";"Meiningen";"terminated";2000;"2019-06-20"
19718;"energy";"electricity";2100;2259;"2018-04-24";"2018-06-01";"";"";"";"Wiesbaden";"indelivery";1002;"2020-01-20"
19719;"energy";"electricity";2800;2650;"2018-11-12";"2019-04-01";"2020-06-30";"2020-06-02";"fristgerecht durch LichtBlick";"Munich";"terminated";1000;"2019-01-27"
19720;"energy";"electricity";2300;2302;"2018-09-25";"2019-06-01";"";"";"";"Wiesbaden";"indelivery";1002;"2018-12-15"
19721;"energy";"electricity";2400;2488;"2020-05-21";"2020-08-01";"";"";"";"Munich";"indelivery";1002;"2020-07-02"
19722;"energy";"electricity";2000;2041;"2019-03-30";"2020-04-01";"";"";"";"Berlin";"indelivery";1000;"2020-08-11"
19723;"energy";"electricity";2400;2601;"2019-07-30";"2019-11-01";"";"";"";"Munich";"indelivery";1000;"2020-09-01"
19724;"energy";"gas";9400;9030;"2019-06-09";"2020-04-01";"";"";"";"Berlin";"indelivery";2001;"2020-01-22"
19725;"energy";"electricity";2900;3038;"2019-10-19";"2019-12-01";"";"";"";"Mannheim";"indelivery";1000;"2020-04-01"
19726;"energy";"gas";10000;9530;"2019-06-19";"2019-10-01";"2020-12-31";"2020-11-27";"fristgerecht durch Kunde";"Altchemnitz";"cancelled";2001;"2019-06-19"
19727;"energy";"gas";8900;9222;"2019-03-08";"2019-04-01";"";"";"";"Dresden";"indelivery";2000;"2019-06-07"
19728;"energy";"electricity";2300;2160;"2019-12-29";"2020-01-01";"";"";"";"Munich";"indelivery";1000;"2020-04-27"
19729;"energy";"electricity";2100;"";"2019-09-05";"2019-12-01";"";"";"";"Cottbus";"indelivery";1002;"2020-04-09"
19730;"energy";"gas";10400;10947;"2020-01-26";"2020-05-01";"";"";"";"Hannover";"indelivery";2001;"2020-07-26"
19731;"energy";"electricity";2200;2092;"2019-09-25";"2019-10-01";"";"";"";"Miesbach";"indelivery";1000;"2020-04-03"
19732;"energy";"electricity";1900;1834;"2019-12-19";"2020-10-01";"";"";"";"Frankfurt";"indelivery";1000;"2020-07-29"
19733;"energy";"electricity";2100;1997;"2020-03-11";"2020-06-01";"2020-10-31";"2020-10-02";"fristgerecht durch Kunde";"Münster";"cancelled";1000;"2020-07-09"
19734;"energy";"electricity";2900;2816;"2020-05-28";"2020-11-01";"";"";"";"Augsburg";"active";1000;"2020-09-02"
19735;"energy";"electricity";2000;1984;"2019-02-08";"2019-03-01";"2020-12-31";"2020-12-02";"fristgerecht durch LichtBlick";"Leipzig";"cancelled";1001;"2020-02-13"
19736;"energy";"electricity";2000;1974;"2019-05-27";"2019-09-01";"";"";"";"Berlin";"indelivery";1001;"2020-07-10"
19737;"energy";"electricity";2800;2683;"2019-06-08";"2019-08-01";"";"";"";"Hamburg";"indelivery";1002;"2019-06-12"
19738;"energy";"electricity";2300;"";"2018-05-02";"2018-07-01";"";"";"";"Altchemnitz";"indelivery";1001;"2019-08-28"
19739;"energy";"electricity";2700;2627;"2020-05-18";"2021-03-01";"";"";"";"Koblenz";"active";1000;"2020-09-21"
19740;"energy";"gas";10700;11444;"2019-06-01";"2019-08-01";"";"";"";"Münster";"indelivery";2000;"2019-09-10"
19741;"energy";"electricity";2200;2191;"2018-03-06";"2018-04-01";"";"";"";"Berlin";"indelivery";1001;"2020-02-04"
19742;"energy";"electricity";2300;2434;"2019-08-19";"2019-10-01";"";"";"";"Kassel";"indelivery";1000;"2019-08-19"
19743;"energy";"electricity";2900;3015;"2019-10-26";"2020-03-01";"";"";"";"Marienberg";"indelivery";1002;"2020-08-15"
19744;"energy";"electricity";2600;"";"2020-01-07";"2020-03-01";"2020-11-30";"2020-11-01";"fristgerecht durch LichtBlick";"Duisburg";"cancelled";1000;"2020-07-28"
19745;"energy";"electricity";2300;2434;"2018-07-21";"2018-12-01";"2019-07-31";"2019-06-30";"Umzug";"Berlin";"terminated";1002;"2019-06-30"
19746;"energy";"electricity";2100;2204;"2018-07-29";"2018-10-01";"";"";"";"Berlin";"indelivery";1001;"2018-12-30"
19747;"energy";"electricity";3000;3107;"2018-05-23";"2018-06-01";"";"";"";"Ratzeburg";"indelivery";1002;"2018-09-30"
19748;"energy";"electricity";2700;2685;"2019-03-16";"2019-05-01";"";"";"";"Mannheim";"indelivery";1000;"2020-04-02"
19749;"energy";"electricity";2300;2411;"2018-02-28";"2018-03-01";"";"";"";"Freiburg";"indelivery";1000;"2019-07-12"
19750;"energy";"electricity";2300;2464;"2019-07-14";"2019-09-01";"2020-12-31";"2020-11-30";"Umzug";"Dortmund";"cancelled";1002;"2020-07-17"
19751;"energy";"electricity";2400;2261;"2018-05-04";"2018-09-01";"";"";"";"Bremen";"indelivery";1000;"2020-06-23"
19752;"energy";"electricity";2700;2907;"2018-05-09";"2018-12-01";"";"";"";"Karlsruhe";"indelivery";1001;"2020-05-09"
19753;"energy";"gas";9300;9918;"2019-01-23";"2020-04-01";"";"";"";"Marienberg";"indelivery";2001;"2019-12-11"
19754;"energy";"electricity";2600;2762;"2020-09-07";"2020-10-01";"";"";"";"Bremen";"indelivery";1002;"2020-09-15"
19755;"energy";"electricity";2700;2916;"2019-09-26";"2019-10-01";"";"";"";"Bielefeld";"indelivery";1000;"2019-12-28"
19756;"energy";"electricity";2400;2532;"2019-02-16";"2019-03-01";"";"";"";"Hamburg";"indelivery";1002;"2020-05-25"
19757;"energy";"electricity";2500;2525;"2018-04-08";"2018-11-01";"2020-11-30";"2020-11-01";"fristgerecht durch Kunde";"Berlin";"cancelled";1002;"2020-08-05"
19758;"energy";"electricity";1900;1795;"2019-01-22";"2019-04-01";"";"";"";"Stuttgart";"indelivery";1001;"2019-12-06"
19759;"energy";"electricity";2400;2553;"2018-05-22";"2018-08-01";"";"";"";"Stralsund";"indelivery";1000;"2019-12-26"
19760;"energy";"electricity";2200;2131;"2019-10-15";"2020-06-01";"";"";"";"Berlin";"indelivery";1000;"2020-05-12"
19761;"energy";"gas";11400;11984;"2018-11-04";"2019-04-01";"";"";"";"Hamburg";"indelivery";2000;"2019-09-04"
19762;"energy";"gas";8300;8470;"2018-01-14";"2018-06-01";"";"";"";"Düsseldorf";"indelivery";2001;"2019-03-09"
19763;"energy";"electricity";2400;2432;"2019-04-27";"2019-10-01";"2020-01-31";"2020-01-03";"Umzug";"Frankfurt";"terminated";1001;"2020-01-03"
19764;"energy";"electricity";2700;2837;"2019-02-24";"2019-07-01";"";"";"";"Duisburg";"indelivery";1001;"2020-01-16"
19765;"energy";"electricity";2200;2144;"2018-07-07";"2018-09-01";"2019-12-31";"2019-12-02";"fristgerecht durch Kunde";"Berlin";"terminated";1001;"2019-12-02"
19766;"energy";"gas";8100;8335;"2019-02-21";"2019-11-01";"";"";"";"Cottbus";"indelivery";2001;"2020-07-12"
19767;"energy";"electricity";2300;2340;"2019-08-08";"2020-01-01";"";"";"";"Hannover";"indelivery";1002;"2019-08-29"
19768;"energy";"electricity";2500;2535;"2019-06-12";"2019-07-01";"";"";"";"Frankfurt";"indelivery";1000;"2019-11-19"
19769;"energy";"electricity";1900;2095;"2020-07-03";"2020-10-01";"";"";"";"Frankfurt";"indelivery";1002;"2020-09-20"
19770;"energy";"gas";9000;8768;"2019-08-20";"2019-10-01";"2019-10-01";"2019-11-30";"Wiederruf";"Hamburg";"terminated";2000;"2019-11-30"
19771;"energy";"electricity";2200;2138;"2019-04-19";"2020-07-01";"";"";"";"Berlin";"indelivery";1002;"2019-06-06"
19772;"energy";"gas";8700;8539;"2019-12-13";"2020-03-01";"";"";"";"Mainz";"indelivery";2000;"2020-05-04"
19773;"energy";"electricity";2900;2777;"2020-09-03";"2020-10-01";"2020-12-31";"2020-12-03";"fristgerecht durch Kunde";"Wiesbaden";"cancelled";1001;"2020-09-04"
19774;"energy";"electricity";2900;"";"2019-05-28";"2020-04-01";"";"";"";"Dortmund";"indelivery";1002;"2020-06-19"
19775;"energy";"electricity";2100;2200;"2020-02-26";"2020-05-01";"";"";"";"Emden";"indelivery";1000;"2020-03-09"
19776;"energy";"electricity";2500;2367;"2020-08-28";"2021-02-01";"";"";"";"Erfurt";"active";1001;"2020-09-08"
19777;"energy";"electricity";2400;2367;"2020-03-24";"2020-07-01";"";"";"";"Berlin";"indelivery";1002;"2020-04-18"
19778;"energy";"gas";11700;12640;"2019-03-19";"2019-10-01";"";"";"";"Bremen";"indelivery";2000;"2020-08-12"
19779;"energy";"gas";8100;8557;"2020-02-11";"2020-03-01";"";"";"";"Rostock";"indelivery";2001;"2020-04-13"
19780;"energy";"electricity";2500;2619;"2019-02-13";"2019-08-01";"";"";"";"Berlin";"indelivery";1001;"2020-03-18"
19781;"energy";"gas";10600;11375;"2018-03-09";"2018-04-01";"";"";"";"Munich";"indelivery";2000;"2020-09-18"
19782;"energy";"electricity";2200;2291;"2018-01-12";"2018-06-01";"2018-06-01";"2019-07-27";"Wiederruf";"Schwerin";"terminated";1000;"2019-07-27"
19783;"energy";"electricity";2800;2889;"2019-03-12";"2019-05-01";"";"";"";"Hamburg";"indelivery";1001;"2019-08-03"
19784;"energy";"gas";11700;"";"2020-09-25";"2020-12-01";"";"";"";"Osnabrück";"active";2001;"2020-09-27"
19785;"energy";"electricity";2400;2554;"2019-02-22";"2019-04-01";"";"";"";"Braunschweig";"indelivery";1000;"2019-02-22"
19786;"energy";"electricity";2300;2171;"2018-07-05";"2019-05-01";"";"";"";"Jena";"indelivery";1002;"2020-09-02"
19787;"energy";"electricity";2900;2829;"2020-06-26";"2020-12-01";"";"";"";"Rostock";"active";1002;"2020-07-10"
19788;"energy";"electricity";2200;2301;"2020-09-17";"2021-02-01";"";"";"";"Hanau";"active";1000;"2020-09-22"
19789;"energy";"gas";10900;11124;"2019-08-07";"2020-03-01";"";"";"";"Freiburg";"indelivery";2000;"2020-03-12"
19790;"energy";"electricity";2100;"";"2019-10-28";"2019-12-01";"";"";"";"Altchemnitz";"indelivery";1002;"2020-05-20"
19791;"energy";"electricity";2000;2141;"2019-09-02";"2019-12-01";"";"";"";"Mannheim";"indelivery";1002;"2020-06-21"
19792;"energy";"electricity";2800;2725;"2019-02-13";"2019-11-01";"";"";"";"Bonn";"indelivery";1002;"2020-08-15"
19793;"energy";"electricity";2200;2143;"2020-03-29";"2020-05-01";"2020-11-30";"2020-11-02";"Umzug";"Freiburg";"cancelled";1002;"2020-07-29"
19794;"energy";"electricity";2500;2684;"2019-05-31";"2019-07-01";"";"";"";"Würzburg";"indelivery";1002;"2020-07-01"
19795;"energy";"gas";8900;9387;"2019-04-28";"2019-06-01";"";"";"";"Ingolstadt";"indelivery";2001;"2020-03-25"
19796;"energy";"electricity";2100;2029;"2020-03-23";"2020-08-01";"";"";"";"Kassel";"indelivery";1000;"2020-07-17"
19797;"energy";"gas";11000;11233;"2020-07-02";"2021-05-01";"";"";"";"Dresden";"active";2000;"2020-07-19"
19798;"energy";"electricity";2900;2915;"2018-09-28";"2019-02-01";"";"";"";"Munich";"indelivery";1000;"2020-05-09"
19799;"energy";"electricity";2200;2224;"2018-12-27";"2019-01-01";"";"";"";"Stuttgart";"indelivery";1000;"2020-08-07"
19800;"energy";"electricity";2700;2825;"2019-12-21";"2020-01-01";"";"";"";"Berlin";"indelivery";1000;"2020-08-08"
19801;"energy";"gas";8900;9093;"2019-09-30";"2021-01-01";"";"";"";"Berlin";"active";2000;"2020-01-09"
19802;"energy";"electricity";2300;2291;"2020-03-05";"2020-04-01";"";"";"";"Marienberg";"indelivery";1002;"2020-05-12"
19803;"energy";"electricity";2800;2892;"2020-06-08";"2020-10-01";"";"";"";"Munich";"indelivery";1002;"2020-06-17"
19804;"energy";"electricity";2500;2505;"2020-08-14";"2021-09-01";"";"";"";"Dortmund";"active";1002;"2020-08-31"
19805;"energy";"electricity";2100;2102;"2018-11-08";"2019-01-01";"";"";"";"Regensburg";"indelivery";1001;"2019-11-14"
19806;"energy";"electricity";2800;2792;"2020-02-22";"2020-04-01";"2020-05-31";"2020-05-01";"fristgerecht durch LichtBlick";"Hamburg";"terminated";1001;"2020-05-01"
19807;"energy";"electricity";2500;2420;"2020-07-26";"2020-10-01";"";"";"";"Karlsruhe";"indelivery";1000;"2020-07-31"
19808;"energy";"gas";10900;11050;"2018-11-27";"2019-01-01";"2019-02-28";"2019-01-31";"fristgerecht durch Kunde";"Augsburg";"terminated";2001;"2019-01-31"
19809;"energy";"electricity";2000;"";"2020-08-01";"2020-08-01";"";"";"";"Bremerhaven";"indelivery";1002;"2020-08-09"
19810;"energy";"electricity";2100;2205;"2019-10-28";"2019-12-01";"";"";"";"Munich";"indelivery";1002;"2019-12-25"
19811;"energy";"electricity";2200;2221;"2019-02-28";"2019-04-01";"";"";"";"Hamburg";"indelivery";1000;"2019-11-25"
19812;"energy";"electricity";2800;2656;"2019-07-29";"2019-08-01";"";"";"";"Esslingen";"indelivery";1002;"2020-08-10"
19813;"energy";"electricity";2600;2481;"2019-10-13";"2020-06-01";"";"";"";"Dortmund";"indelivery";1002;"2020-07-01"
19814;"energy";"electricity";2000;2134;"2019-02-12";"2019-04-01";"";"";"";"Cottbus";"indelivery";1001;"2020-06-21"
19815;"energy";"electricity";2100;2012;"2018-11-09";"2019-02-01";"";"";"";"Berlin";"indelivery";1001;"2019-01-16"
19816;"energy";"electricity";2900;2932;"2019-06-12";"2019-09-01";"";"";"";"Bielefeld";"indelivery";1002;"2020-08-16"
19817;"energy";"gas";7900;"";"2018-07-15";"2018-11-01";"";"";"";"Hamburg";"indelivery";2001;"2019-07-05"
19818;"energy";"electricity";1900;2029;"2019-07-29";"2019-09-01";"";"";"";"Hamburg";"indelivery";1000;"2020-01-03"
19819;"energy";"electricity";2100;2079;"2019-03-28";"2019-04-01";"";"";"";"Berlin";"indelivery";1001;"2019-12-01"
19820;"energy";"electricity";2700;2711;"2018-07-03";"2018-10-01";"2020-05-31";"2020-05-03";"fristgerecht durch Kunde";"Hamburg";"terminated";1002;"2019-11-26"
19821;"energy";"gas";8800;9133;"2020-02-07";"2020-10-01";"";"";"";"Düsseldorf";"indelivery";2001;"2020-08-31"
19822;"energy";"electricity";2300;2306;"2019-12-12";"2020-02-01";"";"";"";"Munich";"indelivery";1002;"2020-02-08"
19823;"energy";"electricity";2200;2170;"2018-11-13";"2019-01-01";"";"";"";"Marienberg";"indelivery";1000;"2019-11-13"
19824;"energy";"gas";8300;8100;"2018-04-12";"2018-05-01";"2018-05-01";"2020-02-27";"Wiederruf";"Wuppertal";"terminated";2001;"2019-09-08"
19825;"energy";"electricity";2700;2658;"2018-03-04";"2018-06-01";"";"";"";"Hannover";"indelivery";1002;"2019-03-20"
19826;"energy";"electricity";2600;2812;"2019-04-18";"2019-08-01";"";"";"";"Berlin";"indelivery";1002;"2020-05-03"
19827;"energy";"electricity";2500;2420;"2020-05-21";"2020-10-01";"";"";"";"Berlin";"indelivery";1002;"2020-06-30"
19828;"energy";"electricity";2800;2665;"2020-01-31";"2020-04-01";"";"";"";"Freiburg";"indelivery";1002;"2020-08-25"
19829;"energy";"electricity";2400;2353;"2020-04-26";"2020-05-01";"";"";"";"Berlin";"indelivery";1000;"2020-05-18"
19830;"energy";"electricity";2200;2313;"2019-12-04";"2020-04-01";"";"";"";"Dortmund";"indelivery";1001;"2020-07-25"
19831;"energy";"electricity";2500;2528;"2020-02-26";"2021-02-01";"";"";"";"Berlin";"active";1001;"2020-06-04"
19832;"energy";"electricity";2300;2247;"2018-07-13";"2018-11-01";"";"";"";"Berlin";"indelivery";1000;"2019-08-03"
19833;"energy";"gas";8400;8932;"2019-06-28";"2019-11-01";"2020-12-31";"2020-11-30";"fristgerecht durch LichtBlick";"Frankfurt";"cancelled";2000;"2019-10-04"
19834;"energy";"electricity";2400;2604;"2018-02-02";"2018-03-01";"2020-01-31";"2020-01-02";"fristgerecht durch LichtBlick";"Marienberg";"terminated";1000;"2020-01-02"
19835;"energy";"electricity";2200;2248;"2020-06-17";"2020-11-01";"";"";"";"Heidenheim";"active";1001;"2020-09-13"
19836;"energy";"electricity";2700;2842;"2019-03-29";"2019-08-01";"";"";"";"Bremen";"indelivery";1002;"2020-09-26"
19837;"energy";"electricity";2100;2116;"2018-04-04";"2018-05-01";"";"";"";"Fürth";"indelivery";1001;"2018-11-03"
19838;"energy";"electricity";2800;2889;"2018-05-01";"2018-08-01";"";"";"";"Bremen";"indelivery";1001;"2020-08-07"
19839;"energy";"electricity";3000;3063;"2020-04-11";"2021-04-01";"";"";"";"Düsseldorf";"active";1000;"2020-04-25"
19840;"energy";"electricity";2900;3083;"2018-11-10";"2020-05-01";"";"";"";"Hamburg";"indelivery";1000;"2019-03-27"
19841;"energy";"electricity";2600;2730;"2018-08-04";"2018-09-01";"2020-04-30";"2020-03-29";"fristgerecht durch LichtBlick";"Duisburg";"terminated";1000;"2018-12-27"
19842;"energy";"electricity";2200;"";"2018-08-06";"2018-10-01";"2019-07-31";"2019-07-01";"fristgerecht durch Kunde";"Berlin";"terminated";1002;"2018-09-09"
19843;"energy";"electricity";2000;1969;"2018-12-22";"2019-06-01";"2019-06-01";"2020-04-01";"Wiederruf";"Frankfurt";"terminated";1000;"2020-04-01"
19844;"energy";"electricity";2600;"";"2019-06-28";"2020-01-01";"";"";"";"Cologne";"indelivery";1001;"2020-08-05"
19845;"energy";"electricity";2200;2189;"2018-02-23";"2018-03-01";"";"";"";"Düsseldorf";"indelivery";1000;"2019-01-20"
19846;"energy";"gas";11900;11693;"2018-12-22";"2019-02-01";"";"";"";"Münster";"indelivery";2000;"2019-05-01"
19847;"energy";"electricity";2600;2809;"2020-03-27";"2020-06-01";"2020-09-30";"2020-09-02";"Umzug";"Stuttgart";"terminated";1002;"2020-08-03"
19848;"energy";"gas";9200;9267;"2018-12-03";"2019-02-01";"";"";"";"Augsburg";"indelivery";2001;"2020-02-11"
19849;"energy";"electricity";2800;2787;"2018-06-13";"2019-01-01";"2019-05-31";"2019-04-17";"fristgerecht durch LichtBlick";"Duisburg";"terminated";1002;"2018-12-27"
19850;"energy";"electricity";2300;2490;"2019-08-09";"2019-12-01";"";"";"";"Bitburg";"indelivery";1002;"2020-04-30"
19851;"energy";"electricity";2900;2988;"2018-03-24";"2019-03-01";"";"";"";"Düsseldorf";"indelivery";1001;"2020-09-21"
19852;"energy";"electricity";2300;2380;"2018-01-13";"2018-06-01";"";"";"";"Bremen";"indelivery";1001;"2018-01-31"
19853;"energy";"electricity";2500;"";"2018-03-24";"2018-12-01";"";"";"";"Cologne";"indelivery";1002;"2019-10-25"
19854;"energy";"electricity";2600;2539;"2020-06-20";"2020-11-01";"2020-12-31";"2020-12-01";"Umzug";"Berlin";"cancelled";1000;"2020-09-18"
19855;"energy";"electricity";2700;2615;"2019-12-29";"2020-02-01";"";"";"";"Hamburg";"indelivery";1002;"2020-01-13"
19856;"energy";"electricity";2800;2648;"2020-08-02";"2020-10-01";"";"";"";"Wiesbaden";"indelivery";1000;"2020-08-22"
19857;"energy";"electricity";2300;2505;"2018-03-29";"2018-07-01";"";"";"";"Stuttgart";"indelivery";1000;"2019-11-07"
19858;"energy";"electricity";2300;2381;"2019-11-04";"2020-05-01";"";"";"";"Rostock";"indelivery";1000;"2020-03-31"
19859;"energy";"electricity";2700;2796;"2020-05-01";"2021-02-01";"";"";"";"Hamburg";"active";1001;"2020-08-15"
19860;"energy";"electricity";2000;"";"2019-10-02";"2019-12-01";"";"";"";"Gera";"indelivery";1001;"2020-08-02"
19861;"energy";"electricity";2100;2193;"2020-02-26";"2020-03-01";"";"";"";"Hamburg";"indelivery";1001;"2020-06-30"
19862;"energy";"electricity";2800;2913;"2019-08-09";"2019-09-01";"";"";"";"Koblenz";"indelivery";1002;"2020-01-19"
19863;"energy";"electricity";2700;2582;"2019-07-17";"2019-10-01";"2019-10-01";"2020-07-02";"Wiederruf";"Cologne";"terminated";1000;"2020-07-02"
19864;"energy";"electricity";2600;2548;"2018-12-18";"2019-02-01";"";"";"";"Karlsruhe";"indelivery";1002;"2020-08-26"
19865;"energy";"electricity";2400;2381;"2020-02-11";"2020-05-01";"";"";"";"Duisburg";"indelivery";1002;"2020-07-05"
19866;"energy";"electricity";2200;2343;"2019-01-02";"2019-02-01";"2019-02-01";"2020-07-02";"Wiederruf";"Hannover";"terminated";1002;"2020-07-02"
19867;"energy";"electricity";2500;2528;"2018-11-10";"2019-07-01";"";"";"";"Stralsund";"indelivery";1001;"2019-04-03"
19868;"energy";"electricity";2700;2574;"2019-04-12";"2019-11-01";"";"";"";"Frankfurt";"indelivery";1002;"2019-11-10"
19869;"energy";"electricity";2300;2419;"2020-03-12";"2020-11-01";"";"";"";"Cologne";"active";1000;"2020-05-28"
19870;"energy";"electricity";2500;2495;"2018-07-31";"2018-10-01";"";"";"";"Cologne";"indelivery";1000;"2019-07-19"
19871;"energy";"electricity";2700;2607;"2019-05-12";"2019-06-01";"";"";"";"Kassel";"indelivery";1000;"2019-09-19"
19872;"energy";"electricity";2900;"";"2020-01-14";"2020-04-01";"";"";"";"Bielefeld";"indelivery";1000;"2020-02-16"
19873;"energy";"gas";7900;7888;"2018-06-03";"2018-08-01";"2020-06-30";"2020-06-01";"fristgerecht durch LichtBlick";"Stuttgart";"terminated";2001;"2018-06-17"
19874;"energy";"electricity";2700;2622;"2018-03-08";"2018-06-01";"2020-08-31";"2020-08-02";"Umzug";"Leipzig";"terminated";1000;"2019-11-28"
19875;"energy";"electricity";2800;2721;"2018-11-27";"2019-02-01";"2019-10-31";"2019-10-01";"fristgerecht durch Kunde";"Kiel";"terminated";1000;"2019-10-01"
19876;"energy";"electricity";2900;3048;"2019-01-20";"2019-03-01";"";"";"";"Essen";"indelivery";1000;"2020-07-19"
19877;"energy";"electricity";2400;2336;"2019-01-08";"2019-03-01";"";"";"";"Wuppertal";"indelivery";1000;"2019-08-25"
19878;"energy";"electricity";2300;2323;"2018-09-23";"2018-12-01";"";"";"";"Münster";"indelivery";1000;"2019-11-13"
19879;"energy";"electricity";2900;"";"2019-11-15";"2020-07-01";"";"";"";"Augsburg";"indelivery";1000;"2019-12-29"
19880;"energy";"electricity";2000;1882;"2019-02-15";"2019-04-01";"";"";"";"Stuttgart";"indelivery";1001;"2019-03-08"
19881;"energy";"electricity";2100;2240;"2019-03-24";"2019-09-01";"2019-09-01";"2020-03-03";"Wiederruf";"Hannover";"terminated";1001;"2019-04-21"
19882;"energy";"electricity";2700;2628;"2020-09-06";"2020-12-01";"";"";"";"Cologne";"active";1002;"2020-09-29"
19883;"energy";"electricity";2800;2843;"2020-07-09";"2020-08-01";"";"";"";"Altchemnitz";"indelivery";1002;"2020-09-05"
19884;"energy";"electricity";2000;2154;"2019-08-24";"2019-09-01";"";"";"";"Karlsruhe";"indelivery";1002;"2020-09-06"
19885;"energy";"electricity";2900;2931;"2020-09-26";"2020-11-01";"";"";"";"Frankfurt";"active";1001;"2020-09-28"
19886;"energy";"electricity";2700;2823;"2019-08-13";"2020-02-01";"";"";"";"Munich";"indelivery";1000;"2020-08-27"
19887;"energy";"electricity";2800;2782;"2018-06-22";"2019-01-01";"";"";"";"Magdeburg";"indelivery";1000;"2019-12-11"
19888;"energy";"gas";8300;8192;"2020-08-20";"2020-12-01";"";"";"";"Leipzig";"active";2000;"2020-09-21"
19889;"energy";"electricity";2300;"";"2020-06-03";"2020-11-01";"";"";"";"Berlin";"active";1002;"2020-09-12"
19890;"energy";"gas";8500;8861;"2019-11-17";"2020-03-01";"";"";"";"Hamburg";"indelivery";2000;"2020-09-18"
19891;"energy";"electricity";2700;"";"2018-01-01";"2018-01-01";"";"";"";"Berlin";"indelivery";1001;"2019-08-13"
19892;"energy";"electricity";2900;2830;"2020-02-01";"2020-09-01";"";"";"";"Dortmund";"indelivery";1000;"2020-05-02"
19893;"energy";"electricity";2900;2797;"2019-09-06";"2020-01-01";"";"";"";"Stuttgart";"indelivery";1001;"2019-09-25"
19894;"energy";"electricity";2500;2585;"2018-03-22";"2018-05-01";"2019-01-31";"2019-01-03";"fristgerecht durch LichtBlick";"Berlin";"terminated";1001;"2018-07-18"
19895;"energy";"gas";9600;9905;"2020-07-15";"2020-08-01";"";"";"";"Düsseldorf";"indelivery";2001;"2020-08-10"
19896;"energy";"electricity";3000;2826;"2018-02-18";"2018-04-01";"";"";"";"Marienberg";"indelivery";1002;"2020-08-18"
19897;"energy";"electricity";3000;2970;"2018-03-13";"2018-05-01";"";"";"";"Daun";"indelivery";1001;"2019-07-26"
19898;"energy";"electricity";2600;2663;"2019-07-10";"2019-09-01";"";"";"";"Traunstein";"indelivery";1002;"2019-08-18"
19899;"energy";"electricity";2900;3136;"2019-02-15";"2019-04-01";"";"";"";"Duisburg";"indelivery";1002;"2020-04-03"
19900;"energy";"electricity";2600;2791;"2020-09-17";"2020-10-01";"";"";"";"Heidenheim";"indelivery";1002;"2020-09-17"
19901;"energy";"electricity";2200;2229;"2018-03-29";"2018-08-01";"";"";"";"Augsburg";"indelivery";1000;"2019-07-21"
19902;"energy";"electricity";2600;2686;"2018-05-10";"2018-07-01";"";"";"";"Berlin";"indelivery";1000;"2019-11-29"
19903;"energy";"electricity";2400;"";"2018-09-27";"2018-10-01";"2019-09-30";"2019-08-25";"Umzug";"Bremen";"terminated";1000;"2019-02-08"
19904;"energy";"electricity";2900;3157;"2018-06-06";"2018-07-01";"";"";"";"Wolfsburg";"indelivery";1000;"2020-09-19"
19905;"energy";"electricity";2600;2698;"2019-03-04";"2019-06-01";"";"";"";"Berlin";"indelivery";1002;"2020-02-18"
19906;"energy";"electricity";2500;"";"2018-04-25";"2018-07-01";"2019-09-30";"2019-08-31";"fristgerecht durch Kunde";"Altchemnitz";"terminated";1001;"2019-08-31"
19907;"energy";"electricity";2400;2359;"2019-11-06";"2020-06-01";"";"";"";"Hamburg";"indelivery";1001;"2020-06-11"
19908;"energy";"electricity";2500;2665;"2019-08-20";"2020-04-01";"";"";"";"Munich";"indelivery";1001;"2020-07-25"
19909;"energy";"electricity";2000;1904;"2018-07-07";"2019-02-01";"";"";"";"Frankfurt";"indelivery";1000;"2019-11-28"
19910;"energy";"electricity";2100;2241;"2020-02-16";"2020-05-01";"";"";"";"Bremen";"indelivery";1002;"2020-08-13"
19911;"energy";"electricity";2000;2093;"2018-05-08";"2019-01-01";"";"";"";"Berlin";"indelivery";1000;"2019-12-01"
19912;"energy";"electricity";2300;2342;"2019-06-17";"2019-10-01";"2019-11-30";"2019-11-01";"fristgerecht durch Kunde";"Dresden";"terminated";1002;"2019-11-01"
19913;"energy";"electricity";3100;2944;"2020-02-02";"2020-03-01";"2020-09-30";"2020-09-02";"fristgerecht durch Kunde";"Rendsburg";"terminated";1001;"2020-03-10"
19914;"energy";"electricity";2900;2998;"2018-12-07";"2019-05-01";"";"";"";"Stuttgart";"indelivery";1002;"2019-12-14"
19915;"energy";"electricity";2400;2358;"2020-05-02";"2020-11-01";"";"";"";"Wiesbaden";"active";1000;"2020-05-30"
19916;"energy";"electricity";2600;2479;"2019-03-09";"2019-04-01";"";"";"";"Mannheim";"indelivery";1000;"2019-11-24"
19917;"energy";"gas";8600;9112;"2020-09-08";"2021-05-01";"";"";"";"Göttingen";"active";2001;"2020-09-18"
19918;"energy";"electricity";2400;"";"2019-02-22";"2019-10-01";"";"";"";"Wiesbaden";"indelivery";1002;"2020-08-18"
19919;"energy";"electricity";2500;2431;"2020-01-30";"2020-05-01";"";"";"";"Bremen";"indelivery";1000;"2020-02-24"
19920;"energy";"electricity";2200;2076;"2019-05-26";"2019-12-01";"";"";"";"Hamburg";"indelivery";1002;"2020-02-13"
19921;"energy";"gas";10600;11212;"2018-10-10";"2019-01-01";"2019-11-30";"2019-11-02";"Umzug";"Munich";"terminated";2000;"2018-10-30"
19922;"energy";"electricity";2000;2192;"2020-07-15";"2020-08-01";"";"";"";"Mannheim";"indelivery";1001;"2020-08-09"
19923;"energy";"gas";9600;9550;"2019-11-01";"2019-12-01";"";"";"";"Frankfurt";"indelivery";2001;"2019-12-18"
19924;"energy";"gas";8200;7913;"2019-02-16";"2019-03-01";"";"";"";"Hamburg";"indelivery";2001;"2019-09-27"
19925;"energy";"gas";11000;11600;"2019-06-18";"2019-08-01";"";"";"";"Munich";"indelivery";2001;"2020-03-12"
19926;"energy";"electricity";2800;2640;"2019-07-26";"2020-10-01";"";"";"";"Dresden";"indelivery";1001;"2019-07-30"
19927;"energy";"electricity";2100;2023;"2018-06-10";"2018-09-01";"2020-08-31";"2020-08-02";"fristgerecht durch LichtBlick";"Hannover";"terminated";1002;"2018-11-24"
19928;"energy";"electricity";3000;3018;"2019-12-24";"2020-04-01";"";"";"";"Duisburg";"indelivery";1002;"2020-02-25"
19929;"energy";"electricity";2400;2529;"2018-11-29";"2019-01-01";"2019-09-30";"2019-09-02";"fristgerecht durch Kunde";"Wuppertal";"terminated";1000;"2018-12-20"
19930;"energy";"electricity";2400;2483;"2018-10-17";"2018-12-01";"";"";"";"Stuttgart";"indelivery";1002;"2018-11-27"
19931;"energy";"gas";11400;11168;"2019-05-19";"2019-06-01";"2019-06-01";"2020-10-01";"Wiederruf";"Coburg";"terminated";2000;"2020-09-22"
19932;"energy";"gas";11000;10483;"2018-09-06";"2019-01-01";"";"";"";"Osnabrück";"indelivery";2001;"2018-12-08"
19933;"energy";"gas";8100;8245;"2018-10-23";"2019-03-01";"";"";"";"Munich";"indelivery";2000;"2020-08-03"
19934;"energy";"gas";11300;10780;"2018-12-28";"2019-04-01";"";"";"";"Berlin";"indelivery";2000;"2019-12-01"
19935;"energy";"electricity";2500;2571;"2020-09-18";"2021-01-01";"";"";"";"Leipzig";"active";1000;"2020-09-29"
19936;"energy";"gas";11900;12492;"2019-11-13";"2020-10-01";"";"";"";"Bremen";"indelivery";2000;"2020-06-27"
19937;"energy";"electricity";2700;2756;"2020-07-06";"2020-10-01";"";"";"";"Wuppertal";"indelivery";1002;"2020-08-28"
19938;"energy";"gas";11800;12580;"2018-05-23";"2018-07-01";"";"";"";"Bonn";"indelivery";2001;"2020-05-01"
19939;"energy";"electricity";2200;2117;"2019-02-19";"2019-03-01";"2020-06-30";"2020-06-01";"Umzug";"Berlin";"terminated";1001;"2019-05-07"
19940;"energy";"electricity";1900;1835;"2020-06-14";"2020-12-01";"";"";"";"Stuttgart";"active";1000;"2020-08-17"
19941;"energy";"electricity";2200;2073;"2018-02-10";"2018-07-01";"";"";"";"Göttingen";"indelivery";1000;"2020-03-19"
19942;"energy";"electricity";2700;2657;"2019-01-06";"2019-09-01";"";"";"";"Wiesbaden";"indelivery";1001;"2020-06-01"
19943;"energy";"electricity";2500;2601;"2018-08-22";"2018-10-01";"";"";"";"Berlin";"indelivery";1000;"2019-04-10"
19944;"energy";"electricity";2100;2145;"2020-03-14";"2020-09-01";"";"";"";"Braunschweig";"indelivery";1001;"2020-09-13"
19945;"energy";"electricity";2500;"";"2019-01-30";"2019-11-01";"2020-02-29";"2020-01-31";"fristgerecht durch LichtBlick";"Lübeck";"terminated";1002;"2020-01-31"
19946;"energy";"electricity";2400;2459;"2020-08-26";"2020-12-01";"";"";"";"Hamburg";"active";1002;"2020-09-28"
19947;"energy";"electricity";2700;2670;"2020-09-27";"2021-02-01";"";"";"";"Berlin";"active";1000;"2020-09-27"
19948;"energy";"electricity";2500;2370;"2019-10-12";"2020-03-01";"2020-05-31";"2020-05-01";"fristgerecht durch Kunde";"Essen";"terminated";1001;"2020-05-01"
19949;"energy";"electricity";2400;2335;"2019-08-18";"2020-02-01";"";"";"";"Flensburg";"indelivery";1002;"2020-01-27"
19950;"energy";"electricity";2100;"";"2019-01-05";"2019-04-01";"";"";"";"Dortmund";"indelivery";1002;"2019-07-12"
19951;"energy";"gas";12000;11780;"2019-11-20";"2020-02-01";"";"";"";"Dingolfing";"indelivery";2000;"2019-12-03"
19952;"energy";"electricity";2900;3086;"2020-07-12";"2020-11-01";"";"";"";"Duisburg";"active";1002;"2020-08-16"
19953;"energy";"electricity";2500;2473;"2020-05-04";"2020-08-01";"2020-08-01";"2020-09-28";"Wiederruf";"Heinsberg";"terminated";1002;"2020-06-08"
19954;"energy";"electricity";2600;2493;"2018-04-29";"2018-06-01";"";"";"";"Frankfurt";"indelivery";1000;"2020-07-31"
19955;"energy";"gas";9900;10274;"2020-08-30";"2021-01-01";"";"";"";"Munich";"active";2000;"2020-09-26"
19956;"energy";"gas";8600;8840;"2018-03-21";"2018-09-01";"";"";"";"Berlin";"indelivery";2000;"2019-09-14"
19957;"energy";"gas";11900;11547;"2019-03-07";"2019-05-01";"";"";"";"Duisburg";"indelivery";2001;"2019-03-09"
19958;"energy";"electricity";2000;2163;"2020-06-04";"2021-01-01";"";"";"";"Bremen";"active";1001;"2020-06-10"
19959;"energy";"electricity";2900;2737;"2018-10-23";"2018-12-01";"2020-01-31";"2020-01-03";"Umzug";"Hamburg";"terminated";1001;"2019-01-31"
19960;"energy";"electricity";2600;2546;"2018-09-11";"2019-04-01";"";"";"";"Hamburg";"indelivery";1002;"2019-12-13"
19961;"energy";"electricity";2900;2900;"2019-03-20";"2019-04-01";"2020-08-31";"2020-08-01";"Umzug";"Schwerin";"terminated";1001;"2019-08-23"
19962;"energy";"gas";10900;10384;"2020-05-29";"2020-09-01";"";"";"";"Berlin";"indelivery";2001;"2020-09-10"
19963;"energy";"electricity";2200;2308;"2020-03-15";"2020-08-01";"";"";"";"Bremen";"indelivery";1000;"2020-05-03"
19964;"energy";"electricity";2800;"";"2018-03-02";"2019-03-01";"";"";"";"Ingolstadt";"indelivery";1000;"2020-04-19"
19965;"energy";"electricity";2900;2974;"2018-10-29";"2019-03-01";"2020-03-31";"2020-02-28";"fristgerecht durch LichtBlick";"Mannheim";"terminated";1002;"2019-04-14"
19966;"energy";"electricity";3000;2977;"2018-03-22";"2018-07-01";"2020-01-31";"2019-12-31";"fristgerecht durch Kunde";"Karlsruhe";"terminated";1000;"2018-08-20"
19967;"energy";"electricity";2200;2363;"2019-09-23";"2019-11-01";"";"";"";"Stuttgart";"indelivery";1001;"2020-09-03"
19968;"energy";"electricity";2000;1914;"2019-12-14";"2020-02-01";"";"";"";"Düsseldorf";"indelivery";1000;"2020-03-24"
19969;"energy";"electricity";2700;2736;"2020-05-01";"2020-07-01";"";"";"";"Essen";"indelivery";1002;"2020-06-27"
19970;"energy";"electricity";2700;2737;"2019-11-29";"2020-07-01";"";"";"";"Hamburg";"indelivery";1000;"2019-12-23"
19971;"energy";"electricity";2600;2665;"2019-11-20";"2020-05-01";"";"";"";"Hamburg";"indelivery";1000;"2019-11-26"
19972;"energy";"electricity";2500;2621;"2019-01-07";"2019-02-01";"";"";"";"Berlin";"indelivery";1002;"2019-02-09"
19973;"energy";"electricity";2200;"";"2019-07-28";"2019-11-01";"";"";"";"Frankfurt";"indelivery";1002;"2019-11-02"
19974;"energy";"electricity";2200;2310;"2020-04-30";"2020-07-01";"";"";"";"Duisburg";"indelivery";1000;"2020-08-15"
19975;"energy";"electricity";2200;2367;"2020-06-07";"2021-02-01";"";"";"";"Neustadt";"active";1001;"2020-08-04"
19976;"energy";"electricity";2000;2067;"2020-09-18";"2021-04-01";"";"";"";"Essen";"active";1000;"2020-09-23"
19977;"energy";"electricity";2700;2609;"2019-08-22";"2019-11-01";"";"";"";"Berlin";"indelivery";1001;"2019-09-21"
19978;"energy";"electricity";2000;1958;"2018-04-04";"2018-08-01";"";"";"";"Hamburg";"indelivery";1000;"2019-08-10"
19979;"energy";"electricity";2400;2340;"2020-07-09";"2020-09-01";"";"";"";"Ingolstadt";"indelivery";1001;"2020-08-18"
19980;"energy";"electricity";2400;2316;"2019-07-05";"2020-11-01";"";"";"";"Erfurt";"active";1001;"2019-09-07"
19981;"energy";"electricity";2100;2222;"2020-09-10";"2020-11-01";"";"";"";"Osnabrück";"active";1001;"2020-09-23"
19982;"energy";"electricity";2800;"";"2018-12-23";"2019-09-01";"";"";"";"Hamburg";"indelivery";1002;"2019-04-04"
19983;"energy";"electricity";2400;2424;"2020-01-28";"2020-07-01";"";"";"";"Berlin";"indelivery";1001;"2020-08-27"
19984;"energy";"electricity";2600;2763;"2019-01-10";"2019-04-01";"";"";"";"Essen";"indelivery";1001;"2019-09-08"
19985;"energy";"electricity";2900;3056;"2019-10-19";"2020-01-01";"";"";"";"Bonn";"indelivery";1002;"2020-03-24"
19986;"energy";"electricity";2000;2021;"2018-01-01";"2018-05-01";"2018-11-30";"2018-11-02";"Umzug";"Berlin";"terminated";1000;"2018-11-02"
19987;"energy";"electricity";2400;2493;"2019-06-04";"2019-09-01";"";"";"";"Heidelberg";"indelivery";1002;"2019-09-02"
19988;"energy";"electricity";2700;2633;"2019-01-19";"2019-03-01";"2019-04-30";"2019-04-01";"fristgerecht durch Kunde";"Duisburg";"terminated";1002;"2019-04-01"
19989;"energy";"electricity";2700;2613;"2018-03-13";"2018-08-01";"";"";"";"Wiesbaden";"indelivery";1000;"2018-11-23"
19990;"energy";"electricity";2900;3139;"2018-11-16";"2019-04-01";"";"";"";"Essen";"indelivery";1002;"2019-04-10"
19991;"energy";"electricity";2400;2361;"2018-10-04";"2019-04-01";"";"";"";"Berlin";"indelivery";1002;"2020-08-15"
19992;"energy";"electricity";2100;2300;"2018-05-27";"2018-06-01";"2018-06-01";"2020-02-28";"Wiederruf";"Düsseldorf";"terminated";1002;"2020-02-28"
19993;"energy";"electricity";2900;"";"2019-02-01";"2019-04-01";"";"";"";"Mannheim";"indelivery";1000;"2020-07-22"
19994;"energy";"electricity";2700;2734;"2020-03-25";"2020-08-01";"";"";"";"Bremen";"indelivery";1001;"2020-05-21"
19995;"energy";"gas";9800;"";"2018-12-27";"2019-06-01";"";"";"";"Berlin";"indelivery";2001;"2019-06-03"
19996;"energy";"electricity";2800;2751;"2019-05-08";"2019-06-01";"";"";"";"Braunschweig";"indelivery";1002;"2019-11-13"
19997;"energy";"electricity";2500;2437;"2018-05-18";"2018-07-01";"";"";"";"Hamburg";"indelivery";1001;"2020-03-21"
19998;"energy";"electricity";2700;2778;"2018-03-27";"2018-09-01";"";"";"";"Sonthofen";"indelivery";1001;"2018-07-27"
19999;"energy";"electricity";2600;2572;"2020-08-30";"2020-11-01";"";"";"";"Potsdam";"active";1000;"2020-09-05"
20000;"energy";"electricity";2700;2551;"2019-01-26";"2019-04-01";"2019-10-31";"2019-10-01";"fristgerecht durch Kunde";"Bremen";"terminated";1002;"2019-10-01"
20001;"energy";"electricity";3000;3199;"2018-11-29";"2019-05-01";"";"";"";"Dortmund";"indelivery";1000;"2019-10-03"
20002;"energy";"gas";9000;9195;"2020-08-18";"2020-12-01";"";"";"";"Munich";"active";2001;"2020-09-01"
20003;"energy";"gas";11500;11831;"2020-07-12";"2020-11-01";"";"";"";"Berlin";"active";2000;"2020-08-27"
20004;"energy";"electricity";2400;2479;"2018-09-11";"2019-02-01";"";"";"";"Berlin";"indelivery";1002;"2019-08-09"
20005;"energy";"gas";8800;"";"2018-01-06";"2019-05-01";"";"";"";"Berlin";"indelivery";2001;"2018-02-14"
20006;"energy";"electricity";2000;1983;"2018-10-18";"2018-11-01";"";"";"";"Hamburg";"indelivery";1002;"2019-11-26"
20007;"energy";"electricity";2500;2490;"2020-06-16";"2020-11-01";"";"";"";"Munich";"active";1001;"2020-07-31"
20008;"energy";"gas";9000;9740;"2019-10-08";"2020-04-01";"";"";"";"Cottbus";"indelivery";2000;"2020-09-21"
20009;"energy";"electricity";2300;2481;"2020-02-13";"2020-04-01";"";"";"";"Tuttlingen";"indelivery";1000;"2020-02-24"
20010;"energy";"gas";9600;10025;"2020-08-29";"2021-02-01";"";"";"";"Berlin";"active";2000;"2020-09-09"
20011;"energy";"gas";9600;10021;"2020-04-16";"2020-12-01";"";"";"";"Duisburg";"active";2000;"2020-08-15"
20012;"energy";"electricity";2300;"";"2018-10-11";"2018-12-01";"2018-12-01";"2019-04-27";"Wiederruf";"Bad Neustadt";"terminated";1001;"2019-04-27"
20013;"energy";"electricity";2700;2594;"2018-08-03";"2018-09-01";"";"";"";"Bielefeld";"indelivery";1002;"2020-04-16"
20014;"energy";"electricity";2400;2364;"2018-02-03";"2018-08-01";"";"";"";"Munich";"indelivery";1002;"2019-08-27"
20015;"energy";"electricity";2200;2328;"2019-01-09";"2019-03-01";"";"";"";"Fürth";"indelivery";1001;"2019-04-27"
20016;"energy";"electricity";2900;3082;"2020-03-26";"2020-05-01";"";"";"";"Bonn";"indelivery";1000;"2020-04-07"
20017;"energy";"electricity";2800;2878;"2019-12-29";"2020-05-01";"";"";"";"Husum";"indelivery";1000;"2020-02-10"
20018;"energy";"electricity";2400;2359;"2020-01-28";"2020-03-01";"";"";"";"Dresden";"indelivery";1000;"2020-09-09"
20019;"energy";"electricity";2100;2078;"2019-03-08";"2019-09-01";"";"";"";"Munich";"indelivery";1001;"2020-08-14"
20020;"energy";"electricity";2200;2244;"2020-02-13";"2020-03-01";"";"";"";"Leipzig";"indelivery";1002;"2020-04-06"
20021;"energy";"electricity";2200;2105;"2020-08-10";"2021-07-01";"";"";"";"Ingolstadt";"active";1000;"2020-08-26"
20022;"energy";"electricity";2100;1995;"2018-12-04";"2019-01-01";"";"";"";"Berlin";"indelivery";1002;"2019-02-13"
20023;"energy";"electricity";2600;2714;"2019-07-11";"2019-12-01";"2020-12-31";"2020-12-03";"Umzug";"Aschaffenburg";"cancelled";1001;"2020-02-11"
20024;"energy";"gas";11300;11427;"2019-08-15";"2019-10-01";"";"";"";"Hannover";"indelivery";2000;"2019-12-12"
20025;"energy";"electricity";2200;2285;"2020-06-14";"2021-01-01";"";"";"";"Hamburg";"active";1002;"2020-07-16"
20026;"energy";"electricity";2800;2698;"2018-01-02";"2018-06-01";"2019-07-31";"2019-06-29";"fristgerecht durch Kunde";"Berlin";"terminated";1000;"2019-06-29"
20027;"energy";"electricity";2700;2621;"2020-01-24";"2020-03-01";"";"";"";"Kiel";"indelivery";1001;"2020-07-12"
20028;"energy";"electricity";2900;2974;"2019-04-25";"2019-05-01";"2019-05-01";"2020-05-29";"Wiederruf";"Koblenz";"terminated";1000;"2020-05-29"
20029;"energy";"electricity";3000;3029;"2018-01-04";"2018-03-01";"";"";"";"Braunschweig";"indelivery";1001;"2018-10-13"
20030;"energy";"electricity";2800;2983;"2018-12-29";"2019-09-01";"";"";"";"Hamburg";"indelivery";1002;"2020-06-18"
20031;"energy";"gas";9300;"";"2018-03-18";"2018-04-01";"";"";"";"Bielefeld";"indelivery";2001;"2019-03-12"
20032;"energy";"gas";8900;9408;"2019-12-29";"2020-04-01";"";"";"";"Fürth";"indelivery";2001;"2020-03-18"
20033;"energy";"electricity";2900;3095;"2019-07-31";"2020-01-01";"";"";"";"Frankfurt";"indelivery";1002;"2019-08-26"
20034;"energy";"electricity";2700;2624;"2019-05-08";"2020-02-01";"";"";"";"Cologne";"indelivery";1000;"2020-05-24"
20035;"energy";"electricity";2900;2918;"2020-07-29";"2020-08-01";"";"";"";"Cologne";"indelivery";1002;"2020-09-29"
20036;"energy";"gas";9000;9590;"2018-03-27";"2019-08-01";"2020-03-31";"2020-02-29";"fristgerecht durch LichtBlick";"Berlin";"terminated";2001;"2019-10-30"
20037;"energy";"electricity";2200;2175;"2018-11-02";"2019-01-01";"";"";"";"Karlsruhe";"indelivery";1000;"2020-02-28"
20038;"energy";"electricity";2200;2372;"2018-06-23";"2018-08-01";"";"";"";"Regensburg";"indelivery";1001;"2020-02-22"
20039;"energy";"electricity";2600;2570;"2020-05-28";"2021-04-01";"";"";"";"Göttingen";"active";1001;"2020-09-30"
20040;"energy";"electricity";2600;2688;"2018-05-07";"2018-07-01";"";"";"";"Aichach";"indelivery";1000;"2020-05-23"
20041;"energy";"electricity";2600;2730;"2018-09-24";"2019-02-01";"";"";"";"Karlsruhe";"indelivery";1002;"2019-06-03"
20042;"energy";"electricity";2700;2629;"2020-09-05";"2020-12-01";"";"";"";"Dortmund";"active";1001;"2020-09-18"
20043;"energy";"electricity";2600;2633;"2020-05-19";"2020-09-01";"";"";"";"Dortmund";"indelivery";1001;"2020-06-05"
20044;"energy";"electricity";2900;"";"2018-07-29";"2019-05-01";"";"";"";"Leipzig";"indelivery";1000;"2018-10-14"
20045;"energy";"electricity";2100;2018;"2018-12-17";"2019-02-01";"";"";"";"Koblenz";"indelivery";1000;"2019-07-05"
20046;"energy";"electricity";2300;2183;"2019-05-02";"2019-10-01";"";"";"";"Heidelberg";"indelivery";1001;"2020-06-24"
20047;"energy";"electricity";2300;2197;"2018-03-02";"2018-11-01";"";"";"";"Stuttgart";"indelivery";1001;"2019-03-07"
20048;"energy";"electricity";2900;"";"2019-12-21";"2020-01-01";"";"";"";"Düsseldorf";"indelivery";1001;"2020-08-10"
20049;"energy";"electricity";2200;2221;"2019-01-12";"2019-05-01";"";"";"";"Würzburg";"indelivery";1000;"2020-08-01"
20050;"energy";"gas";11400;11031;"2020-07-22";"2021-02-01";"";"";"";"Hagen";"active";2001;"2020-09-23"
20051;"energy";"gas";9500;9760;"2019-01-30";"2019-05-01";"";"";"";"Kassel";"indelivery";2001;"2019-02-28"
20052;"energy";"electricity";2300;2292;"2019-06-09";"2019-07-01";"";"";"";"Munich";"indelivery";1002;"2020-01-02"
20053;"energy";"electricity";2400;2557;"2019-12-24";"2020-04-01";"";"";"";"Cologne";"indelivery";1002;"2020-08-14"
20054;"energy";"electricity";2400;2345;"2018-09-03";"2019-10-01";"";"";"";"Günzburg";"indelivery";1000;"2019-10-18"
20055;"energy";"electricity";2900;2744;"2019-03-23";"2019-05-01";"";"";"";"Tuttlingen";"indelivery";1002;"2019-09-22"
20056;"energy";"electricity";2900;2855;"2018-01-13";"2018-02-01";"2018-05-31";"2018-04-29";"fristgerecht durch Kunde";"Berlin";"terminated";1002;"2018-01-25"
20057;"energy";"electricity";2200;2182;"2018-07-14";"2018-09-01";"2019-09-30";"2019-09-02";"fristgerecht durch LichtBlick";"Karlsruhe";"terminated";1001;"2019-09-02"
20058;"energy";"gas";9700;9249;"2020-03-19";"2020-04-01";"2020-10-31";"2020-09-26";"fristgerecht durch Kunde";"Mannheim";"cancelled";2000;"2020-04-05"
20059;"energy";"electricity";2900;3021;"2019-01-21";"2019-03-01";"";"";"";"Erfurt";"indelivery";1000;"2019-02-24"
20060;"energy";"electricity";2400;2500;"2019-02-02";"2020-01-01";"";"";"";"Wuppertal";"indelivery";1000;"2019-07-28"
20061;"energy";"gas";9000;9274;"2019-12-12";"2020-07-01";"";"";"";"Berlin";"indelivery";2000;"2020-02-09"
20062;"energy";"gas";11600;11662;"2019-06-30";"2019-12-01";"2020-10-31";"2020-10-01";"fristgerecht durch Kunde";"Oldenburg";"cancelled";2000;"2020-05-17"
20063;"energy";"electricity";2900;2972;"2019-01-21";"2019-11-01";"2020-06-30";"2020-05-29";"fristgerecht durch LichtBlick";"Frankfurt";"terminated";1000;"2020-04-12"
20064;"energy";"electricity";2500;2532;"2020-05-31";"2020-07-01";"";"";"";"Karlsruhe";"indelivery";1002;"2020-09-13"
20065;"energy";"electricity";2200;2309;"2019-02-11";"2019-03-01";"2019-03-01";"2019-10-01";"Wiederruf";"Munich";"terminated";1000;"2019-10-01"
20066;"energy";"gas";8200;8037;"2018-08-12";"2018-10-01";"";"";"";"Bielefeld";"indelivery";2001;"2020-09-16"
20067;"energy";"electricity";2200;2223;"2020-03-09";"2020-06-01";"";"";"";"Munich";"indelivery";1000;"2020-08-27"
20068;"energy";"electricity";2700;2624;"2020-08-18";"2020-09-01";"2020-11-30";"2020-10-30";"fristgerecht durch LichtBlick";"Ingolstadt";"cancelled";1000;"2020-09-26"
20069;"energy";"electricity";2300;"";"2018-03-08";"2018-05-01";"2020-03-31";"2020-02-29";"fristgerecht durch Kunde";"Dortmund";"terminated";1002;"2020-02-29"
20070;"energy";"gas";11000;11066;"2020-09-25";"2021-05-01";"";"";"";"Munich";"active";2001;"2020-09-30"
20071;"energy";"electricity";2300;2426;"2018-09-08";"2018-12-01";"";"";"";"Hannover";"indelivery";1000;"2020-07-17"
20072;"energy";"electricity";2400;2294;"2020-01-09";"2020-02-01";"";"";"";"Osnabrück";"indelivery";1002;"2020-06-05"
20073;"energy";"gas";11800;"";"2018-04-11";"2018-07-01";"";"";"";"Bremen";"indelivery";2000;"2018-09-20"
20074;"energy";"electricity";2400;2521;"2018-03-25";"2018-05-01";"";"";"";"Cologne";"indelivery";1001;"2020-09-25"
20075;"energy";"electricity";2200;"";"2019-08-06";"2019-10-01";"";"";"";"Wiesbaden";"indelivery";1000;"2019-11-18"
20076;"energy";"electricity";2700;2868;"2018-04-08";"2018-06-01";"";"";"";"Berlin";"indelivery";1001;"2020-03-14"
20077;"energy";"electricity";2000;2113;"2020-05-22";"2021-01-01";"";"";"";"Mannheim";"active";1000;"2020-06-01"
20078;"energy";"electricity";2900;3063;"2019-01-20";"2019-02-01";"2019-02-01";"2020-03-03";"Wiederruf";"Mannheim";"terminated";1002;"2020-03-03"
20079;"energy";"electricity";2200;2193;"2019-06-14";"2020-02-01";"";"";"";"Cologne";"indelivery";1002;"2020-08-18"
20080;"energy";"electricity";2000;2013;"2018-05-18";"2018-07-01";"2019-06-30";"2019-06-01";"fristgerecht durch Kunde";"Stuttgart";"terminated";1000;"2019-06-01"
20081;"energy";"electricity";2100;2294;"2020-03-16";"2020-05-01";"";"";"";"Schwerin";"indelivery";1001;"2020-05-26"
20082;"energy";"electricity";2300;2453;"2018-04-24";"2018-08-01";"2020-09-30";"2020-09-01";"fristgerecht durch LichtBlick";"Duisburg";"terminated";1000;"2019-05-21"
20083;"energy";"electricity";2300;2181;"2018-11-14";"2019-08-01";"";"";"";"Bremen";"indelivery";1001;"2020-02-15"
20084;"energy";"electricity";2200;2262;"2019-11-06";"2020-01-01";"";"";"";"Berlin";"indelivery";1001;"2020-04-07"
20085;"energy";"electricity";2600;2572;"2019-10-04";"2020-04-01";"";"";"";"Karlsruhe";"indelivery";1002;"2020-09-09"
20086;"energy";"gas";10400;10770;"2019-02-08";"2019-04-01";"";"";"";"Munich";"indelivery";2001;"2019-06-06"
20087;"energy";"electricity";2400;2365;"2018-04-08";"2018-09-01";"";"";"";"Marienberg";"indelivery";1001;"2019-06-06"
20088;"energy";"electricity";2400;2509;"2020-02-22";"2020-06-01";"";"";"";"Berlin";"indelivery";1000;"2020-06-28"
20089;"energy";"electricity";2500;2491;"2018-06-04";"2019-01-01";"";"";"";"Munich";"indelivery";1000;"2019-03-13"
20090;"energy";"electricity";2900;2927;"2018-07-20";"2019-02-01";"";"";"";"Jena";"indelivery";1002;"2020-03-20"
20091;"energy";"electricity";1900;1921;"2018-12-12";"2019-08-01";"";"";"";"Cologne";"indelivery";1001;"2019-02-09"
20092;"energy";"electricity";2200;2406;"2019-07-20";"2019-12-01";"";"";"";"Hamburg";"indelivery";1002;"2019-10-18"
20093;"energy";"electricity";2100;"";"2020-06-13";"2020-10-01";"";"";"";"Duisburg";"indelivery";1001;"2020-06-17"
20094;"energy";"electricity";2500;2421;"2020-05-20";"2020-11-01";"";"";"";"Munich";"active";1002;"2020-06-22"
20095;"energy";"electricity";2600;2681;"2018-10-08";"2018-11-01";"";"";"";"Stuttgart";"indelivery";1001;"2019-04-29"
20096;"energy";"electricity";2700;2770;"2020-05-02";"2020-06-01";"";"";"";"Leipzig";"indelivery";1001;"2020-08-17"
20097;"energy";"electricity";2000;2206;"2018-10-01";"2019-02-01";"2020-10-31";"2020-10-03";"Umzug";"Berlin";"cancelled";1001;"2019-06-23"
20098;"energy";"gas";11900;12482;"2020-01-02";"2020-03-01";"";"";"";"Dresden";"indelivery";2000;"2020-03-06"
20099;"energy";"electricity";2100;2262;"2020-09-24";"2021-07-01";"";"";"";"Jena";"active";1000;"2020-09-28"
20100;"energy";"electricity";2000;2181;"2019-10-25";"2020-01-01";"";"";"";"Munich";"indelivery";1002;"2020-08-27"
20101;"energy";"electricity";2700;2841;"2018-12-23";"2019-04-01";"";"";"";"Leipzig";"indelivery";1001;"2020-07-05"
20102;"energy";"electricity";2500;2386;"2018-10-23";"2019-03-01";"";"";"";"Cologne";"indelivery";1000;"2020-09-03"
20103;"energy";"electricity";2200;2183;"2019-03-26";"2019-05-01";"2020-11-30";"2020-10-30";"fristgerecht durch LichtBlick";"Emden";"cancelled";1002;"2019-12-05"
20104;"energy";"gas";10000;9908;"2018-10-14";"2019-02-01";"";"";"";"Wuppertal";"indelivery";2000;"2019-05-01"
20105;"energy";"electricity";2800;2934;"2020-03-08";"2020-04-01";"";"";"";"Fürth";"indelivery";1002;"2020-06-01"
20106;"energy";"electricity";2900;2838;"2019-01-25";"2019-04-01";"";"";"";"Schwerin";"indelivery";1001;"2019-12-26"
20107;"energy";"electricity";2100;2195;"2019-07-03";"2019-10-01";"";"";"";"Berlin";"indelivery";1000;"2020-09-24"
20108;"energy";"electricity";2300;2203;"2019-08-26";"2020-03-01";"";"";"";"Bielefeld";"indelivery";1001;"2019-08-26"
20109;"energy";"electricity";2900;2908;"2018-12-24";"2019-05-01";"";"";"";"Leipzig";"indelivery";1000;"2020-04-20"
20110;"energy";"electricity";2800;2839;"2020-09-26";"2021-09-01";"";"";"";"Kiel";"active";1001;"2020-09-28"
20111;"energy";"gas";9300;10011;"2020-01-22";"2020-05-01";"";"";"";"Berlin";"indelivery";2000;"2020-08-16"
20112;"energy";"electricity";2200;2265;"2019-03-12";"2019-05-01";"";"";"";"Rosenheim";"indelivery";1002;"2020-07-11"
20113;"energy";"electricity";2600;2650;"2019-03-11";"2019-07-01";"";"";"";"Stralsund";"indelivery";1002;"2019-06-12"
20114;"energy";"electricity";2900;2891;"2019-07-01";"2020-06-01";"";"";"";"Essen";"indelivery";1001;"2020-03-01"
20115;"energy";"electricity";2800;3010;"2018-08-27";"2018-12-01";"";"";"";"Düsseldorf";"indelivery";1002;"2019-04-30"
20116;"energy";"electricity";2500;2361;"2020-05-27";"2020-11-01";"";"";"";"Kassel";"active";1001;"2020-08-15"
20117;"energy";"electricity";2700;2899;"2020-05-23";"2020-09-01";"";"";"";"Mainz";"indelivery";1002;"2020-07-28"
20118;"energy";"electricity";2400;2428;"2018-06-09";"2018-08-01";"2018-08-01";"2018-09-02";"Wiederruf";"Stuttgart";"terminated";1002;"2018-09-02"
20119;"energy";"electricity";2300;2286;"2020-09-07";"2020-12-01";"";"";"";"Heidelberg";"active";1001;"2020-09-21"
20120;"energy";"electricity";2400;2355;"2019-08-10";"2019-10-01";"2020-01-31";"2020-01-03";"fristgerecht durch Kunde";"Ludwigsburg";"terminated";1000;"2020-01-03"
20121;"energy";"electricity";2900;2773;"2020-05-07";"2021-01-01";"";"";"";"Osnabrück";"active";1000;"2020-09-21"
20122;"energy";"electricity";2000;1958;"2020-07-15";"2020-12-01";"";"";"";"Munich";"active";1000;"2020-09-23"
20123;"energy";"electricity";2000;2170;"2019-06-09";"2019-09-01";"2020-10-31";"2020-10-02";"fristgerecht durch LichtBlick";"Kiel";"cancelled";1000;"2020-09-15"
20124;"energy";"gas";10800;10511;"2019-01-06";"2019-04-01";"2019-06-30";"2019-06-02";"Umzug";"Lübeck";"terminated";2000;"2019-05-30"
20125;"energy";"electricity";2400;2406;"2019-02-17";"2019-10-01";"";"";"";"Stuttgart";"indelivery";1000;"2019-08-25"
20126;"energy";"gas";8000;8207;"2019-04-03";"2020-01-01";"";"";"";"Hamburg";"indelivery";2001;"2020-03-02"
20127;"energy";"electricity";2200;2227;"2019-11-22";"2020-01-01";"2020-11-30";"2020-11-01";"Umzug";"Berlin";"cancelled";1001;"2019-12-21"
20128;"energy";"gas";12100;12791;"2019-08-17";"2019-10-01";"";"";"";"Luckenwalde";"indelivery";2000;"2020-07-07"
20129;"energy";"electricity";2000;2122;"2020-09-04";"2021-03-01";"";"";"";"Cologne";"active";1002;"2020-09-25"
20130;"energy";"electricity";2600;2746;"2019-04-06";"2019-05-01";"2019-05-01";"2019-11-02";"Wiederruf";"Duisburg";"terminated";1002;"2019-05-26"
20131;"energy";"electricity";2700;2656;"2019-10-17";"2020-03-01";"";"";"";"Hamburg";"indelivery";1000;"2020-04-10"
20132;"energy";"electricity";2500;2601;"2018-07-09";"2018-10-01";"2019-04-30";"2019-03-31";"Umzug";"Wuppertal";"terminated";1000;"2019-03-31"
20133;"energy";"electricity";2600;2824;"2018-11-20";"2019-01-01";"2020-07-31";"2020-06-25";"Umzug";"Berlin";"terminated";1002;"2019-03-03"
20134;"energy";"electricity";2800;2838;"2018-12-16";"2019-01-01";"";"";"";"Mainz";"indelivery";1001;"2020-06-24"
20135;"energy";"electricity";2500;2380;"2019-04-07";"2019-07-01";"";"";"";"Wuppertal";"indelivery";1000;"2020-08-01"
20136;"energy";"electricity";2900;3065;"2020-07-10";"2020-08-01";"";"";"";"Magdeburg";"indelivery";1000;"2020-08-10"
20137;"energy";"electricity";2000;2118;"2019-08-21";"2019-10-01";"2019-10-01";"2020-06-02";"Wiederruf";"Regensburg";"terminated";1000;"2020-01-02"
20138;"energy";"electricity";2800;2905;"2020-07-18";"2020-10-01";"";"";"";"Balingen";"indelivery";1000;"2020-09-18"
20139;"energy";"electricity";2400;2383;"2018-06-02";"2018-08-01";"";"";"";"Munich";"indelivery";1000;"2020-03-30"
20140;"energy";"electricity";2000;1968;"2018-03-06";"2018-05-01";"";"";"";"Cologne";"indelivery";1000;"2018-06-09"
20141;"energy";"electricity";2300;2304;"2018-01-27";"2018-12-01";"2018-12-01";"2019-06-02";"Wiederruf";"Marienberg";"terminated";1000;"2019-06-02"
20142;"energy";"electricity";2800;"";"2019-05-21";"2019-08-01";"";"";"";"Munich";"indelivery";1001;"2020-05-10"
20143;"energy";"electricity";2400;2258;"2019-11-13";"2020-03-01";"";"";"";"Cologne";"indelivery";1001;"2020-04-10"
20144;"energy";"electricity";2500;2558;"2018-10-02";"2019-03-01";"";"";"";"Hamburg";"indelivery";1001;"2019-08-24"
20145;"energy";"electricity";2500;2483;"2019-05-17";"2019-07-01";"2019-11-30";"2019-11-01";"fristgerecht durch LichtBlick";"Essen";"terminated";1002;"2019-10-02"
20146;"energy";"electricity";3100;3052;"2019-10-09";"2019-12-01";"";"";"";"Paderborn";"indelivery";1002;"2020-07-05"
20147;"energy";"electricity";2200;2235;"2018-12-19";"2019-01-01";"2020-12-31";"2020-12-02";"Umzug";"Stuttgart";"cancelled";1000;"2019-04-05"
20148;"energy";"electricity";2000;2067;"2019-07-25";"2019-11-01";"";"";"";"Göttingen";"indelivery";1000;"2019-09-27"
20149;"energy";"electricity";2600;2735;"2020-05-15";"2021-04-01";"";"";"";"Hamburg";"active";1002;"2020-08-27"
20150;"energy";"electricity";2300;2320;"2018-06-13";"2019-02-01";"";"";"";"Münster";"indelivery";1000;"2019-06-20"
20151;"energy";"electricity";2200;2172;"2019-01-08";"2019-09-01";"";"";"";"Cologne";"indelivery";1000;"2020-05-10"
20152;"energy";"electricity";2900;3054;"2018-04-25";"2018-07-01";"";"";"";"Essen";"indelivery";1002;"2019-11-30"
20153;"energy";"electricity";2000;1977;"2018-02-23";"2018-09-01";"2018-12-31";"2018-12-01";"Umzug";"Braunschweig";"terminated";1001;"2018-05-28"
20154;"energy";"electricity";2300;2422;"2020-08-16";"2020-11-01";"";"";"";"Düsseldorf";"active";1002;"2020-09-10"
20155;"energy";"electricity";2500;2497;"2018-01-18";"2018-04-01";"";"";"";"Regensburg";"indelivery";1001;"2020-04-06"
20156;"energy";"electricity";2700;2630;"2019-05-26";"2020-01-01";"";"";"";"Osnabrück";"indelivery";1001;"2020-05-12"
20157;"energy";"electricity";1900;1923;"2020-02-29";"2020-04-01";"2020-09-30";"2020-09-02";"fristgerecht durch Kunde";"Cologne";"terminated";1002;"2020-03-04"
20158;"energy";"electricity";2100;2242;"2020-08-06";"2020-12-01";"";"";"";"Cologne";"active";1000;"2020-08-19"
20159;"energy";"electricity";2100;2149;"2020-09-05";"2020-11-01";"";"";"";"Sankt Wendel";"active";1000;"2020-09-07"
20160;"energy";"electricity";1900;1859;"2019-06-20";"2019-10-01";"";"";"";"Frankfurt";"indelivery";1000;"2019-10-03"
20161;"energy";"electricity";2300;2255;"2018-06-19";"2018-10-01";"";"";"";"Berlin";"indelivery";1000;"2018-11-06"
20162;"energy";"electricity";2100;2163;"2018-06-18";"2018-09-01";"";"";"";"Hannover";"indelivery";1000;"2019-04-19"
20163;"energy";"gas";11200;11711;"2020-09-29";"2021-06-01";"";"";"";"Rastatt";"active";2001;"2020-09-29"
20164;"energy";"electricity";2000;2204;"2019-07-23";"2019-10-01";"2020-09-30";"2020-09-02";"fristgerecht durch Kunde";"Berlin";"terminated";1001;"2020-08-26"
20165;"energy";"electricity";2900;2890;"2019-10-27";"2020-01-01";"";"";"";"Flensburg";"indelivery";1000;"2020-05-03"
20166;"energy";"electricity";2700;2825;"2019-09-14";"2019-11-01";"";"";"";"Dresden";"indelivery";1000;"2019-11-15"
20167;"energy";"electricity";2900;3112;"2020-05-13";"2020-09-01";"";"";"";"Dortmund";"indelivery";1002;"2020-09-26"
20168;"energy";"electricity";2300;2389;"2019-01-20";"2019-03-01";"2020-10-31";"2020-10-03";"Umzug";"Hamburg";"cancelled";1001;"2020-03-31"
20169;"energy";"electricity";2400;2399;"2020-09-17";"2021-04-01";"";"";"";"Würzburg";"active";1002;"2020-09-21"
20170;"energy";"electricity";2100;2042;"2018-11-07";"2019-05-01";"";"";"";"Altchemnitz";"indelivery";1000;"2020-02-26"
20171;"energy";"electricity";3100;3204;"2018-01-22";"2018-09-01";"";"";"";"Pforzheim";"indelivery";1001;"2020-03-14"
20172;"energy";"electricity";2200;2195;"2020-02-07";"2020-12-01";"";"";"";"Freiburg";"active";1000;"2020-03-15"
20173;"energy";"electricity";2000;"";"2018-05-02";"2018-08-01";"2019-08-31";"2019-07-25";"Umzug";"Munich";"terminated";1000;"2018-07-19"
20174;"energy";"electricity";2800;2905;"2019-09-03";"2019-11-01";"";"";"";"Hamburg";"indelivery";1001;"2019-10-02"
20175;"energy";"electricity";2800;2784;"2019-04-11";"2019-06-01";"";"";"";"Berlin";"indelivery";1000;"2019-06-09"
20176;"energy";"electricity";2900;2740;"2020-08-14";"2020-09-01";"";"";"";"Kempten";"indelivery";1000;"2020-08-25"
20177;"energy";"electricity";2000;1982;"2018-09-30";"2018-11-01";"2020-11-30";"2020-11-02";"fristgerecht durch LichtBlick";"Wiesbaden";"cancelled";1001;"2019-10-05"
20178;"energy";"electricity";2900;2895;"2019-10-26";"2020-01-01";"";"";"";"Lübeck";"indelivery";1000;"2020-04-08"
20179;"energy";"electricity";2300;2380;"2019-01-26";"2019-04-01";"";"";"";"Stuttgart";"indelivery";1002;"2020-03-29"
20180;"energy";"electricity";2400;2342;"2020-01-04";"2020-08-01";"";"";"";"Berlin";"indelivery";1001;"2020-09-05"
20181;"energy";"electricity";2600;2775;"2018-11-11";"2019-04-01";"";"";"";"Marienberg";"indelivery";1000;"2018-12-22"
20182;"energy";"electricity";2900;3049;"2020-07-22";"2021-01-01";"";"";"";"Leipzig";"active";1002;"2020-09-12"
20183;"energy";"electricity";2000;2006;"2020-08-04";"2020-10-01";"";"";"";"Essen";"indelivery";1001;"2020-08-08"
20184;"energy";"electricity";2200;2162;"2019-12-29";"2020-02-01";"";"";"";"Kassel";"indelivery";1001;"2020-03-19"
20185;"energy";"electricity";2000;2018;"2018-02-27";"2018-05-01";"";"";"";"Bremen";"indelivery";1001;"2018-05-13"
20186;"energy";"electricity";2000;1993;"2020-06-22";"2020-07-01";"";"";"";"Berlin";"indelivery";1000;"2020-06-24"
20187;"energy";"electricity";2400;2430;"2020-05-12";"2020-12-01";"";"";"";"Bonn";"active";1000;"2020-07-22"
20188;"energy";"electricity";2900;2987;"2020-06-21";"2020-11-01";"";"";"";"Dresden";"active";1001;"2020-09-14"
20189;"energy";"electricity";2600;2758;"2019-06-08";"2019-12-01";"";"";"";"Dortmund";"indelivery";1002;"2020-03-05"
20190;"energy";"electricity";2000;2161;"2020-05-18";"2020-06-01";"";"";"";"Cologne";"indelivery";1001;"2020-09-12"
20191;"energy";"electricity";2100;2063;"2020-07-22";"2020-09-01";"";"";"";"Saarlouis";"indelivery";1002;"2020-07-23"
20192;"energy";"electricity";2000;"";"2020-01-07";"2020-09-01";"";"";"";"Berlin";"indelivery";1001;"2020-03-16"
20193;"energy";"electricity";2300;2450;"2018-04-27";"2018-10-01";"";"";"";"Münster";"indelivery";1002;"2019-06-12"
20194;"energy";"electricity";2300;2418;"2018-06-01";"2018-08-01";"";"";"";"Karlsruhe";"indelivery";1001;"2020-01-08"
20195;"energy";"electricity";2800;"";"2020-09-20";"2020-11-01";"";"";"";"Cologne";"active";1001;"2020-09-22"
20196;"energy";"electricity";2700;2844;"2018-01-23";"2018-11-01";"2020-07-31";"2020-06-30";"fristgerecht durch LichtBlick";"Frankfurt";"terminated";1001;"2018-02-12"
20197;"energy";"electricity";2000;2076;"2019-05-13";"2019-10-01";"";"";"";"Cologne";"indelivery";1001;"2020-09-19"
20198;"energy";"electricity";2100;2223;"2019-02-28";"2019-05-01";"";"";"";"Hamburg";"indelivery";1002;"2020-04-11"
20199;"energy";"electricity";2700;2873;"2020-01-12";"2020-07-01";"";"";"";"Düsseldorf";"indelivery";1001;"2020-06-23"
20200;"energy";"electricity";2300;2141;"2019-07-15";"2020-08-01";"";"";"";"Bremen";"indelivery";1002;"2020-04-06"
20201;"energy";"electricity";2200;2294;"2020-04-15";"2020-05-01";"";"";"";"Mainz";"indelivery";1002;"2020-06-30"
20202;"energy";"electricity";2900;2965;"2019-08-24";"2020-04-01";"";"";"";"Hamburg";"indelivery";1002;"2020-03-26"
20203;"energy";"electricity";2800;2635;"2018-08-06";"2019-01-01";"";"";"";"Balingen";"indelivery";1000;"2019-09-08"
20204;"energy";"electricity";2300;"";"2018-09-16";"2018-10-01";"";"";"";"Bonn";"indelivery";1002;"2020-08-04"
20205;"energy";"gas";11500;11196;"2020-07-22";"2021-03-01";"";"";"";"Munich";"active";2000;"2020-09-04"
20206;"energy";"electricity";2500;"";"2018-02-01";"2019-04-01";"";"";"";"Jever";"indelivery";1000;"2020-05-17"
20207;"energy";"electricity";2200;2209;"2019-03-05";"2019-12-01";"2020-02-29";"2020-01-29";"fristgerecht durch LichtBlick";"Stuttgart";"terminated";1002;"2019-11-04"
20208;"energy";"gas";10600;10933;"2018-01-28";"2018-06-01";"";"";"";"Berlin";"indelivery";2001;"2019-01-05"
20209;"energy";"electricity";2300;2307;"2019-06-18";"2019-09-01";"";"";"";"Essen";"indelivery";1002;"2020-04-09"
20210;"energy";"gas";8500;8405;"2019-06-07";"2019-11-01";"2019-11-01";"2019-12-03";"Wiederruf";"Kassel";"terminated";2001;"2019-12-03"
20211;"energy";"electricity";2400;2369;"2020-07-08";"2020-10-01";"";"";"";"Hamburg";"indelivery";1001;"2020-07-23"
20212;"energy";"electricity";2500;2393;"2019-10-18";"2020-01-01";"";"";"";"Leipzig";"indelivery";1000;"2019-12-12"
20213;"energy";"electricity";2600;2671;"2019-06-26";"2019-12-01";"";"";"";"Munich";"indelivery";1002;"2019-09-01"
20214;"energy";"gas";11400;10940;"2018-10-22";"2019-03-01";"";"";"";"Frankfurt";"indelivery";2000;"2019-12-03"
20215;"energy";"gas";11000;10801;"2020-01-12";"2020-08-01";"";"";"";"Munich";"indelivery";2001;"2020-08-29"
20216;"energy";"electricity";2500;2545;"2018-02-12";"2018-07-01";"";"";"";"Cologne";"indelivery";1001;"2018-05-01"
20217;"energy";"electricity";2500;2598;"2020-02-26";"2020-10-01";"";"";"";"Duisburg";"indelivery";1002;"2020-04-25"
20218;"energy";"electricity";2100;"";"2018-09-22";"2019-07-01";"";"";"";"Berlin";"indelivery";1002;"2020-07-24"
20219;"energy";"electricity";2100;"";"2018-10-21";"2018-11-01";"2019-07-31";"2019-07-03";"Umzug";"Düsseldorf";"terminated";1002;"2019-01-23"
20220;"energy";"electricity";2400;2482;"2019-06-21";"2019-08-01";"";"";"";"Berlin";"indelivery";1002;"2020-09-20"
20221;"energy";"electricity";2100;2123;"2020-02-27";"2020-12-01";"";"";"";"Marienberg";"active";1000;"2020-08-04"
20222;"energy";"electricity";2700;2560;"2019-06-16";"2020-02-01";"";"";"";"Augsburg";"indelivery";1002;"2020-03-24"
20223;"energy";"electricity";2000;1937;"2019-01-26";"2019-03-01";"2020-01-31";"2020-01-01";"Umzug";"Berlin";"terminated";1001;"2019-11-28"
20224;"energy";"gas";9100;9243;"2018-11-11";"2019-01-01";"";"";"";"Duisburg";"indelivery";2001;"2019-07-15"
20225;"energy";"electricity";2300;2259;"2020-05-14";"2020-09-01";"";"";"";"Augsburg";"indelivery";1000;"2020-06-05"
20226;"energy";"gas";8900;9222;"2019-08-04";"2019-10-01";"2019-10-01";"2020-04-30";"Wiederruf";"Berlin";"terminated";2000;"2019-11-22"
20227;"energy";"electricity";2300;2361;"2018-05-01";"2018-06-01";"2018-07-31";"2018-07-03";"fristgerecht durch Kunde";"Essen";"terminated";1002;"2018-07-03"
20228;"energy";"electricity";2600;2484;"2019-11-19";"2019-12-01";"";"";"";"Dresden";"indelivery";1000;"2020-06-11"
20229;"energy";"electricity";2400;2526;"2018-07-07";"2018-08-01";"2020-07-31";"2020-07-03";"fristgerecht durch LichtBlick";"Berlin";"terminated";1000;"2020-05-15"
20230;"energy";"electricity";2100;2036;"2020-05-04";"2020-08-01";"";"";"";"Karlsruhe";"indelivery";1002;"2020-07-26"
20231;"energy";"electricity";2600;2790;"2018-07-28";"2018-08-01";"";"";"";"Munich";"indelivery";1002;"2019-11-14"
20232;"energy";"gas";10000;10182;"2020-06-28";"2020-08-01";"";"";"";"Berlin";"indelivery";2001;"2020-09-27"
20233;"energy";"electricity";2600;2622;"2020-09-10";"2020-10-01";"";"";"";"Oldenburg";"indelivery";1000;"2020-09-19"
20234;"energy";"electricity";2700;2862;"2020-07-22";"2020-10-01";"";"";"";"Hamburg";"indelivery";1001;"2020-07-26"
20235;"energy";"electricity";2200;2360;"2018-05-22";"2018-08-01";"2018-08-01";"2019-09-22";"Wiederruf";"Bremerhaven";"terminated";1000;"2019-02-28"
20236;"energy";"electricity";3000;2873;"2020-05-24";"2020-08-01";"";"";"";"Wiesbaden";"indelivery";1002;"2020-06-14"
20237;"energy";"electricity";2700;2831;"2018-11-16";"2019-02-01";"";"";"";"Ludwigsburg";"indelivery";1002;"2019-06-29"
20238;"energy";"electricity";2300;2364;"2018-07-01";"2018-09-01";"";"";"";"Berlin";"indelivery";1001;"2019-07-25"
20239;"energy";"electricity";2600;2723;"2018-12-25";"2019-02-01";"2019-05-31";"2019-05-02";"fristgerecht durch LichtBlick";"Gießen";"terminated";1001;"2019-05-02"
20240;"energy";"electricity";2500;2703;"2018-05-14";"2018-07-01";"";"";"";"Neustadt";"indelivery";1000;"2019-04-10"
20241;"energy";"electricity";2100;2189;"2019-08-05";"2019-09-01";"";"";"";"Dresden";"indelivery";1001;"2019-12-12"
20242;"energy";"electricity";2900;2870;"2018-06-20";"2018-08-01";"2018-08-01";"2020-10-30";"Wiederruf";"Saarbrücken";"terminated";1001;"2020-03-03"
20243;"energy";"electricity";2300;2454;"2018-11-03";"2019-07-01";"";"";"";"Magdeburg";"indelivery";1000;"2019-05-14"
20244;"energy";"electricity";2400;2418;"2019-01-18";"2019-02-01";"";"";"";"Frankfurt";"indelivery";1002;"2020-04-28"
20245;"energy";"electricity";2700;2801;"2018-12-09";"2019-01-01";"";"";"";"Göttingen";"indelivery";1000;"2019-05-29"
20246;"energy";"electricity";2700;2724;"2018-08-12";"2018-09-01";"2019-01-31";"2019-01-03";"fristgerecht durch LichtBlick";"Saarbrücken";"terminated";1001;"2019-01-03"
20247;"energy";"electricity";2900;2872;"2020-07-22";"2021-06-01";"";"";"";"Dresden";"active";1000;"2020-09-02"
20248;"energy";"electricity";2400;2582;"2018-11-21";"2018-12-01";"";"";"";"Marienberg";"indelivery";1002;"2020-06-25"
20249;"energy";"electricity";2800;2981;"2018-11-21";"2019-02-01";"";"";"";"Oranienburg";"indelivery";1002;"2019-12-15"
20250;"energy";"electricity";2500;2661;"2018-08-07";"2018-10-01";"";"";"";"Leipzig";"indelivery";1002;"2020-07-01"
20251;"energy";"electricity";2100;2028;"2019-12-23";"2020-04-01";"";"";"";"Essen";"indelivery";1000;"2020-08-23"
20252;"energy";"electricity";2500;2348;"2019-12-23";"2020-06-01";"";"";"";"Wiesbaden";"indelivery";1001;"2020-02-07"
20253;"energy";"electricity";2400;2456;"2020-08-24";"2021-08-01";"";"";"";"Mannheim";"active";1000;"2020-09-24"
20254;"energy";"electricity";2300;2320;"2019-03-02";"2019-05-01";"";"";"";"Freyung";"indelivery";1000;"2019-08-12"
20255;"energy";"electricity";2100;2103;"2018-12-05";"2019-05-01";"";"";"";"Bonn";"indelivery";1001;"2019-05-18"
20256;"energy";"electricity";2900;3147;"2020-02-29";"2020-09-01";"";"";"";"Karlsruhe";"indelivery";1001;"2020-09-13"
20257;"energy";"electricity";2400;2385;"2018-01-04";"2018-08-01";"2020-02-29";"2020-01-31";"fristgerecht durch LichtBlick";"Hamburg";"terminated";1002;"2018-05-20"
20258;"energy";"gas";8400;8685;"2018-07-18";"2018-09-01";"";"";"";"Magdeburg";"indelivery";2001;"2020-05-16"
20259;"energy";"electricity";2600;2582;"2018-02-23";"2018-04-01";"2020-02-29";"2020-01-27";"fristgerecht durch LichtBlick";"Hamburg";"terminated";1002;"2019-02-11"
20260;"energy";"electricity";2800;2707;"2020-05-29";"2020-07-01";"";"";"";"Hamburg";"indelivery";1001;"2020-07-10"
20261;"energy";"electricity";2200;2128;"2019-05-13";"2019-09-01";"";"";"";"Leipzig";"indelivery";1001;"2020-08-21"
20262;"energy";"electricity";2700;2836;"2018-09-27";"2019-01-01";"2020-10-31";"2020-10-03";"Umzug";"Düsseldorf";"cancelled";1001;"2019-09-28"
20263;"energy";"electricity";1900;1888;"2020-03-27";"2020-05-01";"";"";"";"Hamburg";"indelivery";1001;"2020-09-05"
20264;"energy";"electricity";2100;2284;"2020-07-28";"2020-09-01";"";"";"";"Hannover";"indelivery";1001;"2020-08-28"
20265;"energy";"electricity";2800;2828;"2018-06-14";"2019-06-01";"";"";"";"Cologne";"indelivery";1000;"2019-05-12"
20266;"energy";"electricity";2500;2646;"2020-07-04";"2020-08-01";"2020-12-31";"2020-12-03";"Umzug";"Magdeburg";"cancelled";1002;"2020-08-28"
20267;"energy";"electricity";2300;2337;"2018-01-02";"2018-12-01";"";"";"";"Jena";"indelivery";1002;"2019-08-22"
20268;"energy";"electricity";2300;2302;"2018-02-06";"2018-07-01";"";"";"";"Munich";"indelivery";1000;"2019-10-22"
20269;"energy";"gas";8800;8387;"2020-06-26";"2020-09-01";"";"";"";"Munich";"indelivery";2000;"2020-08-05"
20270;"energy";"gas";11600;12064;"2019-03-28";"2019-04-01";"2019-12-31";"2019-12-02";"fristgerecht durch Kunde";"Heidelberg";"terminated";2001;"2019-12-02"
20271;"energy";"electricity";2900;3049;"2019-07-07";"2019-10-01";"";"";"";"Munich";"indelivery";1002;"2019-09-22"
20272;"energy";"electricity";2400;2264;"2018-06-07";"2018-10-01";"";"";"";"Berlin";"indelivery";1001;"2019-05-26"
20273;"energy";"electricity";2900;3013;"2020-04-09";"2020-07-01";"";"";"";"Berlin";"indelivery";1002;"2020-08-28"
20274;"energy";"electricity";2400;2621;"2019-11-15";"2019-12-01";"";"";"";"Essen";"indelivery";1002;"2020-03-13"
20275;"energy";"electricity";2800;2772;"2018-03-04";"2018-05-01";"";"";"";"Bonn";"indelivery";1002;"2019-01-14"
20276;"energy";"electricity";2700;2810;"2018-06-06";"2019-01-01";"2019-02-28";"2019-01-31";"fristgerecht durch LichtBlick";"Emden";"terminated";1000;"2019-01-31"
20277;"energy";"electricity";2800;2790;"2018-04-09";"2018-06-01";"";"";"";"Duisburg";"indelivery";1002;"2018-09-12"
20278;"energy";"electricity";2300;2466;"2020-01-17";"2020-04-01";"2020-05-31";"2020-05-03";"Umzug";"Dortmund";"terminated";1001;"2020-02-23"
20279;"energy";"gas";10500;9972;"2018-06-17";"2018-08-01";"";"";"";"Düsseldorf";"indelivery";2000;"2020-06-20"
20280;"energy";"gas";8100;"";"2018-08-09";"2019-02-01";"";"";"";"Düsseldorf";"indelivery";2001;"2020-06-29"
20281;"energy";"electricity";2500;"";"2018-08-22";"2018-09-01";"";"";"";"Freiburg";"indelivery";1002;"2020-08-25"
20282;"energy";"gas";8600;8429;"2019-12-26";"2020-10-01";"";"";"";"Münster";"indelivery";2001;"2020-08-12"
20283;"energy";"electricity";2600;2680;"2019-10-29";"2020-03-01";"";"";"";"Düsseldorf";"indelivery";1001;"2020-07-24"
20284;"energy";"electricity";2100;2217;"2019-09-02";"2020-02-01";"";"";"";"Duisburg";"indelivery";1001;"2020-01-12"
20285;"energy";"electricity";2100;"";"2018-06-20";"2019-03-01";"";"";"";"Heidelberg";"indelivery";1001;"2020-09-02"
20286;"energy";"electricity";2700;2656;"2018-05-09";"2018-11-01";"2020-03-31";"2020-02-24";"fristgerecht durch Kunde";"Stuttgart";"terminated";1000;"2019-04-03"
20287;"energy";"electricity";2800;2946;"2019-01-19";"2019-06-01";"";"";"";"Munich";"indelivery";1000;"2020-03-23"
20288;"energy";"electricity";2400;2368;"2019-01-22";"2019-04-01";"";"";"";"Berlin";"indelivery";1000;"2020-08-14"
20289;"energy";"electricity";2200;2154;"2019-08-16";"2019-09-01";"";"";"";"Kassel";"indelivery";1002;"2020-03-08"
20290;"energy";"electricity";2400;2438;"2018-06-12";"2018-08-01";"";"";"";"Munich";"indelivery";1000;"2019-07-09"
20291;"energy";"electricity";2700;2778;"2018-11-06";"2019-07-01";"";"";"";"Kassel";"indelivery";1001;"2019-04-02"
20292;"energy";"electricity";2300;2243;"2020-07-09";"2020-08-01";"";"";"";"Berlin";"indelivery";1001;"2020-07-26"
20293;"energy";"electricity";2800;2968;"2018-10-03";"2019-05-01";"";"";"";"Bremen";"indelivery";1001;"2019-09-02"
20294;"energy";"electricity";2900;3090;"2019-08-18";"2020-02-01";"2020-05-31";"2020-04-30";"Umzug";"Leipzig";"terminated";1002;"2019-12-30"
20295;"energy";"electricity";2000;2145;"2019-02-03";"2019-05-01";"";"";"";"Magdeburg";"indelivery";1000;"2020-01-14"
20296;"energy";"electricity";2800;2964;"2020-02-10";"2020-04-01";"2020-12-31";"2020-11-29";"fristgerecht durch Kunde";"Bremen";"cancelled";1000;"2020-09-18"
20297;"energy";"electricity";2000;1956;"2019-05-15";"2019-07-01";"";"";"";"Cottbus";"indelivery";1001;"2019-12-31"
20298;"energy";"electricity";2300;2389;"2018-03-13";"2018-09-01";"2020-02-29";"2020-01-29";"fristgerecht durch LichtBlick";"Berlin";"terminated";1002;"2018-12-16"
20299;"energy";"electricity";2800;2844;"2018-07-29";"2018-09-01";"";"";"";"Dortmund";"indelivery";1001;"2020-03-31"
20300;"energy";"electricity";2400;2276;"2019-01-08";"2019-05-01";"";"";"";"Berlin";"indelivery";1001;"2020-07-13"
20301;"energy";"gas";9400;9080;"2018-02-05";"2018-08-01";"2019-09-30";"2019-08-30";"Umzug";"Augsburg";"terminated";2000;"2018-02-13"
20302;"energy";"electricity";2400;2493;"2018-02-14";"2018-04-01";"";"";"";"Bremerhaven";"indelivery";1001;"2018-06-08"
20303;"energy";"electricity";2500;2587;"2020-08-30";"2020-09-01";"";"";"";"Bonn";"indelivery";1001;"2020-09-21"
20304;"energy";"electricity";2700;2748;"2020-07-15";"2020-09-01";"";"";"";"Potsdam";"indelivery";1002;"2020-09-15"
20305;"energy";"electricity";2800;2962;"2019-12-03";"2020-03-01";"";"";"";"Rostock";"indelivery";1000;"2020-04-08"
20306;"energy";"electricity";2400;2348;"2019-05-23";"2019-09-01";"";"";"";"Berlin";"indelivery";1002;"2020-02-04"
20307;"energy";"gas";10800;11064;"2020-06-19";"2020-08-01";"";"";"";"Dresden";"indelivery";2000;"2020-07-16"
20308;"energy";"electricity";2600;2489;"2019-08-31";"2019-12-01";"";"";"";"Ingelheim";"indelivery";1002;"2019-09-09"
20309;"energy";"electricity";2400;2551;"2019-08-01";"2020-01-01";"";"";"";"Berlin";"indelivery";1002;"2019-08-25"
20310;"energy";"electricity";2800;2726;"2019-03-14";"2019-08-01";"";"";"";"Cologne";"indelivery";1002;"2020-01-08"
20311;"energy";"electricity";2400;2516;"2018-08-04";"2019-05-01";"";"";"";"Dortmund";"indelivery";1000;"2019-03-05"
20312;"energy";"electricity";2000;2110;"2018-03-09";"2018-11-01";"";"";"";"Munich";"indelivery";1000;"2018-04-27"
20313;"energy";"gas";9500;10056;"2018-06-03";"2018-11-01";"";"";"";"Düsseldorf";"indelivery";2001;"2019-05-05"
20314;"energy";"gas";10100;9800;"2020-07-23";"2020-08-01";"";"";"";"Fürth";"indelivery";2000;"2020-08-30"
20315;"energy";"electricity";3000;3044;"2019-11-14";"2020-02-01";"";"";"";"Duisburg";"indelivery";1000;"2020-02-08"
20316;"energy";"electricity";2700;2868;"2019-08-30";"2021-02-01";"";"";"";"Cologne";"active";1002;"2020-03-02"
20317;"energy";"electricity";2200;2217;"2018-01-15";"2018-08-01";"2019-06-30";"2019-06-02";"fristgerecht durch LichtBlick";"Munich";"terminated";1001;"2019-04-16"
20318;"energy";"gas";8500;8116;"2020-09-18";"2020-10-01";"";"";"";"Karlsruhe";"indelivery";2001;"2020-09-28"
20319;"energy";"gas";10900;11003;"2020-09-15";"2020-10-01";"";"";"";"Bonn";"indelivery";2001;"2020-09-19"
20320;"energy";"electricity";2200;2232;"2019-01-29";"2019-06-01";"";"";"";"Marienberg";"indelivery";1000;"2019-02-18"
20321;"energy";"gas";9100;8889;"2018-06-06";"2018-09-01";"2018-09-01";"2019-01-23";"Wiederruf";"Wuppertal";"terminated";2000;"2018-10-01"
20322;"energy";"gas";8700;9105;"2018-10-06";"2019-02-01";"";"";"";"Gera";"indelivery";2001;"2020-08-05"
20323;"energy";"electricity";2400;2408;"2018-11-09";"2019-07-01";"";"";"";"Hamburg";"indelivery";1001;"2019-07-30"
20324;"energy";"electricity";2300;2507;"2019-05-16";"2019-08-01";"";"";"";"Berlin";"indelivery";1001;"2019-06-11"
20325;"energy";"electricity";2300;2458;"2019-03-22";"2019-11-01";"";"";"";"Hannover";"indelivery";1002;"2019-07-29"
20326;"energy";"electricity";2700;2603;"2018-08-10";"2018-09-01";"";"";"";"Dresden";"indelivery";1002;"2018-11-02"
20327;"energy";"electricity";2900;2753;"2020-07-02";"2020-08-01";"";"";"";"Hamburg";"indelivery";1000;"2020-08-23"
20328;"energy";"electricity";2000;2050;"2020-04-12";"2020-07-01";"";"";"";"Hamburg";"indelivery";1002;"2020-08-29"
20329;"energy";"electricity";2100;2043;"2018-09-13";"2018-11-01";"2019-05-31";"2019-05-03";"fristgerecht durch Kunde";"Helmstedt";"terminated";1000;"2019-03-29"
20330;"energy";"electricity";2800;2761;"2020-01-01";"2020-03-01";"";"";"";"Stuttgart";"indelivery";1002;"2020-09-14"
20331;"energy";"electricity";2800;3065;"2019-09-27";"2019-10-01";"";"";"";"Hamburg";"indelivery";1000;"2020-04-15"
20332;"energy";"gas";8900;9576;"2019-03-26";"2019-06-01";"";"";"";"Braunschweig";"indelivery";2000;"2019-10-20"
20333;"energy";"electricity";2700;2752;"2020-03-04";"2020-11-01";"";"";"";"Frankfurt";"active";1002;"2020-07-02"
20334;"energy";"gas";8900;8938;"2020-06-11";"2020-08-01";"";"";"";"Bremen";"indelivery";2001;"2020-07-29"
20335;"energy";"gas";11900;"";"2019-03-05";"2019-12-01";"";"";"";"Braunschweig";"indelivery";2000;"2020-07-14"
20336;"energy";"electricity";2600;2508;"2019-06-10";"2019-09-01";"";"";"";"Berlin";"indelivery";1001;"2020-08-04"
20337;"energy";"electricity";2600;2537;"2020-09-20";"2020-10-01";"";"";"";"Essen";"indelivery";1000;"2020-09-27"
20338;"energy";"electricity";2500;2713;"2019-01-14";"2019-04-01";"";"";"";"Berlin";"indelivery";1002;"2019-10-23"
20339;"energy";"electricity";2700;2690;"2019-06-21";"2019-09-01";"";"";"";"Cologne";"indelivery";1000;"2019-09-06"
20340;"energy";"electricity";2100;2171;"2018-04-21";"2018-06-01";"";"";"";"Regensburg";"indelivery";1000;"2020-08-30"
20341;"energy";"electricity";2300;2213;"2018-11-14";"2019-02-01";"";"";"";"Leipzig";"indelivery";1002;"2019-08-13"
20342;"energy";"gas";11600;12044;"2019-04-30";"2019-08-01";"";"";"";"Stralsund";"indelivery";2000;"2020-09-04"
20343;"energy";"electricity";2800;2635;"2020-06-24";"2020-11-01";"";"";"";"Hannover";"active";1001;"2020-09-28"
20344;"energy";"electricity";2200;"";"2018-05-25";"2019-01-01";"";"";"";"Gera";"indelivery";1000;"2019-07-03"
20345;"energy";"electricity";2800;2892;"2020-06-27";"2020-11-01";"";"";"";"Hannover";"active";1002;"2020-08-05"
20346;"energy";"electricity";2100;1988;"2020-05-19";"2020-07-01";"2020-09-30";"2020-08-27";"fristgerecht durch Kunde";"Frankfurt";"terminated";1002;"2020-06-01"
20347;"energy";"electricity";2500;2564;"2018-08-28";"2018-10-01";"";"";"";"Augsburg";"indelivery";1002;"2020-07-24"
20348;"energy";"electricity";3000;3001;"2019-04-29";"2019-09-01";"";"";"";"Münster";"indelivery";1002;"2019-06-03"
20349;"energy";"electricity";2800;2829;"2020-09-13";"2020-11-01";"";"";"";"Karlsruhe";"active";1001;"2020-09-28"
20350;"energy";"electricity";2800;2859;"2020-02-04";"2020-03-01";"2020-12-31";"2020-12-02";"fristgerecht durch Kunde";"Wiesbaden";"cancelled";1001;"2020-06-08"
20351;"energy";"electricity";2300;2309;"2019-10-27";"2019-12-01";"";"";"";"Bremen";"indelivery";1002;"2020-07-10"
20352;"energy";"electricity";2700;2678;"2018-01-05";"2018-03-01";"";"";"";"Villingen-Schwenningen";"indelivery";1000;"2019-06-21"
20353;"energy";"electricity";2900;3029;"2018-08-16";"2019-05-01";"2019-11-30";"2019-11-02";"fristgerecht durch Kunde";"Hamburg";"terminated";1000;"2018-09-30"
20354;"energy";"electricity";2600;2491;"2020-03-22";"2020-06-01";"";"";"";"Berlin";"indelivery";1000;"2020-05-18"
20355;"energy";"electricity";2200;2118;"2018-01-07";"2018-06-01";"";"";"";"Hamburg";"indelivery";1001;"2020-07-01"
20356;"energy";"electricity";2200;"";"2018-05-01";"2018-06-01";"";"";"";"Leipzig";"indelivery";1001;"2019-09-02"
20357;"energy";"electricity";2400;2349;"2018-02-08";"2018-08-01";"2020-04-30";"2020-04-02";"fristgerecht durch Kunde";"Kassel";"terminated";1001;"2019-01-05"
20358;"energy";"electricity";2600;2542;"2019-06-07";"2019-08-01";"";"";"";"Berlin";"indelivery";1001;"2020-09-29"
20359;"energy";"electricity";2000;2057;"2020-04-09";"2020-06-01";"";"";"";"Leipzig";"indelivery";1000;"2020-09-04"
20360;"energy";"gas";8900;8504;"2018-04-28";"2018-06-01";"";"";"";"Karlsruhe";"indelivery";2001;"2020-08-12"
20361;"energy";"electricity";2700;2744;"2019-05-11";"2020-01-01";"";"";"";"Wiesbaden";"indelivery";1002;"2019-06-09"
20362;"energy";"electricity";2600;2537;"2019-04-18";"2019-06-01";"";"";"";"Ulm";"indelivery";1002;"2020-04-28"
20363;"energy";"electricity";2000;1983;"2020-06-21";"2020-07-01";"";"";"";"Berlin";"indelivery";1002;"2020-08-24"
20364;"energy";"gas";9400;9417;"2019-11-05";"2020-04-01";"";"";"";"Frankfurt";"indelivery";2001;"2020-03-23"
20365;"energy";"electricity";2100;2078;"2019-09-10";"2020-01-01";"";"";"";"Essen";"indelivery";1000;"2020-04-05"
20366;"energy";"electricity";2200;2235;"2020-03-14";"2020-12-01";"";"";"";"Düsseldorf";"active";1000;"2020-09-10"
20367;"energy";"electricity";2200;2075;"2019-03-20";"2019-05-01";"";"";"";"Munich";"indelivery";1002;"2020-07-12"
20368;"energy";"electricity";2700;2758;"2019-03-27";"2020-02-01";"";"";"";"Bremen";"indelivery";1000;"2019-06-04"
20369;"energy";"electricity";2200;2322;"2018-09-20";"2018-10-01";"";"";"";"Mannheim";"indelivery";1000;"2018-12-01"
20370;"energy";"electricity";2500;2521;"2018-06-29";"2018-09-01";"";"";"";"Cologne";"indelivery";1000;"2019-11-05"
20371;"energy";"electricity";2500;2387;"2018-03-21";"2018-04-01";"2018-12-31";"2018-12-03";"fristgerecht durch LichtBlick";"Hannover";"terminated";1001;"2018-12-03"
20372;"energy";"electricity";2400;2507;"2019-12-09";"2020-07-01";"2020-07-01";"2020-07-29";"Wiederruf";"Bremen";"terminated";1001;"2020-07-18"
20373;"energy";"electricity";2600;2580;"2020-03-19";"2020-04-01";"";"";"";"Berlin";"indelivery";1001;"2020-09-16"
20374;"energy";"electricity";2700;2592;"2019-12-28";"2020-02-01";"";"";"";"Göttingen";"indelivery";1001;"2020-09-30"
20375;"energy";"electricity";2300;2385;"2018-09-17";"2019-02-01";"";"";"";"Bremen";"indelivery";1000;"2018-09-29"
20376;"energy";"electricity";2200;2254;"2019-09-26";"2020-05-01";"";"";"";"Erfurt";"indelivery";1000;"2020-05-21"
20377;"energy";"gas";9000;9196;"2020-06-15";"2020-08-01";"2020-08-01";"2020-12-02";"Wiederruf";"Düsseldorf";"terminated";2000;"2020-07-03"
20378;"energy";"electricity";2300;2419;"2018-08-30";"2018-09-01";"2019-10-31";"2019-10-02";"Umzug";"Bremerhaven";"terminated";1002;"2019-10-02"
20379;"energy";"electricity";2500;2574;"2019-12-10";"2020-02-01";"";"";"";"Berlin";"indelivery";1000;"2020-09-08"
20380;"energy";"electricity";2000;"";"2019-09-17";"2019-11-01";"";"";"";"Saarbrücken";"indelivery";1002;"2019-09-23"
20381;"energy";"electricity";2400;2397;"2019-04-02";"2019-06-01";"2019-08-31";"2019-07-31";"Umzug";"Hamburg";"terminated";1002;"2019-07-31"
20382;"energy";"electricity";2200;2215;"2018-08-18";"2018-12-01";"";"";"";"Fürth";"indelivery";1001;"2020-06-20"
20383;"energy";"electricity";2500;2531;"2018-12-03";"2019-02-01";"";"";"";"Lübeck";"indelivery";1001;"2019-07-22"
20384;"energy";"electricity";2100;2183;"2018-06-29";"2018-11-01";"2019-02-28";"2019-01-31";"fristgerecht durch LichtBlick";"Mannheim";"terminated";1000;"2019-01-31"
20385;"energy";"electricity";2500;2656;"2020-09-09";"2020-12-01";"";"";"";"Berlin";"active";1002;"2020-09-22"
20386;"energy";"electricity";2100;2020;"2020-01-12";"2020-09-01";"";"";"";"Munich";"indelivery";1001;"2020-07-10"
20387;"energy";"electricity";2800;2782;"2019-03-30";"2019-07-01";"";"";"";"Dresden";"indelivery";1001;"2019-08-28"
20388;"energy";"electricity";2100;2174;"2019-12-08";"2020-02-01";"";"";"";"Hamburg";"indelivery";1002;"2019-12-11"
20389;"energy";"gas";8200;8351;"2018-12-14";"2019-02-01";"2020-01-31";"2020-01-03";"fristgerecht durch Kunde";"Altchemnitz";"terminated";2000;"2018-12-20"
20390;"energy";"electricity";2500;2389;"2019-09-22";"2020-01-01";"";"";"";"Bremen";"indelivery";1002;"2020-07-28"
20391;"energy";"electricity";2400;2574;"2019-09-10";"2019-12-01";"";"";"";"Munich";"indelivery";1001;"2019-10-06"
20392;"energy";"gas";10100;10758;"2018-02-26";"2019-01-01";"2019-01-01";"2019-06-02";"Wiederruf";"Essen";"terminated";2000;"2018-07-15"
20393;"energy";"electricity";2400;2459;"2019-10-24";"2020-02-01";"";"";"";"Frankfurt";"indelivery";1000;"2019-11-13"
20394;"energy";"electricity";2400;2446;"2018-06-30";"2018-08-01";"2020-12-31";"2020-12-01";"Umzug";"Berlin";"cancelled";1001;"2020-06-20"
20395;"energy";"electricity";2200;2064;"2019-07-05";"2019-10-01";"";"";"";"Bonn";"indelivery";1001;"2020-08-29"
20396;"energy";"gas";11500;11761;"2018-09-27";"2018-10-01";"2018-10-01";"2020-11-02";"Wiederruf";"Leipzig";"terminated";2001;"2019-06-16"
20397;"energy";"electricity";2500;2530;"2018-12-08";"2019-02-01";"";"";"";"Cologne";"indelivery";1002;"2020-02-12"
20398;"energy";"electricity";2600;2486;"2020-09-17";"2020-12-01";"";"";"";"Hannover";"active";1000;"2020-09-28"
20399;"energy";"electricity";2200;2134;"2018-09-09";"2019-07-01";"";"";"";"Dresden";"indelivery";1001;"2019-02-05"
20400;"energy";"electricity";2800;2757;"2019-03-04";"2019-07-01";"";"";"";"Munich";"indelivery";1000;"2019-05-28"
20401;"energy";"electricity";2100;"";"2018-05-05";"2018-09-01";"2018-09-01";"2020-10-02";"Wiederruf";"Düsseldorf";"terminated";1001;"2019-10-23"
20402;"energy";"electricity";2500;2402;"2020-06-28";"2020-10-01";"";"";"";"Schwerin";"indelivery";1001;"2020-08-10"
20403;"energy";"electricity";2400;2345;"2018-06-20";"2018-08-01";"2020-03-31";"2020-03-01";"fristgerecht durch Kunde";"Erfurt";"terminated";1001;"2019-02-13"
20404;"energy";"gas";8900;8449;"2019-04-15";"2019-09-01";"";"";"";"Cologne";"indelivery";2001;"2020-09-12"
20405;"energy";"electricity";2200;2274;"2019-08-03";"2020-02-01";"";"";"";"Hannover";"indelivery";1001;"2020-01-02"
20406;"energy";"electricity";2200;2264;"2019-10-22";"2020-01-01";"";"";"";"Munich";"indelivery";1000;"2020-05-17"
20407;"energy";"electricity";2400;2427;"2019-01-16";"2019-04-01";"";"";"";"Berlin";"indelivery";1000;"2019-11-06"
20408;"energy";"gas";9700;"";"2019-12-29";"2020-08-01";"";"";"";"Karlsruhe";"indelivery";2000;"2020-09-11"
20409;"energy";"electricity";2200;"";"2020-04-01";"2020-06-01";"";"";"";"Stuttgart";"indelivery";1002;"2020-07-01"
20410;"energy";"gas";9400;"";"2018-04-25";"2018-09-01";"";"";"";"Berlin";"indelivery";2000;"2019-05-16"
20411;"energy";"electricity";2600;2649;"2020-06-11";"2020-07-01";"";"";"";"Augsburg";"indelivery";1000;"2020-06-12"
20412;"energy";"gas";8900;9299;"2019-09-03";"2019-12-01";"";"";"";"Bonn";"indelivery";2001;"2020-06-30"
20413;"energy";"electricity";2100;2138;"2018-11-06";"2019-02-01";"";"";"";"Stuttgart";"indelivery";1001;"2018-12-12"
20414;"energy";"electricity";2700;2593;"2018-07-17";"2018-10-01";"";"";"";"Leipzig";"indelivery";1001;"2020-06-26"
20415;"energy";"electricity";2400;2525;"2018-12-21";"2019-03-01";"";"";"";"Essen";"indelivery";1001;"2020-09-28"
20416;"energy";"electricity";2300;2473;"2020-09-01";"2021-08-01";"";"";"";"Jena";"active";1002;"2020-09-16"
20417;"energy";"gas";8500;8907;"2020-03-27";"2020-05-01";"2020-08-31";"2020-08-02";"fristgerecht durch Kunde";"Stuttgart";"terminated";2000;"2020-08-02"
20418;"energy";"gas";11300;11842;"2018-01-08";"2019-03-01";"2020-12-31";"2020-11-24";"Umzug";"Magdeburg";"cancelled";2000;"2018-04-07"
20419;"energy";"electricity";2800;3066;"2019-02-10";"2019-06-01";"";"";"";"Aurich";"indelivery";1001;"2020-04-23"
20420;"energy";"electricity";2600;2627;"2020-01-03";"2020-02-01";"";"";"";"Marienberg";"indelivery";1000;"2020-04-13"
20421;"energy";"electricity";2100;2147;"2018-02-22";"2018-08-01";"";"";"";"Bremen";"indelivery";1001;"2019-02-09"
20422;"energy";"electricity";2900;3147;"2018-04-22";"2018-06-01";"";"";"";"Münster";"indelivery";1002;"2019-05-23"
20423;"energy";"electricity";2300;"";"2020-07-26";"2021-03-01";"";"";"";"Munich";"active";1000;"2020-08-25"
20424;"energy";"electricity";2800;"";"2019-09-25";"2020-11-01";"";"";"";"Munich";"active";1001;"2019-10-25"
20425;"energy";"electricity";2500;2654;"2018-04-18";"2018-11-01";"2020-12-31";"2020-12-03";"Umzug";"Lübeck";"cancelled";1000;"2018-08-21"
20426;"energy";"electricity";2300;2346;"2018-12-05";"2019-02-01";"";"";"";"Hamburg";"indelivery";1001;"2019-12-16"
20427;"energy";"electricity";2000;2185;"2019-04-19";"2019-11-01";"";"";"";"Karlsruhe";"indelivery";1002;"2020-06-25"
20428;"energy";"electricity";2700;2624;"2018-01-15";"2018-10-01";"2018-10-01";"2019-05-03";"Wiederruf";"Hamburg";"terminated";1001;"2019-05-03"
20429;"energy";"electricity";2000;1998;"2019-08-18";"2019-11-01";"";"";"";"Jena";"indelivery";1000;"2020-05-13"
20430;"energy";"electricity";2500;2423;"2019-04-23";"2020-02-01";"";"";"";"Munich";"indelivery";1000;"2019-05-24"
20431;"energy";"electricity";2900;3085;"2018-10-01";"2018-12-01";"";"";"";"Essen";"indelivery";1001;"2019-02-19"
20432;"energy";"electricity";2300;"";"2018-04-10";"2018-07-01";"";"";"";"Göttingen";"indelivery";1002;"2020-02-06"
20433;"energy";"electricity";2600;2583;"2018-05-20";"2019-01-01";"";"";"";"Munich";"indelivery";1000;"2018-06-05"
20434;"energy";"electricity";2500;2477;"2018-03-01";"2018-04-01";"";"";"";"Hamburg";"indelivery";1000;"2018-03-14"
20435;"energy";"electricity";2600;2539;"2018-02-24";"2018-03-01";"";"";"";"Gießen";"indelivery";1002;"2019-01-11"
20436;"energy";"electricity";2500;2678;"2019-04-13";"2019-07-01";"";"";"";"Ingolstadt";"indelivery";1000;"2020-06-14"
20437;"energy";"electricity";2100;2192;"2019-09-02";"2019-11-01";"";"";"";"Rostock";"indelivery";1000;"2019-10-24"
20438;"energy";"electricity";2600;2810;"2018-03-25";"2018-09-01";"2019-06-30";"2019-06-02";"fristgerecht durch Kunde";"Karlsruhe";"terminated";1002;"2018-10-31"
20439;"energy";"electricity";2700;"";"2020-07-02";"2021-05-01";"";"";"";"Bremen";"active";1001;"2020-07-18"
20440;"energy";"electricity";2400;2387;"2020-08-01";"2021-01-01";"";"";"";"Erfurt";"active";1001;"2020-09-04"
20441;"energy";"electricity";2200;2285;"2019-08-19";"2020-03-01";"";"";"";"Hannover";"indelivery";1002;"2020-03-02"
20442;"energy";"electricity";2500;2421;"2019-06-04";"2019-09-01";"";"";"";"Essen";"indelivery";1002;"2020-08-01"
20443;"energy";"electricity";2500;2605;"2019-11-26";"2020-01-01";"";"";"";"Leipzig";"indelivery";1001;"2020-07-29"
20444;"energy";"electricity";2800;2824;"2018-07-28";"2018-10-01";"";"";"";"Schwerin";"indelivery";1002;"2019-01-23"
20445;"energy";"gas";10600;11376;"2018-06-15";"2018-08-01";"";"";"";"Berlin";"indelivery";2001;"2019-03-18"
20446;"energy";"electricity";2700;2669;"2018-08-10";"2018-09-01";"";"";"";"Hamburg";"indelivery";1000;"2019-08-21"
20447;"energy";"electricity";2700;2903;"2019-07-06";"2019-09-01";"";"";"";"Munich";"indelivery";1001;"2020-06-27"
20448;"energy";"gas";10500;10171;"2018-02-17";"2018-03-01";"";"";"";"Hannover";"indelivery";2000;"2020-05-08"
20449;"energy";"electricity";2200;2256;"2019-10-17";"2020-01-01";"";"";"";"Nordhorn";"indelivery";1002;"2020-07-25"
20450;"energy";"electricity";2700;2619;"2019-10-21";"2019-12-01";"2020-07-31";"2020-07-03";"Umzug";"Cologne";"terminated";1002;"2020-01-12"
20451;"energy";"electricity";2200;2093;"2020-05-16";"2020-07-01";"";"";"";"Ingolstadt";"indelivery";1000;"2020-06-19"
20452;"energy";"electricity";2300;2297;"2018-09-21";"2019-03-01";"2020-11-30";"2020-10-29";"Umzug";"Tübingen";"cancelled";1002;"2020-06-06"
20453;"energy";"electricity";2800;2787;"2020-06-09";"2020-09-01";"";"";"";"Dortmund";"indelivery";1002;"2020-08-03"
20454;"energy";"electricity";2600;2572;"2018-03-08";"2018-05-01";"2020-03-31";"2020-02-29";"fristgerecht durch Kunde";"Dresden";"terminated";1001;"2018-04-08"
20455;"energy";"electricity";2900;2929;"2019-06-04";"2019-09-01";"";"";"";"Augsburg";"indelivery";1001;"2019-09-08"
20456;"energy";"electricity";2500;2616;"2018-08-18";"2018-10-01";"";"";"";"Mainz";"indelivery";1002;"2019-01-09"
20457;"energy";"electricity";2300;"";"2018-07-23";"2018-09-01";"";"";"";"Göttingen";"indelivery";1000;"2018-08-06"
20458;"energy";"electricity";2300;2456;"2018-01-10";"2018-05-01";"2019-03-31";"2019-03-01";"fristgerecht durch Kunde";"Berlin";"terminated";1002;"2019-03-01"
20459;"energy";"electricity";2100;2102;"2019-02-04";"2019-10-01";"";"";"";"Frankfurt";"indelivery";1002;"2019-06-24"
20460;"energy";"electricity";2900;2938;"2018-12-22";"2019-02-01";"";"";"";"Freiburg";"indelivery";1002;"2020-09-07"
20461;"energy";"electricity";2100;2084;"2018-07-28";"2018-09-01";"";"";"";"Berlin";"indelivery";1002;"2019-08-25"
20462;"energy";"electricity";2700;2769;"2018-06-20";"2018-10-01";"";"";"";"Koblenz";"indelivery";1000;"2019-01-01"
20463;"energy";"gas";9100;9124;"2018-05-23";"2018-07-01";"";"";"";"Saarbrücken";"indelivery";2000;"2018-09-18"
20464;"energy";"electricity";2100;2248;"2020-01-26";"2020-05-01";"";"";"";"Munich";"indelivery";1002;"2020-09-03"
20465;"energy";"electricity";2700;2803;"2019-08-04";"2019-10-01";"";"";"";"Mainz";"indelivery";1002;"2019-11-01"
20466;"energy";"electricity";2900;2906;"2018-09-15";"2018-11-01";"2019-07-31";"2019-06-28";"fristgerecht durch Kunde";"Düsseldorf";"terminated";1002;"2018-10-28"
20467;"energy";"gas";9100;9227;"2019-07-29";"2019-09-01";"2019-12-31";"2019-12-01";"fristgerecht durch LichtBlick";"Jena";"terminated";2000;"2019-12-01"
20468;"energy";"electricity";2800;2721;"2020-04-20";"2020-05-01";"";"";"";"Altötting";"indelivery";1002;"2020-05-12"
20469;"energy";"electricity";2100;2083;"2020-08-19";"2020-12-01";"";"";"";"Mannheim";"active";1000;"2020-09-03"
20470;"energy";"electricity";2100;2024;"2018-08-24";"2018-10-01";"";"";"";"Berlin";"indelivery";1001;"2018-09-19"
20471;"energy";"electricity";3000;3070;"2018-03-02";"2018-10-01";"";"";"";"Saarbrücken";"indelivery";1000;"2019-07-14"
20472;"energy";"electricity";2800;2967;"2019-06-26";"2020-01-01";"";"";"";"Frankfurt";"indelivery";1000;"2019-06-30"
20473;"energy";"electricity";2300;2256;"2020-02-24";"2020-05-01";"2020-05-01";"2020-10-28";"Wiederruf";"Stuttgart";"terminated";1000;"2020-08-08"
20474;"energy";"electricity";2400;2362;"2018-04-03";"2018-07-01";"2019-05-31";"2019-04-28";"fristgerecht durch Kunde";"Stuttgart";"terminated";1002;"2019-04-28"
20475;"energy";"electricity";2900;2998;"2020-08-04";"2020-10-01";"";"";"";"Mannheim";"indelivery";1002;"2020-08-18"
20476;"energy";"gas";9000;9312;"2019-05-24";"2019-09-01";"2019-09-01";"2019-09-30";"Wiederruf";"Rostock";"terminated";2000;"2019-09-30"
20477;"energy";"electricity";3000;2903;"2020-09-30";"2021-02-01";"";"";"";"Wittenberg";"active";1002;"2020-09-30"
20478;"energy";"electricity";2300;2243;"2018-09-18";"2019-02-01";"";"";"";"Hamburg";"indelivery";1002;"2019-06-15"
20479;"energy";"electricity";2300;2380;"2019-02-24";"2019-10-01";"";"";"";"Munich";"indelivery";1002;"2020-04-25"
20480;"energy";"electricity";2600;2746;"2019-05-16";"2019-06-01";"";"";"";"Düsseldorf";"indelivery";1000;"2020-04-06"
20481;"energy";"electricity";3000;3061;"2019-09-30";"2020-08-01";"";"";"";"Marienberg";"indelivery";1002;"2020-01-06"
20482;"energy";"electricity";1900;1820;"2018-09-08";"2018-10-01";"2018-10-01";"2020-05-31";"Wiederruf";"Cologne";"terminated";1000;"2019-03-23"
20483;"energy";"gas";11000;"";"2018-06-11";"2018-07-01";"";"";"";"Hamburg";"indelivery";2000;"2020-04-17"
20484;"energy";"electricity";2500;2393;"2018-05-28";"2018-09-01";"2019-07-31";"2019-06-30";"fristgerecht durch LichtBlick";"Berlin";"terminated";1000;"2019-04-28"
20485;"energy";"electricity";2800;2747;"2020-05-10";"2020-09-01";"";"";"";"Berlin";"indelivery";1001;"2020-06-17"
20486;"energy";"electricity";2900;2962;"2018-05-18";"2018-06-01";"2020-12-31";"2020-11-28";"fristgerecht durch Kunde";"Nienburg";"cancelled";1001;"2018-08-31"
20487;"energy";"electricity";2400;2517;"2018-09-27";"2019-02-01";"";"";"";"Düsseldorf";"indelivery";1001;"2020-03-26"
20488;"energy";"electricity";2300;2208;"2020-03-29";"2020-05-01";"";"";"";"Bremen";"indelivery";1002;"2020-07-28"
20489;"energy";"electricity";2200;2179;"2019-05-29";"2019-07-01";"";"";"";"Düsseldorf";"indelivery";1001;"2019-10-28"
20490;"energy";"gas";10600;10874;"2018-03-31";"2018-05-01";"";"";"";"Essen";"indelivery";2001;"2019-04-01"
20491;"energy";"gas";12000;12464;"2020-03-01";"2020-11-01";"";"";"";"Gummersbach";"active";2001;"2020-05-15"
20492;"energy";"electricity";2300;2415;"2020-04-10";"2020-06-01";"2020-06-01";"2020-08-03";"Wiederruf";"Dortmund";"terminated";1000;"2020-06-29"
20493;"energy";"gas";8400;"";"2019-08-18";"2020-07-01";"";"";"";"Berlin";"indelivery";2000;"2020-02-17"
20494;"energy";"electricity";2700;2608;"2019-07-25";"2019-10-01";"2020-08-31";"2020-08-02";"fristgerecht durch Kunde";"Berlin";"terminated";1000;"2019-08-07"
20495;"energy";"electricity";2700;2616;"2019-07-26";"2019-10-01";"";"";"";"Karlsruhe";"indelivery";1000;"2020-04-10"
20496;"energy";"electricity";1900;1914;"2020-07-25";"2021-03-01";"";"";"";"Frankfurt";"active";1002;"2020-07-29"
20497;"energy";"gas";11900;12138;"2020-01-14";"2020-03-01";"";"";"";"Kiel";"indelivery";2000;"2020-05-18"
20498;"energy";"electricity";2500;2541;"2018-06-07";"2018-09-01";"";"";"";"Hamburg";"indelivery";1001;"2020-06-28"
20499;"energy";"electricity";2400;"";"2019-09-29";"2019-11-01";"";"";"";"Erfurt";"indelivery";1001;"2020-01-04"
20500;"energy";"gas";11300;12161;"2018-03-15";"2018-10-01";"2020-07-31";"2020-07-02";"fristgerecht durch LichtBlick";"Dortmund";"terminated";2001;"2018-04-01"
20501;"energy";"electricity";2900;2716;"2020-05-20";"2020-08-01";"";"";"";"Altchemnitz";"indelivery";1000;"2020-09-28"
20502;"energy";"electricity";2900;2798;"2019-07-27";"2019-09-01";"";"";"";"Karlsruhe";"indelivery";1002;"2020-08-28"
20503;"energy";"electricity";2400;2316;"2020-03-08";"2020-06-01";"";"";"";"Berlin";"indelivery";1001;"2020-04-09"
20504;"energy";"electricity";2000;1978;"2018-05-03";"2018-07-01";"";"";"";"Berlin";"indelivery";1000;"2020-03-08"
20505;"energy";"electricity";2200;2294;"2018-03-16";"2018-06-01";"";"";"";"Munich";"indelivery";1001;"2018-09-08"
20506;"energy";"electricity";2600;2772;"2019-08-17";"2019-12-01";"2019-12-01";"2019-12-29";"Wiederruf";"Rostock";"terminated";1001;"2019-12-09"
20507;"energy";"electricity";2200;2289;"2020-05-17";"2020-08-01";"";"";"";"Duisburg";"indelivery";1000;"2020-07-11"
20508;"energy";"electricity";2700;2563;"2020-04-10";"2020-08-01";"";"";"";"Berlin";"indelivery";1000;"2020-05-27"
20509;"energy";"electricity";2800;2668;"2019-01-25";"2019-04-01";"";"";"";"Dortmund";"indelivery";1000;"2019-06-05"
20510;"energy";"electricity";2000;2073;"2019-10-20";"2020-02-01";"";"";"";"Düsseldorf";"indelivery";1002;"2020-05-10"
20511;"energy";"electricity";2900;2881;"2018-08-18";"2019-03-01";"2019-04-30";"2019-04-02";"fristgerecht durch LichtBlick";"Eschwege";"terminated";1000;"2019-04-02"
20512;"energy";"electricity";2000;2029;"2018-05-16";"2018-08-01";"";"";"";"Kassel";"indelivery";1002;"2020-04-13"
20513;"energy";"gas";9200;8966;"2020-01-04";"2020-04-01";"";"";"";"Berlin";"indelivery";2000;"2020-07-03"
20514;"energy";"electricity";2100;"";"2018-03-26";"2018-06-01";"";"";"";"Würzburg";"indelivery";1001;"2019-04-02"
20515;"energy";"electricity";2100;"";"2020-05-05";"2020-09-01";"";"";"";"Freiburg";"indelivery";1001;"2020-07-06"
20516;"energy";"electricity";2500;2539;"2019-07-04";"2019-11-01";"2020-11-30";"2020-10-26";"fristgerecht durch Kunde";"Emden";"cancelled";1000;"2020-01-02"
20517;"energy";"electricity";2200;2171;"2020-09-17";"2021-11-01";"";"";"";"Leipzig";"active";1000;"2020-09-27"
20518;"energy";"gas";11400;12196;"2020-08-04";"2020-10-01";"";"";"";"Dortmund";"indelivery";2000;"2020-08-11"
20519;"energy";"electricity";2100;2116;"2018-12-24";"2019-07-01";"";"";"";"Munich";"indelivery";1000;"2020-02-12"
20520;"energy";"electricity";2900;3006;"2020-03-17";"2020-06-01";"";"";"";"Koblenz";"indelivery";1001;"2020-05-20"
20521;"energy";"electricity";2300;2279;"2019-12-21";"2020-07-01";"";"";"";"Cologne";"indelivery";1002;"2019-12-21"
20522;"energy";"electricity";2100;2118;"2020-08-18";"2020-10-01";"";"";"";"Stuttgart";"indelivery";1001;"2020-09-22"
20523;"energy";"electricity";2500;2476;"2020-09-06";"2021-05-01";"";"";"";"Hamburg";"active";1000;"2020-09-16"
20524;"energy";"electricity";2900;2803;"2018-02-12";"2018-06-01";"2020-08-31";"2020-07-31";"fristgerecht durch LichtBlick";"Erfurt";"terminated";1001;"2018-06-16"
20525;"energy";"gas";10600;10112;"2020-02-03";"2020-08-01";"";"";"";"Esslingen";"indelivery";2001;"2020-05-09"
20526;"energy";"electricity";3000;2868;"2018-03-08";"2018-04-01";"";"";"";"Hannover";"indelivery";1001;"2020-03-06"
20527;"energy";"electricity";2100;2256;"2018-06-05";"2019-01-01";"";"";"";"Berlin";"indelivery";1001;"2020-08-12"
20528;"energy";"electricity";2900;2816;"2020-02-07";"2020-08-01";"2020-11-30";"2020-10-31";"Umzug";"Augsburg";"cancelled";1002;"2020-08-02"
20529;"energy";"electricity";2200;2244;"2018-03-10";"2018-05-01";"";"";"";"Cologne";"indelivery";1000;"2020-07-29"
20530;"energy";"electricity";2500;2366;"2019-01-25";"2019-04-01";"";"";"";"Stuttgart";"indelivery";1001;"2020-06-21"
20531;"energy";"gas";8700;8424;"2019-08-21";"2020-08-01";"";"";"";"Schwerin";"indelivery";2000;"2020-03-03"
20532;"energy";"electricity";2800;2897;"2020-09-20";"2020-11-01";"";"";"";"Hannover";"active";1002;"2020-09-21"
20533;"energy";"electricity";2400;2552;"2019-06-01";"2020-02-01";"";"";"";"Wiesbaden";"indelivery";1000;"2020-03-28"
20534;"energy";"electricity";2500;2607;"2019-05-09";"2019-08-01";"";"";"";"Berlin";"indelivery";1002;"2019-10-25"
20535;"energy";"electricity";3000;"";"2019-02-27";"2019-03-01";"";"";"";"Duisburg";"indelivery";1000;"2019-08-23"
20536;"energy";"electricity";2100;2075;"2018-07-11";"2018-08-01";"";"";"";"Dresden";"indelivery";1000;"2020-06-09"
20537;"energy";"gas";11900;11402;"2019-11-02";"2019-12-01";"2019-12-01";"2020-12-01";"Wiederruf";"Berlin";"terminated";2001;"2020-04-16"
20538;"energy";"electricity";2600;2767;"2018-12-10";"2019-10-01";"";"";"";"Altchemnitz";"indelivery";1001;"2019-02-06"
20539;"energy";"electricity";2700;2823;"2019-03-21";"2019-05-01";"";"";"";"Dresden";"indelivery";1000;"2019-07-28"
20540;"energy";"electricity";2600;2791;"2018-05-24";"2018-10-01";"2018-10-01";"2019-03-30";"Wiederruf";"Hamburg";"terminated";1001;"2019-03-30"
20541;"energy";"gas";9200;8730;"2020-07-02";"2020-08-01";"2020-10-31";"2020-10-03";"fristgerecht durch Kunde";"Essen";"cancelled";2001;"2020-09-27"
20542;"energy";"electricity";2800;2750;"2018-12-31";"2019-09-01";"";"";"";"Marienberg";"indelivery";1001;"2020-06-15"
20543;"energy";"electricity";2900;3083;"2018-08-05";"2019-07-01";"";"";"";"Cottbus";"indelivery";1000;"2020-05-30"
20544;"energy";"electricity";2700;2775;"2019-04-08";"2019-08-01";"";"";"";"Wiesbaden";"indelivery";1000;"2020-01-17"
20545;"energy";"electricity";2600;2448;"2018-09-05";"2018-11-01";"2020-07-31";"2020-07-02";"Umzug";"Wolfenbüttel";"terminated";1000;"2019-02-09"
20546;"energy";"electricity";3000;3107;"2019-08-13";"2019-11-01";"2019-11-01";"2020-09-01";"Wiederruf";"Freiburg";"terminated";1001;"2020-03-12"
20547;"energy";"electricity";1900;1884;"2019-06-15";"2019-07-01";"";"";"";"Munich";"indelivery";1001;"2020-09-21"
20548;"energy";"electricity";2900;3149;"2019-12-21";"2020-05-01";"";"";"";"Essen";"indelivery";1002;"2020-01-07"
20549;"energy";"electricity";2300;"";"2018-02-24";"2018-04-01";"2018-04-01";"2020-09-01";"Wiederruf";"Cologne";"terminated";1000;"2018-07-13"
20550;"energy";"electricity";2800;2692;"2020-01-28";"2021-01-01";"";"";"";"Leipzig";"active";1001;"2020-01-29"
20551;"energy";"electricity";2700;"";"2020-03-04";"2020-08-01";"";"";"";"Hamburg";"indelivery";1001;"2020-04-06"
20552;"energy";"gas";9700;9270;"2019-11-02";"2020-03-01";"2020-12-31";"2020-12-01";"Umzug";"Munich";"cancelled";2001;"2020-05-15"
20553;"energy";"electricity";2600;2531;"2018-10-20";"2018-12-01";"2019-02-28";"2019-01-31";"fristgerecht durch Kunde";"Frankfurt";"terminated";1001;"2019-01-31"
20554;"energy";"electricity";3200;3264;"2020-07-20";"2020-10-01";"";"";"";"Heide";"indelivery";1001;"2020-08-11"
20555;"energy";"electricity";2600;2572;"2020-08-11";"2021-02-01";"";"";"";"Hamburg";"active";1001;"2020-08-30"
20556;"energy";"electricity";2900;2945;"2019-04-14";"2019-09-01";"";"";"";"Bremen";"indelivery";1001;"2020-02-26"
20557;"energy";"electricity";2400;2502;"2020-01-29";"2020-04-01";"2020-07-31";"2020-07-03";"Umzug";"Essen";"terminated";1000;"2020-02-20"
20558;"energy";"electricity";2500;2465;"2018-03-26";"2018-12-01";"";"";"";"Berlin";"indelivery";1001;"2019-07-13"
20559;"energy";"electricity";2100;2154;"2019-04-22";"2019-09-01";"";"";"";"Berlin";"indelivery";1000;"2020-01-26"
20560;"energy";"gas";8600;8378;"2018-11-04";"2019-02-01";"";"";"";"Sangerhausen";"indelivery";2000;"2020-04-23"
20561;"energy";"electricity";2700;2723;"2020-08-08";"2020-10-01";"";"";"";"Hamburg";"indelivery";1000;"2020-08-16"
20562;"energy";"electricity";2700;2609;"2020-09-18";"2020-10-01";"";"";"";"Düsseldorf";"indelivery";1001;"2020-09-20"
20563;"energy";"electricity";2400;2540;"2019-03-30";"2020-01-01";"";"";"";"Berlin";"indelivery";1001;"2020-05-10"
20564;"energy";"electricity";2200;2178;"2019-11-23";"2020-05-01";"";"";"";"Cologne";"indelivery";1002;"2020-02-06"
20565;"energy";"electricity";2300;2229;"2020-05-14";"2020-09-01";"";"";"";"Berlin";"indelivery";1000;"2020-09-23"
20566;"energy";"electricity";2300;2272;"2019-12-31";"2020-09-01";"";"";"";"Hamburg";"indelivery";1002;"2020-09-01"
20567;"energy";"electricity";2800;3033;"2020-05-19";"2020-07-01";"";"";"";"Hannover";"indelivery";1002;"2020-07-06"
20568;"energy";"electricity";3000;"";"2020-07-24";"2020-10-01";"";"";"";"Duisburg";"indelivery";1000;"2020-07-24"
20569;"energy";"gas";12000;"";"2020-02-03";"2020-07-01";"";"";"";"Düsseldorf";"indelivery";2000;"2020-07-11"
20570;"energy";"electricity";2600;2579;"2019-04-25";"2020-03-01";"";"";"";"Hamburg";"indelivery";1001;"2020-06-02"
20571;"energy";"electricity";2200;2337;"2019-06-13";"2019-10-01";"";"";"";"Duisburg";"indelivery";1002;"2019-09-28"
20572;"energy";"electricity";2600;2601;"2018-06-06";"2019-03-01";"";"";"";"Leipzig";"indelivery";1001;"2018-06-29"
20573;"energy";"electricity";3000;2973;"2018-09-29";"2019-02-01";"";"";"";"Freiburg";"indelivery";1001;"2020-09-08"
20574;"energy";"electricity";2100;2212;"2018-02-07";"2018-04-01";"2020-09-30";"2020-09-02";"fristgerecht durch LichtBlick";"Hamburg";"terminated";1000;"2019-02-23"
20575;"energy";"gas";8300;7966;"2019-02-17";"2019-09-01";"";"";"";"Berlin";"indelivery";2001;"2019-03-17"
20576;"energy";"gas";10400;10337;"2018-04-29";"2018-05-01";"2018-05-01";"2018-08-03";"Wiederruf";"Göttingen";"terminated";2001;"2018-08-03"
20577;"energy";"electricity";2000;2144;"2019-09-08";"2020-01-01";"";"";"";"Berlin";"indelivery";1002;"2020-08-26"
20578;"energy";"electricity";2300;2239;"2019-01-17";"2019-06-01";"";"";"";"Berlin";"indelivery";1000;"2019-10-09"
20579;"energy";"electricity";2900;2804;"2019-01-06";"2019-07-01";"";"";"";"Altchemnitz";"indelivery";1002;"2019-12-24"
20580;"energy";"electricity";2400;2531;"2018-08-03";"2019-01-01";"2019-01-01";"2019-03-31";"Wiederruf";"Saarbrücken";"terminated";1001;"2018-09-04"
20581;"energy";"gas";8300;8557;"2020-07-29";"2020-12-01";"";"";"";"Essen";"active";2000;"2020-09-25"
20582;"energy";"gas";7900;7844;"2018-11-17";"2019-01-01";"";"";"";"Berlin";"indelivery";2000;"2019-01-03"
20583;"energy";"gas";8500;8659;"2018-10-06";"2018-12-01";"2018-12-01";"2019-05-27";"Wiederruf";"Berlin";"terminated";2001;"2019-05-27"
20584;"energy";"electricity";2100;2232;"2019-07-19";"2019-08-01";"";"";"";"Munich";"indelivery";1000;"2020-06-03"
20585;"energy";"gas";8400;8241;"2019-10-29";"2021-01-01";"";"";"";"Berlin";"active";2000;"2020-04-03"
20586;"energy";"electricity";2300;2421;"2018-11-01";"2018-12-01";"";"";"";"Nuremberg";"indelivery";1000;"2020-09-22"
20587;"energy";"gas";10100;9731;"2018-07-30";"2018-09-01";"";"";"";"Mühlhausen";"indelivery";2000;"2019-11-07"
20588;"energy";"electricity";2300;2409;"2020-08-17";"2020-11-01";"";"";"";"Rosenheim";"active";1000;"2020-09-27"
20589;"energy";"electricity";2500;2561;"2020-08-21";"2020-09-01";"";"";"";"Berlin";"indelivery";1001;"2020-09-21"
20590;"energy";"electricity";3000;3173;"2018-02-12";"2018-03-01";"";"";"";"Dortmund";"indelivery";1001;"2018-07-12"
20591;"energy";"electricity";2100;2058;"2018-05-09";"2018-08-01";"";"";"";"Kiel";"indelivery";1002;"2019-10-26"
20592;"energy";"electricity";2200;2194;"2018-06-12";"2018-07-01";"";"";"";"Essen";"indelivery";1001;"2020-09-21"
20593;"energy";"electricity";2600;2745;"2019-09-01";"2019-10-01";"";"";"";"Magdeburg";"indelivery";1002;"2020-08-27"
20594;"energy";"gas";8900;9430;"2019-11-25";"2020-01-01";"";"";"";"Mettmann";"indelivery";2001;"2019-12-01"
20595;"energy";"electricity";2000;2046;"2019-11-25";"2020-05-01";"";"";"";"Hannover";"indelivery";1002;"2020-04-22"
20596;"energy";"electricity";2700;2654;"2020-03-26";"2020-08-01";"";"";"";"Braunschweig";"indelivery";1000;"2020-04-04"
20597;"energy";"gas";11400;12250;"2018-12-17";"2019-01-01";"";"";"";"Coburg";"indelivery";2000;"2019-02-10"
20598;"energy";"electricity";2800;2840;"2018-02-26";"2018-09-01";"2019-04-30";"2019-04-01";"fristgerecht durch Kunde";"Marienberg";"terminated";1001;"2019-04-01"
20599;"energy";"electricity";2900;2766;"2018-10-27";"2019-07-01";"";"";"";"Stuttgart";"indelivery";1000;"2019-08-27"
20600;"energy";"electricity";2600;2510;"2020-02-14";"2020-03-01";"";"";"";"Hamburg";"indelivery";1000;"2020-06-07"
20601;"energy";"electricity";1900;1869;"2018-03-24";"2018-04-01";"2019-02-28";"2019-01-31";"fristgerecht durch LichtBlick";"Frankfurt";"terminated";1002;"2019-01-31"
20602;"energy";"electricity";2500;2407;"2020-04-01";"2020-06-01";"";"";"";"Hannover";"indelivery";1001;"2020-08-10"
20603;"energy";"electricity";2900;3138;"2020-02-08";"2020-03-01";"";"";"";"Saarbrücken";"indelivery";1002;"2020-06-26"
20604;"energy";"electricity";3000;2971;"2018-11-25";"2019-01-01";"2019-10-31";"2019-10-03";"Umzug";"Heidelberg";"terminated";1002;"2019-10-03"
20605;"energy";"electricity";2600;2504;"2019-01-04";"2019-10-01";"";"";"";"Bremerhaven";"indelivery";1000;"2020-01-23"
20606;"energy";"electricity";2300;2251;"2020-01-19";"2020-07-01";"";"";"";"Essen";"indelivery";1000;"2020-04-13"
20607;"energy";"electricity";2300;2323;"2019-01-20";"2019-07-01";"";"";"";"Cologne";"indelivery";1000;"2020-01-11"
20608;"energy";"electricity";2100;2156;"2019-05-23";"2019-07-01";"";"";"";"Berlin";"indelivery";1001;"2019-09-09"
20609;"energy";"gas";11900;12675;"2020-03-26";"2020-06-01";"";"";"";"Göttingen";"indelivery";2001;"2020-04-10"
20610;"energy";"electricity";2800;2980;"2019-09-13";"2019-12-01";"";"";"";"Lübeck";"indelivery";1000;"2020-01-07"
20611;"energy";"electricity";2600;2676;"2018-07-27";"2018-10-01";"";"";"";"Mannheim";"indelivery";1001;"2020-01-21"
20612;"energy";"gas";8600;8939;"2019-06-01";"2019-09-01";"";"";"";"Leipzig";"indelivery";2001;"2020-07-31"
20613;"energy";"electricity";2900;2817;"2020-03-05";"2020-04-01";"";"";"";"Leipzig";"indelivery";1002;"2020-04-11"
20614;"energy";"electricity";2700;2664;"2019-09-03";"2020-03-01";"";"";"";"Groß-Gerau";"indelivery";1000;"2019-10-27"
20615;"energy";"electricity";2400;2316;"2019-03-27";"2019-05-01";"";"";"";"Berlin";"indelivery";1001;"2020-07-30"
20616;"energy";"electricity";1900;1903;"2018-08-03";"2018-11-01";"";"";"";"Hamburg";"indelivery";1001;"2018-11-29"
20617;"energy";"electricity";2900;3114;"2020-05-20";"2020-11-01";"";"";"";"Münster";"active";1000;"2020-07-07"
20618;"energy";"electricity";2500;2437;"2019-12-04";"2021-01-01";"";"";"";"Mainz";"active";1001;"2020-06-26"
20619;"energy";"electricity";2500;"";"2019-01-06";"2019-06-01";"";"";"";"Ulm";"indelivery";1000;"2019-09-03"
20620;"energy";"electricity";2600;2559;"2020-08-03";"2020-09-01";"";"";"";"Kiel";"indelivery";1001;"2020-08-16"
20621;"energy";"electricity";2600;"";"2018-03-26";"2018-05-01";"";"";"";"Hannover";"indelivery";1002;"2018-04-02"
20622;"energy";"electricity";2200;2299;"2018-08-15";"2018-10-01";"";"";"";"Heidelberg";"indelivery";1000;"2019-04-05"
20623;"energy";"electricity";2200;2308;"2020-06-26";"2020-09-01";"";"";"";"Marienberg";"indelivery";1002;"2020-09-30"
20624;"energy";"electricity";2900;3016;"2019-05-16";"2019-07-01";"2020-07-31";"2020-07-02";"fristgerecht durch Kunde";"Salzgitter";"terminated";1002;"2020-02-07"
20625;"energy";"electricity";2500;2538;"2018-07-03";"2018-08-01";"";"";"";"Mannheim";"indelivery";1001;"2018-08-16"
20626;"energy";"electricity";2500;2649;"2018-03-28";"2018-05-01";"";"";"";"Neuwied";"indelivery";1001;"2018-12-23"
20627;"energy";"electricity";2400;2353;"2020-05-26";"2020-07-01";"";"";"";"Lübeck";"indelivery";1000;"2020-06-09"
20628;"energy";"electricity";2800;2962;"2018-08-25";"2018-10-01";"";"";"";"Lörrach";"indelivery";1002;"2020-06-04"
20629;"energy";"gas";10400;10551;"2019-08-09";"2019-10-01";"2019-11-30";"2019-10-29";"fristgerecht durch LichtBlick";"Munich";"terminated";2000;"2019-10-29"
20630;"energy";"electricity";2600;2676;"2019-12-20";"2020-01-01";"";"";"";"Frankfurt";"indelivery";1000;"2020-08-27"
20631;"energy";"electricity";2800;2674;"2019-09-28";"2020-04-01";"2020-06-30";"2020-06-01";"fristgerecht durch LichtBlick";"Karlsruhe";"terminated";1001;"2020-06-01"
20632;"energy";"electricity";2300;2454;"2020-08-05";"2020-12-01";"";"";"";"Wuppertal";"active";1000;"2020-08-13"
20633;"energy";"electricity";2500;2521;"2020-08-17";"2020-10-01";"2020-12-31";"2020-12-03";"fristgerecht durch Kunde";"Wuppertal";"cancelled";1000;"2020-09-21"
20634;"energy";"electricity";2100;2082;"2018-10-30";"2018-12-01";"2020-09-30";"2020-09-02";"fristgerecht durch LichtBlick";"Braunschweig";"terminated";1000;"2020-01-02"
20635;"energy";"electricity";2000;1942;"2020-04-19";"2020-08-01";"2020-11-30";"2020-10-31";"fristgerecht durch LichtBlick";"Ulm";"cancelled";1001;"2020-09-29"
20636;"energy";"electricity";2500;2538;"2019-05-18";"2019-07-01";"2019-08-31";"2019-07-28";"fristgerecht durch LichtBlick";"Dortmund";"terminated";1001;"2019-07-28"
20637;"energy";"electricity";2700;2849;"2020-09-09";"2020-10-01";"";"";"";"Karlsruhe";"indelivery";1002;"2020-09-28"
20638;"energy";"electricity";2100;"";"2018-01-08";"2018-08-01";"2019-08-31";"2019-08-03";"fristgerecht durch Kunde";"Heidelberg";"terminated";1000;"2018-06-14"
20639;"energy";"electricity";3000;3224;"2018-10-04";"2019-03-01";"";"";"";"Duisburg";"indelivery";1002;"2018-10-17"
20640;"energy";"electricity";2200;2358;"2019-07-10";"2019-11-01";"";"";"";"Frankfurt";"indelivery";1001;"2020-08-24"
20641;"energy";"electricity";2600;2791;"2020-03-25";"2020-05-01";"";"";"";"Cologne";"indelivery";1001;"2020-04-15"
20642;"energy";"electricity";2200;2049;"2019-01-25";"2019-09-01";"";"";"";"Wetzlar";"indelivery";1000;"2020-04-14"
20643;"energy";"gas";11200;"";"2018-08-01";"2018-09-01";"";"";"";"Osterholz-Scharmbeck";"indelivery";2000;"2019-01-03"
20644;"energy";"electricity";2100;2254;"2019-06-11";"2019-10-01";"";"";"";"Cologne";"indelivery";1000;"2020-03-14"
20645;"energy";"electricity";2100;2158;"2018-12-22";"2019-02-01";"";"";"";"Munich";"indelivery";1000;"2019-09-21"
20646;"energy";"gas";10000;10628;"2018-09-11";"2019-01-01";"";"";"";"Neuwied";"indelivery";2001;"2020-03-18"
20647;"energy";"electricity";2100;2184;"2019-09-19";"2020-04-01";"";"";"";"Kassel";"indelivery";1001;"2020-04-27"
20648;"energy";"gas";11400;"";"2020-07-23";"2021-02-01";"";"";"";"Wiesbaden";"active";2000;"2020-09-23"
20649;"energy";"electricity";2600;2720;"2020-04-26";"2020-10-01";"";"";"";"Fürth";"indelivery";1002;"2020-09-02"
20650;"energy";"electricity";2500;2497;"2018-10-18";"2018-12-01";"";"";"";"Berlin";"indelivery";1000;"2020-06-12"
20651;"energy";"electricity";2100;2143;"2020-03-12";"2021-07-01";"";"";"";"Frankfurt";"active";1001;"2020-07-25"
20652;"energy";"electricity";2400;2494;"2018-10-10";"2019-05-01";"2019-05-01";"2019-06-01";"Wiederruf";"Hannover";"terminated";1001;"2019-05-05"
20653;"energy";"electricity";2400;2278;"2019-02-10";"2019-07-01";"2019-07-01";"2019-10-01";"Wiederruf";"Bautzen";"terminated";1001;"2019-10-01"
20654;"energy";"electricity";2500;2584;"2018-04-06";"2018-08-01";"2019-05-31";"2019-05-02";"fristgerecht durch LichtBlick";"Marienberg";"terminated";1002;"2019-05-02"
20655;"energy";"electricity";2100;2116;"2019-11-19";"2020-06-01";"2020-09-30";"2020-09-02";"fristgerecht durch LichtBlick";"Munich";"terminated";1002;"2020-01-13"
20656;"energy";"electricity";2000;2056;"2019-03-13";"2019-06-01";"";"";"";"Berlin";"indelivery";1002;"2019-10-20"
20657;"energy";"electricity";2800;2798;"2018-03-04";"2018-06-01";"2018-06-01";"2019-10-03";"Wiederruf";"Hamburg";"terminated";1000;"2019-10-03"
20658;"energy";"electricity";2200;2105;"2018-12-27";"2019-02-01";"";"";"";"Koblenz";"indelivery";1001;"2019-12-09"
20659;"energy";"electricity";2000;1892;"2018-03-05";"2018-05-01";"";"";"";"Frankfurt";"indelivery";1002;"2019-11-11"
20660;"energy";"electricity";2800;2908;"2019-06-11";"2019-11-01";"";"";"";"Herzberg";"indelivery";1002;"2020-02-02"
20661;"energy";"gas";11700;11220;"2018-07-06";"2018-09-01";"";"";"";"Bremen";"indelivery";2001;"2018-09-04"
20662;"energy";"electricity";2000;1987;"2019-10-01";"2019-12-01";"";"";"";"Gera";"indelivery";1002;"2020-04-20"
20663;"energy";"electricity";2000;1981;"2018-11-20";"2019-04-01";"";"";"";"Stuttgart";"indelivery";1000;"2019-05-16"
20664;"energy";"electricity";2000;2183;"2019-04-25";"2019-08-01";"";"";"";"Munich";"indelivery";1002;"2020-05-26"
20665;"energy";"electricity";2600;2435;"2019-05-09";"2019-09-01";"";"";"";"Bonn";"indelivery";1000;"2020-03-13"
20666;"energy";"electricity";2300;2317;"2019-07-13";"2019-08-01";"2019-08-01";"2019-09-26";"Wiederruf";"Senftenberg";"terminated";1000;"2019-09-26"
20667;"energy";"gas";9900;10105;"2019-05-18";"2020-01-01";"";"";"";"Leipzig";"indelivery";2001;"2020-09-16"
20668;"energy";"gas";11100;11392;"2020-03-14";"2020-06-01";"";"";"";"Leipzig";"indelivery";2001;"2020-09-29"
20669;"energy";"gas";10600;10666;"2020-09-19";"2021-04-01";"";"";"";"Altchemnitz";"active";2001;"2020-09-22"
20670;"energy";"electricity";2700;2856;"2020-06-14";"2021-01-01";"";"";"";"Berlin";"active";1000;"2020-08-15"
20671;"energy";"electricity";2800;2890;"2020-03-06";"2020-12-01";"";"";"";"Leipzig";"active";1001;"2020-07-31"
20672;"energy";"electricity";2000;1890;"2018-11-27";"2018-12-01";"2020-12-31";"2020-11-27";"Umzug";"Berlin";"cancelled";1002;"2020-09-04"
20673;"energy";"gas";10300;10660;"2020-02-01";"2020-11-01";"";"";"";"Magdeburg";"active";2000;"2020-06-28"
20674;"energy";"electricity";2800;2993;"2018-07-11";"2018-09-01";"";"";"";"Dortmund";"indelivery";1002;"2019-08-29"
20675;"energy";"electricity";2500;2469;"2019-02-08";"2019-03-01";"";"";"";"Delmenhorst";"indelivery";1001;"2019-07-23"
20676;"energy";"electricity";2100;2087;"2018-09-01";"2018-10-01";"";"";"";"Duisburg";"indelivery";1002;"2020-05-29"
20677;"energy";"gas";8100;8583;"2020-05-16";"2020-09-01";"";"";"";"Frankfurt";"indelivery";2000;"2020-09-03"
20678;"energy";"electricity";2900;2827;"2018-11-03";"2019-09-01";"";"";"";"Berlin";"indelivery";1000;"2020-05-12"
20679;"energy";"electricity";2200;2337;"2020-06-02";"2020-07-01";"";"";"";"Stuttgart";"indelivery";1002;"2020-06-16"
20680;"energy";"electricity";2900;"";"2020-02-18";"2020-05-01";"";"";"";"Bremen";"indelivery";1000;"2020-05-08"
20681;"energy";"electricity";2700;2806;"2019-11-23";"2019-12-01";"";"";"";"Cottbus";"indelivery";1001;"2020-08-10"
20682;"energy";"electricity";2900;3131;"2019-09-25";"2019-12-01";"";"";"";"Hannover";"indelivery";1000;"2020-07-12"
20683;"energy";"gas";8500;8699;"2018-01-05";"2018-10-01";"2020-08-31";"2020-08-01";"fristgerecht durch LichtBlick";"Berlin";"terminated";2000;"2018-10-26"
20684;"energy";"electricity";2000;2029;"2020-07-22";"2020-09-01";"";"";"";"Dortmund";"indelivery";1000;"2020-09-23"
20685;"energy";"electricity";2600;2802;"2019-09-29";"2019-11-01";"";"";"";"Hannover";"indelivery";1000;"2019-12-21"
20686;"energy";"electricity";2500;2549;"2019-06-13";"2019-08-01";"2020-01-31";"2019-12-31";"fristgerecht durch Kunde";"Berlin";"terminated";1000;"2019-09-05"
20687;"energy";"electricity";2600;2562;"2020-02-16";"2020-04-01";"2020-08-31";"2020-08-03";"fristgerecht durch Kunde";"Leipzig";"terminated";1001;"2020-03-30"
20688;"energy";"electricity";2700;2597;"2019-09-03";"2019-12-01";"";"";"";"Cologne";"indelivery";1000;"2020-05-13"
20689;"energy";"electricity";2700;2860;"2019-11-14";"2020-01-01";"";"";"";"Stade";"indelivery";1002;"2020-02-21"
20690;"energy";"electricity";2900;3046;"2018-05-21";"2018-07-01";"";"";"";"Leipzig";"indelivery";1001;"2019-06-17"
20691;"energy";"gas";11500;11789;"2020-03-30";"2020-12-01";"";"";"";"Emden";"active";2000;"2020-06-24"
20692;"energy";"electricity";2500;2540;"2019-12-15";"2021-04-01";"";"";"";"Berlin";"active";1002;"2019-12-16"
20693;"energy";"electricity";2900;2754;"2018-04-26";"2018-06-01";"";"";"";"Magdeburg";"indelivery";1000;"2018-08-09"
20694;"energy";"electricity";2900;3046;"2020-02-19";"2020-06-01";"";"";"";"Hamburg";"indelivery";1000;"2020-06-25"
20695;"energy";"electricity";2300;2254;"2020-01-29";"2020-03-01";"";"";"";"Frankfurt";"indelivery";1002;"2020-03-18"
20696;"energy";"electricity";2300;2199;"2020-01-18";"2020-02-01";"";"";"";"Fürth";"indelivery";1002;"2020-01-19"
20697;"energy";"electricity";2500;2580;"2018-04-25";"2018-07-01";"";"";"";"Bonn";"indelivery";1000;"2019-02-06"
20698;"energy";"electricity";2400;2384;"2019-12-27";"2020-01-01";"";"";"";"Kassel";"indelivery";1000;"2020-04-19"
20699;"energy";"electricity";2100;2014;"2020-03-15";"2020-08-01";"";"";"";"Munich";"indelivery";1002;"2020-07-29"
20700;"energy";"electricity";2000;2158;"2019-12-15";"2020-04-01";"2020-05-31";"2020-04-29";"Umzug";"Hamburg";"terminated";1000;"2020-03-11"
20701;"energy";"gas";11700;11185;"2019-12-27";"2020-01-01";"";"";"";"Rostock";"indelivery";2000;"2020-07-16"
20702;"energy";"electricity";2300;2373;"2018-06-28";"2018-12-01";"2019-01-31";"2019-01-03";"Umzug";"Magdeburg";"terminated";1000;"2019-01-03"
20703;"energy";"electricity";2900;2941;"2020-09-27";"2020-10-01";"";"";"";"Mannheim";"indelivery";1001;"2020-09-28"
20704;"energy";"electricity";2800;2929;"2018-07-21";"2018-09-01";"";"";"";"Bremen";"indelivery";1000;"2020-04-19"
20705;"energy";"electricity";2100;"";"2019-05-14";"2019-06-01";"";"";"";"Delmenhorst";"indelivery";1002;"2020-01-17"
20706;"energy";"electricity";3000;2958;"2019-08-09";"2020-03-01";"";"";"";"Magdeburg";"indelivery";1000;"2020-04-16"
20707;"energy";"electricity";2000;1975;"2020-01-25";"2020-02-01";"";"";"";"Berlin";"indelivery";1000;"2020-09-29"
20708;"energy";"electricity";2800;2735;"2018-01-19";"2018-04-01";"";"";"";"Fürth";"indelivery";1000;"2019-01-25"
20709;"energy";"electricity";2400;2493;"2018-05-29";"2018-11-01";"2019-01-31";"2019-01-02";"fristgerecht durch Kunde";"Hamburg";"terminated";1001;"2019-01-02"
20710;"energy";"electricity";2400;"";"2019-03-06";"2019-05-01";"2019-05-01";"2020-06-30";"Wiederruf";"Oldenburg";"terminated";1002;"2019-03-13"
20711;"energy";"electricity";2100;2051;"2020-01-14";"2021-03-01";"";"";"";"Leipzig";"active";1000;"2020-02-15"
20712;"energy";"electricity";2000;"";"2019-10-11";"2019-12-01";"2020-05-31";"2020-05-03";"fristgerecht durch LichtBlick";"Eichstätt";"terminated";1000;"2019-12-19"
20713;"energy";"electricity";3000;3070;"2018-12-30";"2019-02-01";"";"";"";"Duisburg";"indelivery";1000;"2020-01-08"
20714;"energy";"electricity";2800;"";"2019-04-15";"2019-12-01";"";"";"";"Cologne";"indelivery";1001;"2019-11-29"
20715;"energy";"electricity";2200;2242;"2019-08-27";"2020-01-01";"";"";"";"Berlin";"indelivery";1002;"2020-06-14"
20716;"energy";"electricity";2500;2414;"2018-08-16";"2018-10-01";"2019-01-31";"2019-01-03";"fristgerecht durch LichtBlick";"Hamburg";"terminated";1001;"2018-10-14"
20717;"energy";"electricity";2700;2724;"2020-09-16";"2020-11-01";"";"";"";"Berlin";"active";1001;"2020-09-30"
20718;"energy";"electricity";2100;2163;"2018-11-07";"2018-12-01";"2019-10-31";"2019-10-03";"fristgerecht durch Kunde";"Hannover";"terminated";1002;"2019-07-27"
20719;"energy";"electricity";2800;2934;"2019-06-26";"2020-03-01";"";"";"";"Berlin";"indelivery";1001;"2020-03-21"
20720;"energy";"electricity";2500;2551;"2019-04-26";"2019-06-01";"";"";"";"Duisburg";"indelivery";1001;"2020-05-10"
20721;"energy";"electricity";2600;2681;"2020-02-16";"2020-05-01";"";"";"";"Berlin";"indelivery";1001;"2020-07-12"
20722;"energy";"electricity";2100;2144;"2020-09-25";"2021-05-01";"";"";"";"Hamburg";"active";1002;"2020-09-29"
20723;"energy";"electricity";1900;1900;"2020-05-06";"2020-06-01";"";"";"";"Berlin";"indelivery";1001;"2020-05-14"
20724;"energy";"electricity";2800;2979;"2018-05-30";"2018-10-01";"";"";"";"Forst";"indelivery";1000;"2018-07-06"
20725;"energy";"electricity";3000;3094;"2019-04-04";"2019-08-01";"2019-08-01";"2020-08-28";"Wiederruf";"Sondershausen";"terminated";1001;"2020-08-28"
20726;"energy";"electricity";3000;2916;"2020-01-26";"2020-03-01";"";"";"";"Dortmund";"indelivery";1001;"2020-01-29"
20727;"energy";"gas";11900;11593;"2019-09-16";"2020-08-01";"";"";"";"Düsseldorf";"indelivery";2001;"2020-06-18"
20728;"energy";"electricity";2600;2604;"2019-12-24";"2020-01-01";"";"";"";"Ingolstadt";"indelivery";1002;"2020-01-02"
20729;"energy";"electricity";2800;2992;"2020-04-13";"2020-07-01";"";"";"";"Bremen";"indelivery";1000;"2020-05-04"
20730;"energy";"electricity";2100;2066;"2018-05-16";"2018-08-01";"";"";"";"Berlin";"indelivery";1002;"2019-08-17"
20731;"energy";"gas";8200;8569;"2018-08-11";"2018-09-01";"";"";"";"Berlin";"indelivery";2000;"2019-04-19"
20732;"energy";"gas";9400;9113;"2020-04-08";"2020-07-01";"";"";"";"Stuttgart";"indelivery";2000;"2020-07-20"
20733;"energy";"electricity";2500;2560;"2018-04-13";"2018-08-01";"2019-05-31";"2019-04-27";"fristgerecht durch LichtBlick";"Bergisch Gladbach";"terminated";1002;"2019-01-05"
20734;"energy";"electricity";2900;2907;"2019-02-08";"2019-05-01";"";"";"";"Potsdam";"indelivery";1000;"2019-08-11"
20735;"energy";"electricity";2300;2437;"2020-06-17";"2020-08-01";"";"";"";"Hamburg";"indelivery";1002;"2020-09-08"
20736;"energy";"electricity";2400;2348;"2018-08-11";"2018-10-01";"";"";"";"Dresden";"indelivery";1001;"2019-04-09"
20737;"energy";"electricity";2200;2299;"2018-09-24";"2018-10-01";"";"";"";"Schwäbisch Hall";"indelivery";1002;"2018-10-01"
20738;"energy";"electricity";2100;2119;"2019-06-23";"2019-07-01";"2020-12-31";"2020-11-27";"fristgerecht durch Kunde";"Munich";"cancelled";1002;"2020-01-24"
20739;"energy";"electricity";2700;2881;"2019-03-29";"2019-11-01";"";"";"";"Kiel";"indelivery";1000;"2019-09-12"
20740;"energy";"electricity";3000;3211;"2018-11-28";"2019-10-01";"";"";"";"Hamburg";"indelivery";1001;"2019-02-23"
20741;"energy";"gas";11600;11542;"2019-07-11";"2019-08-01";"";"";"";"Bonn";"indelivery";2001;"2020-03-27"
20742;"energy";"gas";8300;8890;"2018-08-25";"2018-10-01";"";"";"";"Leipzig";"indelivery";2001;"2020-07-29"
20743;"energy";"gas";10000;10025;"2019-03-16";"2019-05-01";"";"";"";"Dortmund";"indelivery";2001;"2019-08-01"
20744;"energy";"electricity";2500;2523;"2019-09-06";"2019-11-01";"2019-11-01";"2020-07-01";"Wiederruf";"Duisburg";"terminated";1001;"2020-03-25"
20745;"energy";"electricity";2200;2132;"2020-09-27";"2021-01-01";"";"";"";"Osnabrück";"active";1000;"2020-09-28"
20746;"energy";"electricity";2600;2622;"2018-12-02";"2019-01-01";"";"";"";"Emden";"indelivery";1000;"2020-02-09"
20747;"energy";"electricity";3000;3165;"2020-01-30";"2020-03-01";"";"";"";"Bremen";"indelivery";1001;"2020-05-11"
20748;"energy";"electricity";2300;2414;"2018-11-05";"2019-01-01";"";"";"";"Oranienburg";"indelivery";1001;"2020-07-13"
20749;"energy";"electricity";2800;2966;"2019-10-29";"2019-11-01";"";"";"";"Braunschweig";"indelivery";1002;"2019-10-30"
20750;"energy";"electricity";2900;2934;"2019-11-12";"2020-03-01";"";"";"";"Saarbrücken";"indelivery";1001;"2020-03-17"
20751;"energy";"electricity";2600;2606;"2019-12-09";"2020-07-01";"";"";"";"Kleve";"indelivery";1001;"2020-07-02"
20752;"energy";"electricity";2600;2794;"2018-05-30";"2018-12-01";"";"";"";"Kassel";"indelivery";1001;"2020-05-23"
20753;"energy";"electricity";2700;2556;"2018-10-31";"2019-04-01";"2019-04-01";"2019-10-30";"Wiederruf";"Frankfurt";"terminated";1001;"2019-10-30"
20754;"energy";"electricity";2300;2292;"2018-12-30";"2019-01-01";"2019-01-01";"2019-12-02";"Wiederruf";"Mannheim";"terminated";1001;"2019-12-02"
20755;"energy";"electricity";2800;2742;"2019-04-23";"2019-05-01";"";"";"";"Munich";"indelivery";1000;"2020-03-18"
20756;"energy";"electricity";2500;2407;"2020-07-23";"2020-11-01";"";"";"";"Freiburg";"active";1002;"2020-08-24"
20757;"energy";"electricity";2400;2464;"2019-11-24";"2020-05-01";"";"";"";"Essen";"indelivery";1002;"2020-03-01"
20758;"energy";"electricity";2700;2537;"2019-08-19";"2019-09-01";"";"";"";"Berlin";"indelivery";1001;"2020-06-04"
20759;"energy";"electricity";2300;2416;"2018-02-23";"2018-04-01";"";"";"";"Bremen";"indelivery";1000;"2020-09-10"
20760;"energy";"electricity";2700;2633;"2019-10-24";"2020-01-01";"";"";"";"Düsseldorf";"indelivery";1000;"2020-03-18"
20761;"energy";"electricity";2600;2608;"2019-09-20";"2019-12-01";"";"";"";"Hamburg";"indelivery";1002;"2020-01-03"
20762;"energy";"electricity";1900;2029;"2018-11-08";"2019-02-01";"";"";"";"Berlin";"indelivery";1000;"2019-10-12"
20763;"energy";"electricity";2900;3144;"2018-07-26";"2018-09-01";"";"";"";"Dortmund";"indelivery";1001;"2019-04-29"
20764;"energy";"electricity";2400;2472;"2020-08-19";"2020-11-01";"";"";"";"Berlin";"active";1001;"2020-09-13"
20765;"energy";"electricity";2500;"";"2020-05-01";"2020-08-01";"";"";"";"Köthen";"indelivery";1001;"2020-08-14"
20766;"energy";"electricity";2100;2258;"2018-03-25";"2018-06-01";"2019-02-28";"2019-01-30";"fristgerecht durch LichtBlick";"Augsburg";"terminated";1002;"2019-01-30"
20767;"energy";"electricity";2500;2516;"2019-03-16";"2019-06-01";"";"";"";"Berlin";"indelivery";1001;"2020-09-22"
20768;"energy";"electricity";2500;2739;"2019-10-19";"2021-03-01";"";"";"";"Saarbrücken";"active";1000;"2019-11-17"
20769;"energy";"electricity";2600;2663;"2019-09-29";"2020-02-01";"";"";"";"Munich";"indelivery";1000;"2020-06-02"
20770;"energy";"electricity";2600;2744;"2018-10-31";"2019-05-01";"";"";"";"Berlin";"indelivery";1002;"2019-01-06"
20771;"energy";"electricity";2100;2042;"2018-02-24";"2018-11-01";"2018-11-01";"2020-08-31";"Wiederruf";"Hamburg";"terminated";1000;"2019-10-24"
20772;"energy";"electricity";2400;2419;"2019-10-17";"2020-03-01";"";"";"";"Dortmund";"indelivery";1002;"2020-05-04"
20773;"energy";"electricity";2600;2778;"2020-02-05";"2020-09-01";"";"";"";"Munich";"indelivery";1002;"2020-08-27"
20774;"energy";"electricity";2500;2541;"2020-09-24";"2020-11-01";"";"";"";"Berlin";"active";1001;"2020-09-30"
20775;"energy";"electricity";2800;2757;"2018-12-05";"2019-01-01";"";"";"";"Frankfurt";"indelivery";1000;"2020-01-02"
20776;"energy";"electricity";2700;"";"2020-04-06";"2020-12-01";"";"";"";"Frankfurt";"active";1000;"2020-06-04"
20777;"energy";"electricity";2400;2576;"2019-05-21";"2019-09-01";"";"";"";"Essen";"indelivery";1000;"2019-06-16"
20778;"energy";"electricity";1900;1908;"2020-06-18";"2020-07-01";"";"";"";"Munich";"indelivery";1001;"2020-06-18"
20779;"energy";"electricity";2800;2733;"2020-05-24";"2021-07-01";"";"";"";"Offenbach";"active";1001;"2020-07-25"
20780;"energy";"gas";9100;9741;"2018-11-03";"2019-01-01";"";"";"";"Stuttgart";"indelivery";2000;"2019-03-16"
20781;"energy";"electricity";1900;1881;"2020-03-03";"2020-08-01";"";"";"";"Cologne";"indelivery";1000;"2020-03-06"
20782;"energy";"electricity";2900;2980;"2020-03-04";"2020-04-01";"";"";"";"Essen";"indelivery";1000;"2020-05-06"
20783;"energy";"gas";11200;10941;"2020-07-06";"2020-10-01";"";"";"";"Gießen";"indelivery";2001;"2020-07-29"
20784;"energy";"gas";9000;8834;"2019-11-04";"2020-09-01";"";"";"";"Ingolstadt";"indelivery";2000;"2020-09-05"
20785;"energy";"electricity";2700;2823;"2018-11-07";"2019-02-01";"";"";"";"Marienberg";"indelivery";1000;"2020-07-31"
20786;"energy";"gas";8000;8376;"2018-11-05";"2019-06-01";"2019-07-31";"2019-06-26";"fristgerecht durch Kunde";"Cologne";"terminated";2001;"2019-06-26"
20787;"energy";"gas";10300;10189;"2018-04-05";"2018-07-01";"";"";"";"Berlin";"indelivery";2001;"2019-09-26"
20788;"energy";"electricity";2900;2898;"2019-02-22";"2019-05-01";"2020-04-30";"2020-04-01";"Umzug";"Wuppertal";"terminated";1002;"2019-10-20"
20789;"energy";"electricity";2100;2144;"2020-05-19";"2020-07-01";"";"";"";"Bonn";"indelivery";1002;"2020-07-17"
20790;"energy";"electricity";2300;2385;"2019-10-03";"2019-12-01";"";"";"";"Frankfurt";"indelivery";1000;"2020-05-04"
20791;"energy";"electricity";2200;"";"2018-06-09";"2019-05-01";"2019-09-30";"2019-08-31";"Umzug";"Ulm";"terminated";1002;"2019-01-14"
20792;"energy";"gas";11000;10501;"2020-04-14";"2020-07-01";"";"";"";"Delmenhorst";"indelivery";2000;"2020-06-13"
20793;"energy";"electricity";2600;2495;"2019-05-06";"2019-07-01";"";"";"";"Wuppertal";"indelivery";1002;"2020-02-20"
20794;"energy";"electricity";2400;2552;"2020-03-02";"2020-04-01";"";"";"";"Hamburg";"indelivery";1001;"2020-03-14"
20795;"energy";"gas";11200;11033;"2019-11-22";"2019-12-01";"";"";"";"Stuttgart";"indelivery";2001;"2020-09-29"
20796;"energy";"electricity";2200;2245;"2020-05-30";"2020-10-01";"";"";"";"Fürth";"indelivery";1001;"2020-07-09"
20797;"energy";"electricity";2700;2568;"2019-08-18";"2019-10-01";"2019-11-30";"2019-10-28";"Umzug";"Stuttgart";"terminated";1002;"2019-10-28"
20798;"energy";"electricity";3000;2822;"2020-07-03";"2020-09-01";"";"";"";"Dresden";"indelivery";1000;"2020-07-28"
20799;"energy";"electricity";2100;2051;"2019-09-14";"2020-04-01";"";"";"";"Hamburg";"indelivery";1001;"2020-04-10"
20800;"energy";"electricity";2400;2335;"2020-08-31";"2020-11-01";"";"";"";"Wiesbaden";"active";1000;"2020-09-15"
20801;"energy";"electricity";2300;2163;"2019-06-11";"2019-10-01";"";"";"";"Wuppertal";"indelivery";1000;"2020-03-02"
20802;"energy";"electricity";2300;2383;"2018-02-21";"2019-04-01";"2019-06-30";"2019-06-02";"fristgerecht durch Kunde";"Essen";"terminated";1001;"2018-06-21"
20803;"energy";"electricity";2900;2975;"2019-10-05";"2020-07-01";"";"";"";"Saarbrücken";"indelivery";1001;"2020-07-02"
20804;"energy";"electricity";2100;2213;"2020-06-22";"2020-08-01";"";"";"";"Munich";"indelivery";1002;"2020-08-02"
20805;"energy";"electricity";2100;2184;"2019-08-17";"2019-11-01";"";"";"";"Berlin";"indelivery";1000;"2019-10-06"
20806;"energy";"electricity";1900;1961;"2019-05-16";"2019-10-01";"";"";"";"Berlin";"indelivery";1001;"2019-07-16"
20807;"energy";"electricity";2800;"";"2018-09-18";"2018-10-01";"";"";"";"Forst";"indelivery";1000;"2020-07-11"
20808;"energy";"electricity";2000;2015;"2019-04-12";"2019-08-01";"";"";"";"Berlin";"indelivery";1001;"2020-04-14"
20809;"energy";"electricity";2700;2698;"2019-11-13";"2020-03-01";"";"";"";"Oldenburg";"indelivery";1001;"2020-01-29"
20810;"energy";"electricity";2100;2183;"2018-01-16";"2018-02-01";"2018-04-30";"2018-04-01";"Umzug";"Hamburg";"terminated";1002;"2018-04-01"
20811;"energy";"gas";10300;10836;"2018-11-02";"2019-05-01";"2020-07-31";"2020-07-03";"Umzug";"Hamburg";"terminated";2001;"2020-04-24"
20812;"energy";"electricity";2500;2646;"2019-04-13";"2019-05-01";"";"";"";"Stuttgart";"indelivery";1000;"2020-05-30"
20813;"energy";"electricity";2600;2690;"2019-11-05";"2020-01-01";"";"";"";"Berlin";"indelivery";1000;"2020-02-10"
20814;"energy";"gas";10800;10277;"2020-01-20";"2020-11-01";"";"";"";"Stendal";"active";2001;"2020-01-24"
20815;"energy";"electricity";2800;3031;"2019-07-22";"2020-01-01";"";"";"";"Magdeburg";"indelivery";1001;"2020-01-17"
20816;"energy";"electricity";2200;2143;"2019-04-03";"2019-07-01";"";"";"";"Kassel";"indelivery";1000;"2019-11-24"
20817;"energy";"electricity";2200;2144;"2018-01-05";"2018-03-01";"2018-03-01";"2019-08-31";"Wiederruf";"Berlin";"terminated";1002;"2018-04-08"
20818;"energy";"electricity";2800;3007;"2019-12-26";"2020-03-01";"2020-03-01";"2020-09-01";"Wiederruf";"Tirschenreuth";"terminated";1002;"2020-09-01"
20819;"energy";"electricity";3000;2823;"2019-11-01";"2019-12-01";"";"";"";"Leipzig";"indelivery";1001;"2019-11-17"
20820;"energy";"electricity";2700;2848;"2018-06-20";"2018-08-01";"2020-03-31";"2020-03-01";"Umzug";"Berlin";"terminated";1000;"2019-10-05"
20821;"energy";"electricity";2400;2284;"2018-07-24";"2018-09-01";"";"";"";"Berlin";"indelivery";1002;"2019-10-26"
20822;"energy";"electricity";2700;2693;"2019-12-25";"2020-07-01";"";"";"";"Düsseldorf";"indelivery";1002;"2020-06-08"
20823;"energy";"electricity";2300;2323;"2019-06-01";"2020-01-01";"";"";"";"Fürth";"indelivery";1001;"2020-05-07"
20824;"energy";"electricity";2000;2099;"2020-08-18";"2020-11-01";"";"";"";"Hamburg";"active";1002;"2020-08-24"
20825;"energy";"electricity";2700;2771;"2019-06-07";"2019-08-01";"2019-12-31";"2019-12-02";"fristgerecht durch LichtBlick";"Frankfurt";"terminated";1000;"2019-06-10"
20826;"energy";"electricity";2400;2527;"2020-08-15";"2020-09-01";"";"";"";"Neuss";"indelivery";1000;"2020-09-18"
20827;"energy";"electricity";2600;2549;"2018-12-16";"2019-01-01";"";"";"";"Berlin";"indelivery";1000;"2020-02-21"
20828;"energy";"electricity";2900;3087;"2020-09-03";"2020-10-01";"";"";"";"Berlin";"indelivery";1002;"2020-09-19"
20829;"energy";"electricity";3000;3009;"2018-01-21";"2018-04-01";"";"";"";"Magdeburg";"indelivery";1001;"2020-06-03"
20830;"energy";"electricity";2000;2083;"2019-01-02";"2019-05-01";"";"";"";"Würzburg";"indelivery";1001;"2019-08-04"
20831;"energy";"electricity";2400;"";"2019-02-27";"2019-10-01";"";"";"";"Frankfurt";"indelivery";1000;"2020-09-27"
20832;"energy";"electricity";2700;2712;"2020-09-26";"2020-11-01";"";"";"";"Landsberg";"active";1001;"2020-09-27"
20833;"energy";"electricity";2000;2195;"2020-07-01";"2020-11-01";"";"";"";"Hamburg";"active";1001;"2020-09-17"
20834;"energy";"electricity";2800;2687;"2020-05-06";"2020-06-01";"";"";"";"Bremen";"indelivery";1000;"2020-09-22"
20835;"energy";"electricity";2800;2904;"2019-04-13";"2019-08-01";"";"";"";"Hamburg";"indelivery";1000;"2020-01-26"
20836;"energy";"electricity";2200;2195;"2020-09-27";"2020-11-01";"";"";"";"Haldensleben";"active";1000;"2020-09-27"
20837;"energy";"gas";11400;11038;"2020-04-07";"2020-08-01";"";"";"";"Cottbus";"indelivery";2001;"2020-07-04"
20838;"energy";"electricity";2600;2700;"2019-02-01";"2019-07-01";"";"";"";"Ebersberg";"indelivery";1000;"2020-05-16"
20839;"energy";"gas";10100;9783;"2019-11-27";"2020-05-01";"2020-12-31";"2020-11-26";"Umzug";"Berlin";"cancelled";2001;"2020-02-10"
20840;"energy";"electricity";2700;2584;"2019-11-26";"2020-02-01";"";"";"";"Munich";"indelivery";1001;"2020-08-13"
20841;"energy";"electricity";2600;2579;"2020-01-01";"2020-03-01";"2020-03-01";"2020-11-02";"Wiederruf";"Saarbrücken";"terminated";1000;"2020-03-22"
20842;"energy";"gas";10300;9903;"2020-02-01";"2020-04-01";"";"";"";"Hamburg";"indelivery";2001;"2020-04-23"
20843;"energy";"electricity";2100;2149;"2019-03-26";"2019-08-01";"";"";"";"Frankfurt";"indelivery";1001;"2020-05-04"
20844;"energy";"electricity";2700;2703;"2018-03-15";"2018-06-01";"";"";"";"Cologne";"indelivery";1000;"2020-08-15"
20845;"energy";"electricity";2400;2505;"2019-11-07";"2020-05-01";"";"";"";"Hamburg";"indelivery";1000;"2019-12-29"
20846;"energy";"electricity";2200;2165;"2018-02-08";"2018-04-01";"";"";"";"Marienberg";"indelivery";1000;"2018-05-30"
20847;"energy";"electricity";3000;3105;"2019-07-23";"2019-09-01";"";"";"";"Gießen";"indelivery";1002;"2020-03-05"
20848;"energy";"gas";11600;12144;"2018-01-27";"2018-04-01";"2018-04-01";"2018-11-30";"Wiederruf";"Wuppertal";"terminated";2001;"2018-11-30"
20849;"energy";"electricity";2100;2160;"2019-05-06";"2019-08-01";"";"";"";"Dortmund";"indelivery";1002;"2019-05-07"
20850;"energy";"electricity";2600;2594;"2018-10-10";"2018-11-01";"";"";"";"Karlsruhe";"indelivery";1002;"2019-11-23"
20851;"energy";"electricity";2400;"";"2018-09-09";"2018-11-01";"";"";"";"Erfurt";"indelivery";1000;"2019-05-28"
20852;"energy";"electricity";2400;2321;"2018-03-04";"2018-11-01";"";"";"";"Freiburg";"indelivery";1002;"2019-08-17"
20853;"energy";"gas";8300;8636;"2020-02-17";"2020-03-01";"";"";"";"Berlin";"indelivery";2001;"2020-08-24"
20854;"energy";"electricity";2600;2501;"2018-04-24";"2019-03-01";"";"";"";"Bremen";"indelivery";1001;"2019-08-05"
20855;"energy";"electricity";2300;2293;"2018-05-24";"2018-07-01";"";"";"";"Berlin";"indelivery";1002;"2020-07-24"
20856;"energy";"gas";9700;9463;"2018-03-07";"2018-05-01";"";"";"";"Regensburg";"indelivery";2001;"2019-11-15"
20857;"energy";"electricity";2700;2819;"2018-04-30";"2018-11-01";"";"";"";"Dortmund";"indelivery";1000;"2018-12-05"
20858;"energy";"electricity";2500;2511;"2018-03-30";"2018-07-01";"";"";"";"Karlsruhe";"indelivery";1001;"2018-06-20"
20859;"energy";"electricity";2300;2483;"2018-04-11";"2018-07-01";"";"";"";"Düsseldorf";"indelivery";1002;"2018-10-23"
20860;"energy";"electricity";2200;"";"2018-02-05";"2018-04-01";"";"";"";"Cologne";"indelivery";1000;"2020-04-04"
20861;"energy";"electricity";2200;2128;"2020-05-19";"2020-12-01";"";"";"";"Stuttgart";"active";1002;"2020-09-08"
20862;"energy";"electricity";2000;2059;"2020-06-11";"2020-11-01";"";"";"";"Berlin";"active";1002;"2020-09-26"
20863;"energy";"electricity";2900;3097;"2019-08-21";"2019-11-01";"";"";"";"Cologne";"indelivery";1000;"2020-01-13"
20864;"energy";"electricity";2400;"";"2018-03-20";"2018-04-01";"2019-09-30";"2019-09-02";"Umzug";"Schwerin";"terminated";1000;"2019-01-17"
20865;"energy";"electricity";2100;2079;"2019-06-26";"2019-07-01";"";"";"";"Hannover";"indelivery";1001;"2020-04-27"
20866;"energy";"electricity";2800;2737;"2020-05-27";"2020-09-01";"";"";"";"Stuttgart";"indelivery";1000;"2020-07-07"
20867;"energy";"gas";8800;9429;"2018-07-04";"2018-09-01";"";"";"";"Düsseldorf";"indelivery";2001;"2019-04-27"
20868;"energy";"electricity";2200;2314;"2019-10-12";"2020-08-01";"";"";"";"Munich";"indelivery";1001;"2019-10-23"
20869;"energy";"electricity";2500;2399;"2018-05-18";"2018-08-01";"2018-09-30";"2018-08-26";"fristgerecht durch LichtBlick";"Berlin";"terminated";1001;"2018-08-26"
20870;"energy";"electricity";2800;2620;"2019-09-21";"2019-11-01";"";"";"";"Hamburg";"indelivery";1001;"2020-07-12"
20871;"energy";"electricity";2100;2202;"2019-12-24";"2020-03-01";"";"";"";"Augsburg";"indelivery";1001;"2020-06-20"
20872;"energy";"electricity";2500;"";"2019-12-23";"2020-02-01";"";"";"";"Wuppertal";"indelivery";1002;"2020-02-16"
20873;"energy";"electricity";2300;2431;"2019-09-17";"2019-12-01";"";"";"";"Kiel";"indelivery";1002;"2019-10-30"
20874;"energy";"electricity";1900;2008;"2018-05-17";"2019-01-01";"";"";"";"Hamburg";"indelivery";1001;"2020-06-21"
20875;"energy";"electricity";2500;2434;"2020-05-06";"2020-07-01";"";"";"";"Hamburg";"indelivery";1002;"2020-05-18"
20876;"energy";"electricity";2200;2181;"2018-04-03";"2018-07-01";"";"";"";"Berlin";"indelivery";1001;"2019-12-08"
20877;"energy";"electricity";2300;2188;"2020-02-24";"2020-04-01";"";"";"";"Würzburg";"indelivery";1001;"2020-05-30"
20878;"energy";"electricity";2500;2631;"2019-06-01";"2019-07-01";"2019-10-31";"2019-10-02";"fristgerecht durch Kunde";"Wiesbaden";"terminated";1000;"2019-10-02"
20879;"energy";"electricity";2100;2185;"2019-05-13";"2019-10-01";"";"";"";"Dresden";"indelivery";1000;"2020-04-18"
20880;"energy";"electricity";2600;2686;"2018-06-12";"2018-12-01";"";"";"";"Dresden";"indelivery";1002;"2020-05-16"
20881;"energy";"electricity";2700;2884;"2018-05-24";"2019-03-01";"";"";"";"Dortmund";"indelivery";1001;"2018-08-23"
20882;"energy";"electricity";2200;2396;"2020-01-04";"2020-05-01";"";"";"";"Regensburg";"indelivery";1001;"2020-03-12"
20883;"energy";"electricity";2600;2507;"2019-04-08";"2019-08-01";"2020-04-30";"2020-04-02";"Umzug";"Verden";"terminated";1002;"2019-05-20"
20884;"energy";"electricity";2400;"";"2018-10-15";"2018-11-01";"";"";"";"Braunschweig";"indelivery";1001;"2019-12-14"
20885;"energy";"gas";9200;8795;"2019-08-30";"2019-12-01";"2020-09-30";"2020-09-02";"Umzug";"Hamburg";"terminated";2000;"2020-02-04"
20886;"energy";"electricity";2800;2745;"2018-11-12";"2019-09-01";"2019-10-31";"2019-10-02";"fristgerecht durch Kunde";"Leipzig";"terminated";1001;"2019-05-15"
20887;"energy";"electricity";2200;2053;"2018-04-26";"2018-05-01";"";"";"";"Berlin";"indelivery";1001;"2018-07-01"
20888;"energy";"electricity";1900;2027;"2018-01-27";"2018-02-01";"";"";"";"Berlin";"indelivery";1000;"2020-05-30"
20889;"energy";"electricity";1900;1941;"2019-02-28";"2019-04-01";"";"";"";"Berlin";"indelivery";1002;"2019-05-08"
20890;"energy";"electricity";2300;2433;"2018-09-20";"2019-03-01";"2019-03-01";"2019-08-02";"Wiederruf";"Munich";"terminated";1002;"2018-12-03"
20891;"energy";"electricity";2900;2981;"2018-11-26";"2019-12-01";"";"";"";"Duisburg";"indelivery";1002;"2020-05-20"
20892;"energy";"electricity";2100;1980;"2019-03-03";"2019-04-01";"";"";"";"Essen";"indelivery";1000;"2019-11-02"
20893;"energy";"electricity";2400;2571;"2019-08-06";"2019-10-01";"";"";"";"Lübben";"indelivery";1002;"2020-03-24"
20894;"energy";"electricity";2600;2503;"2018-02-10";"2018-06-01";"2020-03-31";"2020-03-03";"Umzug";"Marienberg";"terminated";1002;"2019-05-21"
20895;"energy";"electricity";2300;"";"2019-05-28";"2019-08-01";"";"";"";"Munich";"indelivery";1002;"2020-07-22"
20896;"energy";"gas";10400;"";"2018-12-09";"2019-06-01";"2020-09-30";"2020-09-02";"fristgerecht durch LichtBlick";"Berlin";"terminated";2001;"2020-07-09"
20897;"energy";"gas";11300;10950;"2020-01-10";"2020-05-01";"";"";"";"Magdeburg";"indelivery";2001;"2020-02-13"
20898;"energy";"gas";8600;8779;"2020-03-22";"2020-05-01";"";"";"";"Altchemnitz";"indelivery";2000;"2020-05-01"
20899;"energy";"electricity";2400;2520;"2018-02-03";"2018-07-01";"";"";"";"Munich";"indelivery";1001;"2019-12-26"
20900;"energy";"electricity";2900;2882;"2018-09-09";"2018-12-01";"2020-11-30";"2020-11-01";"Umzug";"Mannheim";"cancelled";1002;"2019-12-16"
20901;"energy";"electricity";2900;"";"2018-04-09";"2018-09-01";"2018-10-31";"2018-10-02";"fristgerecht durch Kunde";"Kassel";"terminated";1002;"2018-10-02"
20902;"energy";"electricity";2100;"";"2019-08-27";"2020-04-01";"2020-06-30";"2020-06-02";"Umzug";"Kassel";"terminated";1002;"2019-09-12"
20903;"energy";"electricity";2800;2842;"2018-01-02";"2018-03-01";"2020-04-30";"2020-04-02";"fristgerecht durch Kunde";"Münster";"terminated";1000;"2020-01-27"
20904;"energy";"electricity";2900;2819;"2020-08-06";"2020-11-01";"";"";"";"Duisburg";"active";1002;"2020-08-15"
20905;"energy";"electricity";2500;2623;"2019-09-01";"2020-07-01";"";"";"";"Hamburg";"indelivery";1000;"2019-12-25"
20906;"energy";"electricity";2600;2732;"2020-07-10";"2020-08-01";"";"";"";"Pinneberg";"indelivery";1002;"2020-09-15"
20907;"energy";"electricity";2300;2369;"2019-03-14";"2019-04-01";"";"";"";"Jena";"indelivery";1000;"2020-08-27"
20908;"energy";"electricity";2500;2432;"2020-01-16";"2020-05-01";"2020-06-30";"2020-05-29";"fristgerecht durch Kunde";"Munich";"terminated";1001;"2020-02-25"
20909;"energy";"electricity";2200;2385;"2018-06-26";"2019-06-01";"";"";"";"Duisburg";"indelivery";1002;"2018-11-12"
20910;"energy";"gas";9600;9736;"2020-02-14";"2020-04-01";"2020-09-30";"2020-09-02";"fristgerecht durch Kunde";"Berlin";"terminated";2000;"2020-04-25"
20911;"energy";"electricity";2300;2458;"2018-11-10";"2019-01-01";"2020-04-30";"2020-03-31";"fristgerecht durch Kunde";"Düsseldorf";"terminated";1002;"2019-04-25"
20912;"energy";"electricity";2700;2791;"2020-09-17";"2020-12-01";"";"";"";"Kiel";"active";1002;"2020-09-22"
20913;"energy";"electricity";2700;2750;"2018-06-16";"2018-10-01";"2018-10-01";"2019-11-28";"Wiederruf";"Frankfurt";"terminated";1002;"2019-11-28"
20914;"energy";"electricity";2400;2549;"2019-10-11";"2020-05-01";"";"";"";"Marienberg";"indelivery";1000;"2020-07-07"
20915;"energy";"electricity";2200;"";"2019-12-29";"2020-03-01";"";"";"";"Cologne";"indelivery";1002;"2020-07-26"
20916;"energy";"electricity";2300;2176;"2019-02-01";"2019-04-01";"";"";"";"Bremen";"indelivery";1001;"2019-05-22"
20917;"energy";"electricity";2100;"";"2018-09-07";"2018-10-01";"2019-12-31";"2019-11-26";"Umzug";"Berlin";"terminated";1001;"2019-11-26"
20918;"energy";"gas";11700;"";"2018-09-11";"2018-12-01";"";"";"";"Koblenz";"indelivery";2000;"2019-01-31"
20919;"energy";"electricity";2400;2530;"2020-07-07";"2020-08-01";"";"";"";"Berlin";"indelivery";1001;"2020-09-21"
20920;"energy";"gas";10500;"";"2020-06-15";"2020-07-01";"2020-12-31";"2020-12-03";"fristgerecht durch Kunde";"Wuppertal";"cancelled";2000;"2020-09-16"
20921;"energy";"electricity";2700;2710;"2019-11-12";"2020-01-01";"";"";"";"Essen";"indelivery";1001;"2020-03-21"
20922;"energy";"gas";11800;12107;"2020-07-30";"2020-09-01";"";"";"";"Wuppertal";"indelivery";2000;"2020-08-22"
20923;"energy";"electricity";2500;2471;"2019-09-10";"2019-11-01";"";"";"";"Wuppertal";"indelivery";1000;"2020-07-06"
20924;"energy";"gas";10400;10869;"2018-08-05";"2019-10-01";"";"";"";"Coesfeld";"indelivery";2000;"2019-04-18"
20925;"energy";"gas";9800;10203;"2019-11-07";"2020-01-01";"";"";"";"Oldenburg";"indelivery";2000;"2019-11-21"
20926;"energy";"electricity";2500;2615;"2018-10-23";"2019-01-01";"";"";"";"Wuppertal";"indelivery";1001;"2020-07-19"
20927;"energy";"electricity";2600;2701;"2019-08-22";"2019-10-01";"";"";"";"Cottbus";"indelivery";1000;"2020-01-05"
20928;"energy";"electricity";2500;2456;"2019-12-18";"2020-06-01";"";"";"";"Berlin";"indelivery";1002;"2020-01-12"
20929;"energy";"electricity";2800;2837;"2018-03-23";"2018-06-01";"";"";"";"Heppenheim";"indelivery";1000;"2018-06-29"
20930;"energy";"electricity";2600;2758;"2018-11-01";"2019-05-01";"";"";"";"Wiesbaden";"indelivery";1001;"2020-09-11"
20931;"energy";"electricity";3000;"";"2018-09-23";"2018-11-01";"";"";"";"Simmern";"indelivery";1000;"2020-04-27"
20932;"energy";"electricity";2100;2063;"2020-08-09";"2020-09-01";"";"";"";"Berlin";"indelivery";1002;"2020-08-13"
20933;"energy";"electricity";2500;2406;"2018-11-26";"2019-05-01";"";"";"";"Stuttgart";"indelivery";1000;"2020-03-22"
20934;"energy";"electricity";2900;2878;"2019-12-03";"2020-02-01";"";"";"";"Erfurt";"indelivery";1002;"2020-02-05"
20935;"energy";"gas";8700;8436;"2019-09-06";"2020-05-01";"";"";"";"Hamburg";"indelivery";2001;"2020-04-15"
20936;"energy";"gas";9600;9294;"2019-05-01";"2019-05-01";"";"";"";"Berlin";"indelivery";2000;"2019-07-17"
20937;"energy";"electricity";2400;2526;"2019-04-13";"2019-06-01";"2020-05-31";"2020-05-01";"fristgerecht durch LichtBlick";"Berlin";"terminated";1000;"2020-01-16"
20938;"energy";"electricity";2800;2802;"2018-11-19";"2019-07-01";"";"";"";"Munich";"indelivery";1002;"2019-11-03"
20939;"energy";"electricity";2000;1861;"2020-01-29";"2020-03-01";"";"";"";"Berlin";"indelivery";1000;"2020-09-17"
20940;"energy";"electricity";2700;"";"2019-05-05";"2019-07-01";"";"";"";"Munich";"indelivery";1001;"2020-04-23"
20941;"energy";"electricity";2100;2269;"2018-12-30";"2019-04-01";"";"";"";"Berlin";"indelivery";1001;"2019-09-22"
20942;"energy";"electricity";2600;2552;"2018-06-18";"2018-09-01";"2018-11-30";"2018-10-30";"fristgerecht durch LichtBlick";"Berlin";"terminated";1001;"2018-10-30"
20943;"energy";"electricity";3000;3084;"2019-03-30";"2019-04-01";"2019-04-01";"2019-05-30";"Wiederruf";"Duisburg";"terminated";1001;"2019-05-30"
20944;"energy";"electricity";2200;2142;"2019-12-16";"2020-03-01";"2020-11-30";"2020-10-29";"fristgerecht durch LichtBlick";"Düsseldorf";"cancelled";1000;"2020-01-06"
20945;"energy";"electricity";2800;2732;"2019-12-29";"2020-02-01";"2020-07-31";"2020-06-28";"fristgerecht durch LichtBlick";"Wuppertal";"terminated";1000;"2020-05-22"
20946;"energy";"electricity";3000;3011;"2019-06-19";"2019-08-01";"";"";"";"Münster";"indelivery";1000;"2020-03-29"
20947;"energy";"electricity";2900;3062;"2020-07-28";"2020-11-01";"";"";"";"Bremen";"active";1002;"2020-09-29"
20948;"energy";"electricity";2400;2354;"2018-09-08";"2018-10-01";"";"";"";"Berlin";"indelivery";1001;"2019-04-18"
20949;"energy";"electricity";2900;3107;"2018-08-26";"2018-10-01";"";"";"";"Bremen";"indelivery";1002;"2020-05-03"
20950;"energy";"gas";9000;8898;"2019-07-16";"2019-08-01";"";"";"";"Dortmund";"indelivery";2001;"2019-09-29"
20951;"energy";"gas";9600;9618;"2018-08-31";"2019-03-01";"";"";"";"Bremen";"indelivery";2000;"2019-06-02"
20952;"energy";"gas";10300;9815;"2020-08-20";"2021-02-01";"";"";"";"Dortmund";"active";2000;"2020-09-09"
20953;"energy";"electricity";2000;2148;"2020-04-10";"2020-06-01";"";"";"";"Essen";"indelivery";1001;"2020-07-03"
20954;"energy";"electricity";2800;2774;"2018-05-21";"2018-07-01";"";"";"";"Bonn";"indelivery";1002;"2019-11-20"
20955;"energy";"electricity";2000;1914;"2018-08-16";"2018-10-01";"";"";"";"Mannheim";"indelivery";1002;"2018-08-16"
20956;"energy";"electricity";2600;2633;"2019-06-07";"2019-09-01";"";"";"";"Osnabrück";"indelivery";1001;"2020-06-26"
20957;"energy";"electricity";2900;"";"2019-09-24";"2020-08-01";"";"";"";"Leipzig";"indelivery";1000;"2019-12-16"
20958;"energy";"gas";11500;11549;"2020-04-09";"2021-04-01";"";"";"";"Dortmund";"active";2001;"2020-05-19"
20959;"energy";"electricity";2700;2698;"2018-09-26";"2018-12-01";"";"";"";"Bremen";"indelivery";1001;"2019-07-25"
20960;"energy";"electricity";2800;2873;"2020-02-22";"2020-06-01";"";"";"";"Starnberg";"indelivery";1002;"2020-08-25"
20961;"energy";"electricity";2100;"";"2020-01-06";"2020-12-01";"";"";"";"Stuttgart";"active";1001;"2020-04-19"
20962;"energy";"gas";11100;"";"2018-10-15";"2018-11-01";"";"";"";"Munich";"indelivery";2000;"2018-12-13"
20963;"energy";"electricity";2000;2004;"2019-06-02";"2019-10-01";"";"";"";"Berlin";"indelivery";1002;"2020-01-06"
20964;"energy";"gas";9400;9771;"2019-01-01";"2019-03-01";"2020-01-31";"2020-01-02";"fristgerecht durch LichtBlick";"Hamburg";"terminated";2000;"2019-01-01"
20965;"energy";"electricity";2900;"";"2020-05-13";"2020-07-01";"2020-08-31";"2020-07-30";"Umzug";"Gera";"terminated";1000;"2020-07-30"
20966;"energy";"electricity";2900;3040;"2020-03-06";"2021-01-01";"";"";"";"Oldenburg";"active";1002;"2020-09-05"
20967;"energy";"electricity";2800;2673;"2018-01-29";"2018-03-01";"";"";"";"Ulm";"indelivery";1000;"2020-02-23"
20968;"energy";"electricity";2400;2371;"2018-07-10";"2018-11-01";"2020-02-29";"2020-01-28";"fristgerecht durch Kunde";"Berlin";"terminated";1001;"2020-01-28"
20969;"energy";"electricity";2200;2273;"2019-04-30";"2019-05-01";"";"";"";"Marienberg";"indelivery";1000;"2019-05-17"
20970;"energy";"electricity";2800;2751;"2019-12-13";"2020-03-01";"";"";"";"Münster";"indelivery";1000;"2020-07-14"
20971;"energy";"gas";8600;8466;"2019-03-17";"2019-09-01";"";"";"";"Cologne";"indelivery";2001;"2020-08-12"
20972;"energy";"electricity";2400;2374;"2018-03-17";"2018-04-01";"2020-06-30";"2020-06-02";"Umzug";"Bonn";"terminated";1002;"2019-12-18"
20973;"energy";"electricity";2600;2628;"2018-06-22";"2018-08-01";"";"";"";"Dortmund";"indelivery";1002;"2020-03-21"
20974;"energy";"electricity";2300;2395;"2019-11-14";"2019-12-01";"";"";"";"Hamburg";"indelivery";1000;"2020-07-17"
20975;"energy";"electricity";2500;2549;"2020-06-06";"2021-05-01";"";"";"";"Munich";"active";1000;"2020-07-23"
20976;"energy";"gas";11800;11827;"2019-05-19";"2019-12-01";"2019-12-01";"2020-10-02";"Wiederruf";"Berlin";"terminated";2000;"2020-01-08"
20977;"energy";"electricity";2200;2235;"2019-08-10";"2020-12-01";"";"";"";"Lübeck";"active";1000;"2019-12-05"
20978;"energy";"electricity";2800;2921;"2019-02-26";"2019-06-01";"";"";"";"Hamburg";"indelivery";1000;"2020-05-05"
20979;"energy";"gas";8100;8213;"2018-08-20";"2018-10-01";"";"";"";"Cologne";"indelivery";2001;"2020-02-07"
20980;"energy";"electricity";2000;1967;"2018-07-23";"2018-12-01";"";"";"";"Munich";"indelivery";1000;"2020-08-15"
20981;"energy";"electricity";2300;"";"2020-06-06";"2020-10-01";"";"";"";"Hamburg";"indelivery";1002;"2020-09-07"
20982;"energy";"electricity";2200;2252;"2019-10-14";"2019-12-01";"2020-06-30";"2020-06-01";"fristgerecht durch LichtBlick";"Frankfurt";"terminated";1001;"2019-12-07"
20983;"energy";"electricity";2100;2111;"2018-06-10";"2018-07-01";"2019-06-30";"2019-05-29";"fristgerecht durch Kunde";"Munich";"terminated";1000;"2019-05-29"
20984;"energy";"gas";10900;11398;"2020-06-19";"2021-04-01";"";"";"";"Hamburg";"active";2001;"2020-06-21"
20985;"energy";"electricity";2200;2167;"2018-04-17";"2018-05-01";"";"";"";"Hannover";"indelivery";1001;"2019-01-01"
20986;"energy";"electricity";2600;2811;"2018-11-22";"2019-03-01";"";"";"";"Munich";"indelivery";1002;"2019-01-23"
20987;"energy";"electricity";2100;2073;"2018-05-20";"2018-06-01";"";"";"";"Munich";"indelivery";1001;"2018-12-17"
20988;"energy";"electricity";2700;2880;"2020-02-21";"2020-03-01";"";"";"";"Wuppertal";"indelivery";1001;"2020-08-11"
20989;"energy";"electricity";2000;1939;"2018-01-24";"2018-03-01";"";"";"";"Leipzig";"indelivery";1000;"2020-08-26"
20990;"energy";"electricity";2200;2141;"2019-04-08";"2019-06-01";"2020-12-31";"2020-12-02";"Umzug";"Berlin";"cancelled";1000;"2020-07-25"
20991;"energy";"electricity";2400;2307;"2020-03-21";"2020-05-01";"2020-11-30";"2020-11-01";"Umzug";"Greifswald";"cancelled";1000;"2020-04-10"
20992;"energy";"electricity";2300;2234;"2018-07-18";"2018-08-01";"2019-02-28";"2019-01-29";"fristgerecht durch LichtBlick";"Salzwedel";"terminated";1000;"2019-01-29"
20993;"energy";"electricity";2800;2876;"2019-06-13";"2019-09-01";"";"";"";"Berlin";"indelivery";1000;"2020-04-24"
20994;"energy";"electricity";2400;2395;"2018-12-16";"2019-02-01";"";"";"";"Lübeck";"indelivery";1001;"2019-05-23"
20995;"energy";"electricity";2700;2676;"2019-02-27";"2019-07-01";"";"";"";"Ulm";"indelivery";1000;"2020-05-01"
20996;"energy";"electricity";2500;2455;"2019-04-17";"2019-05-01";"";"";"";"Erfurt";"indelivery";1001;"2019-05-08"
20997;"energy";"electricity";2300;2469;"2019-02-20";"2019-06-01";"2019-06-01";"2020-05-01";"Wiederruf";"Plauen";"terminated";1001;"2019-04-22"
20998;"energy";"gas";10100;10879;"2020-08-07";"2021-01-01";"";"";"";"Karlsruhe";"active";2000;"2020-08-25"
20999;"energy";"electricity";2500;2498;"2020-07-07";"2020-11-01";"";"";"";"Cuxhaven";"active";1002;"2020-09-14"
21000;"energy";"electricity";2300;2518;"2018-09-28";"2018-12-01";"";"";"";"Berlin";"indelivery";1001;"2020-01-07"
21001;"energy";"electricity";2200;2215;"2018-11-03";"2019-01-01";"";"";"";"Dortmund";"indelivery";1000;"2020-06-16"
21002;"energy";"electricity";2700;2820;"2020-04-19";"2020-07-01";"";"";"";"Frankfurt";"indelivery";1000;"2020-08-06"
21003;"energy";"electricity";2500;2659;"2019-12-10";"2020-09-01";"";"";"";"Mannheim";"indelivery";1001;"2020-02-28"
21004;"energy";"electricity";2300;2298;"2020-04-19";"2020-07-01";"";"";"";"Bremen";"indelivery";1002;"2020-08-29"
21005;"energy";"gas";10600;10457;"2018-02-10";"2018-08-01";"";"";"";"Berlin";"indelivery";2001;"2018-12-02"
21006;"energy";"electricity";2700;2664;"2018-07-10";"2018-10-01";"";"";"";"Leipzig";"indelivery";1000;"2020-09-05"
21007;"energy";"electricity";2700;2775;"2019-03-18";"2019-05-01";"";"";"";"Berlin";"indelivery";1001;"2019-08-11"
21008;"energy";"electricity";2700;2675;"2019-11-14";"2019-12-01";"";"";"";"Potsdam";"indelivery";1001;"2020-06-25"
21009;"energy";"electricity";2000;2149;"2020-02-05";"2020-11-01";"";"";"";"Dortmund";"active";1000;"2020-09-08"
21010;"energy";"electricity";2600;2761;"2018-08-01";"2019-04-01";"";"";"";"Berlin";"indelivery";1001;"2019-07-14"
21011;"energy";"electricity";2700;2902;"2019-11-04";"2020-02-01";"";"";"";"Munich";"indelivery";1002;"2020-05-29"
21012;"energy";"electricity";2000;1959;"2019-02-10";"2019-08-01";"";"";"";"Cologne";"indelivery";1002;"2020-03-04"
21013;"energy";"electricity";2600;2670;"2018-08-02";"2018-11-01";"2019-09-30";"2019-08-21";"fristgerecht durch Kunde";"Stuttgart";"terminated";1001;"2019-08-21"
21014;"energy";"electricity";2200;"";"2018-10-30";"2019-02-01";"2020-02-29";"2020-02-01";"fristgerecht durch Kunde";"Cologne";"terminated";1000;"2019-09-29"
21015;"energy";"electricity";2900;3040;"2020-02-06";"2020-04-01";"2020-06-30";"2020-06-02";"Umzug";"Cham";"terminated";1002;"2020-04-26"
21016;"energy";"electricity";2800;2791;"2018-05-09";"2018-11-01";"2020-12-31";"2020-12-03";"Umzug";"Forchheim";"cancelled";1000;"2020-04-05"
21017;"energy";"electricity";2400;2279;"2018-06-04";"2018-08-01";"";"";"";"Kiel";"indelivery";1000;"2019-02-17"
21018;"energy";"electricity";2200;"";"2020-05-23";"2021-01-01";"";"";"";"Potsdam";"active";1000;"2020-08-03"
21019;"energy";"gas";8200;7980;"2019-08-07";"2019-12-01";"2020-09-30";"2020-09-01";"fristgerecht durch Kunde";"Wetzlar";"terminated";2000;"2020-02-13"
21020;"energy";"electricity";2100;2298;"2019-04-01";"2019-05-01";"";"";"";"Cologne";"indelivery";1002;"2020-01-20"
21021;"energy";"electricity";2100;2127;"2018-07-06";"2019-04-01";"";"";"";"Altchemnitz";"indelivery";1000;"2020-07-18"
21022;"energy";"electricity";2600;2533;"2020-03-23";"2020-08-01";"";"";"";"Stuttgart";"indelivery";1002;"2020-09-17"
21023;"energy";"electricity";2900;2905;"2018-05-06";"2018-11-01";"";"";"";"Cologne";"indelivery";1002;"2018-11-19"
21024;"energy";"electricity";2500;"";"2020-02-04";"2020-05-01";"";"";"";"Gießen";"indelivery";1000;"2020-02-20"
21025;"energy";"electricity";2400;2531;"2018-01-17";"2018-02-01";"2018-03-31";"2018-03-01";"fristgerecht durch LichtBlick";"Hamburg";"terminated";1000;"2018-03-01"
21026;"energy";"gas";11900;11896;"2020-08-14";"2020-10-01";"";"";"";"Berlin";"indelivery";2000;"2020-08-17"
21027;"energy";"electricity";2000;1960;"2018-05-11";"2018-09-01";"";"";"";"Cologne";"indelivery";1001;"2018-09-10"
21028;"energy";"electricity";2900;3015;"2019-04-13";"2019-09-01";"";"";"";"Duisburg";"indelivery";1001;"2020-08-17"
21029;"energy";"electricity";2100;2194;"2018-05-19";"2018-09-01";"";"";"";"Wiesbaden";"indelivery";1001;"2019-12-09"
21030;"energy";"gas";8400;8975;"2018-04-25";"2018-06-01";"";"";"";"Coburg";"indelivery";2000;"2020-08-26"
21031;"energy";"gas";7500;7291;"2020-06-24";"2020-09-01";"";"";"";"Hamburg";"indelivery";2001;"2020-07-09"
21032;"energy";"electricity";2900;3110;"2020-09-29";"2020-11-01";"";"";"";"Münster";"active";1002;"2020-09-30"
21033;"energy";"electricity";2400;2385;"2018-01-19";"2018-02-01";"";"";"";"Cologne";"indelivery";1000;"2020-01-03"
21034;"energy";"electricity";2400;"";"2018-10-17";"2019-05-01";"";"";"";"Winsen";"indelivery";1001;"2020-08-30"
21035;"energy";"gas";12000;12115;"2020-08-08";"2020-10-01";"";"";"";"Dortmund";"indelivery";2000;"2020-09-26"
21036;"energy";"electricity";2700;2835;"2018-11-19";"2019-03-01";"2020-07-31";"2020-07-02";"fristgerecht durch LichtBlick";"Hamburg";"terminated";1002;"2019-01-28"
21037;"energy";"electricity";2800;2844;"2020-06-13";"2020-10-01";"";"";"";"Dortmund";"indelivery";1001;"2020-06-28"
21038;"energy";"electricity";2400;2299;"2020-02-01";"2020-05-01";"";"";"";"Munich";"indelivery";1002;"2020-05-15"
21039;"energy";"electricity";2300;2328;"2020-03-16";"2020-11-01";"";"";"";"Erfurt";"active";1002;"2020-09-07"
21040;"energy";"electricity";2700;2702;"2018-01-26";"2018-09-01";"2019-07-31";"2019-07-03";"Umzug";"Freiburg";"terminated";1001;"2018-03-20"
21041;"energy";"electricity";2900;2813;"2018-01-12";"2018-03-01";"2019-11-30";"2019-10-30";"Umzug";"Kassel";"terminated";1000;"2019-10-30"
21042;"energy";"electricity";2300;2368;"2019-08-05";"2019-09-01";"";"";"";"Bad Hersfeld";"indelivery";1001;"2019-09-21"
21043;"energy";"electricity";2400;2514;"2019-09-23";"2020-01-01";"";"";"";"Duisburg";"indelivery";1002;"2020-05-11"
21044;"energy";"electricity";2400;2385;"2019-05-26";"2020-01-01";"";"";"";"Hamburg";"indelivery";1002;"2020-03-01"
21045;"energy";"electricity";2600;2692;"2020-08-15";"2021-04-01";"";"";"";"Berlin";"active";1001;"2020-08-22"
21046;"energy";"electricity";2100;2290;"2020-05-26";"2021-06-01";"";"";"";"Bielefeld";"active";1002;"2020-08-18"
21047;"energy";"electricity";2500;"";"2020-01-27";"2020-03-01";"";"";"";"Hofeck";"indelivery";1000;"2020-01-30"
21048;"energy";"electricity";2500;2410;"2020-04-08";"2020-08-01";"";"";"";"Dresden";"indelivery";1002;"2020-04-13"
21049;"energy";"electricity";2200;2250;"2018-06-25";"2018-11-01";"";"";"";"Gera";"indelivery";1002;"2018-12-02"
21050;"energy";"electricity";2300;2264;"2020-05-04";"2021-02-01";"";"";"";"Stuttgart";"active";1000;"2020-05-14"
21051;"energy";"electricity";2900;3020;"2019-10-11";"2020-01-01";"";"";"";"Rosenheim";"indelivery";1001;"2019-12-17"
21052;"energy";"electricity";2300;"";"2019-12-01";"2019-12-01";"";"";"";"Hamburg";"indelivery";1001;"2020-02-14"
21053;"energy";"gas";9700;10427;"2018-05-06";"2018-07-01";"2019-01-31";"2018-12-24";"fristgerecht durch Kunde";"Stuttgart";"terminated";2001;"2018-12-24"
21054;"energy";"electricity";2400;2589;"2020-05-11";"2020-07-01";"";"";"";"Schwerin";"indelivery";1000;"2020-08-20"
21055;"energy";"electricity";2200;2105;"2019-01-09";"2019-03-01";"";"";"";"Wolfsburg";"indelivery";1000;"2019-01-26"
21056;"energy";"electricity";2800;2672;"2019-01-30";"2019-03-01";"2019-07-31";"2019-07-03";"Umzug";"Lübeck";"terminated";1001;"2019-07-03"
21057;"energy";"electricity";2100;2066;"2018-12-11";"2019-08-01";"";"";"";"Marienberg";"indelivery";1000;"2020-03-25"
21058;"energy";"electricity";2800;"";"2018-01-17";"2018-04-01";"";"";"";"Cologne";"indelivery";1001;"2019-03-09"
21059;"energy";"electricity";2400;2447;"2019-05-03";"2019-07-01";"";"";"";"Berlin";"indelivery";1002;"2019-06-16"
21060;"energy";"electricity";2200;2124;"2020-01-15";"2020-02-01";"";"";"";"Erfurt";"indelivery";1002;"2020-02-17"
21061;"energy";"electricity";2000;2121;"2019-02-18";"2020-01-01";"";"";"";"Hamburg";"indelivery";1000;"2019-07-21"
21062;"energy";"electricity";2900;2906;"2018-11-04";"2019-02-01";"";"";"";"Bremen";"indelivery";1000;"2020-07-02"
21063;"energy";"electricity";2000;2137;"2019-09-08";"2020-05-01";"";"";"";"Mannheim";"indelivery";1000;"2020-03-26"
21064;"energy";"electricity";2800;2925;"2019-05-13";"2019-10-01";"2019-10-01";"2020-06-22";"Wiederruf";"Essen";"terminated";1002;"2020-01-12"
21065;"energy";"electricity";2200;2301;"2018-01-03";"2018-04-01";"2019-01-31";"2018-12-31";"Umzug";"Bremen";"terminated";1000;"2018-12-31"
21066;"energy";"electricity";2600;2506;"2018-06-24";"2018-08-01";"2019-11-30";"2019-11-02";"Umzug";"Hamburg";"terminated";1001;"2019-01-01"
21067;"energy";"electricity";2400;2464;"2020-08-10";"2020-12-01";"";"";"";"Rosenheim";"active";1001;"2020-09-14"
21068;"energy";"electricity";2700;2805;"2018-12-14";"2019-06-01";"";"";"";"Cologne";"indelivery";1000;"2020-07-28"
21069;"energy";"electricity";2200;2388;"2018-07-30";"2019-01-01";"2019-01-01";"2020-02-27";"Wiederruf";"Bremen";"terminated";1000;"2019-03-27"
21070;"energy";"electricity";2700;2657;"2019-10-27";"2020-01-01";"2020-03-31";"2020-03-03";"fristgerecht durch LichtBlick";"Ulm";"terminated";1001;"2020-03-03"
21071;"energy";"electricity";2600;2821;"2018-05-17";"2018-07-01";"";"";"";"Mannheim";"indelivery";1001;"2019-03-28"
21072;"energy";"electricity";2800;2827;"2018-01-04";"2018-03-01";"";"";"";"Marienberg";"indelivery";1001;"2020-07-18"
21073;"energy";"electricity";2100;2130;"2020-03-04";"2020-08-01";"";"";"";"Wiesbaden";"indelivery";1000;"2020-09-19"
21074;"energy";"electricity";2700;2785;"2019-08-06";"2019-10-01";"";"";"";"Berlin";"indelivery";1000;"2020-08-14"
21075;"energy";"electricity";2800;3026;"2019-09-27";"2019-10-01";"";"";"";"Düsseldorf";"indelivery";1001;"2020-08-01"
21076;"energy";"electricity";2100;2108;"2019-04-30";"2019-07-01";"";"";"";"Berlin";"indelivery";1001;"2020-09-07"
21077;"energy";"electricity";2600;2484;"2020-08-21";"2020-10-01";"";"";"";"Stuttgart";"indelivery";1000;"2020-09-30"
21078;"energy";"electricity";2800;2996;"2018-07-15";"2019-02-01";"";"";"";"Potsdam";"indelivery";1001;"2020-05-10"
21079;"energy";"electricity";2600;2787;"2019-08-18";"2019-12-01";"";"";"";"Dortmund";"indelivery";1002;"2020-05-26"
21080;"energy";"electricity";2700;2769;"2018-12-01";"2019-11-01";"";"";"";"Bremen";"indelivery";1000;"2019-11-01"
21081;"energy";"electricity";2400;2359;"2018-06-25";"2018-08-01";"";"";"";"Torgau";"indelivery";1000;"2020-03-08"
21082;"energy";"electricity";3000;3079;"2018-11-20";"2019-01-01";"";"";"";"Marienberg";"indelivery";1002;"2020-07-26"
21083;"energy";"electricity";2800;2974;"2020-04-17";"2020-07-01";"";"";"";"Rosenheim";"indelivery";1002;"2020-05-27"
21084;"energy";"gas";9900;10002;"2018-08-18";"2019-01-01";"2019-02-28";"2019-01-30";"fristgerecht durch Kunde";"Ingelheim";"terminated";2001;"2019-01-30"
21085;"energy";"electricity";2800;2730;"2020-02-25";"2020-04-01";"";"";"";"Hannover";"indelivery";1000;"2020-03-08"
21086;"energy";"gas";8500;8395;"2020-09-24";"2021-01-01";"";"";"";"Munich";"active";2000;"2020-09-30"
21087;"energy";"gas";10600;11312;"2020-07-05";"2021-03-01";"";"";"";"Leipzig";"active";2001;"2020-08-20"
21088;"energy";"electricity";2200;2142;"2018-12-02";"2019-01-01";"2019-04-30";"2019-03-31";"Umzug";"Düsseldorf";"terminated";1001;"2019-03-31"
21089;"energy";"electricity";2600;2657;"2018-12-26";"2019-04-01";"";"";"";"Erfurt";"indelivery";1002;"2019-11-26"
21090;"energy";"electricity";2600;2513;"2018-06-20";"2018-07-01";"2018-07-01";"2018-12-30";"Wiederruf";"Berlin";"terminated";1001;"2018-12-30"
21091;"energy";"electricity";2500;2457;"2018-06-23";"2018-09-01";"2019-08-31";"2019-08-02";"fristgerecht durch Kunde";"Leipzig";"terminated";1000;"2019-08-02"
21092;"energy";"electricity";2300;2182;"2018-10-05";"2019-01-01";"";"";"";"Emmendingen";"indelivery";1002;"2018-10-24"
21093;"energy";"electricity";2400;2353;"2020-08-09";"2020-12-01";"";"";"";"Magdeburg";"active";1002;"2020-08-16"
21094;"energy";"electricity";2300;2178;"2019-02-18";"2019-10-01";"";"";"";"Cologne";"indelivery";1002;"2019-04-19"
21095;"energy";"electricity";2800;2886;"2019-01-09";"2019-10-01";"";"";"";"Altchemnitz";"indelivery";1002;"2019-01-29"
21096;"energy";"electricity";2900;3149;"2020-03-22";"2020-04-01";"2020-06-30";"2020-06-02";"fristgerecht durch Kunde";"Bremen";"terminated";1001;"2020-06-02"
21097;"energy";"electricity";2300;2397;"2020-05-06";"2021-03-01";"";"";"";"Ingolstadt";"active";1001;"2020-08-13"
21098;"energy";"electricity";2600;"";"2019-12-16";"2020-01-01";"";"";"";"Karlsruhe";"indelivery";1001;"2020-06-28"
21099;"energy";"gas";9600;9294;"2019-02-12";"2019-06-01";"2019-10-31";"2019-09-29";"Umzug";"Heidelberg";"terminated";2001;"2019-09-29"
21100;"energy";"gas";8400;8475;"2020-08-15";"2020-10-01";"";"";"";"Oldenburg";"indelivery";2000;"2020-09-16"
21101;"energy";"electricity";2500;2548;"2019-12-17";"2020-07-01";"";"";"";"Essen";"indelivery";1000;"2020-06-06"
21102;"energy";"electricity";2100;2131;"2018-10-28";"2019-01-01";"";"";"";"Dresden";"indelivery";1001;"2018-12-22"
21103;"energy";"gas";9600;10195;"2020-04-06";"2020-05-01";"";"";"";"Duisburg";"indelivery";2000;"2020-06-30"
21104;"energy";"electricity";2000;2058;"2018-05-25";"2018-07-01";"";"";"";"Hamburg";"indelivery";1002;"2019-11-05"
21105;"energy";"electricity";2400;2323;"2019-02-14";"2019-03-01";"";"";"";"Schwerin";"indelivery";1000;"2020-02-24"
21106;"energy";"electricity";1900;2077;"2019-10-27";"2019-12-01";"";"";"";"Frankfurt";"indelivery";1000;"2020-02-28"
21107;"energy";"electricity";2500;2426;"2018-12-07";"2019-05-01";"";"";"";"Bad Ems";"indelivery";1000;"2020-04-12"
21108;"energy";"gas";10300;10751;"2019-08-10";"2020-03-01";"";"";"";"Regensburg";"indelivery";2000;"2020-05-18"
21109;"energy";"electricity";2200;2225;"2020-09-22";"2020-10-01";"";"";"";"Kiel";"indelivery";1001;"2020-09-25"
21110;"energy";"electricity";2000;2029;"2019-11-21";"2019-12-01";"";"";"";"Berlin";"indelivery";1002;"2020-02-09"
21111;"energy";"gas";9000;8981;"2018-09-04";"2018-10-01";"2019-04-30";"2019-03-27";"fristgerecht durch Kunde";"Hamburg";"terminated";2001;"2019-03-27"
21112;"energy";"electricity";2200;2224;"2020-09-19";"2020-11-01";"";"";"";"Duisburg";"active";1002;"2020-09-24"
21113;"energy";"gas";8600;9060;"2018-07-12";"2018-09-01";"";"";"";"Berlin";"indelivery";2000;"2018-12-26"
21114;"energy";"electricity";2200;2142;"2020-07-19";"2020-09-01";"";"";"";"Mainz";"indelivery";1002;"2020-09-10"
21115;"energy";"electricity";2800;2884;"2019-09-07";"2019-11-01";"";"";"";"Wuppertal";"indelivery";1002;"2020-05-01"
21116;"energy";"gas";9800;10542;"2020-04-05";"2020-06-01";"";"";"";"Hannover";"indelivery";2000;"2020-09-15"
21117;"energy";"electricity";2400;2393;"2018-07-13";"2018-09-01";"";"";"";"Düsseldorf";"indelivery";1000;"2019-01-16"
21118;"energy";"electricity";2300;2426;"2019-08-31";"2019-09-01";"2020-05-31";"2020-04-30";"fristgerecht durch Kunde";"Koblenz";"terminated";1000;"2020-04-30"
21119;"energy";"electricity";2800;2702;"2020-05-06";"2020-10-01";"";"";"";"Stadthagen";"indelivery";1002;"2020-06-24"
21120;"energy";"electricity";2500;2558;"2020-05-05";"2020-07-01";"";"";"";"Berlin";"indelivery";1002;"2020-05-06"
21121;"energy";"gas";9900;9914;"2019-02-03";"2019-05-01";"";"";"";"Dresden";"indelivery";2001;"2019-04-17"
21122;"energy";"electricity";2200;2130;"2018-01-17";"2018-04-01";"";"";"";"Cologne";"indelivery";1001;"2019-12-09"
21123;"energy";"electricity";2400;2584;"2019-11-26";"2020-01-01";"";"";"";"Mannheim";"indelivery";1002;"2020-04-21"
21124;"energy";"gas";9100;9146;"2018-05-21";"2018-07-01";"2020-10-31";"2020-10-03";"fristgerecht durch Kunde";"Leipzig";"cancelled";2000;"2020-09-08"
21125;"energy";"electricity";2400;2368;"2018-09-30";"2019-05-01";"";"";"";"Rostock";"indelivery";1002;"2018-12-02"
21126;"energy";"electricity";2600;2574;"2020-05-24";"2021-01-01";"";"";"";"Berlin";"active";1002;"2020-08-28"
21127;"energy";"electricity";2900;3098;"2018-11-25";"2018-12-01";"";"";"";"Cologne";"indelivery";1001;"2019-02-15"
21128;"energy";"electricity";2600;2576;"2019-09-11";"2020-03-01";"";"";"";"Braunschweig";"indelivery";1001;"2020-06-20"
21129;"energy";"electricity";2100;2100;"2019-04-03";"2019-05-01";"";"";"";"Leipzig";"indelivery";1000;"2020-03-19"
21130;"energy";"electricity";2300;2456;"2018-10-12";"2020-02-01";"2020-09-30";"2020-09-02";"fristgerecht durch Kunde";"Lübeck";"terminated";1002;"2019-08-24"
21131;"energy";"gas";11600;12090;"2019-08-28";"2019-09-01";"2020-03-31";"2020-02-23";"fristgerecht durch Kunde";"Potsdam";"terminated";2001;"2019-10-19"
21132;"energy";"electricity";2800;2955;"2018-06-22";"2018-12-01";"2020-10-31";"2020-10-03";"fristgerecht durch LichtBlick";"Munich";"cancelled";1000;"2019-01-13"
21133;"energy";"electricity";3000;3283;"2020-02-26";"2020-04-01";"";"";"";"Homburg";"indelivery";1002;"2020-03-24"
21134;"energy";"electricity";2600;2473;"2018-03-17";"2018-05-01";"";"";"";"Essen";"indelivery";1001;"2019-11-30"
21135;"energy";"electricity";2500;2650;"2019-07-30";"2019-10-01";"2020-02-29";"2020-01-29";"Umzug";"Neubrandenburg";"terminated";1001;"2019-11-12"
21136;"energy";"electricity";2000;2103;"2018-10-14";"2019-02-01";"";"";"";"Berlin";"indelivery";1001;"2019-11-11"
21137;"energy";"electricity";2900;3047;"2020-01-16";"2020-04-01";"";"";"";"Koblenz";"indelivery";1002;"2020-04-19"
21138;"energy";"electricity";3000;3170;"2018-07-03";"2019-03-01";"";"";"";"Frankfurt";"indelivery";1002;"2019-01-18"
21139;"energy";"electricity";2100;2211;"2018-02-22";"2018-07-01";"";"";"";"Hamburg";"indelivery";1002;"2018-02-28"
21140;"energy";"electricity";2300;2394;"2019-08-08";"2019-12-01";"2020-02-29";"2020-02-01";"Umzug";"Stuttgart";"terminated";1001;"2020-02-01"
21141;"energy";"electricity";2000;"";"2018-08-07";"2018-09-01";"2020-10-31";"2020-10-03";"fristgerecht durch Kunde";"Dresden";"cancelled";1000;"2020-08-08"
21142;"energy";"electricity";2700;2829;"2018-06-11";"2018-09-01";"2019-10-31";"2019-10-02";"fristgerecht durch LichtBlick";"Berlin";"terminated";1001;"2019-10-02"
21143;"energy";"electricity";2400;2302;"2018-02-17";"2018-05-01";"";"";"";"Dresden";"indelivery";1002;"2019-12-04"
21144;"energy";"electricity";2900;"";"2020-08-12";"2020-10-01";"";"";"";"Wuppertal";"indelivery";1000;"2020-09-20"
21145;"energy";"gas";11900;11760;"2019-01-14";"2019-07-01";"";"";"";"Magdeburg";"indelivery";2001;"2020-01-01"
21146;"energy";"electricity";2000;1901;"2019-08-29";"2019-10-01";"2020-11-30";"2020-10-30";"Umzug";"Berlin";"cancelled";1001;"2020-07-08"
21147;"energy";"electricity";2500;2656;"2018-02-24";"2018-10-01";"";"";"";"Hannover";"indelivery";1002;"2019-09-06"
21148;"energy";"electricity";3000;3166;"2019-11-23";"2020-01-01";"2020-01-01";"2020-10-01";"Wiederruf";"Düsseldorf";"terminated";1002;"2020-05-27"
21149;"energy";"gas";10100;10760;"2018-06-18";"2018-07-01";"2019-05-31";"2019-04-29";"fristgerecht durch LichtBlick";"Jena";"terminated";2000;"2019-04-29"
21150;"energy";"electricity";2800;2661;"2020-07-03";"2020-10-01";"";"";"";"Wuppertal";"indelivery";1000;"2020-07-03"
21151;"energy";"electricity";2900;"";"2018-09-21";"2019-02-01";"";"";"";"Dortmund";"indelivery";1002;"2020-07-09"
21152;"energy";"gas";8100;8338;"2020-07-01";"2020-07-01";"";"";"";"Dortmund";"indelivery";2001;"2020-07-21"
21153;"energy";"electricity";2500;2539;"2020-03-28";"2020-06-01";"";"";"";"Essen";"indelivery";1000;"2020-05-26"
21154;"energy";"gas";8700;8435;"2019-05-27";"2019-06-01";"";"";"";"Munich";"indelivery";2000;"2020-02-27"
21155;"energy";"electricity";2300;2406;"2018-06-20";"2018-10-01";"";"";"";"Schleiz";"indelivery";1002;"2019-02-06"
21156;"energy";"electricity";2700;2596;"2020-09-13";"2021-01-01";"";"";"";"Flensburg";"active";1000;"2020-09-15"
21157;"energy";"electricity";2500;2461;"2018-06-28";"2018-10-01";"2019-06-30";"2019-06-01";"Umzug";"Essen";"terminated";1000;"2019-04-16"
21158;"energy";"electricity";2600;2620;"2018-11-20";"2018-12-01";"";"";"";"Dortmund";"indelivery";1000;"2019-01-17"
21159;"energy";"electricity";2200;2191;"2020-05-25";"2020-07-01";"";"";"";"Düsseldorf";"indelivery";1002;"2020-08-22"
21160;"energy";"electricity";2700;2732;"2019-10-27";"2020-06-01";"";"";"";"Hamburg";"indelivery";1000;"2020-07-13"
21161;"energy";"electricity";2200;2124;"2018-12-13";"2019-03-01";"2019-03-01";"2019-05-01";"Wiederruf";"Berlin";"terminated";1002;"2019-05-01"
21162;"energy";"electricity";2400;"";"2018-03-14";"2018-05-01";"";"";"";"Bielefeld";"indelivery";1002;"2018-04-26"
21163;"energy";"electricity";2200;2293;"2020-05-31";"2020-10-01";"";"";"";"Dortmund";"indelivery";1000;"2020-08-04"
21164;"energy";"electricity";2000;2019;"2019-12-27";"2020-06-01";"";"";"";"Dresden";"indelivery";1001;"2020-07-28"
21165;"energy";"gas";10600;11227;"2019-12-22";"2020-04-01";"";"";"";"Berlin";"indelivery";2001;"2020-02-17"
21166;"energy";"gas";11500;12140;"2020-01-19";"2020-06-01";"";"";"";"Münster";"indelivery";2000;"2020-08-09"
21167;"energy";"electricity";2800;"";"2018-07-29";"2019-09-01";"";"";"";"Bielefeld";"indelivery";1002;"2019-04-21"
21168;"energy";"electricity";2600;2710;"2018-03-24";"2018-04-01";"2018-04-01";"2019-02-28";"Wiederruf";"Winsen";"terminated";1001;"2019-02-28"
21169;"energy";"electricity";2900;2880;"2020-05-07";"2021-01-01";"";"";"";"Berlin";"active";1000;"2020-09-18"
21170;"energy";"electricity";2200;2293;"2020-01-06";"2020-08-01";"";"";"";"Mannheim";"indelivery";1002;"2020-02-02"
21171;"energy";"electricity";2300;2364;"2020-01-04";"2020-03-01";"";"";"";"Duisburg";"indelivery";1000;"2020-09-28"
21172;"energy";"electricity";2600;2739;"2018-10-18";"2019-03-01";"2019-07-31";"2019-07-02";"fristgerecht durch Kunde";"Berlin";"terminated";1000;"2019-07-02"
21173;"energy";"electricity";2800;3003;"2018-05-09";"2019-05-01";"";"";"";"Bremen";"indelivery";1000;"2018-11-04"
21174;"energy";"electricity";2300;2266;"2019-11-02";"2020-10-01";"";"";"";"Regensburg";"indelivery";1002;"2020-04-01"
21175;"energy";"electricity";2400;2605;"2020-09-30";"2020-10-01";"";"";"";"Stuttgart";"indelivery";1000;"2020-09-30"
21176;"energy";"electricity";2200;2304;"2020-09-23";"2021-01-01";"";"";"";"Gera";"active";1001;"2020-09-23"
21177;"energy";"electricity";2700;2703;"2019-05-21";"2019-07-01";"2019-11-30";"2019-11-01";"Umzug";"Coburg";"terminated";1000;"2019-11-01"
21178;"energy";"electricity";2400;2489;"2018-12-04";"2019-04-01";"";"";"";"Ingolstadt";"indelivery";1000;"2020-04-11"
21179;"energy";"electricity";2000;1979;"2020-03-27";"2020-06-01";"";"";"";"Hamburg";"indelivery";1001;"2020-04-29"
21180;"energy";"electricity";2900;3125;"2018-02-19";"2018-06-01";"2020-06-30";"2020-06-02";"fristgerecht durch Kunde";"Braunschweig";"terminated";1001;"2020-01-22"
21181;"energy";"electricity";2700;2848;"2019-01-26";"2019-04-01";"2019-11-30";"2019-10-28";"fristgerecht durch Kunde";"Duisburg";"terminated";1001;"2019-10-28"
21182;"energy";"gas";10800;10418;"2020-02-10";"2020-03-01";"";"";"";"Magdeburg";"indelivery";2000;"2020-05-29"
21183;"energy";"electricity";2900;3148;"2020-02-22";"2020-04-01";"";"";"";"Düsseldorf";"indelivery";1001;"2020-03-24"
21184;"energy";"electricity";2000;2165;"2018-10-21";"2019-04-01";"";"";"";"Hannover";"indelivery";1000;"2019-09-29"
21185;"energy";"electricity";2000;2161;"2018-11-24";"2019-02-01";"2019-08-31";"2019-07-27";"fristgerecht durch Kunde";"Stuttgart";"terminated";1002;"2019-07-27"
21186;"energy";"gas";7600;7439;"2018-12-24";"2019-03-01";"";"";"";"Munich";"indelivery";2001;"2019-11-28"
21187;"energy";"electricity";2000;2070;"2019-09-21";"2020-02-01";"";"";"";"Berlin";"indelivery";1001;"2020-08-08"
21188;"energy";"gas";11100;11865;"2019-10-30";"2020-02-01";"2020-12-31";"2020-12-02";"Umzug";"Essen";"cancelled";2000;"2020-07-19"
21189;"energy";"electricity";2200;2374;"2019-11-23";"2020-03-01";"";"";"";"Saarbrücken";"indelivery";1001;"2020-05-14"
21190;"energy";"electricity";2500;2687;"2019-11-29";"2020-04-01";"";"";"";"Hamburg";"indelivery";1001;"2020-01-13"
21191;"energy";"electricity";2000;2113;"2019-06-27";"2019-12-01";"";"";"";"Essen";"indelivery";1002;"2019-10-08"
21192;"energy";"electricity";2900;3141;"2019-04-14";"2019-07-01";"";"";"";"Hamburg";"indelivery";1002;"2020-07-18"
21193;"energy";"electricity";2300;2487;"2020-05-06";"2020-09-01";"";"";"";"Leipzig";"indelivery";1002;"2020-07-20"
21194;"energy";"electricity";2300;2322;"2019-03-27";"2019-06-01";"";"";"";"Hannover";"indelivery";1002;"2020-02-25"
21195;"energy";"electricity";2700;2893;"2018-12-10";"2019-05-01";"";"";"";"Münster";"indelivery";1002;"2019-02-25"
21196;"energy";"electricity";2300;2428;"2019-01-28";"2019-05-01";"2020-03-31";"2020-02-26";"fristgerecht durch LichtBlick";"Munich";"terminated";1001;"2020-02-26"
21197;"energy";"electricity";2100;1984;"2018-04-30";"2018-06-01";"2020-03-31";"2020-02-29";"Umzug";"Berlin";"terminated";1000;"2018-10-20"
21198;"energy";"electricity";2500;2666;"2020-07-28";"2020-09-01";"";"";"";"Regensburg";"indelivery";1000;"2020-09-11"
21199;"energy";"electricity";2400;2431;"2020-01-15";"2020-07-01";"";"";"";"Düsseldorf";"indelivery";1000;"2020-03-14"
21200;"energy";"electricity";2200;2167;"2018-01-28";"2018-06-01";"";"";"";"Essen";"indelivery";1002;"2020-05-16"
21201;"energy";"electricity";2400;"";"2019-01-28";"2019-02-01";"";"";"";"Duisburg";"indelivery";1002;"2019-08-05"
21202;"energy";"electricity";2600;2485;"2020-07-12";"2020-09-01";"2020-09-01";"2020-12-01";"Wiederruf";"Berlin";"terminated";1000;"2020-07-16"
21203;"energy";"electricity";3000;3144;"2019-12-26";"2021-06-01";"";"";"";"Berlin";"active";1001;"2020-09-14"
21204;"energy";"gas";11900;11441;"2018-06-09";"2019-03-01";"";"";"";"Bremen";"indelivery";2001;"2019-03-30"
21205;"energy";"electricity";2800;2967;"2018-06-23";"2018-08-01";"";"";"";"Hamburg";"indelivery";1001;"2018-10-23"
21206;"energy";"electricity";2300;2315;"2019-07-07";"2020-04-01";"";"";"";"Munich";"indelivery";1001;"2020-07-18"
21207;"energy";"electricity";2800;2644;"2020-01-03";"2020-07-01";"";"";"";"Hofeck";"indelivery";1000;"2020-06-25"
21208;"energy";"electricity";2700;2580;"2018-09-02";"2018-11-01";"2019-11-30";"2019-11-01";"Umzug";"Bielefeld";"terminated";1000;"2019-05-09"
21209;"energy";"electricity";2600;2548;"2019-05-12";"2019-07-01";"";"";"";"Frankfurt";"indelivery";1000;"2020-04-04"
21210;"energy";"electricity";2400;2530;"2020-07-17";"2021-03-01";"";"";"";"Aachen";"active";1001;"2020-09-28"
21211;"energy";"electricity";2400;2317;"2019-04-23";"2019-06-01";"";"";"";"Berlin";"indelivery";1001;"2020-01-14"
21212;"energy";"electricity";2000;2026;"2018-09-02";"2019-05-01";"";"";"";"Munich";"indelivery";1002;"2020-06-19"
21213;"energy";"electricity";2300;2496;"2018-05-07";"2018-12-01";"";"";"";"Mannheim";"indelivery";1002;"2018-08-19"
21214;"energy";"electricity";2800;2635;"2018-12-01";"2019-03-01";"";"";"";"Homburg";"indelivery";1001;"2020-02-18"
21215;"energy";"electricity";2000;"";"2020-06-30";"2020-11-01";"";"";"";"Essen";"active";1001;"2020-09-03"
21216;"energy";"electricity";2200;2344;"2019-06-12";"2019-08-01";"";"";"";"Stadthagen";"indelivery";1002;"2019-11-08"
21217;"energy";"electricity";2400;2432;"2020-03-22";"2020-05-01";"";"";"";"Rosenheim";"indelivery";1001;"2020-05-27"
21218;"energy";"gas";10400;11049;"2020-09-21";"2021-08-01";"";"";"";"Augsburg";"active";2000;"2020-09-22"
21219;"energy";"electricity";2400;2464;"2019-10-11";"2020-05-01";"";"";"";"Augsburg";"indelivery";1000;"2019-12-13"
21220;"energy";"electricity";2200;2290;"2018-02-17";"2018-08-01";"2018-10-31";"2018-10-02";"fristgerecht durch LichtBlick";"Dortmund";"terminated";1000;"2018-10-02"
21221;"energy";"electricity";2400;2550;"2019-04-07";"2019-05-01";"";"";"";"Wiesbaden";"indelivery";1000;"2020-08-24"
21222;"energy";"electricity";2900;"";"2018-02-28";"2018-06-01";"";"";"";"Dortmund";"indelivery";1002;"2018-03-05"
21223;"energy";"electricity";2400;2606;"2018-02-12";"2018-04-01";"2020-11-30";"2020-11-02";"Umzug";"Dortmund";"cancelled";1002;"2018-03-05"
21224;"energy";"electricity";3000;2856;"2018-11-22";"2018-12-01";"";"";"";"Bonn";"indelivery";1002;"2019-08-04"
21225;"energy";"electricity";2500;2590;"2018-09-27";"2018-10-01";"2019-06-30";"2019-06-01";"fristgerecht durch LichtBlick";"Münster";"terminated";1000;"2019-06-01"
21226;"energy";"electricity";2000;1885;"2018-09-22";"2019-01-01";"";"";"";"Hamburg";"indelivery";1000;"2019-12-14"
21227;"energy";"electricity";2100;2132;"2019-01-04";"2019-03-01";"";"";"";"Osnabrück";"indelivery";1002;"2019-02-15"
21228;"energy";"electricity";2400;2574;"2019-12-30";"2020-02-01";"";"";"";"Berlin";"indelivery";1000;"2020-06-16"
21229;"energy";"electricity";2800;2856;"2020-03-01";"2020-10-01";"";"";"";"Duisburg";"indelivery";1002;"2020-04-21"
21230;"energy";"electricity";2600;2509;"2018-09-12";"2018-12-01";"";"";"";"Saarbrücken";"indelivery";1000;"2019-05-26"
21231;"energy";"electricity";2400;2308;"2019-08-05";"2019-10-01";"";"";"";"Essen";"indelivery";1001;"2020-02-27"
21232;"energy";"electricity";2100;2187;"2018-08-02";"2018-11-01";"";"";"";"Frankfurt";"indelivery";1001;"2020-01-23"
21233;"energy";"electricity";2100;2141;"2019-01-10";"2019-04-01";"";"";"";"Munich";"indelivery";1001;"2019-06-14"
21234;"energy";"electricity";2800;2782;"2020-05-31";"2021-07-01";"";"";"";"Cottbus";"active";1000;"2020-06-24"
21235;"energy";"electricity";2300;2205;"2019-09-05";"2020-02-01";"";"";"";"Bonn";"indelivery";1002;"2020-06-01"
21236;"energy";"electricity";3000;2868;"2018-03-15";"2018-11-01";"2020-07-31";"2020-07-02";"fristgerecht durch LichtBlick";"Karlsruhe";"terminated";1000;"2019-02-05"
21237;"energy";"electricity";2500;2377;"2020-02-13";"2020-04-01";"";"";"";"Cologne";"indelivery";1002;"2020-08-17"
21238;"energy";"electricity";1900;2018;"2018-01-25";"2019-03-01";"2019-04-30";"2019-04-01";"Umzug";"Berlin";"terminated";1001;"2019-04-01"
21239;"energy";"electricity";2100;2112;"2019-11-06";"2020-04-01";"";"";"";"Berlin";"indelivery";1001;"2020-05-10"
21240;"energy";"electricity";2200;2271;"2019-07-13";"2019-09-01";"";"";"";"Leipzig";"indelivery";1001;"2019-08-12"
21241;"energy";"gas";10900;10701;"2019-03-01";"2020-05-01";"";"";"";"Düsseldorf";"indelivery";2000;"2020-07-13"
21242;"energy";"electricity";2700;2789;"2020-05-03";"2020-12-01";"";"";"";"Mannheim";"active";1000;"2020-07-24"
21243;"energy";"electricity";2700;2824;"2018-05-13";"2018-07-01";"";"";"";"Düsseldorf";"indelivery";1002;"2018-07-25"
21244;"energy";"gas";9400;9696;"2020-02-21";"2020-06-01";"";"";"";"Berlin";"indelivery";2000;"2020-09-13"
21245;"energy";"gas";9100;9657;"2019-07-19";"2019-09-01";"";"";"";"Bremerhaven";"indelivery";2000;"2019-12-12"
21246;"energy";"electricity";2300;"";"2019-11-27";"2020-06-01";"";"";"";"Mainz";"indelivery";1002;"2019-12-15"
21247;"energy";"gas";8500;8446;"2020-02-01";"2020-05-01";"";"";"";"Munich";"indelivery";2000;"2020-06-02"
21248;"energy";"electricity";2200;2179;"2020-08-15";"2021-01-01";"";"";"";"Rostock";"active";1002;"2020-09-02"
21249;"energy";"electricity";2700;"";"2019-02-18";"2019-06-01";"";"";"";"Leipzig";"indelivery";1002;"2020-01-09"
21250;"energy";"electricity";2200;2183;"2019-06-18";"2019-08-01";"";"";"";"Munich";"indelivery";1000;"2020-05-05"
21251;"energy";"electricity";2200;2186;"2019-07-05";"2019-08-01";"";"";"";"Frankfurt";"indelivery";1002;"2019-10-13"
21252;"energy";"gas";7900;7864;"2020-08-26";"2021-08-01";"";"";"";"Munich";"active";2001;"2020-09-02"
21253;"energy";"gas";11200;11762;"2018-04-02";"2018-08-01";"2020-11-30";"2020-11-02";"fristgerecht durch LichtBlick";"Kiel";"cancelled";2001;"2020-07-15"
21254;"energy";"electricity";2300;2373;"2018-04-25";"2018-05-01";"";"";"";"Berlin";"indelivery";1000;"2020-03-05"
21255;"energy";"electricity";2100;2312;"2019-07-22";"2020-02-01";"2020-10-31";"2020-10-02";"fristgerecht durch Kunde";"Homberg";"cancelled";1002;"2019-07-23"
21256;"energy";"electricity";2300;2454;"2019-01-16";"2019-03-01";"";"";"";"Frankfurt";"indelivery";1002;"2020-08-27"
21257;"energy";"electricity";2800;2772;"2020-02-03";"2020-03-01";"";"";"";"Cologne";"indelivery";1002;"2020-09-05"
21258;"energy";"electricity";2300;2242;"2019-08-06";"2020-01-01";"";"";"";"Dortmund";"indelivery";1000;"2020-01-01"
21259;"energy";"electricity";2400;2412;"2019-11-27";"2019-12-01";"2019-12-01";"2020-01-31";"Wiederruf";"Dresden";"terminated";1000;"2020-01-31"
21260;"energy";"electricity";2200;2101;"2018-06-22";"2018-08-01";"";"";"";"Dortmund";"indelivery";1000;"2020-03-03"
21261;"energy";"electricity";2200;2136;"2018-11-17";"2018-12-01";"";"";"";"Dortmund";"indelivery";1000;"2020-06-21"
21262;"energy";"electricity";2100;2100;"2018-03-27";"2018-09-01";"";"";"";"Koblenz";"indelivery";1002;"2020-07-01"
21263;"energy";"electricity";2900;2792;"2018-06-10";"2018-11-01";"2020-03-31";"2020-02-26";"fristgerecht durch LichtBlick";"Berlin";"terminated";1002;"2019-04-21"
21264;"energy";"electricity";1900;1976;"2019-10-12";"2019-12-01";"";"";"";"Munich";"indelivery";1002;"2020-06-24"
21265;"energy";"electricity";3000;2853;"2019-12-21";"2020-01-01";"2020-12-31";"2020-11-30";"Umzug";"Düsseldorf";"cancelled";1002;"2020-01-28"
21266;"energy";"gas";11300;"";"2018-08-16";"2019-02-01";"";"";"";"Oberhausen";"indelivery";2000;"2018-09-01"
21267;"energy";"electricity";2200;2237;"2019-08-13";"2020-02-01";"";"";"";"Jena";"indelivery";1001;"2019-10-10"
21268;"energy";"electricity";2900;2783;"2019-03-24";"2019-05-01";"";"";"";"Neustadt";"indelivery";1000;"2019-08-22"
21269;"energy";"gas";10300;10210;"2020-06-13";"2020-09-01";"";"";"";"Hannover";"indelivery";2001;"2020-08-16"
21270;"energy";"electricity";2900;3073;"2019-11-03";"2020-01-01";"";"";"";"Freiburg";"indelivery";1001;"2020-07-22"
21271;"energy";"electricity";2000;"";"2020-02-15";"2020-03-01";"";"";"";"Leipzig";"indelivery";1000;"2020-03-08"
21272;"energy";"electricity";2100;2023;"2019-11-27";"2020-01-01";"";"";"";"Potsdam";"indelivery";1001;"2020-09-03"
21273;"energy";"electricity";2500;2432;"2018-12-02";"2019-05-01";"2019-12-31";"2019-12-02";"fristgerecht durch Kunde";"Berlin";"terminated";1002;"2019-09-17"
21274;"energy";"electricity";2800;2672;"2018-06-19";"2018-09-01";"";"";"";"Berlin";"indelivery";1001;"2018-10-15"
21275;"energy";"electricity";2200;"";"2020-03-23";"2020-11-01";"";"";"";"Bremen";"active";1001;"2020-05-20"
21276;"energy";"electricity";2100;2034;"2018-02-28";"2018-04-01";"2018-04-01";"2019-09-02";"Wiederruf";"Bremen";"terminated";1001;"2019-09-02"
21277;"energy";"electricity";2100;2181;"2019-05-22";"2019-07-01";"";"";"";"Altchemnitz";"indelivery";1000;"2020-08-27"
21278;"energy";"electricity";2300;2415;"2018-02-08";"2018-05-01";"";"";"";"Altchemnitz";"indelivery";1002;"2018-07-30"
21279;"energy";"gas";9400;8994;"2018-04-12";"2018-06-01";"";"";"";"Hamburg";"indelivery";2000;"2018-09-29"
21280;"energy";"gas";10000;10310;"2018-07-16";"2018-09-01";"2020-12-31";"2020-11-27";"fristgerecht durch Kunde";"Bad Oldesloe";"cancelled";2000;"2020-04-16"
21281;"energy";"electricity";2100;2088;"2018-11-06";"2019-02-01";"";"";"";"Kassel";"indelivery";1002;"2020-06-05"
21282;"energy";"electricity";2900;2750;"2019-01-16";"2019-09-01";"2019-12-31";"2019-12-02";"fristgerecht durch Kunde";"Berlin";"terminated";1002;"2019-12-02"
21283;"energy";"electricity";2800;2855;"2019-08-14";"2019-12-01";"";"";"";"Bremen";"indelivery";1002;"2019-10-26"
21284;"energy";"electricity";2100;2215;"2019-03-03";"2019-07-01";"";"";"";"Braunschweig";"indelivery";1000;"2020-09-26"
21285;"energy";"electricity";2900;3128;"2019-12-02";"2020-03-01";"";"";"";"Essen";"indelivery";1001;"2020-01-22"
21286;"energy";"electricity";2600;2509;"2019-09-17";"2020-02-01";"";"";"";"Ulm";"indelivery";1000;"2020-09-02"
21287;"energy";"electricity";2300;2480;"2018-03-20";"2018-09-01";"2018-09-01";"2020-08-30";"Wiederruf";"Göttingen";"terminated";1001;"2019-02-08"
21288;"energy";"electricity";3000;3152;"2019-05-10";"2019-07-01";"";"";"";"Bremen";"indelivery";1000;"2019-05-24"
21289;"energy";"electricity";2200;2243;"2019-01-24";"2019-03-01";"";"";"";"Dresden";"indelivery";1001;"2020-07-14"
21290;"energy";"electricity";2700;2831;"2020-08-23";"2020-10-01";"";"";"";"Cologne";"indelivery";1002;"2020-09-19"
21291;"energy";"electricity";2600;"";"2018-12-19";"2019-02-01";"";"";"";"Kiel";"indelivery";1001;"2019-11-13"
21292;"energy";"electricity";2100;2146;"2018-10-29";"2019-02-01";"";"";"";"Hamburg";"indelivery";1002;"2019-08-27"
21293;"energy";"electricity";2800;2944;"2019-09-09";"2020-05-01";"";"";"";"Berlin";"indelivery";1002;"2020-08-25"
21294;"energy";"electricity";2400;2509;"2020-02-27";"2020-05-01";"";"";"";"Karlsruhe";"indelivery";1000;"2020-06-15"
21295;"energy";"electricity";2300;2223;"2018-07-22";"2018-10-01";"";"";"";"Essen";"indelivery";1001;"2018-08-29"
21296;"energy";"electricity";2600;2516;"2019-01-09";"2019-05-01";"";"";"";"Emden";"indelivery";1001;"2019-01-22"
21297;"energy";"electricity";2900;"";"2020-05-13";"2020-10-01";"";"";"";"Altchemnitz";"indelivery";1000;"2020-08-16"
21298;"energy";"electricity";2100;2220;"2019-02-13";"2019-04-01";"";"";"";"Marienberg";"indelivery";1002;"2020-06-07"
21299;"energy";"electricity";3000;3122;"2018-02-07";"2018-04-01";"";"";"";"Dresden";"indelivery";1000;"2019-08-28"
21300;"energy";"electricity";2600;"";"2020-01-27";"2020-06-01";"";"";"";"Kiel";"indelivery";1001;"2020-07-17"
21301;"energy";"electricity";2800;2891;"2019-08-20";"2019-10-01";"";"";"";"Duisburg";"indelivery";1000;"2019-08-30"
21302;"energy";"electricity";2800;2988;"2020-03-19";"2020-06-01";"";"";"";"Leipzig";"indelivery";1002;"2020-06-10"
21303;"energy";"electricity";2700;2864;"2019-05-15";"2019-07-01";"";"";"";"Berlin";"indelivery";1001;"2020-04-16"
21304;"energy";"electricity";2500;2500;"2018-04-24";"2018-06-01";"2018-06-01";"2019-01-01";"Wiederruf";"Essen";"terminated";1002;"2019-01-01"
21305;"energy";"electricity";2500;2498;"2019-03-25";"2019-08-01";"2019-11-30";"2019-10-28";"Umzug";"Dortmund";"terminated";1001;"2019-10-28"
21306;"energy";"electricity";2100;2135;"2020-09-12";"2021-05-01";"";"";"";"Essen";"active";1002;"2020-09-13"
21307;"energy";"electricity";3000;3043;"2019-05-08";"2019-06-01";"2020-11-30";"2020-10-31";"fristgerecht durch Kunde";"Karlsruhe";"cancelled";1000;"2019-12-10"
21308;"energy";"electricity";2000;2037;"2019-01-16";"2020-01-01";"";"";"";"Berlin";"indelivery";1001;"2019-08-31"
21309;"energy";"electricity";2200;2072;"2018-11-06";"2019-03-01";"";"";"";"Freiburg";"indelivery";1001;"2020-08-24"
21310;"energy";"electricity";2500;2473;"2020-07-11";"2020-10-01";"";"";"";"Munich";"indelivery";1001;"2020-07-11"
21311;"energy";"electricity";3000;3175;"2018-11-13";"2019-06-01";"2019-10-31";"2019-10-01";"fristgerecht durch LichtBlick";"Duisburg";"terminated";1001;"2019-06-22"
21312;"energy";"electricity";2700;2596;"2019-09-22";"2019-11-01";"";"";"";"Berlin";"indelivery";1001;"2020-07-11"
21313;"energy";"gas";8000;8192;"2018-12-06";"2019-09-01";"";"";"";"Bielefeld";"indelivery";2000;"2019-03-11"
21314;"energy";"electricity";2700;2652;"2020-02-19";"2020-04-01";"";"";"";"Bremen";"indelivery";1002;"2020-09-24"
21315;"energy";"electricity";2800;2787;"2020-01-31";"2020-05-01";"";"";"";"Hamburg";"indelivery";1000;"2020-02-24"
21316;"energy";"electricity";2600;2775;"2018-09-26";"2019-02-01";"";"";"";"Dresden";"indelivery";1000;"2020-02-09"
21317;"energy";"gas";9400;10154;"2019-05-02";"2019-07-01";"";"";"";"Hamburg";"indelivery";2001;"2020-01-12"
21318;"energy";"electricity";3100;3005;"2019-02-23";"2019-07-01";"";"";"";"Soest";"indelivery";1001;"2020-01-19"
21319;"energy";"gas";10600;10738;"2019-04-01";"2019-11-01";"";"";"";"Stuttgart";"indelivery";2000;"2020-08-11"
21320;"energy";"electricity";2900;3072;"2018-11-29";"2019-04-01";"";"";"";"Berlin";"indelivery";1002;"2018-12-11"
21321;"energy";"electricity";2700;2715;"2018-12-22";"2019-11-01";"";"";"";"Kassel";"indelivery";1001;"2020-07-20"
21322;"energy";"electricity";2600;"";"2019-06-16";"2020-01-01";"";"";"";"Berlin";"indelivery";1002;"2019-11-29"
21323;"energy";"electricity";2700;2938;"2018-06-08";"2018-08-01";"";"";"";"Kassel";"indelivery";1000;"2020-08-14"
21324;"energy";"electricity";2000;2088;"2020-02-07";"2020-04-01";"";"";"";"Koblenz";"indelivery";1001;"2020-04-03"
21325;"energy";"electricity";2400;2510;"2019-02-07";"2019-05-01";"";"";"";"Bonn";"indelivery";1000;"2019-11-07"
21326;"energy";"electricity";2200;2142;"2018-08-09";"2019-02-01";"";"";"";"Berlin";"indelivery";1002;"2019-11-11"
21327;"energy";"electricity";2400;2350;"2018-02-19";"2018-11-01";"2018-11-01";"2019-08-29";"Wiederruf";"Berlin";"terminated";1000;"2019-08-29"
21328;"energy";"electricity";2500;2651;"2019-07-25";"2020-09-01";"";"";"";"Stralsund";"indelivery";1002;"2020-07-21"
21329;"energy";"gas";10200;9701;"2019-10-27";"2020-06-01";"2020-06-01";"2020-08-24";"Wiederruf";"Frankfurt";"terminated";2001;"2020-01-03"
21330;"energy";"gas";8900;9072;"2019-09-30";"2020-02-01";"2020-02-01";"2020-10-02";"Wiederruf";"Stuttgart";"terminated";2000;"2020-08-01"
21331;"energy";"electricity";2400;2529;"2018-04-06";"2018-06-01";"";"";"";"Cologne";"indelivery";1001;"2019-10-28"
21332;"energy";"electricity";2100;2130;"2019-04-03";"2019-09-01";"";"";"";"Potsdam";"indelivery";1002;"2019-10-29"
21333;"energy";"electricity";2500;2447;"2018-07-11";"2018-09-01";"";"";"";"Dresden";"indelivery";1002;"2019-03-04"
21334;"energy";"electricity";2400;2309;"2019-11-04";"2020-07-01";"";"";"";"Flensburg";"indelivery";1000;"2020-04-07"
21335;"energy";"electricity";2200;2389;"2020-08-19";"2020-11-01";"";"";"";"Mannheim";"active";1002;"2020-09-08"
21336;"energy";"electricity";2400;2491;"2019-11-28";"2020-01-01";"";"";"";"Essen";"indelivery";1002;"2020-03-05"
21337;"energy";"electricity";2600;2666;"2020-02-04";"2020-10-01";"";"";"";"Duisburg";"indelivery";1000;"2020-07-24"
21338;"energy";"electricity";2400;2359;"2019-05-19";"2020-03-01";"2020-05-31";"2020-05-01";"Umzug";"Düsseldorf";"terminated";1000;"2020-03-10"
21339;"energy";"electricity";2900;3030;"2019-05-17";"2019-06-01";"";"";"";"Bremen";"indelivery";1001;"2019-08-14"
21340;"energy";"electricity";2300;2366;"2018-08-01";"2018-10-01";"";"";"";"Rotenburg";"indelivery";1000;"2019-11-24"
21341;"energy";"electricity";2000;2064;"2019-07-16";"2019-08-01";"";"";"";"Stuttgart";"indelivery";1001;"2020-04-15"
21342;"energy";"electricity";3000;3103;"2018-02-03";"2018-03-01";"2019-12-31";"2019-12-01";"fristgerecht durch Kunde";"Wittmund";"terminated";1001;"2019-12-01"
21343;"energy";"electricity";2200;2268;"2018-10-10";"2018-11-01";"2020-03-31";"2020-03-02";"fristgerecht durch LichtBlick";"Magdeburg";"terminated";1002;"2019-07-29"
21344;"energy";"electricity";2500;2438;"2018-10-24";"2019-01-01";"";"";"";"Altchemnitz";"indelivery";1001;"2018-11-19"
21345;"energy";"electricity";2300;2277;"2018-08-26";"2018-12-01";"";"";"";"Rostock";"indelivery";1001;"2019-07-18"
21346;"energy";"electricity";2600;2650;"2020-01-03";"2020-03-01";"";"";"";"Marienberg";"indelivery";1001;"2020-02-05"
21347;"energy";"electricity";2700;2868;"2019-03-02";"2019-05-01";"2020-10-31";"2020-10-03";"fristgerecht durch Kunde";"Hamburg";"cancelled";1002;"2019-09-29"
21348;"energy";"electricity";2200;2405;"2018-12-06";"2019-02-01";"";"";"";"Mannheim";"indelivery";1000;"2019-02-08"
21349;"energy";"electricity";2800;2822;"2020-07-09";"2020-09-01";"";"";"";"Düsseldorf";"indelivery";1000;"2020-08-17"
21350;"energy";"electricity";2700;2589;"2019-05-13";"2019-10-01";"";"";"";"Heidelberg";"indelivery";1001;"2020-06-08"
21351;"energy";"gas";11500;10970;"2018-01-08";"2018-08-01";"2020-01-31";"2019-12-31";"fristgerecht durch Kunde";"Stuttgart";"terminated";2001;"2019-01-29"
21352;"energy";"electricity";2900;2746;"2019-09-15";"2020-02-01";"";"";"";"Freiburg";"indelivery";1000;"2020-09-04"
21353;"energy";"electricity";2300;"";"2018-07-21";"2019-05-01";"2019-08-31";"2019-07-31";"fristgerecht durch LichtBlick";"Hamburg";"terminated";1002;"2019-01-13"
21354;"energy";"electricity";2800;"";"2018-07-29";"2018-08-01";"";"";"";"Hamburg";"indelivery";1001;"2020-09-20"
21355;"energy";"electricity";2700;2642;"2019-04-10";"2019-07-01";"";"";"";"Magdeburg";"indelivery";1002;"2020-08-15"
21356;"energy";"electricity";2700;2797;"2018-01-06";"2018-04-01";"2018-09-30";"2018-08-27";"fristgerecht durch LichtBlick";"Dresden";"terminated";1002;"2018-08-27"
21357;"energy";"electricity";2000;2130;"2018-07-15";"2018-08-01";"";"";"";"Munich";"indelivery";1001;"2020-08-06"
21358;"energy";"gas";11100;10551;"2019-01-03";"2019-04-01";"";"";"";"Duisburg";"indelivery";2000;"2019-08-13"
21359;"energy";"electricity";2400;"";"2019-10-12";"2020-01-01";"2020-03-31";"2020-03-03";"fristgerecht durch LichtBlick";"Duisburg";"terminated";1001;"2020-03-03"
21360;"energy";"electricity";2000;2120;"2020-02-13";"2020-11-01";"";"";"";"Essen";"active";1000;"2020-09-15"
21361;"energy";"electricity";2700;2770;"2020-01-25";"2020-02-01";"2020-08-31";"2020-08-02";"fristgerecht durch Kunde";"Berlin";"terminated";1001;"2020-07-31"
21362;"energy";"electricity";2800;2976;"2018-12-15";"2019-03-01";"2020-11-30";"2020-11-01";"fristgerecht durch Kunde";"Munich";"cancelled";1002;"2018-12-18"
21363;"energy";"gas";8800;8375;"2018-03-29";"2018-05-01";"2019-04-30";"2019-03-31";"fristgerecht durch LichtBlick";"Schwerin";"terminated";2000;"2019-03-06"
21364;"energy";"electricity";2700;2861;"2020-05-03";"2020-09-01";"2020-09-01";"2020-11-28";"Wiederruf";"Essen";"terminated";1001;"2020-05-07"
21365;"energy";"electricity";2300;2267;"2020-02-19";"2020-07-01";"";"";"";"Berlin";"indelivery";1001;"2020-09-09"
21366;"energy";"electricity";2500;2412;"2019-08-30";"2019-10-01";"";"";"";"Cologne";"indelivery";1001;"2019-12-08"
21367;"energy";"electricity";2400;"";"2019-09-04";"2020-03-01";"";"";"";"Memmingen";"indelivery";1002;"2019-12-31"
21368;"energy";"gas";9500;9242;"2019-06-25";"2019-10-01";"";"";"";"Duisburg";"indelivery";2000;"2020-06-28"
21369;"energy";"electricity";2000;2078;"2019-12-03";"2020-05-01";"";"";"";"Hamburg";"indelivery";1002;"2020-01-15"
21370;"energy";"electricity";2700;"";"2018-11-27";"2018-12-01";"";"";"";"Berlin";"indelivery";1002;"2020-06-14"
21371;"energy";"electricity";2100;2084;"2018-09-18";"2019-04-01";"";"";"";"Cologne";"indelivery";1002;"2019-07-18"
21372;"energy";"electricity";2100;2136;"2018-02-06";"2018-03-01";"2018-03-01";"2020-01-28";"Wiederruf";"Augsburg";"terminated";1002;"2019-10-17"
21373;"energy";"electricity";2100;2156;"2018-02-02";"2018-08-01";"2020-06-30";"2020-06-01";"fristgerecht durch Kunde";"Stuttgart";"terminated";1000;"2020-05-09"
21374;"energy";"electricity";1900;1910;"2019-12-29";"2020-08-01";"";"";"";"Cologne";"indelivery";1002;"2020-06-04"
21375;"energy";"electricity";2700;2609;"2018-06-28";"2018-08-01";"2019-02-28";"2019-01-31";"fristgerecht durch LichtBlick";"Essen";"terminated";1001;"2018-12-06"
21376;"energy";"electricity";2100;2237;"2018-01-20";"2018-04-01";"";"";"";"Düsseldorf";"indelivery";1001;"2019-06-03"
21377;"energy";"electricity";2100;2050;"2019-03-05";"2019-04-01";"";"";"";"Braunschweig";"indelivery";1002;"2020-09-19"
21378;"energy";"electricity";2400;2400;"2019-01-03";"2019-04-01";"2020-03-31";"2020-03-03";"fristgerecht durch Kunde";"Essen";"terminated";1002;"2019-05-06"
21379;"energy";"electricity";2500;2498;"2019-07-16";"2019-12-01";"";"";"";"Munich";"indelivery";1002;"2019-12-03"
21380;"energy";"electricity";2900;2819;"2018-07-22";"2019-05-01";"";"";"";"Rostock";"indelivery";1002;"2020-01-21"
21381;"energy";"electricity";2200;2268;"2020-01-22";"2020-03-01";"";"";"";"Munich";"indelivery";1000;"2020-09-10"
21382;"energy";"electricity";2200;2115;"2020-02-28";"2020-04-01";"";"";"";"Berlin";"indelivery";1001;"2020-04-20"
21383;"energy";"electricity";2100;2002;"2019-06-21";"2019-09-01";"";"";"";"Berlin";"indelivery";1001;"2020-09-07"
21384;"energy";"gas";10200;9930;"2020-01-11";"2020-04-01";"";"";"";"Munich";"indelivery";2001;"2020-05-14"
21385;"energy";"electricity";2800;2999;"2019-08-09";"2020-03-01";"";"";"";"Ingolstadt";"indelivery";1002;"2020-05-24"
21386;"energy";"electricity";3000;2931;"2018-02-07";"2018-09-01";"";"";"";"Coburg";"indelivery";1001;"2018-09-08"
21387;"energy";"electricity";2500;2567;"2020-02-01";"2020-08-01";"";"";"";"Stuttgart";"indelivery";1002;"2020-09-09"
21388;"energy";"electricity";3000;2847;"2020-03-30";"2020-06-01";"";"";"";"Mainz";"indelivery";1001;"2020-04-24"
21389;"energy";"electricity";2600;2624;"2020-03-08";"2020-12-01";"";"";"";"Essen";"active";1001;"2020-09-03"
21390;"energy";"gas";11400;"";"2018-03-06";"2018-06-01";"";"";"";"Düsseldorf";"indelivery";2000;"2020-01-02"
21391;"energy";"gas";8000;8336;"2020-01-26";"2020-03-01";"";"";"";"Dresden";"indelivery";2000;"2020-04-29"
21392;"energy";"electricity";2400;2576;"2019-10-24";"2020-05-01";"";"";"";"Stuttgart";"indelivery";1000;"2020-09-18"
21393;"energy";"electricity";2800;2871;"2018-10-01";"2018-12-01";"2019-10-31";"2019-09-28";"fristgerecht durch Kunde";"Stuttgart";"terminated";1000;"2019-09-28"
21394;"energy";"electricity";2900;2943;"2019-12-19";"2020-08-01";"";"";"";"Karlsruhe";"indelivery";1001;"2020-04-20"
21395;"energy";"electricity";2400;2320;"2019-11-24";"2019-12-01";"";"";"";"Duisburg";"indelivery";1000;"2020-09-23"
21396;"energy";"electricity";2900;2851;"2019-07-19";"2020-02-01";"";"";"";"Karlsruhe";"indelivery";1002;"2020-08-01"
21397;"energy";"electricity";2200;2307;"2018-08-05";"2018-09-01";"2019-07-31";"2019-07-01";"fristgerecht durch Kunde";"Berlin";"terminated";1002;"2019-07-01"
21398;"energy";"electricity";2700;2781;"2019-01-08";"2019-07-01";"";"";"";"Cologne";"indelivery";1000;"2019-05-07"
21399;"energy";"gas";9600;10153;"2020-06-09";"2021-01-01";"";"";"";"Wuppertal";"active";2000;"2020-08-08"
21400;"energy";"electricity";2500;2387;"2018-06-26";"2018-10-01";"";"";"";"Nordhorn";"indelivery";1000;"2019-11-23"
21401;"energy";"gas";11400;11594;"2020-08-30";"2020-10-01";"";"";"";"Wuppertal";"indelivery";2001;"2020-09-07"
21402;"energy";"electricity";2300;2338;"2019-11-24";"2020-04-01";"";"";"";"Magdeburg";"indelivery";1000;"2020-08-27"
21403;"energy";"gas";9400;10086;"2018-02-25";"2018-06-01";"2019-05-31";"2019-05-03";"fristgerecht durch Kunde";"Stuttgart";"terminated";2001;"2018-09-26"
21404;"energy";"electricity";2700;2723;"2019-07-11";"2019-11-01";"";"";"";"Hamburg";"indelivery";1002;"2020-02-02"
21405;"energy";"electricity";2100;2210;"2018-12-07";"2020-05-01";"";"";"";"Munich";"indelivery";1000;"2019-03-17"
21406;"energy";"electricity";2500;2366;"2019-01-30";"2019-07-01";"";"";"";"Koblenz";"indelivery";1000;"2020-01-16"
21407;"energy";"electricity";2500;2545;"2019-12-13";"2020-05-01";"";"";"";"Erfurt";"indelivery";1001;"2020-04-27"
21408;"energy";"electricity";2100;2217;"2018-11-24";"2019-02-01";"";"";"";"Hamburg";"indelivery";1000;"2019-06-19"
21409;"energy";"electricity";2000;2082;"2020-09-14";"2020-11-01";"";"";"";"Kassel";"active";1002;"2020-09-22"
21410;"energy";"gas";9400;9001;"2020-08-06";"2021-04-01";"";"";"";"Hamburg";"active";2001;"2020-08-29"
21411;"energy";"gas";9200;8854;"2019-12-30";"2020-11-01";"";"";"";"Berlin";"active";2000;"2020-06-19"
21412;"energy";"electricity";2700;2716;"2020-03-06";"2020-05-01";"";"";"";"Cologne";"indelivery";1000;"2020-07-06"
21413;"energy";"electricity";2200;2240;"2019-09-17";"2020-07-01";"";"";"";"Kiel";"indelivery";1000;"2020-03-15"
21414;"energy";"electricity";2500;2419;"2019-05-15";"2020-04-01";"";"";"";"Berlin";"indelivery";1000;"2020-06-26"
21415;"energy";"electricity";2300;2471;"2018-12-02";"2019-05-01";"";"";"";"Berlin";"indelivery";1001;"2020-08-18"
21416;"energy";"electricity";2800;2778;"2020-02-15";"2020-08-01";"";"";"";"Kassel";"indelivery";1001;"2020-09-13"
21417;"energy";"gas";11700;"";"2020-09-22";"2020-12-01";"";"";"";"Braunschweig";"active";2000;"2020-09-24"
21418;"energy";"electricity";2500;2584;"2019-12-16";"2020-02-01";"";"";"";"Bitburg";"indelivery";1001;"2020-01-01"
21419;"energy";"electricity";2800;2947;"2020-06-28";"2020-08-01";"";"";"";"Bonn";"indelivery";1002;"2020-08-28"
21420;"energy";"electricity";2300;2288;"2018-12-01";"2018-12-01";"2019-09-30";"2019-09-01";"fristgerecht durch LichtBlick";"Marienberg";"terminated";1000;"2018-12-15"
21421;"energy";"electricity";2400;2345;"2019-12-21";"2020-03-01";"";"";"";"Kirchheimbolanden";"indelivery";1000;"2020-03-05"
21422;"energy";"gas";10000;9519;"2019-05-13";"2019-07-01";"";"";"";"Essen";"indelivery";2001;"2020-02-16"
21423;"energy";"gas";8500;8933;"2018-09-25";"2019-02-01";"2019-02-01";"2020-01-30";"Wiederruf";"Dortmund";"terminated";2000;"2019-12-04"
21424;"energy";"electricity";2600;2500;"2019-11-14";"2019-12-01";"";"";"";"Darmstadt";"indelivery";1001;"2020-06-27"
21425;"energy";"electricity";2300;2378;"2020-04-15";"2020-05-01";"";"";"";"Mannheim";"indelivery";1002;"2020-05-16"
21426;"energy";"electricity";2000;2007;"2018-01-10";"2018-07-01";"2018-07-01";"2018-11-02";"Wiederruf";"Berlin";"terminated";1002;"2018-11-02"
21427;"energy";"electricity";2900;2825;"2018-07-20";"2018-09-01";"";"";"";"Würzburg";"indelivery";1001;"2018-10-22"
21428;"energy";"electricity";2200;2328;"2019-05-06";"2019-12-01";"";"";"";"Berlin";"indelivery";1002;"2020-02-17"
21429;"energy";"electricity";2500;2549;"2018-06-03";"2018-07-01";"2018-07-01";"2020-07-02";"Wiederruf";"Berlin";"terminated";1001;"2019-11-02"
21430;"energy";"electricity";2600;2490;"2018-07-05";"2018-12-01";"";"";"";"Dortmund";"indelivery";1000;"2020-06-30"
21431;"energy";"electricity";2500;2554;"2020-09-21";"2020-10-01";"";"";"";"Bremen";"indelivery";1002;"2020-09-26"
21432;"energy";"electricity";2700;2704;"2020-04-03";"2020-05-01";"2020-09-30";"2020-08-30";"fristgerecht durch Kunde";"Ingelheim";"terminated";1000;"2020-05-29"
21433;"energy";"electricity";2200;2335;"2019-12-18";"2020-02-01";"";"";"";"Cologne";"indelivery";1002;"2020-05-28"
21434;"energy";"electricity";2900;3140;"2018-05-06";"2018-08-01";"";"";"";"Duisburg";"indelivery";1002;"2020-06-26"
21435;"energy";"electricity";2200;2355;"2018-01-04";"2018-03-01";"";"";"";"Munich";"indelivery";1002;"2019-11-10"
21436;"energy";"electricity";2900;2800;"2018-12-13";"2019-02-01";"2020-04-30";"2020-04-01";"fristgerecht durch Kunde";"Hannover";"terminated";1001;"2020-04-01"
21437;"energy";"electricity";2700;2741;"2019-05-14";"2019-06-01";"2019-12-31";"2019-11-30";"fristgerecht durch LichtBlick";"Bremen";"terminated";1002;"2019-11-30"
21438;"energy";"electricity";2800;2973;"2019-03-30";"2019-09-01";"";"";"";"Cologne";"indelivery";1001;"2020-09-14"
21439;"energy";"electricity";2000;2056;"2019-04-24";"2019-06-01";"2019-06-01";"2019-08-02";"Wiederruf";"Berlin";"terminated";1001;"2019-08-02"
21440;"energy";"electricity";2900;3052;"2018-05-21";"2018-06-01";"2020-01-31";"2020-01-01";"Umzug";"Dortmund";"terminated";1000;"2019-04-25"
21441;"energy";"electricity";2700;2661;"2019-06-02";"2019-09-01";"";"";"";"Emden";"indelivery";1002;"2019-08-08"
21442;"energy";"electricity";2800;2834;"2019-07-31";"2019-12-01";"";"";"";"Marienberg";"indelivery";1002;"2019-10-09"
21443;"energy";"electricity";2600;2750;"2020-01-14";"2020-04-01";"2020-11-30";"2020-10-30";"fristgerecht durch LichtBlick";"Hamm";"cancelled";1000;"2020-05-13"
21444;"energy";"electricity";2300;2423;"2020-08-29";"2021-02-01";"";"";"";"Mainz";"active";1000;"2020-09-03"
21445;"energy";"electricity";2100;2090;"2019-05-22";"2019-06-01";"2019-11-30";"2019-11-02";"fristgerecht durch LichtBlick";"Düsseldorf";"terminated";1002;"2019-06-01"
21446;"energy";"gas";9800;10116;"2019-05-15";"2019-09-01";"";"";"";"Heidelberg";"indelivery";2000;"2020-05-01"
21447;"energy";"electricity";2300;2251;"2018-10-13";"2019-06-01";"2019-08-31";"2019-08-02";"Umzug";"Nordhorn";"terminated";1001;"2019-08-02"
21448;"energy";"electricity";2900;3125;"2020-04-21";"2020-09-01";"";"";"";"Bielefeld";"indelivery";1001;"2020-06-02"
21449;"energy";"electricity";2400;2478;"2019-07-14";"2019-09-01";"";"";"";"Göppingen";"indelivery";1001;"2019-12-17"
21450;"energy";"electricity";2900;2978;"2019-10-25";"2019-11-01";"";"";"";"Wiesbaden";"indelivery";1001;"2020-01-05"
21451;"energy";"gas";7700;8107;"2019-05-11";"2019-06-01";"";"";"";"Berlin";"indelivery";2001;"2020-02-16"
21452;"energy";"electricity";2100;2154;"2019-06-16";"2020-02-01";"";"";"";"Berlin";"indelivery";1000;"2020-07-12"
21453;"energy";"electricity";2200;2134;"2019-07-05";"2020-03-01";"";"";"";"Wuppertal";"indelivery";1001;"2020-09-20"
21454;"energy";"gas";9700;10143;"2018-12-20";"2019-10-01";"";"";"";"Gießen";"indelivery";2001;"2019-07-24"
21455;"energy";"electricity";2100;2242;"2020-07-21";"2020-08-01";"";"";"";"Düsseldorf";"indelivery";1000;"2020-08-18"
21456;"energy";"electricity";2300;2438;"2019-03-27";"2019-05-01";"";"";"";"Jena";"indelivery";1002;"2019-04-06"
21457;"energy";"electricity";2400;2456;"2020-09-22";"2020-11-01";"";"";"";"Essen";"active";1000;"2020-09-28"
21458;"energy";"gas";8800;8814;"2020-01-14";"2020-04-01";"";"";"";"Hagen";"indelivery";2001;"2020-01-26"
21459;"energy";"electricity";2500;2675;"2020-03-10";"2020-06-01";"";"";"";"Bielefeld";"indelivery";1001;"2020-05-04"
21460;"energy";"electricity";2400;2553;"2020-06-29";"2021-01-01";"";"";"";"Hamburg";"active";1000;"2020-08-26"
21461;"energy";"electricity";2800;2803;"2020-04-15";"2020-12-01";"";"";"";"Düsseldorf";"active";1002;"2020-08-15"
21462;"energy";"electricity";2600;2739;"2020-03-01";"2020-05-01";"";"";"";"Hamburg";"indelivery";1002;"2020-03-20"
21463;"energy";"electricity";2700;"";"2020-07-07";"2020-11-01";"";"";"";"Koblenz";"active";1002;"2020-08-13"
21464;"energy";"electricity";2600;"";"2019-10-30";"2020-01-01";"2020-03-31";"2020-03-03";"fristgerecht durch Kunde";"Berlin";"terminated";1001;"2020-02-05"
21465;"energy";"gas";11300;11339;"2018-01-22";"2018-11-01";"";"";"";"Hamburg";"indelivery";2000;"2020-03-05"
21466;"energy";"electricity";2400;2410;"2019-06-04";"2019-12-01";"";"";"";"Bremen";"indelivery";1000;"2020-09-10"
21467;"energy";"electricity";2200;2346;"2020-09-06";"2021-07-01";"";"";"";"Cologne";"active";1000;"2020-09-07"
21468;"energy";"electricity";2100;2135;"2019-10-13";"2020-01-01";"";"";"";"Osnabrück";"indelivery";1001;"2020-02-23"
21469;"energy";"electricity";2300;2229;"2018-02-01";"2019-05-01";"2020-03-31";"2020-02-27";"Umzug";"Berlin";"terminated";1002;"2018-07-30"
21470;"energy";"electricity";2000;2062;"2018-07-03";"2018-10-01";"";"";"";"Berlin";"indelivery";1002;"2019-07-30"
21471;"energy";"electricity";2800;"";"2019-05-02";"2019-06-01";"";"";"";"Munich";"indelivery";1001;"2019-07-18"
21472;"energy";"electricity";2600;2800;"2020-09-19";"2020-10-01";"";"";"";"Hamburg";"indelivery";1002;"2020-09-19"
21473;"energy";"electricity";2700;2675;"2019-02-09";"2019-03-01";"";"";"";"Munich";"indelivery";1002;"2019-07-16"
21474;"energy";"electricity";2500;2652;"2018-10-08";"2018-12-01";"2019-02-28";"2019-01-30";"fristgerecht durch Kunde";"Ingolstadt";"terminated";1002;"2019-01-30"
21475;"energy";"gas";9100;9490;"2020-06-07";"2020-09-01";"";"";"";"Dresden";"indelivery";2001;"2020-07-27"
21476;"energy";"electricity";2600;2621;"2020-08-20";"2020-09-01";"";"";"";"Essen";"indelivery";1000;"2020-08-22"
21477;"energy";"electricity";2200;2148;"2019-04-26";"2019-07-01";"";"";"";"Cologne";"indelivery";1000;"2019-05-09"
21478;"energy";"electricity";2800;2846;"2018-09-22";"2018-10-01";"2020-01-31";"2020-01-03";"fristgerecht durch LichtBlick";"Essen";"terminated";1002;"2020-01-03"
21479;"energy";"electricity";2500;2402;"2019-01-09";"2019-04-01";"";"";"";"Magdeburg";"indelivery";1000;"2020-04-08"
21480;"energy";"electricity";2700;2664;"2018-01-12";"2018-08-01";"";"";"";"Munich";"indelivery";1001;"2018-11-15"
21481;"energy";"electricity";2700;2917;"2019-12-27";"2020-02-01";"";"";"";"Dresden";"indelivery";1000;"2020-02-12"
21482;"energy";"electricity";2400;2360;"2020-07-18";"2020-10-01";"";"";"";"Montabaur";"indelivery";1001;"2020-09-16"
21483;"energy";"electricity";2400;2555;"2019-10-07";"2020-03-01";"";"";"";"Cologne";"indelivery";1000;"2020-02-05"
21484;"energy";"electricity";2500;2468;"2019-08-20";"2020-01-01";"";"";"";"Würzburg";"indelivery";1000;"2020-04-06"
21485;"energy";"electricity";2400;2282;"2018-09-08";"2019-02-01";"";"";"";"Bremen";"indelivery";1000;"2019-05-01"
21486;"energy";"electricity";2300;2287;"2020-06-14";"2020-07-01";"";"";"";"Essen";"indelivery";1002;"2020-07-07"
21487;"energy";"electricity";3000;2985;"2020-01-06";"2020-04-01";"";"";"";"Leipzig";"indelivery";1000;"2020-07-22"
21488;"energy";"electricity";2400;2384;"2019-11-13";"2020-01-01";"";"";"";"Essen";"indelivery";1000;"2020-03-21"
21489;"energy";"electricity";2400;"";"2020-09-22";"2020-10-01";"";"";"";"Altchemnitz";"indelivery";1001;"2020-09-29"
21490;"energy";"electricity";2000;1909;"2018-01-17";"2018-03-01";"";"";"";"Augsburg";"indelivery";1001;"2020-08-06"
21491;"energy";"electricity";2600;"";"2018-11-05";"2019-02-01";"";"";"";"Marienberg";"indelivery";1002;"2019-01-15"
21492;"energy";"gas";9700;9298;"2018-09-06";"2019-02-01";"2020-09-30";"2020-08-29";"Umzug";"Berlin";"terminated";2000;"2020-06-24"
21493;"energy";"electricity";2900;3050;"2018-07-14";"2018-12-01";"2018-12-01";"2020-01-29";"Wiederruf";"Karlsruhe";"terminated";1001;"2020-01-29"
21494;"energy";"gas";8100;8480;"2020-02-03";"2021-02-01";"";"";"";"Cologne";"active";2001;"2020-09-13"
21495;"energy";"electricity";2300;2371;"2019-08-26";"2020-02-01";"";"";"";"Dortmund";"indelivery";1000;"2020-04-12"
21496;"energy";"electricity";2100;2171;"2019-07-07";"2019-09-01";"";"";"";"Cologne";"indelivery";1001;"2020-03-26"
21497;"energy";"electricity";2400;2279;"2019-05-30";"2019-12-01";"";"";"";"Munich";"indelivery";1000;"2020-05-16"
21498;"energy";"gas";10400;10472;"2018-12-01";"2019-06-01";"";"";"";"Munich";"indelivery";2000;"2020-03-21"
21499;"energy";"electricity";2100;2074;"2018-09-15";"2018-11-01";"";"";"";"Hamburg";"indelivery";1001;"2020-06-09"
21500;"energy";"electricity";2400;2304;"2018-04-18";"2018-07-01";"2020-04-30";"2020-03-31";"Umzug";"Berlin";"terminated";1001;"2018-08-09"
21501;"energy";"electricity";2200;2112;"2020-09-25";"2020-11-01";"";"";"";"Berlin";"active";1001;"2020-09-28"
21502;"energy";"gas";9400;10102;"2020-06-11";"2021-04-01";"";"";"";"Berlin";"active";2001;"2020-08-02"
21503;"energy";"electricity";2800;2732;"2020-09-30";"2020-12-01";"";"";"";"Mannheim";"active";1000;"2020-09-30"
21504;"energy";"electricity";2700;2620;"2019-07-08";"2019-12-01";"";"";"";"Osterode";"indelivery";1002;"2020-06-07"
21505;"energy";"electricity";2000;1890;"2019-06-05";"2020-01-01";"2020-01-01";"2020-10-30";"Wiederruf";"Hamburg";"terminated";1000;"2020-08-06"
21506;"energy";"electricity";2100;2008;"2019-02-18";"2019-06-01";"";"";"";"Bonn";"indelivery";1001;"2019-04-13"
21507;"energy";"gas";9400;9698;"2019-06-04";"2019-08-01";"2019-09-30";"2019-08-31";"fristgerecht durch Kunde";"Hamburg";"terminated";2000;"2019-08-31"
21508;"energy";"electricity";2200;2189;"2018-04-02";"2018-06-01";"";"";"";"Stuttgart";"indelivery";1000;"2018-09-01"
21509;"energy";"gas";10500;11018;"2020-04-21";"2020-10-01";"";"";"";"Duisburg";"indelivery";2000;"2020-09-26"
21510;"energy";"electricity";2300;2405;"2019-07-02";"2020-01-01";"";"";"";"Munich";"indelivery";1001;"2019-07-08"
21511;"energy";"electricity";2700;2782;"2020-08-22";"2020-09-01";"";"";"";"Munich";"indelivery";1001;"2020-09-11"
21512;"energy";"electricity";2800;2717;"2018-02-24";"2018-04-01";"";"";"";"Braunschweig";"indelivery";1001;"2020-09-21"
21513;"energy";"electricity";2300;2219;"2020-04-03";"2020-08-01";"";"";"";"Berlin";"indelivery";1001;"2020-07-23"
21514;"energy";"electricity";2800;2682;"2018-02-13";"2018-03-01";"";"";"";"Munich";"indelivery";1002;"2018-04-15"
21515;"energy";"electricity";2800;2761;"2019-09-15";"2019-10-01";"2020-05-31";"2020-04-30";"fristgerecht durch Kunde";"Essen";"terminated";1002;"2020-04-17"
21516;"energy";"electricity";2700;2736;"2020-03-13";"2020-05-01";"";"";"";"Hamburg";"indelivery";1002;"2020-09-21"
21517;"energy";"electricity";2300;2429;"2020-03-04";"2020-08-01";"";"";"";"Saarbrücken";"indelivery";1000;"2020-07-10"
21518;"energy";"electricity";3100;3082;"2020-05-05";"2021-01-01";"";"";"";"Remscheid";"active";1000;"2020-09-05"
21519;"energy";"electricity";2100;2096;"2019-04-04";"2019-12-01";"";"";"";"Bremen";"indelivery";1002;"2019-04-04"
21520;"energy";"electricity";2700;2863;"2018-06-09";"2018-07-01";"";"";"";"Bremerhaven";"indelivery";1002;"2019-02-04"
21521;"energy";"electricity";2500;2396;"2018-04-17";"2018-11-01";"";"";"";"Munich";"indelivery";1001;"2019-07-12"
21522;"energy";"electricity";2900;2967;"2020-08-20";"2020-09-01";"";"";"";"Berlin";"indelivery";1000;"2020-08-23"
21523;"energy";"electricity";2000;2141;"2018-08-18";"2018-10-01";"";"";"";"Regensburg";"indelivery";1000;"2019-09-28"
21524;"energy";"electricity";2900;3090;"2018-05-22";"2018-07-01";"2018-08-31";"2018-07-30";"fristgerecht durch LichtBlick";"Schwerin";"terminated";1000;"2018-07-30"
21525;"energy";"electricity";2100;2039;"2018-05-15";"2018-06-01";"";"";"";"Hamburg";"indelivery";1001;"2020-02-13"
21526;"energy";"electricity";2100;2120;"2019-12-05";"2020-07-01";"";"";"";"Hamburg";"indelivery";1000;"2020-01-02"
21527;"energy";"electricity";2300;2307;"2020-01-23";"2020-10-01";"2020-11-30";"2020-11-01";"fristgerecht durch LichtBlick";"Magdeburg";"cancelled";1000;"2020-02-15"
21528;"energy";"electricity";2300;2222;"2019-06-21";"2019-08-01";"";"";"";"Hannover";"indelivery";1002;"2020-08-19"
21529;"energy";"electricity";2100;2207;"2019-03-29";"2019-12-01";"";"";"";"Berlin";"indelivery";1000;"2020-06-14"
21530;"energy";"electricity";2800;2771;"2018-09-08";"2019-02-01";"2019-07-31";"2019-07-03";"Umzug";"Saarbrücken";"terminated";1000;"2019-03-10"
21531;"energy";"gas";10300;10001;"2018-03-23";"2018-08-01";"2019-05-31";"2019-04-24";"fristgerecht durch Kunde";"Hofheim";"terminated";2000;"2019-04-24"
21532;"energy";"electricity";2600;2559;"2019-02-20";"2019-05-01";"2019-09-30";"2019-08-29";"fristgerecht durch Kunde";"Bremen";"terminated";1002;"2019-08-29"
21533;"energy";"electricity";2500;2393;"2018-06-09";"2018-10-01";"";"";"";"Dortmund";"indelivery";1002;"2019-11-13"
21534;"energy";"gas";9700;9763;"2020-03-14";"2021-01-01";"";"";"";"Magdeburg";"active";2000;"2020-06-12"
21535;"energy";"electricity";2800;2645;"2020-09-07";"2021-02-01";"";"";"";"Marienberg";"active";1002;"2020-09-19"
21536;"energy";"electricity";2700;2640;"2019-01-12";"2019-07-01";"2020-10-31";"2020-09-24";"fristgerecht durch Kunde";"Bielefeld";"cancelled";1001;"2020-06-08"
21537;"energy";"gas";9700;9749;"2019-01-15";"2019-05-01";"";"";"";"Dortmund";"indelivery";2001;"2019-07-14"
21538;"energy";"gas";10700;10603;"2019-03-25";"2019-07-01";"2019-09-30";"2019-08-28";"fristgerecht durch Kunde";"Berlin";"terminated";2001;"2019-08-18"
21539;"energy";"electricity";2600;"";"2019-06-20";"2019-08-01";"";"";"";"Marienberg";"indelivery";1001;"2019-10-08"
21540;"energy";"electricity";2700;2866;"2020-03-07";"2020-07-01";"2020-12-31";"2020-11-29";"Umzug";"Hamburg";"cancelled";1002;"2020-06-27"
21541;"energy";"electricity";2000;1912;"2018-11-16";"2019-04-01";"";"";"";"Berlin";"indelivery";1000;"2020-09-21"
21542;"energy";"electricity";2100;2049;"2018-05-09";"2018-12-01";"";"";"";"Bonn";"indelivery";1001;"2020-05-27"
21543;"energy";"electricity";2500;2711;"2020-08-04";"2020-12-01";"";"";"";"Oldenburg";"active";1001;"2020-09-01"
21544;"energy";"electricity";2400;2529;"2019-06-13";"2019-08-01";"";"";"";"Essen";"indelivery";1002;"2019-07-15"
21545;"energy";"gas";9600;9215;"2019-07-20";"2019-10-01";"";"";"";"Marienberg";"indelivery";2000;"2020-03-19"
21546;"energy";"electricity";2600;2482;"2020-02-01";"2020-03-01";"2020-08-31";"2020-07-26";"Umzug";"Bremen";"terminated";1000;"2020-02-24"
21547;"energy";"electricity";2700;2747;"2019-02-15";"2019-10-01";"";"";"";"Dresden";"indelivery";1002;"2019-07-24"
21548;"energy";"electricity";2000;2052;"2020-05-01";"2020-09-01";"";"";"";"Stralsund";"indelivery";1001;"2020-05-26"
21549;"energy";"gas";9700;9440;"2018-06-18";"2018-10-01";"";"";"";"Braunschweig";"indelivery";2001;"2018-10-18"
21550;"energy";"electricity";2000;2047;"2018-07-31";"2018-09-01";"";"";"";"Berlin";"indelivery";1000;"2019-08-27"
21551;"energy";"electricity";2900;3032;"2018-02-05";"2018-06-01";"";"";"";"Stuttgart";"indelivery";1002;"2020-05-30"
21552;"energy";"electricity";1900;1883;"2020-02-28";"2020-09-01";"";"";"";"Hamburg";"indelivery";1000;"2020-07-25"
21553;"energy";"electricity";2800;2658;"2019-05-22";"2019-07-01";"";"";"";"Mannheim";"indelivery";1002;"2020-09-13"
21554;"energy";"electricity";2700;"";"2019-03-24";"2019-04-01";"";"";"";"Leipzig";"indelivery";1002;"2020-08-17"
21555;"energy";"electricity";2100;2064;"2018-06-06";"2018-12-01";"";"";"";"Cologne";"indelivery";1002;"2019-04-07"
21556;"energy";"gas";8500;8838;"2018-05-31";"2018-06-01";"2018-06-01";"2019-05-01";"Wiederruf";"Mannheim";"terminated";2000;"2019-05-01"
21557;"energy";"electricity";2500;2511;"2019-10-06";"2019-12-01";"";"";"";"Hannover";"indelivery";1001;"2020-09-13"
21558;"energy";"electricity";2300;2354;"2020-05-10";"2020-08-01";"";"";"";"Hamburg";"indelivery";1001;"2020-08-01"
21559;"energy";"electricity";2100;"";"2018-12-28";"2019-01-01";"2019-01-01";"2019-10-26";"Wiederruf";"Würzburg";"terminated";1000;"2019-03-03"
21560;"energy";"electricity";2400;"";"2018-07-15";"2018-10-01";"";"";"";"Cologne";"indelivery";1001;"2020-09-02"
21561;"energy";"electricity";2600;2541;"2018-05-20";"2018-06-01";"";"";"";"Bergisch Gladbach";"indelivery";1001;"2018-06-09"
21562;"energy";"electricity";2200;2178;"2019-06-15";"2019-07-01";"";"";"";"Dortmund";"indelivery";1002;"2020-04-17"
21563;"energy";"electricity";2800;2658;"2020-01-02";"2020-08-01";"";"";"";"Lübeck";"indelivery";1001;"2020-04-12"
21564;"energy";"electricity";2200;2257;"2018-07-05";"2019-05-01";"";"";"";"Altchemnitz";"indelivery";1000;"2018-12-26"
21565;"energy";"electricity";2200;2356;"2019-11-13";"2019-12-01";"";"";"";"Wuppertal";"indelivery";1000;"2020-05-04"
21566;"energy";"electricity";2000;1984;"2019-06-27";"2019-08-01";"";"";"";"Cologne";"indelivery";1001;"2019-09-24"
21567;"energy";"electricity";3000;2873;"2018-10-11";"2019-03-01";"";"";"";"Mannheim";"indelivery";1002;"2019-06-25"
21568;"energy";"electricity";2500;2527;"2018-12-27";"2019-01-01";"";"";"";"Berlin";"indelivery";1000;"2019-04-30"
21569;"energy";"gas";8200;8066;"2020-07-21";"2020-11-01";"2020-11-01";"2020-12-03";"Wiederruf";"Essen";"cancelled";2001;"2020-08-11"
21570;"energy";"electricity";2400;2559;"2020-07-16";"2020-12-01";"";"";"";"Wuppertal";"active";1000;"2020-07-19"
21571;"energy";"electricity";2600;2740;"2020-06-11";"2020-11-01";"";"";"";"Frankfurt";"active";1000;"2020-06-28"
21572;"energy";"electricity";2800;2765;"2018-02-04";"2018-05-01";"2019-05-31";"2019-05-03";"fristgerecht durch Kunde";"Cologne";"terminated";1002;"2019-05-03"
21573;"energy";"electricity";2200;2362;"2018-09-23";"2018-12-01";"2020-01-31";"2020-01-02";"Umzug";"Heilbad Heiligenstadt";"terminated";1001;"2020-01-02"
21574;"energy";"electricity";2600;2633;"2019-01-22";"2019-12-01";"";"";"";"Augsburg";"indelivery";1002;"2019-02-10"
21575;"energy";"electricity";2500;2530;"2018-10-24";"2019-01-01";"";"";"";"Essen";"indelivery";1002;"2018-11-03"
21576;"energy";"gas";8700;9339;"2020-02-12";"2020-08-01";"";"";"";"Düsseldorf";"indelivery";2001;"2020-09-01"
21577;"energy";"electricity";2700;"";"2019-05-22";"2020-02-01";"";"";"";"Hamburg";"indelivery";1000;"2019-06-12"
21578;"energy";"electricity";2900;2964;"2018-04-03";"2018-11-01";"";"";"";"Hannover";"indelivery";1001;"2020-04-06"
21579;"energy";"electricity";2100;2133;"2018-10-29";"2019-04-01";"";"";"";"Munich";"indelivery";1001;"2018-11-04"
21580;"energy";"electricity";2400;2553;"2020-06-04";"2020-07-01";"";"";"";"Ingelheim";"indelivery";1000;"2020-06-04"
21581;"energy";"electricity";2000;1981;"2020-07-21";"2020-11-01";"";"";"";"Mannheim";"active";1001;"2020-08-04"
21582;"energy";"electricity";2900;2966;"2018-06-23";"2019-05-01";"2020-03-31";"2020-03-01";"Umzug";"Karlsruhe";"terminated";1002;"2019-03-19"
21583;"energy";"electricity";2400;2459;"2020-07-31";"2021-04-01";"";"";"";"Berlin";"active";1000;"2020-08-05"
21584;"energy";"electricity";2300;2354;"2020-02-22";"2020-05-01";"2020-12-31";"2020-11-28";"fristgerecht durch Kunde";"Flensburg";"cancelled";1002;"2020-06-03"
21585;"energy";"electricity";2800;2793;"2019-08-07";"2019-10-01";"";"";"";"Berlin";"indelivery";1001;"2020-01-14"
21586;"energy";"electricity";2200;"";"2020-07-08";"2020-09-01";"";"";"";"Schwerin";"indelivery";1000;"2020-07-30"
21587;"energy";"gas";10200;10371;"2018-05-31";"2018-07-01";"2018-07-01";"2020-03-03";"Wiederruf";"Frankfurt";"terminated";2001;"2020-01-11"
21588;"energy";"electricity";2800;2897;"2018-04-02";"2018-07-01";"2020-12-31";"2020-12-01";"fristgerecht durch Kunde";"Hannover";"cancelled";1001;"2020-09-02"
21589;"energy";"electricity";2700;2722;"2018-11-20";"2019-04-01";"";"";"";"Kiel";"indelivery";1002;"2020-02-19"
21590;"energy";"gas";10700;10794;"2019-11-10";"2019-12-01";"";"";"";"Hofeck";"indelivery";2001;"2020-09-23"
21591;"energy";"gas";9600;9472;"2019-10-13";"2020-03-01";"";"";"";"Dortmund";"indelivery";2001;"2020-05-29"
21592;"energy";"electricity";2200;2258;"2019-11-11";"2020-04-01";"";"";"";"Dresden";"indelivery";1001;"2020-07-14"
21593;"energy";"gas";10100;10445;"2019-05-28";"2019-08-01";"";"";"";"Cottbus";"indelivery";2001;"2019-11-02"
21594;"energy";"gas";8800;"";"2018-01-09";"2019-01-01";"";"";"";"Osnabrück";"indelivery";2001;"2019-09-17"
21595;"energy";"electricity";3000;3222;"2020-09-29";"2020-11-01";"";"";"";"Rosenheim";"active";1002;"2020-09-30"
21596;"energy";"electricity";2200;2077;"2020-05-18";"2020-07-01";"";"";"";"Duisburg";"indelivery";1000;"2020-07-22"
21597;"energy";"electricity";2500;2565;"2019-02-21";"2019-06-01";"2020-01-31";"2020-01-01";"fristgerecht durch LichtBlick";"Duisburg";"terminated";1000;"2020-01-01"
21598;"energy";"electricity";2500;2556;"2018-02-12";"2018-05-01";"";"";"";"Bielefeld";"indelivery";1002;"2019-08-22"
21599;"energy";"electricity";2300;2388;"2018-07-11";"2018-12-01";"";"";"";"Potsdam";"indelivery";1002;"2018-10-23"
21600;"energy";"electricity";2100;2020;"2018-05-07";"2018-08-01";"";"";"";"Duisburg";"indelivery";1000;"2020-07-23"
21601;"energy";"electricity";2100;2129;"2020-01-08";"2020-06-01";"";"";"";"Osnabrück";"indelivery";1002;"2020-04-17"
21602;"energy";"electricity";2600;"";"2019-11-18";"2020-02-01";"2020-09-30";"2020-08-31";"Umzug";"Wuppertal";"terminated";1000;"2020-05-03"
21603;"energy";"electricity";2900;2867;"2019-03-23";"2019-06-01";"";"";"";"Mainz";"indelivery";1002;"2020-02-06"
21604;"energy";"electricity";2100;2051;"2019-07-13";"2020-02-01";"2020-02-01";"2020-07-30";"Wiederruf";"Wuppertal";"terminated";1000;"2019-10-08"
21605;"energy";"gas";10100;10855;"2019-12-19";"2020-01-01";"";"";"";"Wuppertal";"indelivery";2001;"2020-05-28"
21606;"energy";"electricity";2300;2424;"2018-05-18";"2019-04-01";"";"";"";"Cottbus";"indelivery";1000;"2018-05-18"
21607;"energy";"electricity";2100;2013;"2018-01-10";"2018-03-01";"2020-07-31";"2020-07-03";"fristgerecht durch LichtBlick";"Bonn";"terminated";1002;"2020-06-25"
21608;"energy";"gas";10100;10483;"2018-06-20";"2018-11-01";"";"";"";"Fürth";"indelivery";2001;"2018-08-14"
21609;"energy";"electricity";2400;2581;"2020-06-14";"2020-07-01";"";"";"";"Dortmund";"indelivery";1000;"2020-07-04"
21610;"energy";"gas";8800;8848;"2020-07-21";"2020-08-01";"";"";"";"Erfurt";"indelivery";2001;"2020-08-07"
21611;"energy";"electricity";2200;2259;"2020-04-07";"2020-09-01";"";"";"";"Frankfurt";"indelivery";1000;"2020-04-28"
21612;"energy";"electricity";3100;3248;"2018-06-09";"2018-09-01";"";"";"";"Wunsiedel";"indelivery";1001;"2020-01-19"
21613;"energy";"electricity";2000;2093;"2020-02-21";"2020-09-01";"2020-11-30";"2020-10-25";"fristgerecht durch LichtBlick";"Frankfurt";"cancelled";1002;"2020-07-08"
21614;"energy";"gas";11600;11686;"2020-05-10";"2020-07-01";"";"";"";"Hofeck";"indelivery";2000;"2020-09-29"
21615;"energy";"electricity";2700;2848;"2019-07-19";"2019-10-01";"";"";"";"Frankfurt";"indelivery";1002;"2019-09-07"
21616;"energy";"electricity";3000;3184;"2019-02-21";"2019-06-01";"2019-06-01";"2019-12-03";"Wiederruf";"Augsburg";"terminated";1000;"2019-09-17"
21617;"energy";"electricity";3000;2927;"2020-07-02";"2020-08-01";"";"";"";"Essen";"indelivery";1000;"2020-09-15"
21618;"energy";"electricity";2600;2595;"2020-04-14";"2020-06-01";"";"";"";"Mannheim";"indelivery";1001;"2020-08-15"
21619;"energy";"electricity";2000;1994;"2019-10-03";"2019-12-01";"";"";"";"Munich";"indelivery";1001;"2020-09-12"
21620;"energy";"electricity";3000;2930;"2019-09-01";"2019-11-01";"";"";"";"Dortmund";"indelivery";1000;"2020-07-08"
21621;"energy";"electricity";2100;2077;"2018-06-09";"2018-08-01";"";"";"";"Munich";"indelivery";1001;"2020-04-06"
21622;"energy";"electricity";3000;"";"2018-04-25";"2018-08-01";"2018-10-31";"2018-10-03";"Umzug";"Kirchheimbolanden";"terminated";1002;"2018-10-03"
21623;"energy";"electricity";2800;2671;"2019-07-29";"2020-01-01";"";"";"";"Altchemnitz";"indelivery";1001;"2020-04-18"
21624;"energy";"electricity";2600;2775;"2020-05-19";"2021-06-01";"";"";"";"Dortmund";"active";1000;"2020-08-03"
21625;"energy";"electricity";2700;2799;"2018-01-21";"2018-07-01";"";"";"";"Berlin";"indelivery";1000;"2018-03-12"
21626;"energy";"electricity";3000;3171;"2018-07-15";"2018-08-01";"2020-01-31";"2020-01-03";"fristgerecht durch Kunde";"Wunsiedel";"terminated";1002;"2019-02-13"
21627;"energy";"electricity";2500;2449;"2018-01-09";"2018-03-01";"";"";"";"Oldenburg";"indelivery";1001;"2018-03-06"
21628;"energy";"electricity";2700;2673;"2020-08-27";"2021-01-01";"";"";"";"Karlsruhe";"active";1002;"2020-08-30"
21629;"energy";"electricity";2900;2914;"2019-12-30";"2020-01-01";"";"";"";"Duisburg";"indelivery";1001;"2020-03-01"
21630;"energy";"electricity";2000;2056;"2018-06-05";"2018-11-01";"";"";"";"Cologne";"indelivery";1000;"2018-11-06"
21631;"energy";"gas";10100;10878;"2018-01-24";"2018-02-01";"";"";"";"Fürth";"indelivery";2001;"2019-06-03"
21632;"energy";"electricity";2500;2650;"2018-09-03";"2018-11-01";"";"";"";"Hamburg";"indelivery";1001;"2019-12-19"
21633;"energy";"electricity";2100;2263;"2019-05-12";"2019-07-01";"2019-09-30";"2019-08-31";"fristgerecht durch Kunde";"Berlin";"terminated";1001;"2019-08-31"
21634;"energy";"electricity";2100;2099;"2019-01-07";"2019-09-01";"";"";"";"Bonn";"indelivery";1001;"2019-03-25"
21635;"energy";"electricity";2800;3004;"2020-05-15";"2021-01-01";"";"";"";"Stuttgart";"active";1002;"2020-08-19"
21636;"energy";"electricity";3000;3125;"2019-01-22";"2019-04-01";"2019-04-01";"2019-08-31";"Wiederruf";"Altötting";"terminated";1001;"2019-03-21"
21637;"energy";"electricity";2300;2474;"2019-02-13";"2019-11-01";"";"";"";"Berlin";"indelivery";1000;"2020-01-01"
21638;"energy";"electricity";2600;2514;"2019-09-05";"2020-10-01";"";"";"";"Hamburg";"indelivery";1000;"2020-04-30"
21639;"energy";"electricity";2900;2823;"2018-04-07";"2018-08-01";"2018-08-01";"2019-12-01";"Wiederruf";"Hamburg";"terminated";1001;"2019-12-01"
21640;"energy";"electricity";2500;2692;"2020-04-01";"2020-05-01";"";"";"";"Cologne";"indelivery";1001;"2020-06-10"
21641;"energy";"electricity";2900;3026;"2020-04-12";"2021-08-01";"";"";"";"Dortmund";"active";1001;"2020-08-26"
21642;"energy";"gas";11000;10974;"2019-07-21";"2020-03-01";"";"";"";"Duisburg";"indelivery";2000;"2019-07-30"
21643;"energy";"electricity";2000;2122;"2020-09-19";"2021-02-01";"";"";"";"Schwerin";"active";1002;"2020-09-27"
21644;"energy";"gas";9200;9568;"2020-03-25";"2021-05-01";"";"";"";"Dortmund";"active";2001;"2020-05-25"
21645;"energy";"electricity";2600;2532;"2020-03-08";"2020-04-01";"";"";"";"Bad Fallingbostel";"indelivery";1001;"2020-08-13"
21646;"energy";"gas";9600;9281;"2019-03-05";"2019-07-01";"2019-07-01";"2020-02-01";"Wiederruf";"Braunschweig";"terminated";2001;"2020-02-01"
21647;"energy";"electricity";2700;2702;"2019-07-01";"2019-10-01";"";"";"";"Berlin";"indelivery";1002;"2019-08-01"
21648;"energy";"gas";9700;10360;"2018-04-17";"2019-01-01";"";"";"";"Erfurt";"indelivery";2001;"2018-09-10"
21649;"energy";"electricity";2600;2759;"2018-12-15";"2019-02-01";"";"";"";"Hannover";"indelivery";1000;"2020-09-05"
21650;"energy";"gas";10800;11115;"2018-06-11";"2018-08-01";"";"";"";"Osnabrück";"indelivery";2000;"2019-04-26"
21651;"energy";"electricity";2100;"";"2019-07-21";"2019-09-01";"";"";"";"Rosenheim";"indelivery";1000;"2019-10-29"
21652;"energy";"electricity";2800;2865;"2019-01-03";"2019-07-01";"";"";"";"Hannover";"indelivery";1001;"2020-03-08"
21653;"energy";"electricity";2000;1986;"2018-12-09";"2019-02-01";"2020-11-30";"2020-11-02";"fristgerecht durch LichtBlick";"Dresden";"cancelled";1001;"2019-01-20"
21654;"energy";"gas";9400;9396;"2018-07-16";"2019-02-01";"";"";"";"Berlin";"indelivery";2000;"2018-10-17"
21655;"energy";"electricity";2100;2175;"2020-07-30";"2020-12-01";"";"";"";"Kassel";"active";1001;"2020-08-13"
21656;"energy";"electricity";2400;2528;"2018-08-13";"2018-10-01";"";"";"";"Frankfurt";"indelivery";1001;"2019-11-28"
21657;"energy";"electricity";2600;2610;"2019-01-19";"2019-04-01";"";"";"";"Marktoberdorf";"indelivery";1002;"2020-03-27"
21658;"energy";"electricity";2600;2482;"2019-02-18";"2019-08-01";"";"";"";"Trier";"indelivery";1000;"2020-01-13"
21659;"energy";"electricity";2600;2627;"2019-02-05";"2019-09-01";"";"";"";"Stuttgart";"indelivery";1000;"2019-12-08"
21660;"energy";"electricity";2700;2734;"2019-04-08";"2019-06-01";"";"";"";"Cologne";"indelivery";1002;"2019-09-22"
21661;"energy";"electricity";2900;2826;"2020-04-08";"2020-08-01";"";"";"";"Cologne";"indelivery";1002;"2020-04-15"
21662;"energy";"gas";9900;10217;"2018-12-22";"2019-02-01";"2019-02-01";"2020-06-02";"Wiederruf";"Hamburg";"terminated";2001;"2019-04-30"
21663;"energy";"electricity";2700;2642;"2020-07-27";"2021-05-01";"";"";"";"Cologne";"active";1002;"2020-08-05"
21664;"energy";"electricity";2100;2137;"2018-11-15";"2019-10-01";"";"";"";"Hannover";"indelivery";1000;"2020-02-15"
21665;"energy";"electricity";2400;2352;"2019-01-06";"2019-06-01";"";"";"";"Berlin";"indelivery";1002;"2019-07-05"
21666;"energy";"electricity";2500;2593;"2020-09-30";"2021-08-01";"";"";"";"Flensburg";"active";1002;"2020-09-30"
21667;"energy";"electricity";2600;"";"2018-04-02";"2018-07-01";"2018-12-31";"2018-12-03";"fristgerecht durch Kunde";"Berlin";"terminated";1000;"2018-11-13"
21668;"energy";"gas";8200;8683;"2019-01-17";"2019-08-01";"";"";"";"Berlin";"indelivery";2001;"2019-06-08"
21669;"energy";"electricity";3000;3053;"2018-03-09";"2018-10-01";"2020-06-30";"2020-05-31";"fristgerecht durch Kunde";"Regensburg";"terminated";1002;"2018-12-06"
21670;"energy";"electricity";2800;3034;"2020-03-17";"2020-04-01";"";"";"";"Mannheim";"indelivery";1002;"2020-08-28"
21671;"energy";"electricity";2700;2739;"2019-05-22";"2019-12-01";"";"";"";"Berlin";"indelivery";1000;"2019-11-18"
21672;"energy";"electricity";2400;2343;"2018-06-13";"2018-09-01";"2019-03-31";"2019-03-02";"fristgerecht durch Kunde";"Bonn";"terminated";1001;"2019-03-02"
21673;"energy";"gas";8800;8517;"2020-06-13";"2020-08-01";"2020-09-30";"2020-08-24";"fristgerecht durch LichtBlick";"Ingolstadt";"terminated";2000;"2020-08-15"
21674;"energy";"gas";8900;9126;"2019-08-18";"2019-10-01";"";"";"";"Munich";"indelivery";2000;"2020-04-02"
21675;"energy";"electricity";2400;2390;"2020-09-04";"2021-04-01";"";"";"";"Altchemnitz";"active";1002;"2020-09-12"
21676;"energy";"electricity";2200;2228;"2018-01-02";"2018-04-01";"2020-05-31";"2020-05-03";"fristgerecht durch Kunde";"Bremen";"terminated";1000;"2018-07-08"
21677;"energy";"electricity";2600;2640;"2018-11-20";"2019-07-01";"2020-03-31";"2020-03-01";"Umzug";"Koblenz";"terminated";1002;"2020-03-01"
21678;"energy";"electricity";2100;2049;"2019-11-26";"2019-12-01";"";"";"";"Hamburg";"indelivery";1001;"2020-04-18"
21679;"energy";"electricity";2000;2177;"2018-12-01";"2019-06-01";"2020-03-31";"2020-03-02";"fristgerecht durch LichtBlick";"Magdeburg";"terminated";1001;"2020-03-02"
21680;"energy";"electricity";2400;2595;"2018-09-30";"2018-12-01";"2019-12-31";"2019-11-25";"fristgerecht durch LichtBlick";"Duisburg";"terminated";1000;"2018-11-03"
21681;"energy";"electricity";2800;2778;"2020-08-21";"2020-10-01";"";"";"";"Hannover";"indelivery";1002;"2020-09-26"
21682;"energy";"electricity";2600;2717;"2019-08-27";"2019-10-01";"";"";"";"Düsseldorf";"indelivery";1000;"2019-09-14"
21683;"energy";"electricity";2700;2697;"2019-07-10";"2019-12-01";"";"";"";"Erfurt";"indelivery";1000;"2019-12-20"
21684;"energy";"electricity";3000;3068;"2020-07-22";"2020-08-01";"";"";"";"Wuppertal";"indelivery";1000;"2020-07-22"
21685;"energy";"gas";8200;7938;"2020-01-05";"2020-03-01";"";"";"";"Bremen";"indelivery";2001;"2020-05-01"
21686;"energy";"electricity";2000;1968;"2019-03-15";"2019-05-01";"";"";"";"Stuttgart";"indelivery";1000;"2020-07-29"
21687;"energy";"electricity";2000;2149;"2019-04-08";"2019-07-01";"";"";"";"Oldenburg";"indelivery";1000;"2019-08-06"
21688;"energy";"electricity";3000;3176;"2019-12-26";"2020-02-01";"";"";"";"Rastatt";"indelivery";1002;"2020-03-20"
21689;"energy";"gas";10400;10413;"2019-03-25";"2019-06-01";"";"";"";"Düsseldorf";"indelivery";2000;"2019-04-12"
21690;"energy";"electricity";3000;3053;"2018-02-09";"2018-04-01";"";"";"";"Darmstadt";"indelivery";1001;"2018-03-02"
21691;"energy";"electricity";2100;"";"2019-11-17";"2020-03-01";"";"";"";"Freiburg";"indelivery";1000;"2020-07-07"
21692;"energy";"electricity";2400;2496;"2019-01-24";"2019-05-01";"2020-10-31";"2020-10-03";"fristgerecht durch LichtBlick";"Cologne";"cancelled";1000;"2020-03-30"
21693;"energy";"electricity";2100;2283;"2020-06-15";"2020-09-01";"";"";"";"Saarbrücken";"indelivery";1001;"2020-06-28"
21694;"energy";"electricity";2900;"";"2018-05-04";"2018-08-01";"";"";"";"Kassel";"indelivery";1002;"2018-08-14"
21695;"energy";"gas";8700;"";"2018-10-11";"2019-11-01";"";"";"";"Hamburg";"indelivery";2000;"2019-12-12"
21696;"energy";"electricity";2700;2829;"2020-05-31";"2020-07-01";"";"";"";"Stuttgart";"indelivery";1000;"2020-06-15"
21697;"energy";"electricity";2300;2407;"2018-07-06";"2018-09-01";"";"";"";"Dortmund";"indelivery";1001;"2019-12-14"
21698;"energy";"electricity";2100;2154;"2018-02-02";"2018-05-01";"";"";"";"Dresden";"indelivery";1001;"2018-06-11"
21699;"energy";"electricity";2200;2373;"2019-05-01";"2019-08-01";"2019-08-01";"2020-03-02";"Wiederruf";"Bielefeld";"terminated";1002;"2020-03-02"
21700;"energy";"electricity";2800;2851;"2019-09-10";"2020-04-01";"";"";"";"Dachau";"indelivery";1001;"2020-02-14"
21701;"energy";"electricity";2600;2462;"2019-06-20";"2019-08-01";"";"";"";"Berlin";"indelivery";1000;"2020-02-20"
21702;"energy";"electricity";2900;2913;"2019-05-27";"2019-08-01";"";"";"";"Mainz";"indelivery";1000;"2020-05-17"
21703;"energy";"gas";10200;10053;"2018-06-22";"2018-10-01";"2018-10-01";"2019-10-31";"Wiederruf";"Dortmund";"terminated";2000;"2019-10-31"
21704;"energy";"electricity";2800;2867;"2018-04-20";"2018-09-01";"2020-04-30";"2020-03-31";"Umzug";"Stuttgart";"terminated";1001;"2019-07-31"
21705;"energy";"electricity";2600;2586;"2019-08-07";"2020-02-01";"";"";"";"Berlin";"indelivery";1002;"2019-10-11"
21706;"energy";"gas";8700;9365;"2019-08-17";"2019-09-01";"2020-05-31";"2020-04-30";"fristgerecht durch Kunde";"Augsburg";"terminated";2001;"2020-03-04"
21707;"energy";"electricity";3000;3068;"2018-03-01";"2018-05-01";"";"";"";"Gelsenkirchen";"indelivery";1001;"2018-04-10"
21708;"energy";"electricity";2900;2989;"2018-04-09";"2018-08-01";"";"";"";"Erfurt";"indelivery";1000;"2020-05-05"
21709;"energy";"gas";9500;"";"2020-08-22";"2020-10-01";"";"";"";"Berlin";"indelivery";2000;"2020-09-19"
21710;"energy";"electricity";2500;2707;"2019-09-22";"2019-12-01";"";"";"";"Magdeburg";"indelivery";1000;"2020-01-29"
21711;"energy";"electricity";2500;2538;"2018-09-07";"2019-08-01";"2019-08-01";"2019-09-01";"Wiederruf";"Dortmund";"terminated";1001;"2019-09-01"
21712;"energy";"electricity";2600;"";"2020-05-05";"2020-09-01";"";"";"";"Freiburg";"indelivery";1001;"2020-07-03"
21713;"energy";"electricity";2200;2215;"2018-01-26";"2018-02-01";"";"";"";"Berlin";"indelivery";1002;"2018-12-18"
21714;"energy";"electricity";2700;2545;"2019-08-16";"2019-10-01";"";"";"";"Wiesbaden";"indelivery";1000;"2020-02-13"
21715;"energy";"electricity";2700;2750;"2019-06-11";"2019-08-01";"2019-08-01";"2020-07-01";"Wiederruf";"Kassel";"terminated";1002;"2019-11-01"
21716;"energy";"electricity";2400;2329;"2020-02-03";"2020-05-01";"";"";"";"Göttingen";"indelivery";1001;"2020-06-25"
21717;"energy";"electricity";2500;2464;"2020-02-13";"2020-06-01";"";"";"";"Munich";"indelivery";1002;"2020-04-15"
21718;"energy";"electricity";2600;2559;"2019-07-26";"2019-08-01";"";"";"";"Düsseldorf";"indelivery";1001;"2019-11-13"
21719;"energy";"gas";10000;9540;"2019-09-04";"2020-05-01";"";"";"";"Oldenburg";"indelivery";2001;"2020-05-28"
21720;"energy";"electricity";2400;2554;"2020-09-13";"2021-08-01";"";"";"";"Duisburg";"active";1001;"2020-09-22"
21721;"energy";"electricity";2500;2477;"2020-05-13";"2020-08-01";"";"";"";"Hamburg";"indelivery";1002;"2020-09-16"
21722;"energy";"electricity";2700;2700;"2019-09-11";"2019-12-01";"";"";"";"Celle";"indelivery";1001;"2019-10-05"
21723;"energy";"electricity";2900;3056;"2019-09-28";"2020-01-01";"";"";"";"Berlin";"indelivery";1000;"2020-07-23"
21724;"energy";"electricity";2500;2634;"2019-12-20";"2020-06-01";"";"";"";"Cologne";"indelivery";1002;"2020-01-07"
21725;"energy";"electricity";1900;2021;"2019-05-12";"2019-12-01";"";"";"";"Hamburg";"indelivery";1001;"2020-04-05"
21726;"energy";"electricity";2500;2518;"2018-06-17";"2018-11-01";"";"";"";"Ulm";"indelivery";1002;"2018-12-31"
21727;"energy";"electricity";1900;1930;"2019-01-23";"2019-03-01";"";"";"";"Hamburg";"indelivery";1000;"2020-07-07"
21728;"energy";"gas";11200;10898;"2019-06-17";"2019-07-01";"";"";"";"Leipzig";"indelivery";2000;"2020-03-30"
21729;"energy";"electricity";2400;"";"2020-02-06";"2020-04-01";"";"";"";"Berlin";"indelivery";1001;"2020-04-08"
21730;"energy";"electricity";2400;2582;"2018-05-13";"2018-08-01";"2018-08-01";"2018-09-01";"Wiederruf";"Dresden";"terminated";1000;"2018-09-01"
21731;"energy";"electricity";2500;2421;"2018-06-11";"2018-08-01";"";"";"";"Cologne";"indelivery";1000;"2020-01-30"
21732;"energy";"electricity";2800;2894;"2020-09-20";"2020-11-01";"";"";"";"Berlin";"active";1001;"2020-09-25"
21733;"energy";"electricity";2300;2447;"2019-11-01";"2020-01-01";"";"";"";"Dresden";"indelivery";1000;"2020-06-25"
21734;"energy";"electricity";2100;2094;"2020-08-28";"2020-12-01";"";"";"";"Saarbrücken";"active";1002;"2020-08-31"
21735;"energy";"electricity";2100;2125;"2020-01-17";"2020-04-01";"";"";"";"Leipzig";"indelivery";1000;"2020-01-27"
21736;"energy";"electricity";2100;2079;"2019-05-19";"2020-01-01";"";"";"";"Munich";"indelivery";1002;"2020-03-22"
21737;"energy";"electricity";2700;2691;"2018-08-28";"2018-10-01";"";"";"";"Stuttgart";"indelivery";1000;"2020-01-14"
21738;"energy";"gas";11000;11288;"2018-07-09";"2018-09-01";"";"";"";"Düsseldorf";"indelivery";2000;"2019-11-05"
21739;"energy";"electricity";2300;2235;"2020-07-21";"2020-11-01";"";"";"";"Bremen";"active";1000;"2020-07-21"
21740;"energy";"electricity";2500;"";"2019-02-05";"2019-04-01";"";"";"";"Regensburg";"indelivery";1002;"2019-07-31"
21741;"energy";"electricity";3000;2932;"2019-01-10";"2019-11-01";"";"";"";"Dortmund";"indelivery";1002;"2020-09-20"
21742;"energy";"electricity";2300;2410;"2020-05-15";"2020-07-01";"";"";"";"Cologne";"indelivery";1002;"2020-08-06"
21743;"energy";"electricity";3000;3056;"2020-04-27";"2020-08-01";"";"";"";"Jena";"indelivery";1000;"2020-09-14"
21744;"energy";"electricity";2800;"";"2018-02-20";"2018-10-01";"";"";"";"Altchemnitz";"indelivery";1001;"2018-12-03"
21745;"energy";"electricity";2600;2620;"2018-08-16";"2018-10-01";"2019-01-31";"2019-01-01";"fristgerecht durch LichtBlick";"Erfurt";"terminated";1001;"2019-01-01"
21746;"energy";"electricity";2100;"";"2020-09-24";"2021-01-01";"";"";"";"Dresden";"active";1002;"2020-09-27"
21747;"energy";"electricity";2500;"";"2019-02-17";"2019-08-01";"";"";"";"Kassel";"indelivery";1000;"2020-07-23"
21748;"energy";"electricity";2200;2322;"2018-01-08";"2018-11-01";"";"";"";"Ulm";"indelivery";1000;"2020-05-28"
21749;"energy";"electricity";2800;2731;"2020-09-07";"2020-12-01";"";"";"";"Münster";"active";1002;"2020-09-16"
21750;"energy";"electricity";2000;2159;"2019-04-10";"2019-08-01";"";"";"";"Munich";"indelivery";1001;"2019-06-03"
21751;"energy";"gas";10100;10225;"2020-01-07";"2020-08-01";"";"";"";"Stuttgart";"indelivery";2000;"2020-03-08"
21752;"energy";"electricity";2800;2665;"2018-08-28";"2019-05-01";"";"";"";"Berlin";"indelivery";1002;"2020-06-22"
21753;"energy";"electricity";2400;"";"2018-10-01";"2018-11-01";"";"";"";"Berlin";"indelivery";1000;"2020-01-31"
21754;"energy";"gas";10800;10411;"2019-07-04";"2019-12-01";"";"";"";"Hamburg";"indelivery";2000;"2020-08-27"
21755;"energy";"electricity";2300;2261;"2018-06-02";"2018-12-01";"2018-12-01";"2020-04-30";"Wiederruf";"Cologne";"terminated";1002;"2018-10-09"
21756;"energy";"gas";8200;8380;"2018-01-15";"2018-08-01";"2018-08-01";"2020-12-02";"Wiederruf";"Wuppertal";"terminated";2000;"2020-06-12"
21757;"energy";"electricity";2300;2339;"2019-06-22";"2019-08-01";"";"";"";"Dresden";"indelivery";1001;"2020-03-17"
21758;"energy";"electricity";2900;3036;"2020-09-08";"2020-12-01";"";"";"";"Fürth";"active";1001;"2020-09-09"
21759;"energy";"electricity";2300;2258;"2018-05-19";"2019-02-01";"";"";"";"Saarbrücken";"indelivery";1002;"2018-08-07"
21760;"energy";"gas";9700;9251;"2020-09-05";"2020-10-01";"";"";"";"Lübeck";"indelivery";2001;"2020-09-06"
21761;"energy";"electricity";2200;2129;"2020-02-19";"2020-09-01";"";"";"";"Stuttgart";"indelivery";1001;"2020-09-23"
21762;"energy";"electricity";2000;1981;"2020-09-23";"2020-12-01";"";"";"";"Berlin";"active";1002;"2020-09-25"
21763;"energy";"electricity";2900;2841;"2018-03-03";"2018-06-01";"2019-09-30";"2019-09-02";"Umzug";"Osnabrück";"terminated";1001;"2018-08-29"
21764;"energy";"gas";12000;11592;"2020-05-05";"2020-11-01";"";"";"";"Bremerhaven";"active";2001;"2020-08-22"
21765;"energy";"electricity";2200;2133;"2020-06-26";"2020-12-01";"";"";"";"Fulda";"active";1002;"2020-07-06"
21766;"energy";"gas";9000;9016;"2019-04-03";"2019-06-01";"";"";"";"Erfurt";"indelivery";2000;"2020-06-16"
21767;"energy";"electricity";2700;2802;"2018-01-12";"2018-03-01";"2018-09-30";"2018-09-02";"Umzug";"Kiel";"terminated";1000;"2018-09-02"
21768;"energy";"electricity";2600;2771;"2018-04-11";"2018-06-01";"2020-11-30";"2020-10-26";"fristgerecht durch LichtBlick";"Bochum";"cancelled";1002;"2020-05-19"
21769;"energy";"electricity";2700;2673;"2018-02-13";"2018-06-01";"2020-06-30";"2020-06-01";"fristgerecht durch LichtBlick";"Cologne";"terminated";1002;"2018-11-14"
21770;"energy";"electricity";2000;1950;"2020-05-08";"2020-12-01";"";"";"";"Wiesbaden";"active";1001;"2020-07-28"
21771;"energy";"electricity";2700;2892;"2018-01-17";"2019-02-01";"2019-02-01";"2019-08-23";"Wiederruf";"Essen";"terminated";1000;"2018-12-18"
21772;"energy";"electricity";2600;2613;"2019-02-11";"2019-12-01";"";"";"";"Berlin";"indelivery";1001;"2020-06-11"
21773;"energy";"electricity";2200;2140;"2019-01-05";"2019-08-01";"";"";"";"Wuppertal";"indelivery";1000;"2020-05-01"
21774;"energy";"electricity";2800;2874;"2018-12-09";"2019-03-01";"2019-09-30";"2019-09-02";"fristgerecht durch LichtBlick";"Cologne";"terminated";1001;"2019-09-02"
21775;"energy";"electricity";2400;2604;"2019-10-12";"2020-04-01";"";"";"";"Dresden";"indelivery";1002;"2019-11-09"
21776;"energy";"electricity";2800;2856;"2020-03-06";"2020-09-01";"";"";"";"Braunschweig";"indelivery";1001;"2020-04-30"
21777;"energy";"electricity";2000;1969;"2018-12-12";"2019-08-01";"";"";"";"Essen";"indelivery";1001;"2020-04-22"
21778;"energy";"electricity";2800;2956;"2020-01-19";"2021-01-01";"";"";"";"Hamburg";"active";1002;"2020-05-27"
21779;"energy";"electricity";2500;"";"2019-03-15";"2019-11-01";"2020-01-31";"2020-01-01";"fristgerecht durch Kunde";"Frankfurt";"terminated";1001;"2020-01-01"
21780;"energy";"electricity";2100;2128;"2018-07-02";"2018-08-01";"";"";"";"Marienberg";"indelivery";1000;"2020-03-17"
21781;"energy";"electricity";1900;1803;"2020-01-18";"2020-06-01";"";"";"";"Berlin";"indelivery";1002;"2020-03-29"
21782;"energy";"electricity";2800;2664;"2018-04-25";"2018-07-01";"";"";"";"Hamburg";"indelivery";1000;"2018-08-13"
21783;"energy";"electricity";2000;2050;"2018-05-09";"2018-08-01";"2018-08-01";"2019-03-03";"Wiederruf";"Berlin";"terminated";1002;"2019-03-03"
21784;"energy";"gas";9900;10007;"2018-11-23";"2019-03-01";"2019-12-31";"2019-11-29";"fristgerecht durch LichtBlick";"Stuttgart";"terminated";2001;"2019-09-06"
21785;"energy";"gas";11100;10873;"2019-10-07";"2020-06-01";"2020-06-01";"2020-11-29";"Wiederruf";"Bonn";"terminated";2001;"2020-08-26"
21786;"energy";"electricity";2700;2683;"2020-08-05";"2020-12-01";"";"";"";"Dresden";"active";1001;"2020-08-26"
21787;"energy";"gas";11700;11395;"2019-09-27";"2019-10-01";"";"";"";"Bremen";"indelivery";2000;"2020-04-12"
21788;"energy";"electricity";2500;2558;"2018-05-09";"2018-06-01";"";"";"";"Düsseldorf";"indelivery";1001;"2020-02-16"
21789;"energy";"electricity";3200;3445;"2019-09-14";"2020-01-01";"";"";"";"Pirna";"indelivery";1002;"2020-09-17"
21790;"energy";"electricity";2800;2808;"2019-05-08";"2020-07-01";"2020-10-31";"2020-09-25";"Umzug";"Augsburg";"cancelled";1002;"2020-06-16"
21791;"energy";"electricity";3000;2922;"2019-07-12";"2019-08-01";"";"";"";"Ingolstadt";"indelivery";1000;"2020-07-10"
21792;"energy";"electricity";2800;2841;"2018-05-10";"2018-08-01";"2020-09-30";"2020-08-31";"Umzug";"Bremen";"terminated";1002;"2019-02-02"
21793;"energy";"electricity";2500;2425;"2019-08-15";"2019-10-01";"";"";"";"Bonn";"indelivery";1002;"2020-07-16"
21794;"energy";"electricity";2500;2469;"2018-08-20";"2018-11-01";"";"";"";"Munich";"indelivery";1000;"2019-09-18"
21795;"energy";"electricity";2500;2422;"2020-08-22";"2020-10-01";"";"";"";"Marienberg";"indelivery";1002;"2020-08-28"
21796;"energy";"electricity";2100;2067;"2018-09-28";"2019-02-01";"";"";"";"Berlin";"indelivery";1000;"2020-07-13"
21797;"energy";"electricity";2900;2786;"2019-10-06";"2019-11-01";"";"";"";"Munich";"indelivery";1001;"2020-07-16"
21798;"energy";"electricity";2400;2507;"2018-01-05";"2018-03-01";"";"";"";"Hannover";"indelivery";1001;"2020-07-27"
21799;"energy";"electricity";2900;2999;"2020-03-16";"2020-07-01";"";"";"";"Berlin";"indelivery";1001;"2020-06-26"
21800;"energy";"electricity";2000;1957;"2019-03-02";"2019-05-01";"";"";"";"Berlin";"indelivery";1002;"2020-03-27"
21801;"energy";"electricity";2600;"";"2018-04-21";"2018-06-01";"2019-01-31";"2019-01-02";"fristgerecht durch LichtBlick";"Frankfurt";"terminated";1002;"2019-01-02"
21802;"energy";"electricity";2900;2739;"2019-04-24";"2019-05-01";"";"";"";"Saarbrücken";"indelivery";1000;"2020-03-01"
21803;"energy";"gas";10300;9837;"2018-08-12";"2018-09-01";"";"";"";"Cologne";"indelivery";2001;"2018-10-15"
21804;"energy";"electricity";2200;2150;"2019-09-01";"2019-12-01";"";"";"";"Bremen";"indelivery";1002;"2019-11-05"
21805;"energy";"electricity";2500;2557;"2019-04-05";"2019-06-01";"";"";"";"Oldenburg";"indelivery";1000;"2020-03-16"
21806;"energy";"electricity";2200;2134;"2019-12-10";"2020-02-01";"";"";"";"Berlin";"indelivery";1000;"2020-09-27"
21807;"energy";"electricity";2700;2888;"2019-11-18";"2020-02-01";"";"";"";"Essen";"indelivery";1002;"2020-08-22"
21808;"energy";"electricity";2800;2818;"2018-11-26";"2019-01-01";"";"";"";"Heidelberg";"indelivery";1000;"2020-02-07"
21809;"energy";"electricity";2500;2600;"2020-04-23";"2020-05-01";"2020-09-30";"2020-09-01";"fristgerecht durch Kunde";"Magdeburg";"terminated";1000;"2020-07-29"
21810;"energy";"electricity";2800;2884;"2019-12-23";"2021-04-01";"";"";"";"Marienberg";"active";1000;"2020-08-24"
21811;"energy";"electricity";2200;2334;"2018-06-12";"2018-09-01";"";"";"";"Altchemnitz";"indelivery";1002;"2020-03-31"
21812;"energy";"electricity";2900;2777;"2019-08-29";"2019-09-01";"";"";"";"Neustadt";"indelivery";1000;"2019-10-09"
21813;"energy";"gas";10000;"";"2020-05-13";"2020-06-01";"";"";"";"Cologne";"indelivery";2000;"2020-09-01"
21814;"energy";"electricity";2100;2003;"2019-10-12";"2019-11-01";"2019-11-01";"2020-02-29";"Wiederruf";"Hamburg";"terminated";1000;"2019-10-21"
21815;"energy";"gas";9500;9611;"2020-07-19";"2021-01-01";"";"";"";"Duisburg";"active";2000;"2020-09-17"
21816;"energy";"electricity";2500;2733;"2018-04-05";"2018-06-01";"";"";"";"Dresden";"indelivery";1000;"2019-03-28"
21817;"energy";"electricity";2400;2512;"2019-04-11";"2019-06-01";"";"";"";"Wuppertal";"indelivery";1000;"2019-08-27"
21818;"energy";"electricity";2900;3067;"2020-05-22";"2020-08-01";"";"";"";"Dresden";"indelivery";1002;"2020-08-30"
21819;"energy";"electricity";2400;2331;"2019-02-28";"2019-07-01";"";"";"";"Berlin";"indelivery";1000;"2020-05-13"
21820;"energy";"gas";9700;9555;"2020-05-27";"2020-06-01";"2020-10-31";"2020-10-01";"Umzug";"Munich";"cancelled";2000;"2020-07-19"
21821;"energy";"electricity";2900;2914;"2019-08-31";"2020-04-01";"";"";"";"Gera";"indelivery";1001;"2020-07-12"
21822;"energy";"gas";9400;9255;"2019-07-11";"2019-12-01";"";"";"";"Magdeburg";"indelivery";2000;"2020-02-21"
21823;"energy";"electricity";2500;2392;"2019-10-10";"2020-01-01";"2020-09-30";"2020-08-25";"fristgerecht durch Kunde";"Weimar";"terminated";1000;"2020-05-21"
21824;"energy";"gas";9500;9352;"2018-10-07";"2019-05-01";"";"";"";"Rostock";"indelivery";2001;"2019-01-26"
21825;"energy";"electricity";2500;2555;"2020-05-17";"2021-05-01";"";"";"";"Lübeck";"active";1000;"2020-05-24"
21826;"energy";"electricity";2200;2306;"2019-09-26";"2019-11-01";"";"";"";"Duisburg";"indelivery";1000;"2019-10-06"
21827;"energy";"electricity";2800;2731;"2019-05-11";"2019-11-01";"";"";"";"Mannheim";"indelivery";1000;"2019-11-13"
21828;"energy";"electricity";2100;2168;"2020-06-09";"2020-12-01";"";"";"";"Hofeck";"active";1002;"2020-08-25"
21829;"energy";"electricity";2200;2193;"2019-06-29";"2019-10-01";"";"";"";"Munich";"indelivery";1000;"2019-09-23"
21830;"energy";"electricity";2300;2346;"2020-04-14";"2020-10-01";"";"";"";"Berlin";"indelivery";1001;"2020-06-14"
21831;"energy";"electricity";2100;2196;"2018-04-16";"2018-08-01";"2018-08-01";"2019-07-01";"Wiederruf";"Altchemnitz";"terminated";1000;"2019-07-01"
21832;"energy";"electricity";2500;2663;"2019-06-05";"2019-08-01";"";"";"";"Reutlingen";"indelivery";1001;"2020-04-20"
21833;"energy";"electricity";2200;2307;"2019-01-16";"2019-12-01";"";"";"";"Essen";"indelivery";1002;"2020-06-09"
21834;"energy";"electricity";3000;"";"2018-03-20";"2018-09-01";"2018-11-30";"2018-10-29";"fristgerecht durch Kunde";"Berlin";"terminated";1002;"2018-10-29"
21835;"energy";"electricity";2300;2379;"2018-02-05";"2018-07-01";"2019-07-31";"2019-07-01";"fristgerecht durch Kunde";"Berlin";"terminated";1000;"2018-09-29"
21836;"energy";"gas";9300;9381;"2018-11-09";"2019-03-01";"2019-04-30";"2019-03-30";"Umzug";"Düsseldorf";"terminated";2000;"2019-03-30"
21837;"energy";"electricity";2200;2277;"2019-10-04";"2019-12-01";"2020-09-30";"2020-09-02";"Umzug";"Wesel";"terminated";1001;"2020-01-11"
21838;"energy";"electricity";2300;2348;"2019-01-19";"2019-05-01";"";"";"";"Mainz";"indelivery";1001;"2020-07-03"
21839;"energy";"electricity";2700;2886;"2018-02-04";"2018-04-01";"";"";"";"Berlin";"indelivery";1000;"2018-02-10"
21840;"energy";"electricity";2600;2678;"2019-11-09";"2020-04-01";"";"";"";"Hamburg";"indelivery";1000;"2020-07-02"
21841;"energy";"electricity";2700;2747;"2020-03-01";"2020-07-01";"";"";"";"Munich";"indelivery";1002;"2020-07-20"
21842;"energy";"gas";10400;10836;"2019-03-18";"2019-05-01";"";"";"";"Berlin";"indelivery";2001;"2019-03-19"
21843;"energy";"electricity";2400;2536;"2019-04-05";"2019-10-01";"";"";"";"Bonn";"indelivery";1001;"2020-02-05"
21844;"energy";"electricity";2100;2078;"2019-11-21";"2020-08-01";"";"";"";"Hannover";"indelivery";1001;"2019-11-28"
21845;"energy";"gas";8900;9012;"2020-05-08";"2020-07-01";"";"";"";"Rostock";"indelivery";2000;"2020-06-09"
21846;"energy";"electricity";2400;2478;"2018-06-01";"2018-11-01";"";"";"";"Berlin";"indelivery";1001;"2018-07-29"
21847;"energy";"electricity";2200;2302;"2019-05-09";"2019-12-01";"";"";"";"Regensburg";"indelivery";1001;"2019-05-24"
21848;"energy";"electricity";2500;2394;"2019-12-28";"2020-02-01";"2020-03-31";"2020-02-29";"fristgerecht durch LichtBlick";"Hamburg";"terminated";1000;"2020-02-29"
21849;"energy";"electricity";2600;2501;"2018-11-26";"2019-01-01";"";"";"";"Berlin";"indelivery";1001;"2019-12-01"
21850;"energy";"electricity";2700;2702;"2019-12-06";"2020-01-01";"";"";"";"Frankfurt";"indelivery";1001;"2019-12-16"
21851;"energy";"electricity";2800;3013;"2019-01-22";"2019-09-01";"2020-10-31";"2020-10-01";"fristgerecht durch Kunde";"Dortmund";"cancelled";1000;"2020-08-22"
21852;"energy";"electricity";2500;"";"2018-06-03";"2018-09-01";"";"";"";"Munich";"indelivery";1001;"2020-06-04"
21853;"energy";"electricity";2800;2759;"2018-06-12";"2018-08-01";"";"";"";"Altötting";"indelivery";1001;"2019-03-23"
21854;"energy";"electricity";2700;2873;"2019-04-10";"2020-01-01";"";"";"";"Hannover";"indelivery";1002;"2020-01-11"
21855;"energy";"electricity";2200;2399;"2018-02-21";"2018-05-01";"";"";"";"Freiburg";"indelivery";1000;"2018-09-27"
21856;"energy";"electricity";2900;3117;"2018-08-19";"2018-11-01";"2019-09-30";"2019-08-31";"fristgerecht durch LichtBlick";"Münster";"terminated";1000;"2019-04-16"
21857;"energy";"electricity";2100;2256;"2019-06-29";"2019-11-01";"";"";"";"Würzburg";"indelivery";1000;"2020-05-20"
21858;"energy";"electricity";2000;2130;"2019-11-08";"2020-01-01";"";"";"";"Frankfurt";"indelivery";1002;"2020-01-20"
21859;"energy";"electricity";2000;2006;"2020-03-30";"2020-04-01";"2020-10-31";"2020-10-03";"fristgerecht durch LichtBlick";"Berlin";"cancelled";1002;"2020-04-26"
21860;"energy";"electricity";2200;2395;"2019-10-13";"2020-04-01";"";"";"";"Dresden";"indelivery";1002;"2020-09-07"
21861;"energy";"electricity";2200;2187;"2020-01-19";"2020-03-01";"";"";"";"Hamburg";"indelivery";1000;"2020-03-15"
21862;"energy";"electricity";2300;2323;"2018-06-30";"2018-08-01";"";"";"";"Essen";"indelivery";1001;"2019-07-06"
21863;"energy";"electricity";2800;2936;"2020-07-05";"2020-12-01";"";"";"";"Munich";"active";1001;"2020-09-25"
21864;"energy";"electricity";2800;3020;"2018-04-30";"2018-09-01";"";"";"";"Helmstedt";"indelivery";1000;"2019-08-26"
21865;"energy";"gas";9100;9044;"2019-03-14";"2019-06-01";"";"";"";"Hannover";"indelivery";2000;"2019-10-27"
21866;"energy";"gas";11800;12015;"2018-03-12";"2018-05-01";"";"";"";"Berlin";"indelivery";2000;"2019-07-17"
21867;"energy";"electricity";2300;"";"2020-05-13";"2020-08-01";"";"";"";"Düsseldorf";"indelivery";1002;"2020-09-29"
21868;"energy";"gas";10400;10243;"2018-02-01";"2018-04-01";"2018-08-31";"2018-08-03";"Umzug";"Essen";"terminated";2001;"2018-08-03"
21869;"energy";"electricity";2400;2479;"2019-10-10";"2020-01-01";"";"";"";"Bremen";"indelivery";1001;"2020-09-30"
21870;"energy";"electricity";2500;2581;"2020-05-08";"2020-11-01";"";"";"";"Meppen";"active";1002;"2020-05-21"
21871;"energy";"electricity";2300;2272;"2018-11-06";"2019-02-01";"";"";"";"Hamburg";"indelivery";1000;"2019-03-07"
21872;"energy";"electricity";2900;3066;"2019-09-08";"2019-10-01";"";"";"";"Saarbrücken";"indelivery";1001;"2020-06-12"
21873;"energy";"electricity";2400;"";"2018-10-21";"2018-11-01";"";"";"";"Mannheim";"indelivery";1002;"2019-10-04"
21874;"energy";"electricity";2600;2629;"2018-09-02";"2018-12-01";"2019-02-28";"2019-01-30";"Umzug";"Wiesbaden";"terminated";1000;"2019-01-30"
21875;"energy";"electricity";2400;2483;"2020-07-22";"2021-04-01";"";"";"";"Berlin";"active";1001;"2020-08-10"
21876;"energy";"gas";8700;8802;"2019-10-14";"2020-06-01";"";"";"";"Munich";"indelivery";2000;"2020-05-16"
21877;"energy";"electricity";2400;2499;"2019-08-20";"2019-11-01";"";"";"";"Cologne";"indelivery";1001;"2019-11-14"
21878;"energy";"electricity";2700;2599;"2020-01-20";"2020-04-01";"";"";"";"Stuttgart";"indelivery";1002;"2020-04-26"
21879;"energy";"electricity";2100;2202;"2018-06-04";"2018-09-01";"2020-09-30";"2020-08-31";"fristgerecht durch LichtBlick";"Duisburg";"terminated";1000;"2019-04-29"
21880;"energy";"electricity";2800;2824;"2018-05-23";"2018-07-01";"";"";"";"Berlin";"indelivery";1000;"2018-09-26"
21881;"energy";"electricity";2100;2117;"2020-02-15";"2020-03-01";"";"";"";"Essen";"indelivery";1002;"2020-06-02"
21882;"energy";"electricity";2500;2658;"2018-03-17";"2018-04-01";"2018-11-30";"2018-11-02";"fristgerecht durch LichtBlick";"Munich";"terminated";1001;"2018-11-02"
21883;"energy";"electricity";2200;2171;"2018-12-28";"2019-03-01";"";"";"";"Ingelheim";"indelivery";1000;"2019-06-27"
21884;"energy";"electricity";2100;2299;"2019-09-01";"2020-03-01";"2020-06-30";"2020-05-31";"fristgerecht durch LichtBlick";"Kaiserslautern";"terminated";1002;"2020-05-31"
21885;"energy";"electricity";2200;2298;"2018-11-09";"2019-01-01";"";"";"";"Osnabrück";"indelivery";1001;"2019-03-19"
21886;"energy";"electricity";2400;2284;"2018-04-12";"2018-06-01";"2020-03-31";"2020-03-02";"fristgerecht durch LichtBlick";"Mannheim";"terminated";1001;"2020-03-02"
21887;"energy";"electricity";3000;2964;"2019-02-02";"2019-04-01";"";"";"";"Coburg";"indelivery";1000;"2019-05-03"
21888;"energy";"electricity";2200;2082;"2018-05-29";"2018-06-01";"2018-12-31";"2018-12-03";"fristgerecht durch Kunde";"Altenkirchen";"terminated";1000;"2018-12-03"
21889;"energy";"electricity";2200;2164;"2019-05-21";"2019-09-01";"";"";"";"Koblenz";"indelivery";1000;"2020-03-26"
21890;"energy";"electricity";2000;1967;"2020-01-05";"2020-05-01";"";"";"";"Jena";"indelivery";1002;"2020-05-10"
21891;"energy";"electricity";2900;2855;"2020-06-27";"2020-10-01";"";"";"";"Marienberg";"indelivery";1000;"2020-09-02"
21892;"energy";"electricity";2600;2777;"2020-04-10";"2020-06-01";"";"";"";"Berlin";"indelivery";1000;"2020-06-28"
21893;"energy";"electricity";2400;2595;"2019-06-24";"2019-11-01";"";"";"";"Hamburg";"indelivery";1001;"2019-08-21"
21894;"energy";"electricity";2400;2482;"2020-08-25";"2021-01-01";"";"";"";"Leipzig";"active";1000;"2020-09-14"
21895;"energy";"electricity";2900;3012;"2019-08-04";"2020-03-01";"";"";"";"Frankfurt";"indelivery";1000;"2019-08-08"
21896;"energy";"electricity";2600;2803;"2018-03-09";"2018-10-01";"";"";"";"Bielefeld";"indelivery";1002;"2018-04-26"
21897;"energy";"electricity";2400;2310;"2018-03-04";"2018-07-01";"";"";"";"Berlin";"indelivery";1002;"2020-08-06"
21898;"energy";"electricity";2500;2696;"2019-06-08";"2019-08-01";"";"";"";"Sangerhausen";"indelivery";1001;"2019-08-03"
21899;"energy";"electricity";2300;2413;"2020-03-07";"2020-05-01";"";"";"";"Mainz";"indelivery";1001;"2020-05-04"
21900;"energy";"electricity";2400;2377;"2020-04-10";"2020-05-01";"";"";"";"Freiburg";"indelivery";1001;"2020-04-23"
21901;"energy";"electricity";2200;2176;"2020-04-28";"2020-07-01";"";"";"";"Berlin";"indelivery";1000;"2020-07-18"
21902;"energy";"electricity";2100;1988;"2019-05-13";"2019-08-01";"";"";"";"Hamburg";"indelivery";1002;"2020-04-29"
21903;"energy";"electricity";2400;2440;"2018-02-08";"2018-09-01";"";"";"";"Hamburg";"indelivery";1000;"2019-03-01"
21904;"energy";"electricity";1900;"";"2020-03-14";"2020-09-01";"";"";"";"Stuttgart";"indelivery";1002;"2020-07-20"
21905;"energy";"electricity";2200;2281;"2019-07-22";"2019-09-01";"";"";"";"Berlin";"indelivery";1002;"2019-07-26"
21906;"energy";"gas";11400;11797;"2018-08-31";"2019-04-01";"";"";"";"Mainz";"indelivery";2001;"2019-08-16"
21907;"energy";"electricity";2600;"";"2018-06-28";"2018-09-01";"";"";"";"Berlin";"indelivery";1002;"2019-05-24"
21908;"energy";"gas";8600;8890;"2020-05-04";"2020-07-01";"";"";"";"Duisburg";"indelivery";2000;"2020-08-14"
21909;"energy";"electricity";2300;2327;"2018-07-24";"2018-08-01";"2020-02-29";"2020-01-29";"fristgerecht durch Kunde";"Osnabrück";"terminated";1000;"2018-10-07"
21910;"energy";"electricity";2800;2701;"2019-02-20";"2019-05-01";"";"";"";"Duisburg";"indelivery";1000;"2019-04-10"
21911;"energy";"electricity";2900;2810;"2019-01-22";"2019-04-01";"2019-09-30";"2019-09-02";"fristgerecht durch Kunde";"Dortmund";"terminated";1002;"2019-01-31"
21912;"energy";"electricity";2200;2370;"2018-04-10";"2018-11-01";"";"";"";"Bernburg";"indelivery";1000;"2020-04-11"
21913;"energy";"electricity";2500;2532;"2020-04-09";"2020-09-01";"";"";"";"Munich";"indelivery";1000;"2020-06-15"
21914;"energy";"electricity";2700;2700;"2019-08-26";"2020-03-01";"";"";"";"Munich";"indelivery";1002;"2020-01-13"
21915;"energy";"electricity";3000;2850;"2019-07-15";"2019-09-01";"";"";"";"Freiburg";"indelivery";1000;"2020-05-16"
21916;"energy";"electricity";2600;2478;"2020-01-15";"2020-02-01";"";"";"";"Cologne";"indelivery";1001;"2020-01-15"
21917;"energy";"electricity";2200;2164;"2020-05-31";"2020-06-01";"";"";"";"Frankfurt";"indelivery";1000;"2020-07-11"
21918;"energy";"electricity";2400;2480;"2020-04-21";"2020-05-01";"";"";"";"Kitzingen";"indelivery";1002;"2020-06-12"
21919;"energy";"electricity";2100;2160;"2018-02-23";"2018-04-01";"";"";"";"Hannover";"indelivery";1002;"2019-05-05"
21920;"energy";"electricity";2400;2406;"2020-03-12";"2020-05-01";"";"";"";"Hamburg";"indelivery";1001;"2020-04-27"
21921;"energy";"electricity";2800;2915;"2019-12-15";"2020-05-01";"";"";"";"Düsseldorf";"indelivery";1001;"2020-09-01"
21922;"energy";"electricity";2700;2572;"2018-12-04";"2019-05-01";"";"";"";"Bremen";"indelivery";1000;"2019-04-01"
21923;"energy";"electricity";2100;2145;"2019-12-08";"2020-08-01";"2020-12-31";"2020-12-01";"Umzug";"Rostock";"cancelled";1000;"2019-12-12"
21924;"energy";"electricity";2500;2586;"2019-08-29";"2019-11-01";"";"";"";"Saarbrücken";"indelivery";1002;"2020-01-20"
21925;"energy";"electricity";2600;"";"2018-08-14";"2018-11-01";"2019-07-31";"2019-07-02";"fristgerecht durch LichtBlick";"Hannover";"terminated";1001;"2019-03-02"
21926;"energy";"electricity";2000;1998;"2019-11-08";"2020-03-01";"";"";"";"Berlin";"indelivery";1000;"2019-12-24"
21927;"energy";"electricity";2100;2099;"2019-02-10";"2019-03-01";"2019-09-30";"2019-09-02";"Umzug";"Dortmund";"terminated";1001;"2019-09-02"
21928;"energy";"electricity";2400;2523;"2020-05-28";"2020-06-01";"";"";"";"Hannover";"indelivery";1001;"2020-06-02"
21929;"energy";"electricity";2900;2780;"2018-06-20";"2018-11-01";"";"";"";"Augsburg";"indelivery";1002;"2020-01-07"
21930;"energy";"electricity";2200;2271;"2019-07-30";"2020-01-01";"";"";"";"Hamburg";"indelivery";1002;"2019-10-31"
21931;"energy";"gas";10700;11485;"2020-04-03";"2020-05-01";"";"";"";"Munich";"indelivery";2001;"2020-06-25"
21932;"energy";"electricity";2800;2891;"2020-02-25";"2020-04-01";"";"";"";"Dortmund";"indelivery";1001;"2020-05-01"
21933;"energy";"electricity";2100;2141;"2018-03-17";"2018-07-01";"";"";"";"Jena";"indelivery";1001;"2018-09-20"
21934;"energy";"electricity";2800;2864;"2019-09-17";"2019-10-01";"";"";"";"Marienberg";"indelivery";1001;"2019-11-02"
21935;"energy";"electricity";2400;2484;"2019-01-17";"2019-05-01";"";"";"";"Regensburg";"indelivery";1001;"2019-09-10"
21936;"energy";"electricity";2300;2336;"2019-10-10";"2020-02-01";"";"";"";"Osnabrück";"indelivery";1000;"2020-01-25"
21937;"energy";"electricity";2400;2514;"2020-01-21";"2020-03-01";"";"";"";"Hamburg";"indelivery";1001;"2020-03-16"
21938;"energy";"electricity";2200;2227;"2018-09-25";"2018-11-01";"2020-12-31";"2020-12-03";"Umzug";"Munich";"cancelled";1001;"2020-05-16"
21939;"energy";"gas";10400;10443;"2019-01-16";"2019-05-01";"";"";"";"Braunschweig";"indelivery";2000;"2020-08-22"
21940;"energy";"electricity";2200;2159;"2020-09-02";"2020-11-01";"";"";"";"Marienberg";"active";1002;"2020-09-07"
21941;"energy";"electricity";2800;2889;"2018-03-30";"2018-06-01";"";"";"";"Rostock";"indelivery";1002;"2018-10-07"
21942;"energy";"electricity";2600;2623;"2020-06-04";"2021-01-01";"";"";"";"Berlin";"active";1001;"2020-08-19"
21943;"energy";"electricity";2900;2952;"2018-02-08";"2018-04-01";"2018-11-30";"2018-11-02";"Umzug";"Berlin";"terminated";1000;"2018-11-02"
21944;"energy";"gas";10600;10987;"2020-05-13";"2020-07-01";"";"";"";"Berlin";"indelivery";2000;"2020-06-05"
21945;"energy";"electricity";2100;2024;"2020-06-10";"2020-08-01";"";"";"";"Kiel";"indelivery";1002;"2020-09-13"
21946;"energy";"electricity";2900;2756;"2020-06-02";"2020-08-01";"";"";"";"Marienberg";"indelivery";1002;"2020-06-23"
21947;"energy";"electricity";2000;2087;"2019-12-30";"2020-01-01";"";"";"";"Frankfurt";"indelivery";1000;"2020-04-05"
21948;"energy";"electricity";2700;2796;"2019-07-21";"2019-10-01";"";"";"";"Leipzig";"indelivery";1000;"2020-07-05"
21949;"energy";"electricity";2800;3007;"2019-12-04";"2020-02-01";"";"";"";"Cologne";"indelivery";1001;"2020-03-02"
21950;"energy";"electricity";2400;2504;"2019-05-03";"2019-06-01";"2020-11-30";"2020-10-29";"fristgerecht durch Kunde";"Olpe";"cancelled";1001;"2019-08-29"
21951;"energy";"electricity";2000;1904;"2018-07-12";"2018-11-01";"";"";"";"Berlin";"indelivery";1002;"2020-03-21"
21952;"energy";"electricity";2300;2481;"2019-02-02";"2019-06-01";"";"";"";"Düsseldorf";"indelivery";1002;"2019-05-21"
21953;"energy";"electricity";2500;2617;"2019-01-14";"2019-03-01";"";"";"";"Hamburg";"indelivery";1002;"2019-03-08"
21954;"energy";"electricity";2400;2292;"2018-06-22";"2018-09-01";"2020-03-31";"2020-03-01";"fristgerecht durch Kunde";"Freiberg";"terminated";1000;"2019-06-08"
21955;"energy";"electricity";2800;"";"2020-09-17";"2020-11-01";"";"";"";"Essen";"active";1002;"2020-09-27"
21956;"energy";"electricity";2400;2414;"2020-05-10";"2021-03-01";"";"";"";"Koblenz";"active";1002;"2020-07-21"
21957;"energy";"gas";9000;9564;"2018-06-29";"2018-08-01";"";"";"";"Munich";"indelivery";2001;"2020-06-15"
21958;"energy";"electricity";2500;2532;"2020-04-07";"2020-05-01";"2020-08-31";"2020-08-02";"fristgerecht durch Kunde";"Berlin";"terminated";1002;"2020-06-26"
21959;"energy";"electricity";2800;2976;"2020-04-17";"2020-09-01";"";"";"";"Stuttgart";"indelivery";1000;"2020-05-05"
21960;"energy";"electricity";2100;2227;"2019-08-14";"2020-03-01";"";"";"";"Münster";"indelivery";1002;"2020-01-15"
21961;"energy";"electricity";2000;1911;"2020-04-04";"2020-08-01";"";"";"";"Berlin";"indelivery";1001;"2020-06-10"
21962;"energy";"electricity";2400;2447;"2018-06-20";"2019-03-01";"2020-12-31";"2020-11-28";"fristgerecht durch LichtBlick";"Hamburg";"cancelled";1002;"2018-12-06"
21963;"energy";"electricity";2700;2837;"2019-04-01";"2019-06-01";"";"";"";"Hamburg";"indelivery";1000;"2020-01-27"
21964;"energy";"electricity";2700;2577;"2019-08-22";"2019-12-01";"";"";"";"Münster";"indelivery";1001;"2020-02-21"
21965;"energy";"electricity";2000;2080;"2019-08-28";"2020-07-01";"";"";"";"Dortmund";"indelivery";1002;"2019-11-20"
21966;"energy";"electricity";2200;2084;"2020-09-12";"2020-12-01";"";"";"";"Hamburg";"active";1001;"2020-09-27"
21967;"energy";"electricity";2500;2595;"2018-09-21";"2018-11-01";"";"";"";"Hannover";"indelivery";1001;"2019-06-13"
21968;"energy";"electricity";2400;2450;"2018-06-08";"2018-10-01";"";"";"";"Karlsruhe";"indelivery";1002;"2018-06-29"
21969;"energy";"gas";9400;9369;"2019-08-07";"2019-10-01";"";"";"";"Rosenheim";"indelivery";2000;"2020-01-14"
21970;"energy";"electricity";2200;2177;"2019-01-25";"2019-05-01";"";"";"";"Stralsund";"indelivery";1001;"2020-09-08"
21971;"energy";"electricity";2100;2164;"2019-02-07";"2019-06-01";"";"";"";"Duisburg";"indelivery";1000;"2020-09-04"
21972;"energy";"electricity";2700;2696;"2019-01-06";"2019-03-01";"2020-12-31";"2020-11-29";"fristgerecht durch Kunde";"Mannheim";"cancelled";1001;"2019-06-11"
21973;"energy";"electricity";2200;"";"2020-08-28";"2021-02-01";"";"";"";"Eisenach";"active";1000;"2020-08-28"
21974;"energy";"electricity";2700;2727;"2018-11-09";"2019-02-01";"";"";"";"Hamburg";"indelivery";1000;"2020-08-19"
21975;"energy";"electricity";2500;2430;"2019-06-27";"2019-08-01";"";"";"";"Bremen";"indelivery";1001;"2019-11-24"
21976;"energy";"electricity";2400;"";"2020-03-22";"2020-04-01";"";"";"";"Berlin";"indelivery";1001;"2020-06-10"
21977;"energy";"gas";10500;11274;"2018-12-02";"2019-01-01";"";"";"";"Cologne";"indelivery";2000;"2020-06-11"
21978;"energy";"gas";9200;9542;"2020-06-20";"2020-08-01";"";"";"";"Ingolstadt";"indelivery";2000;"2020-07-27"
21979;"energy";"gas";8800;9473;"2018-04-03";"2018-11-01";"";"";"";"Eutin";"indelivery";2000;"2018-09-30"
21980;"energy";"electricity";2000;"";"2018-10-21";"2019-01-01";"";"";"";"Düsseldorf";"indelivery";1002;"2019-01-27"
21981;"energy";"electricity";2200;2191;"2018-01-16";"2018-04-01";"";"";"";"Essen";"indelivery";1002;"2018-10-16"
21982;"energy";"electricity";2900;3035;"2018-09-01";"2018-10-01";"2018-10-01";"2019-01-31";"Wiederruf";"Düsseldorf";"terminated";1002;"2019-01-31"
21983;"energy";"electricity";2300;"";"2018-06-18";"2018-08-01";"";"";"";"Mannheim";"indelivery";1000;"2018-11-24"
21984;"energy";"gas";9800;9688;"2018-08-04";"2019-03-01";"";"";"";"Berlin";"indelivery";2001;"2018-08-27"
21985;"energy";"electricity";2400;2399;"2019-09-30";"2019-10-01";"";"";"";"Wiesbaden";"indelivery";1002;"2019-12-16"
21986;"energy";"gas";10800;10395;"2018-08-25";"2018-10-01";"";"";"";"Frankfurt";"indelivery";2000;"2019-04-10"
21987;"energy";"electricity";2500;2459;"2019-12-05";"2020-02-01";"";"";"";"Bad Kissingen";"indelivery";1001;"2020-03-21"
21988;"energy";"electricity";2700;2717;"2019-09-16";"2019-11-01";"";"";"";"Siegburg";"indelivery";1000;"2020-06-30"
21989;"energy";"electricity";2300;2354;"2018-07-16";"2018-09-01";"";"";"";"Rostock";"indelivery";1000;"2019-05-24"
21990;"energy";"electricity";2500;2532;"2018-04-17";"2018-10-01";"2019-09-30";"2019-09-02";"Umzug";"Mainz";"terminated";1000;"2019-09-02"
21991;"energy";"electricity";2600;2690;"2019-09-07";"2019-11-01";"";"";"";"Cologne";"indelivery";1001;"2020-08-25"
21992;"energy";"electricity";2700;2921;"2020-05-15";"2020-07-01";"";"";"";"Wuppertal";"indelivery";1001;"2020-05-29"
21993;"energy";"electricity";2900;2743;"2018-10-04";"2019-01-01";"";"";"";"Frankfurt";"indelivery";1001;"2019-04-20"
21994;"energy";"electricity";2700;2821;"2018-11-03";"2019-09-01";"";"";"";"Berlin";"indelivery";1001;"2019-03-20"
21995;"energy";"electricity";2800;2791;"2019-11-29";"2020-01-01";"";"";"";"Hamburg";"indelivery";1000;"2020-06-25"
21996;"energy";"gas";11500;11331;"2019-03-15";"2019-08-01";"2020-08-31";"2020-07-23";"fristgerecht durch Kunde";"Mainz";"terminated";2001;"2020-02-11"
21997;"energy";"electricity";2800;"";"2018-01-25";"2018-06-01";"2019-07-31";"2019-07-03";"fristgerecht durch LichtBlick";"Munich";"terminated";1002;"2019-07-03"
21998;"energy";"electricity";2800;2673;"2018-07-17";"2019-01-01";"";"";"";"Dresden";"indelivery";1002;"2020-07-07"
21999;"energy";"electricity";2000;2035;"2018-07-14";"2018-09-01";"2018-09-01";"2020-04-01";"Wiederruf";"Munich";"terminated";1002;"2020-02-27"
22000;"energy";"electricity";2400;2483;"2019-07-04";"2019-09-01";"2020-02-29";"2020-01-28";"fristgerecht durch LichtBlick";"Dresden";"terminated";1002;"2020-01-28"
22001;"energy";"electricity";2400;2460;"2019-04-30";"2019-07-01";"";"";"";"Leverkusen";"indelivery";1002;"2019-08-05"
22002;"energy";"electricity";2100;"";"2018-09-24";"2018-10-01";"";"";"";"Rostock";"indelivery";1000;"2019-10-05"
22003;"energy";"electricity";2300;"";"2019-10-24";"2020-01-01";"";"";"";"Flensburg";"indelivery";1002;"2020-08-18"
22004;"energy";"electricity";2200;2183;"2019-07-02";"2019-09-01";"2020-07-31";"2020-06-30";"Umzug";"Frankfurt";"terminated";1001;"2020-06-30"
22005;"energy";"electricity";2500;2471;"2019-07-22";"2019-09-01";"";"";"";"Berlin";"indelivery";1002;"2019-09-01"
22006;"energy";"electricity";2100;"";"2019-06-17";"2019-07-01";"";"";"";"Hannover";"indelivery";1001;"2019-12-03"
22007;"energy";"electricity";2700;"";"2018-09-29";"2018-12-01";"";"";"";"Oldenburg";"indelivery";1002;"2020-07-17"
22008;"energy";"electricity";2200;2174;"2018-05-01";"2018-11-01";"";"";"";"Cologne";"indelivery";1002;"2019-04-21"
22009;"energy";"electricity";2000;2082;"2019-04-02";"2019-05-01";"";"";"";"Marienberg";"indelivery";1002;"2019-06-16"
22010;"energy";"electricity";2000;2110;"2018-06-27";"2018-08-01";"";"";"";"Hamburg";"indelivery";1002;"2019-05-29"
22011;"energy";"electricity";2300;2283;"2019-12-07";"2020-02-01";"2020-08-31";"2020-07-30";"fristgerecht durch LichtBlick";"Altchemnitz";"terminated";1000;"2020-07-20"
22012;"energy";"electricity";2200;2213;"2018-07-17";"2018-12-01";"";"";"";"Frankfurt";"indelivery";1000;"2020-02-08"
22013;"energy";"electricity";2900;2836;"2019-09-21";"2019-10-01";"2020-06-30";"2020-05-31";"fristgerecht durch Kunde";"Düsseldorf";"terminated";1001;"2020-05-31"
22014;"energy";"gas";9000;8681;"2019-12-14";"2020-01-01";"";"";"";"Bremen";"indelivery";2001;"2020-04-06"
22015;"energy";"gas";10100;9710;"2020-05-23";"2020-10-01";"";"";"";"Hamburg";"indelivery";2001;"2020-05-24"
22016;"energy";"electricity";2800;2878;"2019-01-04";"2019-02-01";"";"";"";"Berlin";"indelivery";1001;"2019-05-05"
22017;"energy";"electricity";2700;2676;"2020-04-29";"2020-05-01";"";"";"";"Altchemnitz";"indelivery";1002;"2020-09-17"
22018;"energy";"electricity";3000;"";"2019-04-13";"2019-06-01";"";"";"";"Bielefeld";"indelivery";1000;"2019-09-11"
22019;"energy";"gas";8700;8858;"2019-12-13";"2020-06-01";"";"";"";"Leipzig";"indelivery";2001;"2020-01-09"
22020;"energy";"electricity";2800;"";"2019-04-19";"2020-03-01";"";"";"";"Osnabrück";"indelivery";1000;"2020-09-02"
22021;"energy";"electricity";2100;2173;"2019-11-15";"2019-12-01";"2020-01-31";"2020-01-03";"Umzug";"Munich";"terminated";1001;"2019-12-25"
22022;"energy";"electricity";2500;2526;"2019-11-24";"2020-01-01";"";"";"";"Karlsruhe";"indelivery";1000;"2020-04-20"
22023;"energy";"electricity";2300;2364;"2018-01-13";"2018-02-01";"2020-08-31";"2020-08-03";"Umzug";"Dortmund";"terminated";1000;"2019-04-02"
22024;"energy";"electricity";2100;2048;"2020-07-16";"2021-02-01";"";"";"";"Frankfurt";"active";1001;"2020-07-26"
22025;"energy";"electricity";2500;2412;"2019-11-09";"2019-12-01";"";"";"";"Dortmund";"indelivery";1001;"2019-12-10"
22026;"energy";"gas";9000;9340;"2020-02-28";"2020-04-01";"";"";"";"Hamburg";"indelivery";2000;"2020-06-18"
22027;"energy";"gas";10000;9902;"2020-05-01";"2020-11-01";"";"";"";"Hamburg";"active";2001;"2020-08-24"
22028;"energy";"electricity";2500;2656;"2018-07-26";"2018-09-01";"2018-09-01";"2019-10-29";"Wiederruf";"Dortmund";"terminated";1001;"2019-10-29"
22029;"energy";"electricity";2700;2686;"2019-05-18";"2019-11-01";"";"";"";"Altchemnitz";"indelivery";1002;"2020-08-14"
22030;"energy";"electricity";1900;1930;"2018-10-13";"2018-12-01";"";"";"";"Berlin";"indelivery";1000;"2019-02-09"
22031;"energy";"electricity";2100;"";"2018-02-24";"2018-04-01";"";"";"";"Regensburg";"indelivery";1000;"2018-02-26"
22032;"energy";"electricity";2000;2162;"2019-01-27";"2019-05-01";"";"";"";"Münster";"indelivery";1002;"2019-05-03"
22033;"energy";"electricity";2100;2153;"2019-08-28";"2019-09-01";"";"";"";"Leipzig";"indelivery";1001;"2020-01-15"
22034;"energy";"electricity";2600;2836;"2018-06-15";"2018-08-01";"";"";"";"Düsseldorf";"indelivery";1000;"2019-06-02"
22035;"energy";"electricity";2000;1951;"2019-11-09";"2019-12-01";"";"";"";"Wuppertal";"indelivery";1002;"2019-11-20"
22036;"energy";"electricity";3000;2901;"2018-08-09";"2018-12-01";"2019-11-30";"2019-10-31";"fristgerecht durch Kunde";"Neumarkt";"terminated";1001;"2019-07-03"
22037;"energy";"electricity";2700;2677;"2020-02-13";"2020-04-01";"";"";"";"Frankfurt";"indelivery";1001;"2020-03-26"
22038;"energy";"gas";9900;9950;"2020-01-23";"2020-03-01";"";"";"";"Ulm";"indelivery";2000;"2020-04-30"
22039;"energy";"electricity";2700;2759;"2018-03-31";"2018-05-01";"";"";"";"Kusel";"indelivery";1000;"2019-01-28"
22040;"energy";"electricity";2100;2156;"2020-05-03";"2020-06-01";"";"";"";"Bielefeld";"indelivery";1002;"2020-09-07"
22041;"energy";"electricity";2800;2962;"2018-09-18";"2018-10-01";"2019-12-31";"2019-12-01";"fristgerecht durch LichtBlick";"Dortmund";"terminated";1002;"2019-12-01"
22042;"energy";"electricity";2200;2308;"2019-12-23";"2020-01-01";"";"";"";"Wuppertal";"indelivery";1002;"2020-01-05"
22043;"energy";"electricity";2400;2564;"2019-03-13";"2019-07-01";"2020-12-31";"2020-12-02";"fristgerecht durch LichtBlick";"Hamburg";"cancelled";1001;"2020-05-05"
22044;"energy";"electricity";2300;2316;"2018-04-21";"2018-07-01";"";"";"";"Münster";"indelivery";1000;"2019-12-30"
22045;"energy";"electricity";2900;2951;"2018-04-17";"2018-07-01";"";"";"";"Berlin";"indelivery";1001;"2018-07-12"
22046;"energy";"gas";11900;11420;"2018-02-17";"2018-04-01";"2018-06-30";"2018-06-02";"fristgerecht durch Kunde";"Augsburg";"terminated";2001;"2018-06-02"
22047;"energy";"electricity";2200;2329;"2018-07-13";"2018-10-01";"2018-10-01";"2019-01-31";"Wiederruf";"Stuttgart";"terminated";1001;"2019-01-31"
22048;"energy";"gas";11600;11298;"2019-08-24";"2019-10-01";"";"";"";"Marienberg";"indelivery";2001;"2020-07-15"
22049;"energy";"electricity";2600;2537;"2019-01-14";"2019-05-01";"2019-08-31";"2019-08-02";"Umzug";"Berlin";"terminated";1000;"2019-08-02"
22050;"energy";"electricity";1900;1876;"2018-04-11";"2018-11-01";"2018-11-01";"2020-07-31";"Wiederruf";"Frankfurt";"terminated";1002;"2020-05-19"
22051;"energy";"gas";10100;9757;"2019-06-24";"2020-04-01";"";"";"";"Münster";"indelivery";2000;"2019-10-31"
22052;"energy";"electricity";2800;2807;"2020-04-02";"2020-08-01";"";"";"";"Berlin";"indelivery";1000;"2020-08-16"
22053;"energy";"electricity";2900;2998;"2018-06-14";"2019-04-01";"2019-04-01";"2019-09-01";"Wiederruf";"Dresden";"terminated";1001;"2019-09-01"
22054;"energy";"electricity";2200;2214;"2018-07-15";"2018-09-01";"";"";"";"Essen";"indelivery";1001;"2019-10-27"
22055;"energy";"gas";8800;8938;"2020-06-07";"2021-03-01";"";"";"";"Hamburg";"active";2000;"2020-07-20"
22056;"energy";"electricity";2200;2215;"2019-09-29";"2019-10-01";"";"";"";"Berlin";"indelivery";1000;"2020-06-02"
22057;"energy";"electricity";1900;1841;"2018-09-03";"2018-11-01";"2020-01-31";"2020-01-02";"Umzug";"Berlin";"terminated";1002;"2019-08-27"
22058;"energy";"gas";11600;"";"2020-06-14";"2020-11-01";"";"";"";"Ingolstadt";"active";2001;"2020-07-17"
22059;"energy";"electricity";2300;2239;"2018-03-17";"2018-06-01";"";"";"";"Hamburg";"indelivery";1000;"2020-06-24"
22060;"energy";"electricity";2600;2740;"2019-10-02";"2020-03-01";"";"";"";"Hamburg";"indelivery";1000;"2019-11-20"
22061;"energy";"electricity";2700;2839;"2020-08-29";"2020-09-01";"";"";"";"Munich";"indelivery";1000;"2020-09-28"
22062;"energy";"electricity";2400;2385;"2019-07-04";"2019-10-01";"";"";"";"Cologne";"indelivery";1000;"2019-08-18"
22063;"energy";"electricity";2500;2616;"2020-08-30";"2021-04-01";"";"";"";"Berlin";"active";1001;"2020-09-24"
22064;"energy";"electricity";2800;2942;"2019-04-24";"2019-10-01";"";"";"";"Bremen";"indelivery";1001;"2020-09-25"
22065;"energy";"electricity";2400;2325;"2018-03-12";"2019-01-01";"";"";"";"Essen";"indelivery";1002;"2019-07-07"
22066;"energy";"electricity";2900;2849;"2018-07-29";"2018-12-01";"2020-02-29";"2020-01-30";"Umzug";"Regensburg";"terminated";1001;"2020-01-30"
22067;"energy";"electricity";2700;2687;"2020-05-09";"2020-08-01";"2020-10-31";"2020-10-01";"Umzug";"Hamburg";"cancelled";1002;"2020-07-30"
22068;"energy";"electricity";2700;2775;"2018-10-03";"2019-01-01";"";"";"";"Berlin";"indelivery";1002;"2020-05-08"
22069;"energy";"electricity";2300;2348;"2019-03-23";"2019-08-01";"";"";"";"Berlin";"indelivery";1000;"2019-07-27"
22070;"energy";"electricity";2600;2659;"2019-04-06";"2019-05-01";"";"";"";"Wuppertal";"indelivery";1000;"2019-09-03"
22071;"energy";"electricity";2500;2464;"2018-03-23";"2018-09-01";"";"";"";"Marienberg";"indelivery";1000;"2018-09-15"
22072;"energy";"gas";8300;8652;"2019-01-27";"2019-02-01";"";"";"";"Berlin";"indelivery";2000;"2019-05-09"
22073;"energy";"gas";8800;8400;"2018-08-11";"2018-09-01";"2020-06-30";"2020-06-01";"fristgerecht durch LichtBlick";"Regensburg";"terminated";2001;"2019-02-11"
22074;"energy";"electricity";2900;2885;"2018-09-18";"2019-04-01";"";"";"";"Augsburg";"indelivery";1000;"2020-04-16"
22075;"energy";"gas";10700;11059;"2018-08-27";"2018-11-01";"";"";"";"Jena";"indelivery";2001;"2019-07-31"
22076;"energy";"gas";11100;11399;"2020-03-25";"2020-04-01";"";"";"";"Lübeck";"indelivery";2001;"2020-09-04"
22077;"energy";"electricity";2200;2400;"2018-07-25";"2018-11-01";"";"";"";"Coburg";"indelivery";1001;"2018-09-19"
22078;"energy";"electricity";2800;"";"2019-09-24";"2020-07-01";"";"";"";"Bad Kreuznach";"indelivery";1000;"2020-02-22"
22079;"energy";"electricity";2900;2914;"2019-12-08";"2020-02-01";"";"";"";"Minden";"indelivery";1000;"2020-04-25"
22080;"energy";"electricity";2500;2356;"2018-05-31";"2018-07-01";"";"";"";"Meschede";"indelivery";1000;"2020-05-23"
22081;"energy";"electricity";2300;2305;"2019-08-28";"2020-09-01";"";"";"";"Berlin";"indelivery";1000;"2020-02-28"
22082;"energy";"electricity";2500;2615;"2020-01-24";"2020-02-01";"";"";"";"Flensburg";"indelivery";1002;"2020-07-04"
22083;"energy";"electricity";2600;"";"2019-01-20";"2019-12-01";"";"";"";"Saarbrücken";"indelivery";1002;"2020-08-07"
22084;"energy";"electricity";2300;2313;"2018-07-29";"2018-09-01";"2019-03-31";"2019-03-02";"Umzug";"Duisburg";"terminated";1002;"2019-03-02"
22085;"energy";"electricity";2800;2816;"2019-06-16";"2019-10-01";"";"";"";"Berlin";"indelivery";1000;"2020-09-04"
22086;"energy";"electricity";2100;2055;"2020-01-08";"2020-02-01";"";"";"";"Berlin";"indelivery";1002;"2020-06-16"
22087;"energy";"electricity";2600;2565;"2019-10-07";"2019-12-01";"";"";"";"Düsseldorf";"indelivery";1000;"2020-07-06"
22088;"energy";"electricity";2000;1946;"2020-05-03";"2020-08-01";"2020-10-31";"2020-10-01";"Umzug";"Hamburg";"cancelled";1001;"2020-07-25"
22089;"energy";"electricity";2300;2449;"2020-02-14";"2020-08-01";"";"";"";"Berlin";"indelivery";1000;"2020-09-02"
22090;"energy";"electricity";2400;2361;"2019-01-04";"2019-05-01";"";"";"";"Oldenburg";"indelivery";1000;"2020-02-12"
22091;"energy";"electricity";2700;2860;"2018-11-01";"2018-12-01";"";"";"";"Dortmund";"indelivery";1002;"2020-05-16"
22092;"energy";"electricity";2300;2301;"2020-01-17";"2020-09-01";"";"";"";"Frankfurt";"indelivery";1002;"2020-05-24"
22093;"energy";"electricity";2100;2082;"2018-01-11";"2018-06-01";"";"";"";"Rostock";"indelivery";1002;"2019-03-02"
22094;"energy";"electricity";2200;2127;"2018-01-25";"2018-10-01";"";"";"";"Regensburg";"indelivery";1001;"2018-12-02"
22095;"energy";"electricity";2800;2908;"2018-04-03";"2018-05-01";"2019-02-28";"2019-01-30";"fristgerecht durch LichtBlick";"Hannover";"terminated";1000;"2019-01-30"
22096;"energy";"electricity";2200;2164;"2019-01-02";"2019-10-01";"";"";"";"Bonn";"indelivery";1000;"2020-07-29"
22097;"energy";"electricity";2400;"";"2018-02-07";"2018-07-01";"";"";"";"Hamburg";"indelivery";1000;"2020-08-10"
22098;"energy";"electricity";2100;"";"2019-06-06";"2019-08-01";"";"";"";"Ingolstadt";"indelivery";1002;"2019-07-13"
22099;"energy";"electricity";2300;2471;"2018-09-30";"2018-11-01";"";"";"";"Dresden";"indelivery";1001;"2018-11-30"
22100;"energy";"electricity";2700;"";"2018-01-21";"2018-08-01";"";"";"";"Hannover";"indelivery";1001;"2018-08-21"
22101;"energy";"electricity";2200;2257;"2018-09-08";"2018-10-01";"";"";"";"Essen";"indelivery";1001;"2020-08-15"
22102;"energy";"electricity";2000;2115;"2018-06-29";"2019-05-01";"";"";"";"Cologne";"indelivery";1002;"2019-07-11"
22103;"energy";"electricity";2800;2949;"2020-09-20";"2020-11-01";"";"";"";"Berlin";"active";1002;"2020-09-22"
22104;"energy";"electricity";2200;2253;"2019-09-11";"2019-11-01";"";"";"";"Stuttgart";"indelivery";1001;"2020-03-25"
22105;"energy";"electricity";2300;2401;"2019-03-31";"2019-08-01";"";"";"";"Essen";"indelivery";1001;"2020-07-28"
22106;"energy";"electricity";2100;2060;"2020-05-14";"2020-11-01";"";"";"";"Duisburg";"active";1000;"2020-06-27"
22107;"energy";"gas";9200;9492;"2020-05-13";"2020-07-01";"";"";"";"Berlin";"indelivery";2001;"2020-06-02"
22108;"energy";"electricity";2300;2341;"2019-04-13";"2019-06-01";"";"";"";"Munich";"indelivery";1000;"2020-01-07"
22109;"energy";"electricity";2100;2183;"2019-06-12";"2019-09-01";"";"";"";"Kiel";"indelivery";1000;"2019-08-30"
22110;"energy";"electricity";2900;3080;"2018-01-25";"2018-03-01";"";"";"";"Dresden";"indelivery";1001;"2020-07-16"
22111;"energy";"electricity";2000;1948;"2019-12-04";"2020-06-01";"";"";"";"Hannover";"indelivery";1001;"2020-08-04"
22112;"energy";"gas";10900;10609;"2020-07-12";"2021-02-01";"";"";"";"Lübeck";"active";2000;"2020-08-25"
22113;"energy";"gas";10500;11275;"2019-04-29";"2019-10-01";"";"";"";"Wiesbaden";"indelivery";2001;"2020-02-27"
22114;"energy";"electricity";2200;2145;"2018-09-02";"2019-01-01";"";"";"";"Hamburg";"indelivery";1001;"2018-10-30"
22115;"energy";"gas";8100;7901;"2018-03-29";"2018-08-01";"";"";"";"Düsseldorf";"indelivery";2000;"2018-04-07"
22116;"energy";"gas";10500;11024;"2018-02-11";"2018-05-01";"";"";"";"Rostock";"indelivery";2001;"2018-05-05"
22117;"energy";"electricity";2100;2100;"2019-08-01";"2021-01-01";"";"";"";"Fürth";"active";1001;"2020-05-13"
22118;"energy";"electricity";2700;2769;"2018-12-24";"2019-01-01";"";"";"";"Marienberg";"indelivery";1000;"2019-09-09"
22119;"energy";"electricity";2800;2739;"2018-07-28";"2018-09-01";"";"";"";"Hamburg";"indelivery";1000;"2019-05-19"
22120;"energy";"electricity";2700;2549;"2018-07-12";"2018-09-01";"";"";"";"Potsdam";"indelivery";1001;"2020-03-11"
22121;"energy";"electricity";2300;2257;"2020-04-22";"2020-10-01";"";"";"";"Augsburg";"indelivery";1002;"2020-05-28"
22122;"energy";"electricity";2800;2916;"2020-08-13";"2020-09-01";"";"";"";"Marienberg";"indelivery";1001;"2020-08-19"
22123;"energy";"electricity";2900;3117;"2020-05-23";"2020-07-01";"";"";"";"Karlsruhe";"indelivery";1000;"2020-09-21"
22124;"energy";"electricity";2600;2617;"2019-02-02";"2019-03-01";"";"";"";"Dortmund";"indelivery";1002;"2020-01-25"
22125;"energy";"electricity";2500;2484;"2018-02-05";"2018-07-01";"";"";"";"Berlin";"indelivery";1001;"2019-10-26"
22126;"energy";"electricity";2200;2180;"2019-01-25";"2019-04-01";"";"";"";"Munich";"indelivery";1001;"2020-04-01"
22127;"energy";"electricity";2300;2235;"2018-07-20";"2018-09-01";"";"";"";"Wuppertal";"indelivery";1001;"2020-04-08"
22128;"energy";"electricity";1900;1908;"2019-03-13";"2019-09-01";"";"";"";"Berlin";"indelivery";1002;"2019-11-22"
22129;"energy";"electricity";2600;2522;"2018-10-11";"2019-06-01";"";"";"";"Berlin";"indelivery";1001;"2019-10-30"
22130;"energy";"electricity";2800;2770;"2018-05-19";"2019-03-01";"";"";"";"Northeim";"indelivery";1000;"2020-07-01"
22131;"energy";"electricity";3000;3139;"2020-01-08";"2020-04-01";"";"";"";"Heidenheim";"indelivery";1002;"2020-05-29"
22132;"energy";"electricity";2300;2235;"2018-03-12";"2018-04-01";"";"";"";"Düsseldorf";"indelivery";1002;"2018-04-06"
22133;"energy";"gas";10400;9896;"2018-07-24";"2018-11-01";"";"";"";"Bonn";"indelivery";2001;"2019-07-19"
22134;"energy";"gas";10300;10850;"2019-08-08";"2019-09-01";"";"";"";"Münster";"indelivery";2001;"2020-03-27"
22135;"energy";"electricity";2300;2285;"2019-03-14";"2019-06-01";"";"";"";"Bielefeld";"indelivery";1001;"2020-03-31"
22136;"energy";"electricity";3000;3121;"2018-12-06";"2019-03-01";"2019-03-01";"2019-06-01";"Wiederruf";"Senftenberg";"terminated";1002;"2019-06-01"
22137;"energy";"electricity";2300;2457;"2019-06-17";"2019-08-01";"";"";"";"Stuttgart";"indelivery";1000;"2020-04-23"
22138;"energy";"electricity";2300;2386;"2018-01-23";"2018-09-01";"";"";"";"Duisburg";"indelivery";1000;"2019-05-31"
22139;"energy";"electricity";2200;2213;"2019-10-01";"2019-12-01";"2020-06-30";"2020-06-02";"Umzug";"Hofeck";"terminated";1001;"2020-05-14"
22140;"energy";"gas";10400;10966;"2020-01-25";"2020-03-01";"";"";"";"Munich";"indelivery";2001;"2020-02-09"
22141;"energy";"electricity";2000;2126;"2019-09-02";"2019-12-01";"2019-12-01";"2020-11-26";"Wiederruf";"Munich";"terminated";1002;"2019-11-07"
22142;"energy";"electricity";2200;2073;"2018-08-18";"2018-09-01";"";"";"";"Kiel";"indelivery";1002;"2020-06-11"
22143;"energy";"electricity";2300;2308;"2018-07-04";"2018-09-01";"";"";"";"Ingolstadt";"indelivery";1000;"2020-04-11"
22144;"energy";"electricity";2000;1970;"2019-02-25";"2019-08-01";"2020-10-31";"2020-09-28";"fristgerecht durch Kunde";"Essen";"cancelled";1002;"2020-07-27"
22145;"energy";"electricity";2500;2639;"2019-07-16";"2019-08-01";"";"";"";"Munich";"indelivery";1001;"2019-12-23"
22146;"energy";"electricity";2600;2740;"2020-01-17";"2020-08-01";"2020-12-31";"2020-12-02";"fristgerecht durch Kunde";"Wuppertal";"cancelled";1001;"2020-07-03"
22147;"energy";"electricity";2500;2652;"2019-12-11";"2020-03-01";"2020-03-01";"2020-08-30";"Wiederruf";"Schwerin";"terminated";1002;"2020-06-09"
22148;"energy";"electricity";2300;2203;"2018-11-23";"2019-02-01";"";"";"";"Hamburg";"indelivery";1001;"2020-09-29"
22149;"energy";"electricity";2900;2952;"2018-04-05";"2018-06-01";"2020-04-30";"2020-03-31";"fristgerecht durch Kunde";"Düsseldorf";"terminated";1000;"2020-03-31"
22150;"energy";"electricity";2700;2567;"2020-07-15";"2020-08-01";"2020-10-31";"2020-09-23";"fristgerecht durch Kunde";"Marienberg";"cancelled";1001;"2020-08-13"
22151;"energy";"gas";8400;8903;"2020-09-08";"2021-02-01";"";"";"";"Berlin";"active";2000;"2020-09-09"
22152;"energy";"electricity";2100;2230;"2020-06-13";"2020-07-01";"";"";"";"Bremen";"indelivery";1002;"2020-09-22"
22153;"energy";"electricity";2800;2933;"2018-10-11";"2019-02-01";"";"";"";"Bielefeld";"indelivery";1001;"2020-06-27"
22154;"energy";"gas";10400;9935;"2020-03-20";"2020-05-01";"";"";"";"Heidelberg";"indelivery";2000;"2020-09-06"
22155;"energy";"electricity";2000;2035;"2018-03-05";"2018-05-01";"2019-04-30";"2019-03-31";"Umzug";"Hamburg";"terminated";1001;"2019-03-31"
22156;"energy";"electricity";2000;1912;"2019-01-06";"2019-06-01";"";"";"";"Leipzig";"indelivery";1002;"2019-03-06"
22157;"energy";"electricity";2200;2292;"2020-06-23";"2020-07-01";"2020-07-01";"2020-10-31";"Wiederruf";"Stuttgart";"terminated";1001;"2020-09-11"
22158;"energy";"gas";9200;9609;"2019-03-25";"2019-09-01";"";"";"";"Altchemnitz";"indelivery";2000;"2020-02-22"
22159;"energy";"electricity";2500;2728;"2018-05-24";"2018-08-01";"";"";"";"Munich";"indelivery";1000;"2019-08-24"
22160;"energy";"electricity";2200;2122;"2020-01-01";"2020-04-01";"";"";"";"Augsburg";"indelivery";1002;"2020-07-10"
22161;"energy";"electricity";2100;2058;"2018-07-25";"2018-08-01";"2020-01-31";"2020-01-03";"Umzug";"Cologne";"terminated";1001;"2019-07-03"
22162;"energy";"electricity";2800;2870;"2020-06-06";"2021-01-01";"";"";"";"Augsburg";"active";1002;"2020-06-27"
22163;"energy";"electricity";2300;2463;"2018-06-15";"2018-09-01";"2020-03-31";"2020-03-01";"Umzug";"Berlin";"terminated";1001;"2018-11-03"
22164;"energy";"electricity";2500;2657;"2020-06-02";"2020-08-01";"";"";"";"Kiel";"indelivery";1001;"2020-09-10"
22165;"energy";"electricity";2800;2737;"2020-05-20";"2020-09-01";"";"";"";"Cologne";"indelivery";1001;"2020-09-14"
22166;"energy";"electricity";2400;"";"2019-06-03";"2019-08-01";"2019-11-30";"2019-11-01";"fristgerecht durch Kunde";"Straubing";"terminated";1000;"2019-11-01"
22167;"energy";"electricity";2200;"";"2019-04-24";"2019-08-01";"";"";"";"Wiesbaden";"indelivery";1001;"2020-05-25"
22168;"energy";"electricity";2500;2336;"2018-04-22";"2018-09-01";"";"";"";"Lübeck";"indelivery";1002;"2020-03-17"
22169;"energy";"electricity";2800;2729;"2020-03-24";"2020-04-01";"";"";"";"Dortmund";"indelivery";1002;"2020-09-07"
22170;"energy";"electricity";2600;2528;"2018-12-13";"2019-02-01";"";"";"";"Gera";"indelivery";1000;"2019-11-05"
22171;"energy";"electricity";2900;3161;"2018-03-06";"2018-04-01";"";"";"";"Mannheim";"indelivery";1000;"2020-03-03"
22172;"energy";"electricity";2300;2334;"2018-06-29";"2018-12-01";"2018-12-01";"2019-04-02";"Wiederruf";"Würzburg";"terminated";1000;"2019-04-02"
22173;"energy";"electricity";2200;2319;"2020-01-08";"2021-01-01";"";"";"";"Kassel";"active";1001;"2020-06-14"
22174;"energy";"electricity";2300;2331;"2019-08-30";"2020-03-01";"";"";"";"Leipzig";"indelivery";1000;"2020-01-07"
22175;"energy";"electricity";2500;2615;"2018-12-27";"2019-06-01";"2019-06-01";"2019-09-01";"Wiederruf";"Essen";"terminated";1002;"2019-09-01"
22176;"energy";"electricity";2800;2934;"2018-03-14";"2018-04-01";"2018-09-30";"2018-08-30";"fristgerecht durch Kunde";"Duisburg";"terminated";1002;"2018-08-30"
22177;"energy";"electricity";2700;2847;"2020-06-29";"2020-07-01";"";"";"";"Altötting";"indelivery";1001;"2020-08-01"
22178;"energy";"electricity";2300;2204;"2019-08-09";"2019-11-01";"";"";"";"Munich";"indelivery";1002;"2020-03-17"
22179;"energy";"electricity";2800;2971;"2018-03-13";"2018-11-01";"";"";"";"Ulm";"indelivery";1000;"2020-09-30"
22180;"energy";"electricity";2600;2720;"2019-10-06";"2020-01-01";"";"";"";"Essen";"indelivery";1002;"2019-11-02"
22181;"energy";"electricity";2100;2222;"2018-04-23";"2018-09-01";"";"";"";"Mannheim";"indelivery";1002;"2020-04-05"
22182;"energy";"gas";10600;10430;"2018-05-12";"2018-07-01";"";"";"";"Hannover";"indelivery";2000;"2020-09-19"
22183;"energy";"electricity";2600;2565;"2018-02-17";"2018-07-01";"";"";"";"Cologne";"indelivery";1002;"2020-07-29"
22184;"energy";"electricity";2000;1970;"2019-08-03";"2019-10-01";"";"";"";"Berlin";"indelivery";1001;"2020-09-16"
22185;"energy";"electricity";2600;2570;"2019-08-23";"2020-01-01";"";"";"";"Berlin";"indelivery";1002;"2019-12-29"
22186;"energy";"electricity";3000;2830;"2019-05-09";"2019-06-01";"";"";"";"Würzburg";"indelivery";1002;"2019-09-22"
22187;"energy";"electricity";2600;2529;"2018-12-27";"2019-03-01";"";"";"";"Hamburg";"indelivery";1001;"2019-11-19"
22188;"energy";"electricity";2100;2296;"2019-09-19";"2020-01-01";"";"";"";"Stuttgart";"indelivery";1000;"2020-09-11"
22189;"energy";"electricity";2000;2020;"2019-03-22";"2019-11-01";"2019-12-31";"2019-12-03";"fristgerecht durch LichtBlick";"Berlin";"terminated";1001;"2019-08-07"
22190;"energy";"electricity";2400;2497;"2018-04-19";"2018-08-01";"";"";"";"Lübeck";"indelivery";1002;"2020-08-24"
22191;"energy";"electricity";2300;2490;"2019-06-24";"2019-11-01";"";"";"";"Berlin";"indelivery";1002;"2020-07-31"
22192;"energy";"electricity";2800;2685;"2018-02-23";"2019-01-01";"";"";"";"Frankfurt";"indelivery";1001;"2020-07-31"
22193;"energy";"electricity";2600;"";"2019-12-27";"2020-03-01";"";"";"";"Essen";"indelivery";1002;"2020-04-03"
22194;"energy";"electricity";2300;2460;"2020-01-16";"2020-04-01";"";"";"";"Cologne";"indelivery";1001;"2020-02-07"
22195;"energy";"electricity";2600;2743;"2020-06-28";"2020-08-01";"";"";"";"Mannheim";"indelivery";1001;"2020-07-19"
22196;"energy";"electricity";2200;2376;"2018-11-08";"2019-01-01";"2020-12-31";"2020-12-03";"fristgerecht durch Kunde";"Stuttgart";"cancelled";1002;"2018-11-15"
22197;"energy";"electricity";2400;2276;"2019-09-24";"2019-10-01";"";"";"";"Berlin";"indelivery";1001;"2019-10-17"
22198;"energy";"electricity";2800;2742;"2018-03-23";"2018-11-01";"2019-02-28";"2019-01-29";"fristgerecht durch LichtBlick";"Mannheim";"terminated";1000;"2019-01-29"
22199;"energy";"electricity";3000;2948;"2019-01-03";"2019-08-01";"";"";"";"Münster";"indelivery";1001;"2019-07-20"
22200;"energy";"electricity";2700;2834;"2019-11-13";"2020-05-01";"";"";"";"Erfurt";"indelivery";1002;"2020-08-03"
22201;"energy";"electricity";2900;3111;"2020-02-02";"2020-05-01";"";"";"";"Koblenz";"indelivery";1000;"2020-08-11"
22202;"energy";"electricity";2100;1988;"2019-06-27";"2019-10-01";"";"";"";"Wiesbaden";"indelivery";1001;"2019-12-02"
22203;"energy";"electricity";2300;2344;"2018-12-22";"2019-02-01";"2019-02-01";"2020-03-03";"Wiederruf";"Berlin";"terminated";1001;"2020-03-03"
22204;"energy";"electricity";1900;1913;"2018-06-24";"2019-01-01";"";"";"";"Berlin";"indelivery";1002;"2019-07-16"
22205;"energy";"electricity";2800;2837;"2019-07-06";"2019-09-01";"";"";"";"Hamburg";"indelivery";1000;"2019-11-02"
22206;"energy";"electricity";2400;2422;"2020-08-23";"2020-10-01";"";"";"";"Leipzig";"indelivery";1001;"2020-08-25"
22207;"energy";"electricity";2800;2975;"2018-02-17";"2018-05-01";"2019-06-30";"2019-05-31";"fristgerecht durch Kunde";"Marienberg";"terminated";1001;"2018-11-01"
22208;"energy";"electricity";2000;1969;"2020-05-02";"2021-03-01";"";"";"";"Frankfurt";"active";1001;"2020-08-01"
22209;"energy";"electricity";2900;2979;"2018-06-03";"2018-10-01";"";"";"";"Kassel";"indelivery";1001;"2020-09-22"
22210;"energy";"gas";11600;11847;"2018-02-21";"2018-03-01";"";"";"";"Wuppertal";"indelivery";2000;"2020-03-23"
22211;"energy";"electricity";2600;2750;"2018-04-03";"2018-05-01";"2020-02-29";"2020-02-01";"fristgerecht durch Kunde";"Kassel";"terminated";1000;"2018-10-10"
22212;"energy";"gas";11000;11852;"2018-04-13";"2018-05-01";"";"";"";"Mannheim";"indelivery";2001;"2020-01-31"
22213;"energy";"electricity";2700;2667;"2018-04-15";"2018-05-01";"";"";"";"Berlin";"indelivery";1000;"2018-12-07"
22214;"energy";"electricity";2500;2597;"2020-06-27";"2020-10-01";"";"";"";"Hamburg";"indelivery";1002;"2020-08-30"
22215;"energy";"electricity";2300;2350;"2020-06-19";"2020-08-01";"";"";"";"Altchemnitz";"indelivery";1000;"2020-06-25"
22216;"energy";"electricity";2800;2925;"2018-04-11";"2018-07-01";"2020-02-29";"2020-01-28";"Umzug";"Bremen";"terminated";1002;"2018-08-25"
22217;"energy";"electricity";2800;2733;"2018-01-22";"2018-02-01";"2018-11-30";"2018-10-30";"fristgerecht durch Kunde";"Düsseldorf";"terminated";1001;"2018-05-14"
22218;"energy";"electricity";2000;2127;"2019-12-06";"2020-01-01";"";"";"";"Stuttgart";"indelivery";1000;"2020-05-15"
22219;"energy";"electricity";2400;2438;"2019-06-17";"2019-08-01";"2019-08-01";"2019-09-02";"Wiederruf";"Lübeck";"terminated";1001;"2019-09-02"
22220;"energy";"gas";11200;11857;"2019-11-02";"2020-03-01";"";"";"";"Düsseldorf";"indelivery";2001;"2019-12-22"
22221;"energy";"electricity";2600;"";"2018-03-04";"2018-05-01";"";"";"";"Berlin";"indelivery";1001;"2019-04-11"
22222;"energy";"electricity";2800;2653;"2018-03-22";"2018-11-01";"";"";"";"Bremen";"indelivery";1000;"2018-08-23"
22223;"energy";"electricity";2600;2760;"2020-08-18";"2020-10-01";"";"";"";"Berlin";"indelivery";1002;"2020-09-22"
22224;"energy";"electricity";2300;2390;"2020-04-08";"2020-10-01";"";"";"";"Lübeck";"indelivery";1000;"2020-05-01"
22225;"energy";"electricity";2700;2742;"2018-08-13";"2019-01-01";"";"";"";"Düsseldorf";"indelivery";1000;"2018-11-23"
22226;"energy";"electricity";2200;2272;"2018-02-23";"2018-04-01";"2020-10-31";"2020-10-03";"fristgerecht durch Kunde";"Berlin";"cancelled";1000;"2020-08-17"
22227;"energy";"electricity";2100;2112;"2018-11-10";"2019-04-01";"2020-04-30";"2020-03-31";"fristgerecht durch LichtBlick";"Leipzig";"terminated";1001;"2019-10-13"
22228;"energy";"electricity";2700;"";"2020-07-13";"2020-08-01";"";"";"";"Dresden";"indelivery";1001;"2020-08-06"
22229;"energy";"electricity";2100;2117;"2019-09-03";"2019-10-01";"";"";"";"Lübeck";"indelivery";1001;"2020-01-23"
22230;"energy";"electricity";2300;2292;"2019-05-20";"2019-10-01";"2020-12-31";"2020-11-28";"fristgerecht durch Kunde";"Bielefeld";"cancelled";1000;"2020-01-17"
22231;"energy";"electricity";2300;2392;"2019-04-01";"2019-05-01";"";"";"";"Berlin";"indelivery";1001;"2020-09-12"
22232;"energy";"electricity";2400;2492;"2019-06-09";"2019-09-01";"";"";"";"Cologne";"indelivery";1000;"2019-10-22"
22233;"energy";"electricity";2200;2276;"2018-07-27";"2018-11-01";"";"";"";"Fürth";"indelivery";1000;"2019-02-25"
22234;"energy";"electricity";2700;2707;"2019-01-04";"2019-06-01";"2020-12-31";"2020-12-03";"Umzug";"Berlin";"cancelled";1002;"2020-06-02"
22235;"energy";"electricity";3000;2857;"2020-08-30";"2020-10-01";"";"";"";"Dresden";"indelivery";1001;"2020-09-25"
22236;"energy";"electricity";2000;2111;"2019-09-15";"2020-01-01";"";"";"";"Munich";"indelivery";1002;"2020-05-28"
22237;"energy";"electricity";2300;2472;"2020-04-03";"2020-07-01";"2020-07-01";"2020-09-28";"Wiederruf";"Berlin";"terminated";1000;"2020-06-12"
22238;"energy";"electricity";2300;2414;"2018-01-08";"2018-02-01";"";"";"";"Bonn";"indelivery";1001;"2019-01-10"
22239;"energy";"electricity";2100;2171;"2018-05-24";"2018-08-01";"";"";"";"Frankfurt";"indelivery";1001;"2019-09-03"
22240;"energy";"electricity";2600;2759;"2020-06-29";"2020-11-01";"";"";"";"Karlsruhe";"active";1001;"2020-08-31"
22241;"energy";"electricity";2700;2696;"2019-02-21";"2019-04-01";"2019-04-01";"2020-09-02";"Wiederruf";"Stuttgart";"terminated";1000;"2020-04-14"
22242;"energy";"gas";9300;9792;"2019-03-18";"2019-10-01";"2020-10-31";"2020-10-02";"fristgerecht durch LichtBlick";"Würzburg";"cancelled";2000;"2019-11-22"
22243;"energy";"electricity";2400;2612;"2020-02-21";"2020-07-01";"";"";"";"Leipzig";"indelivery";1002;"2020-03-25"
22244;"energy";"electricity";2600;2802;"2018-05-12";"2018-06-01";"";"";"";"Leipzig";"indelivery";1002;"2019-09-24"
22245;"energy";"electricity";2400;2422;"2019-05-25";"2019-06-01";"2019-09-30";"2019-09-02";"fristgerecht durch Kunde";"Wuppertal";"terminated";1001;"2019-09-02"
22246;"energy";"electricity";2700;"";"2020-02-06";"2020-03-01";"";"";"";"Hamburg";"indelivery";1000;"2020-04-28"
22247;"energy";"electricity";2600;2639;"2018-06-09";"2018-11-01";"";"";"";"Regensburg";"indelivery";1002;"2018-11-23"
22248;"energy";"electricity";2400;2596;"2019-07-23";"2019-09-01";"";"";"";"Berlin";"indelivery";1002;"2019-09-12"
22249;"energy";"gas";10400;11237;"2019-07-08";"2019-09-01";"";"";"";"Berlin";"indelivery";2001;"2019-07-26"
22250;"energy";"electricity";3000;3103;"2018-01-30";"2018-06-01";"2020-12-31";"2020-11-28";"fristgerecht durch Kunde";"Dortmund";"cancelled";1002;"2020-01-13"
22251;"energy";"electricity";3000;3147;"2020-04-29";"2020-07-01";"";"";"";"Wuppertal";"indelivery";1002;"2020-05-06"
22252;"energy";"electricity";2400;2294;"2020-06-11";"2020-07-01";"";"";"";"Regensburg";"indelivery";1000;"2020-06-11"
22253;"energy";"electricity";1900;2028;"2018-05-03";"2018-08-01";"";"";"";"Munich";"indelivery";1000;"2018-07-20"
22254;"energy";"electricity";2500;2734;"2019-06-11";"2020-03-01";"";"";"";"Dresden";"indelivery";1001;"2020-05-27"
22255;"energy";"electricity";2700;"";"2019-12-30";"2020-04-01";"";"";"";"Gießen";"indelivery";1001;"2020-07-05"
22256;"energy";"electricity";2300;2257;"2020-07-11";"2021-02-01";"";"";"";"Bonn";"active";1001;"2020-08-17"
22257;"energy";"electricity";2900;2893;"2019-03-05";"2019-09-01";"";"";"";"Munich";"indelivery";1001;"2019-05-11"
22258;"energy";"electricity";2600;"";"2019-06-27";"2020-02-01";"";"";"";"Stralsund";"indelivery";1002;"2020-06-23"
22259;"energy";"electricity";2600;2753;"2019-05-26";"2019-09-01";"";"";"";"Berlin";"indelivery";1000;"2020-06-24"
22260;"energy";"gas";8500;8768;"2019-12-01";"2020-04-01";"";"";"";"Berlin";"indelivery";2000;"2020-05-10"
22261;"energy";"electricity";2600;2535;"2019-05-21";"2019-11-01";"";"";"";"Frankfurt";"indelivery";1002;"2019-09-09"
22262;"energy";"electricity";3000;3100;"2019-08-21";"2020-07-01";"";"";"";"Flensburg";"indelivery";1001;"2020-04-08"
22263;"energy";"electricity";2300;"";"2018-11-01";"2019-01-01";"";"";"";"Berlin";"indelivery";1000;"2020-08-29"
22264;"energy";"electricity";2000;1968;"2019-01-17";"2019-03-01";"";"";"";"Berlin";"indelivery";1002;"2019-03-08"
22265;"energy";"electricity";2200;2264;"2018-08-27";"2018-09-01";"";"";"";"Frankfurt";"indelivery";1002;"2018-11-01"
22266;"energy";"gas";9900;10650;"2019-02-21";"2019-05-01";"2019-08-31";"2019-07-29";"Umzug";"Karlsruhe";"terminated";2001;"2019-07-29"
22267;"energy";"gas";10700;10240;"2018-08-20";"2019-03-01";"2019-10-31";"2019-09-29";"fristgerecht durch Kunde";"Frankfurt";"terminated";2000;"2019-09-29"
22268;"energy";"electricity";2200;2367;"2020-03-10";"2020-04-01";"";"";"";"Berlin";"indelivery";1002;"2020-08-30"
22269;"energy";"electricity";2900;2900;"2018-10-14";"2018-12-01";"";"";"";"Erfurt";"indelivery";1001;"2020-05-08"
22270;"energy";"electricity";2700;2828;"2018-09-18";"2018-11-01";"2018-11-01";"2020-03-31";"Wiederruf";"Munich";"terminated";1000;"2020-03-31"
22271;"energy";"electricity";2500;2466;"2020-06-19";"2020-08-01";"";"";"";"Altchemnitz";"indelivery";1000;"2020-07-16"
22272;"energy";"electricity";2800;2735;"2019-06-08";"2019-09-01";"";"";"";"Frankfurt";"indelivery";1002;"2020-08-24"
22273;"energy";"electricity";2900;3106;"2020-09-06";"2020-12-01";"";"";"";"Mannheim";"active";1002;"2020-09-18"
22274;"energy";"electricity";3100;2929;"2019-03-02";"2019-05-01";"2020-10-31";"2020-10-01";"fristgerecht durch Kunde";"Rotenburg";"cancelled";1002;"2020-02-14"
22275;"energy";"gas";9300;9143;"2019-01-21";"2019-06-01";"";"";"";"Kempten";"indelivery";2001;"2020-04-16"
22276;"energy";"gas";7800;7804;"2019-12-21";"2020-01-01";"2020-12-31";"2020-12-02";"Umzug";"Munich";"cancelled";2000;"2020-01-18"
22277;"energy";"electricity";2800;2847;"2020-02-03";"2020-06-01";"";"";"";"Berlin";"indelivery";1002;"2020-07-02"
22278;"energy";"gas";9600;9542;"2020-07-28";"2021-05-01";"";"";"";"Dresden";"active";2000;"2020-08-10"
22279;"energy";"electricity";2000;"";"2020-03-23";"2020-07-01";"";"";"";"Munich";"indelivery";1002;"2020-05-15"
22280;"energy";"electricity";2700;2800;"2019-03-05";"2019-06-01";"2019-10-31";"2019-09-30";"fristgerecht durch LichtBlick";"Altchemnitz";"terminated";1002;"2019-09-30"
22281;"energy";"electricity";2200;2189;"2019-10-23";"2020-05-01";"";"";"";"Stralsund";"indelivery";1000;"2020-01-31"
22282;"energy";"gas";9500;9110;"2020-06-24";"2020-12-01";"";"";"";"Munich";"active";2000;"2020-08-23"
22283;"energy";"gas";10700;"";"2018-06-12";"2018-08-01";"";"";"";"Munich";"indelivery";2001;"2019-07-28"
22284;"energy";"electricity";2600;2502;"2019-10-29";"2020-02-01";"";"";"";"Essen";"indelivery";1002;"2019-11-11"
22285;"energy";"electricity";2000;1995;"2020-02-21";"2020-04-01";"";"";"";"Stuttgart";"indelivery";1002;"2020-03-16"
22286;"energy";"electricity";2500;2557;"2020-08-12";"2021-02-01";"";"";"";"Berlin";"active";1000;"2020-09-26"
22287;"energy";"gas";11000;"";"2018-09-30";"2018-11-01";"";"";"";"Altchemnitz";"indelivery";2000;"2020-04-13"
22288;"energy";"electricity";2600;2709;"2019-10-14";"2019-11-01";"";"";"";"Oldenburg";"indelivery";1000;"2020-01-05"
22289;"energy";"gas";10900;10856;"2018-10-31";"2019-06-01";"";"";"";"Göttingen";"indelivery";2000;"2019-07-23"
22290;"energy";"electricity";2100;2066;"2019-09-14";"2019-10-01";"";"";"";"Ingolstadt";"indelivery";1002;"2020-02-24"
22291;"energy";"electricity";2200;2250;"2019-05-01";"2019-05-01";"";"";"";"Berlin";"indelivery";1000;"2020-03-01"
22292;"energy";"electricity";2400;2400;"2018-12-31";"2019-01-01";"";"";"";"Dortmund";"indelivery";1000;"2019-03-04"
22293;"energy";"electricity";2300;2351;"2018-10-26";"2019-08-01";"2019-08-01";"2020-04-26";"Wiederruf";"Marienberg";"terminated";1001;"2019-07-23"
22294;"energy";"electricity";2900;2977;"2019-11-07";"2020-06-01";"";"";"";"Essen";"indelivery";1001;"2020-08-31"
22295;"energy";"gas";9200;9498;"2019-11-21";"2020-01-01";"";"";"";"Köthen";"indelivery";2001;"2020-03-07"
22296;"energy";"electricity";2100;2211;"2018-02-24";"2018-04-01";"2018-12-31";"2018-12-03";"fristgerecht durch LichtBlick";"Braunschweig";"terminated";1001;"2018-12-03"
22297;"energy";"electricity";2600;2744;"2018-05-23";"2018-09-01";"";"";"";"Hannover";"indelivery";1002;"2019-01-15"
22298;"energy";"electricity";2100;2125;"2018-02-11";"2018-08-01";"";"";"";"Hannover";"indelivery";1000;"2019-12-11"
22299;"energy";"electricity";2800;2893;"2018-03-06";"2018-04-01";"2019-12-31";"2019-12-01";"fristgerecht durch LichtBlick";"Bremen";"terminated";1000;"2019-01-01"
22300;"energy";"electricity";2400;2569;"2019-09-21";"2019-11-01";"";"";"";"Hamburg";"indelivery";1000;"2019-10-09"
22301;"energy";"gas";8400;"";"2018-11-22";"2019-07-01";"2020-11-30";"2020-10-30";"fristgerecht durch Kunde";"Hannover";"cancelled";2000;"2020-09-26"
22302;"energy";"electricity";2800;"";"2019-05-01";"2019-11-01";"";"";"";"Hannover";"indelivery";1001;"2020-06-24"
22303;"energy";"electricity";2500;2578;"2019-11-30";"2020-03-01";"";"";"";"Berlin";"indelivery";1001;"2020-01-25"
22304;"energy";"gas";10700;11296;"2020-06-02";"2020-10-01";"";"";"";"Osnabrück";"indelivery";2000;"2020-06-21"
22305;"energy";"gas";9100;9116;"2019-02-07";"2019-04-01";"";"";"";"Cologne";"indelivery";2001;"2020-07-29"
22306;"energy";"electricity";3000;3043;"2019-03-07";"2019-04-01";"";"";"";"Mannheim";"indelivery";1001;"2019-12-07"
22307;"energy";"electricity";2000;1929;"2020-03-24";"2020-07-01";"";"";"";"Berlin";"indelivery";1001;"2020-05-13"
22308;"energy";"electricity";2100;2134;"2020-02-27";"2020-10-01";"";"";"";"Frankfurt";"indelivery";1001;"2020-08-17"
22309;"energy";"electricity";2300;2257;"2020-01-28";"2020-08-01";"";"";"";"Hamburg";"indelivery";1002;"2020-08-28"
22310;"energy";"electricity";2500;"";"2020-06-15";"2021-01-01";"";"";"";"Frankfurt";"active";1001;"2020-06-15"
22311;"energy";"electricity";2800;2819;"2019-09-19";"2019-11-01";"";"";"";"Berlin";"indelivery";1000;"2020-02-25"
22312;"energy";"electricity";2100;2266;"2019-09-16";"2020-04-01";"";"";"";"Cologne";"indelivery";1001;"2020-08-09"
22313;"energy";"electricity";2000;2110;"2020-08-25";"2021-09-01";"";"";"";"Karlsruhe";"active";1002;"2020-08-25"
22314;"energy";"electricity";2600;2526;"2018-12-13";"2019-07-01";"2020-07-31";"2020-07-03";"Umzug";"Berlin";"terminated";1001;"2020-07-03"
22315;"energy";"electricity";2300;2392;"2019-03-06";"2019-07-01";"";"";"";"Berlin";"indelivery";1002;"2019-12-23"
22316;"energy";"electricity";1900;2012;"2018-08-28";"2018-10-01";"";"";"";"Hamburg";"indelivery";1002;"2019-03-13"
22317;"energy";"gas";10100;10428;"2018-12-12";"2019-02-01";"";"";"";"Bremen";"indelivery";2001;"2019-05-30"
22318;"energy";"electricity";2900;"";"2020-02-28";"2020-04-01";"";"";"";"Berlin";"indelivery";1001;"2020-08-12"
22319;"energy";"electricity";2500;2602;"2018-06-26";"2018-10-01";"";"";"";"Munich";"indelivery";1000;"2020-06-03"
22320;"energy";"gas";11000;10706;"2019-09-05";"2019-12-01";"";"";"";"Berlin";"indelivery";2000;"2020-04-07"
22321;"energy";"gas";11300;11035;"2019-10-17";"2020-08-01";"";"";"";"Coburg";"indelivery";2000;"2020-09-29"
22322;"energy";"electricity";2000;1991;"2019-09-05";"2019-12-01";"";"";"";"Marienberg";"indelivery";1000;"2020-06-07"
22323;"energy";"electricity";2700;2790;"2020-06-12";"2020-08-01";"";"";"";"Berlin";"indelivery";1000;"2020-09-18"
22324;"energy";"electricity";3000;"";"2018-01-13";"2018-02-01";"";"";"";"Munich";"indelivery";1001;"2019-12-20"
22325;"energy";"gas";10000;10462;"2018-02-05";"2018-03-01";"2018-03-01";"2020-05-21";"Wiederruf";"Berlin";"terminated";2000;"2019-10-07"
22326;"energy";"electricity";2400;2448;"2019-12-14";"2020-02-01";"";"";"";"Bremen";"indelivery";1000;"2020-08-18"
22327;"energy";"electricity";2400;2554;"2019-10-06";"2019-12-01";"";"";"";"Hofeck";"indelivery";1001;"2020-05-16"
22328;"energy";"electricity";2700;2758;"2020-04-08";"2020-09-01";"";"";"";"Bremen";"indelivery";1002;"2020-09-21"
22329;"energy";"electricity";2300;2460;"2018-07-31";"2018-09-01";"";"";"";"Hofeck";"indelivery";1001;"2020-09-24"
22330;"energy";"electricity";2800;"";"2019-11-09";"2020-04-01";"";"";"";"Dresden";"indelivery";1001;"2020-05-14"
22331;"energy";"electricity";3000;2885;"2019-03-13";"2019-04-01";"2019-12-31";"2019-11-29";"fristgerecht durch LichtBlick";"Hannover";"terminated";1001;"2019-09-16"
22332;"energy";"electricity";2500;2616;"2020-02-21";"2020-06-01";"";"";"";"Bonn";"indelivery";1002;"2020-09-11"
22333;"energy";"electricity";2400;2448;"2019-11-19";"2020-02-01";"2020-02-01";"2020-03-01";"Wiederruf";"Mannheim";"terminated";1002;"2020-03-01"
22334;"energy";"electricity";2400;2428;"2018-09-08";"2018-12-01";"2019-05-31";"2019-05-01";"fristgerecht durch LichtBlick";"Frankfurt";"terminated";1001;"2019-05-01"
22335;"energy";"electricity";2700;2853;"2020-02-14";"2020-05-01";"";"";"";"Bremen";"indelivery";1000;"2020-08-02"
22336;"energy";"electricity";2600;2733;"2018-06-20";"2018-12-01";"2019-07-31";"2019-07-02";"Umzug";"Stuttgart";"terminated";1002;"2019-03-27"
22337;"energy";"electricity";2900;2942;"2018-01-12";"2018-05-01";"";"";"";"Bamberg";"indelivery";1000;"2020-06-22"
22338;"energy";"electricity";2200;2209;"2019-08-02";"2019-11-01";"";"";"";"Hannover";"indelivery";1000;"2019-09-06"
22339;"energy";"electricity";2500;2509;"2020-08-12";"2020-11-01";"";"";"";"Cologne";"active";1002;"2020-09-19"
22340;"energy";"electricity";2200;2215;"2020-05-06";"2020-07-01";"";"";"";"Stuttgart";"indelivery";1000;"2020-07-12"
22341;"energy";"electricity";2300;2333;"2018-09-28";"2019-01-01";"";"";"";"Munich";"indelivery";1000;"2018-12-21"
22342;"energy";"gas";9100;9072;"2020-08-30";"2020-11-01";"";"";"";"Cologne";"active";2001;"2020-09-09"
22343;"energy";"electricity";2200;2294;"2018-03-30";"2019-05-01";"";"";"";"Berlin";"indelivery";1002;"2019-01-24"
22344;"energy";"gas";8300;8544;"2018-05-10";"2018-09-01";"";"";"";"Dresden";"indelivery";2001;"2020-03-06"
22345;"energy";"electricity";2800;2897;"2018-02-05";"2018-10-01";"";"";"";"Essen";"indelivery";1001;"2019-02-13"
22346;"energy";"electricity";2800;2657;"2019-04-17";"2019-06-01";"";"";"";"Bielefeld";"indelivery";1001;"2020-01-16"
22347;"energy";"electricity";2000;2046;"2020-04-12";"2021-02-01";"";"";"";"Hamburg";"active";1002;"2020-05-31"
22348;"energy";"electricity";2800;2868;"2019-02-06";"2019-04-01";"2020-06-30";"2020-06-02";"Umzug";"Berlin";"terminated";1001;"2020-06-02"
22349;"energy";"electricity";2200;2308;"2018-01-19";"2018-05-01";"2019-08-31";"2019-07-23";"fristgerecht durch Kunde";"Osnabrück";"terminated";1001;"2018-04-24"
22350;"energy";"electricity";2400;2377;"2019-03-07";"2019-06-01";"";"";"";"Berlin";"indelivery";1002;"2019-05-18"
22351;"energy";"electricity";2100;2144;"2019-06-04";"2019-09-01";"";"";"";"Bremen";"indelivery";1002;"2020-03-11"
22352;"energy";"electricity";2400;2495;"2019-04-19";"2020-08-01";"";"";"";"Cologne";"indelivery";1002;"2019-08-26"
22353;"energy";"electricity";2600;"";"2019-03-15";"2019-11-01";"2020-01-31";"2020-01-03";"Umzug";"Augsburg";"terminated";1000;"2019-05-06"
22354;"energy";"electricity";2700;2746;"2019-03-02";"2019-05-01";"2020-06-30";"2020-05-24";"fristgerecht durch LichtBlick";"Erding";"terminated";1001;"2019-12-14"
22355;"energy";"electricity";3200;"";"2019-08-04";"2019-10-01";"";"";"";"Heilbronn";"indelivery";1001;"2020-06-12"
22356;"energy";"electricity";2500;2646;"2020-09-21";"2020-11-01";"";"";"";"Düsseldorf";"active";1001;"2020-09-23"
22357;"energy";"gas";11300;11211;"2018-03-06";"2018-05-01";"";"";"";"Koblenz";"indelivery";2000;"2019-08-19"
22358;"energy";"gas";9200;9841;"2020-08-14";"2021-01-01";"";"";"";"Berlin";"active";2000;"2020-08-18"
22359;"energy";"electricity";2200;2201;"2019-04-03";"2019-05-01";"";"";"";"Frankfurt";"indelivery";1001;"2019-09-07"
22360;"energy";"electricity";2700;2768;"2019-12-03";"2020-09-01";"";"";"";"Cologne";"indelivery";1000;"2020-02-18"
22361;"energy";"electricity";2200;2119;"2020-03-08";"2020-05-01";"";"";"";"Munich";"indelivery";1001;"2020-07-31"
22362;"energy";"electricity";2700;2759;"2018-04-20";"2018-05-01";"";"";"";"Leipzig";"indelivery";1002;"2018-11-06"
22363;"energy";"electricity";2700;2667;"2018-09-23";"2019-03-01";"";"";"";"Munich";"indelivery";1001;"2020-04-05"
22364;"energy";"electricity";2500;2473;"2018-02-20";"2018-03-01";"";"";"";"Cologne";"indelivery";1001;"2019-03-20"
22365;"energy";"electricity";2800;2649;"2019-04-29";"2019-06-01";"";"";"";"Hannover";"indelivery";1002;"2019-10-19"
22366;"energy";"electricity";2100;"";"2018-04-01";"2018-05-01";"2018-05-01";"2019-10-03";"Wiederruf";"Cologne";"terminated";1000;"2018-12-10"
22367;"energy";"electricity";2500;2464;"2020-03-16";"2021-04-01";"";"";"";"Gelsenkirchen";"active";1000;"2020-05-08"
22368;"energy";"electricity";2800;2793;"2019-04-22";"2019-08-01";"2020-12-31";"2020-12-02";"fristgerecht durch LichtBlick";"Hamburg";"cancelled";1002;"2020-06-04"
22369;"energy";"electricity";2900;2824;"2018-02-21";"2018-04-01";"";"";"";"Düsseldorf";"indelivery";1002;"2019-04-06"
22370;"energy";"electricity";2800;"";"2018-03-18";"2018-05-01";"2018-11-30";"2018-11-02";"fristgerecht durch Kunde";"Frankfurt";"terminated";1002;"2018-09-04"
22371;"energy";"electricity";2500;2734;"2018-08-14";"2018-11-01";"";"";"";"Straubing";"indelivery";1002;"2018-10-13"
22372;"energy";"gas";8400;8017;"2020-06-23";"2020-10-01";"2020-12-31";"2020-12-03";"Umzug";"Wuppertal";"cancelled";2000;"2020-08-25"
22373;"energy";"electricity";2700;2818;"2020-04-21";"2020-07-01";"";"";"";"Fürth";"indelivery";1000;"2020-09-21"
22374;"energy";"electricity";2800;2942;"2018-08-22";"2018-10-01";"2019-05-31";"2019-05-03";"fristgerecht durch Kunde";"Berlin";"terminated";1002;"2019-05-03"
22375;"energy";"electricity";2100;2171;"2020-03-09";"2020-09-01";"";"";"";"Munich";"indelivery";1001;"2020-05-20"
22376;"energy";"electricity";2200;2310;"2020-08-13";"2020-09-01";"";"";"";"Cottbus";"indelivery";1002;"2020-08-20"
22377;"energy";"electricity";2200;2208;"2019-11-29";"2020-05-01";"";"";"";"Hamburg";"indelivery";1002;"2020-06-11"
22378;"energy";"electricity";2400;"";"2019-04-02";"2019-07-01";"";"";"";"Dortmund";"indelivery";1002;"2020-02-15"
22379;"energy";"gas";8700;8450;"2019-09-17";"2020-05-01";"";"";"";"Marienberg";"indelivery";2001;"2019-11-02"
22380;"energy";"electricity";2900;2785;"2020-09-27";"2021-04-01";"";"";"";"Lübeck";"active";1000;"2020-09-27"
22381;"energy";"electricity";2200;2275;"2019-12-20";"2020-01-01";"";"";"";"Hamburg";"indelivery";1001;"2020-07-25"
22382;"energy";"gas";10700;10666;"2020-02-05";"2020-05-01";"";"";"";"Wiesbaden";"indelivery";2000;"2020-08-07"
22383;"energy";"electricity";2300;2151;"2020-05-13";"2020-06-01";"";"";"";"Duisburg";"indelivery";1002;"2020-08-21"
22384;"energy";"electricity";2200;2295;"2019-08-09";"2019-10-01";"";"";"";"Lübeck";"indelivery";1001;"2020-06-04"
22385;"energy";"electricity";2700;2620;"2019-05-22";"2019-07-01";"2020-10-31";"2020-09-30";"fristgerecht durch Kunde";"Freiburg";"cancelled";1002;"2020-07-15"
22386;"energy";"electricity";2100;2237;"2020-03-08";"2020-05-01";"";"";"";"Hamburg";"indelivery";1001;"2020-07-08"
22387;"energy";"electricity";2700;"";"2018-07-01";"2018-12-01";"";"";"";"Hofeck";"indelivery";1002;"2019-06-17"
22388;"energy";"electricity";2100;2084;"2019-06-14";"2019-08-01";"";"";"";"Essen";"indelivery";1001;"2020-09-03"
22389;"energy";"electricity";2900;2858;"2018-07-09";"2019-02-01";"";"";"";"Stralsund";"indelivery";1000;"2020-06-19"
22390;"energy";"gas";10600;10314;"2020-08-18";"2021-03-01";"";"";"";"Munich";"active";2000;"2020-09-02"
22391;"energy";"electricity";2800;2804;"2020-05-28";"2020-10-01";"";"";"";"Heidelberg";"indelivery";1001;"2020-09-26"
22392;"energy";"electricity";2600;2704;"2020-06-19";"2020-07-01";"";"";"";"Bonn";"indelivery";1001;"2020-06-24"
22393;"energy";"gas";10400;10719;"2018-09-03";"2019-08-01";"2020-03-31";"2020-03-01";"fristgerecht durch Kunde";"Stuttgart";"terminated";2000;"2020-03-01"
22394;"energy";"electricity";2100;2264;"2018-01-12";"2018-03-01";"";"";"";"Hamburg";"indelivery";1000;"2020-09-13"
22395;"energy";"electricity";3000;3104;"2018-11-25";"2019-02-01";"";"";"";"Erfurt";"indelivery";1001;"2019-11-23"
22396;"energy";"electricity";2100;2244;"2020-05-14";"2020-07-01";"";"";"";"Duisburg";"indelivery";1000;"2020-06-07"
22397;"energy";"electricity";2000;2065;"2018-04-05";"2018-08-01";"2018-08-01";"2019-01-29";"Wiederruf";"Berlin";"terminated";1002;"2019-01-29"
22398;"energy";"electricity";2700;2749;"2019-02-25";"2019-07-01";"";"";"";"Heinsberg";"indelivery";1000;"2019-11-02"
22399;"energy";"gas";10900;10995;"2018-06-09";"2018-09-01";"";"";"";"Cologne";"indelivery";2000;"2018-10-20"
22400;"energy";"electricity";2200;2134;"2020-06-21";"2020-11-01";"";"";"";"Munich";"active";1002;"2020-09-14"
22401;"energy";"electricity";2300;2380;"2018-05-05";"2018-10-01";"2020-12-31";"2020-12-03";"Umzug";"Berlin";"cancelled";1002;"2019-03-29"
22402;"energy";"electricity";2100;2080;"2019-05-16";"2019-06-01";"";"";"";"Frankfurt";"indelivery";1002;"2020-07-25"
22403;"energy";"electricity";2100;2080;"2019-10-26";"2020-01-01";"";"";"";"Wiesbaden";"indelivery";1000;"2020-08-23"
22404;"energy";"electricity";2200;2163;"2020-09-22";"2021-02-01";"";"";"";"Osnabrück";"active";1000;"2020-09-26"
22405;"energy";"electricity";2500;2657;"2019-12-08";"2020-02-01";"";"";"";"Munich";"indelivery";1002;"2019-12-26"
22406;"energy";"electricity";2600;2656;"2020-09-25";"2021-02-01";"";"";"";"Mannheim";"active";1000;"2020-09-29"
22407;"energy";"gas";11600;11498;"2018-01-27";"2018-04-01";"2018-04-01";"2019-01-29";"Wiederruf";"Hofeck";"terminated";2000;"2019-01-29"
22408;"energy";"gas";9200;8914;"2019-03-15";"2019-07-01";"";"";"";"Berlin";"indelivery";2001;"2020-01-17"
22409;"energy";"electricity";2400;2587;"2018-10-28";"2019-02-01";"";"";"";"Schwerin";"indelivery";1001;"2019-04-01"
22410;"energy";"gas";11500;12193;"2018-12-20";"2019-04-01";"";"";"";"Ingolstadt";"indelivery";2000;"2019-05-07"
22411;"energy";"gas";9900;9558;"2019-02-12";"2019-03-01";"2019-06-30";"2019-05-31";"fristgerecht durch LichtBlick";"Dresden";"terminated";2000;"2019-05-31"
22412;"energy";"electricity";2500;2598;"2019-03-17";"2019-09-01";"";"";"";"Mainz";"indelivery";1000;"2019-07-30"
22413;"energy";"gas";11300;10904;"2019-07-06";"2019-09-01";"";"";"";"Marienberg";"indelivery";2000;"2019-11-13"
22414;"energy";"electricity";2600;2651;"2019-11-16";"2020-01-01";"";"";"";"Marienberg";"indelivery";1000;"2020-05-11"
22415;"energy";"electricity";2900;2900;"2019-03-26";"2019-05-01";"";"";"";"Dortmund";"indelivery";1002;"2020-08-19"
22416;"energy";"gas";9600;9456;"2020-07-07";"2021-03-01";"";"";"";"Ulm";"active";2000;"2020-09-22"
22417;"energy";"electricity";2200;2071;"2018-11-25";"2018-12-01";"";"";"";"Bremen";"indelivery";1001;"2020-09-10"
22418;"energy";"electricity";2200;2171;"2020-07-15";"2020-11-01";"";"";"";"Essen";"active";1000;"2020-07-28"
22419;"energy";"gas";9100;"";"2018-04-23";"2018-07-01";"";"";"";"Hamburg";"indelivery";2001;"2019-09-15"
22420;"energy";"electricity";2400;2430;"2020-07-08";"2021-01-01";"";"";"";"Münster";"active";1001;"2020-08-28"
22421;"energy";"gas";9500;9070;"2018-09-11";"2018-12-01";"2020-12-31";"2020-12-02";"Umzug";"Braunschweig";"cancelled";2000;"2019-04-22"
22422;"energy";"electricity";2600;2743;"2019-02-06";"2019-06-01";"";"";"";"Hannover";"indelivery";1001;"2019-04-19"
22423;"energy";"electricity";2100;2082;"2018-11-22";"2018-12-01";"";"";"";"Hamburg";"indelivery";1001;"2019-06-27"
22424;"energy";"electricity";2600;"";"2019-07-04";"2019-09-01";"";"";"";"Frankfurt";"indelivery";1002;"2019-10-06"
22425;"energy";"electricity";2200;2372;"2019-11-21";"2019-12-01";"2020-11-30";"2020-11-02";"Umzug";"Hamburg";"cancelled";1002;"2019-12-16"
22426;"energy";"electricity";2500;2674;"2020-05-18";"2020-12-01";"";"";"";"Berlin";"active";1002;"2020-08-09"
22427;"energy";"electricity";2800;2668;"2019-11-07";"2020-01-01";"";"";"";"Hamburg";"indelivery";1001;"2020-03-30"
22428;"energy";"electricity";2200;2127;"2019-10-20";"2020-04-01";"";"";"";"Kiel";"indelivery";1002;"2020-09-13"
22429;"energy";"electricity";2300;"";"2018-12-23";"2019-06-01";"";"";"";"Frankfurt";"indelivery";1001;"2020-03-30"
22430;"energy";"electricity";2000;1943;"2019-10-18";"2019-12-01";"";"";"";"Dortmund";"indelivery";1002;"2019-12-09"
22431;"energy";"gas";11300;11980;"2019-06-30";"2019-12-01";"";"";"";"Bielefeld";"indelivery";2001;"2020-04-07"
22432;"energy";"electricity";2900;2924;"2018-11-26";"2019-02-01";"";"";"";"Bottrop";"indelivery";1001;"2020-06-02"
22433;"energy";"electricity";2200;2167;"2019-10-10";"2020-12-01";"";"";"";"Marienberg";"active";1000;"2019-12-30"
22434;"energy";"electricity";2700;2526;"2020-09-04";"2020-11-01";"";"";"";"Magdeburg";"active";1001;"2020-09-29"
22435;"energy";"electricity";2500;2478;"2018-08-16";"2019-04-01";"";"";"";"Münster";"indelivery";1002;"2019-04-26"
22436;"energy";"electricity";2400;"";"2018-03-27";"2018-04-01";"";"";"";"Bremen";"indelivery";1001;"2020-09-21"
22437;"energy";"electricity";2700;2605;"2020-04-22";"2020-07-01";"";"";"";"Regensburg";"indelivery";1002;"2020-06-25"
22438;"energy";"gas";9000;9390;"2020-06-02";"2020-08-01";"";"";"";"Kiel";"indelivery";2001;"2020-08-28"
22439;"energy";"electricity";2100;2153;"2018-01-31";"2018-06-01";"";"";"";"Frankfurt";"indelivery";1002;"2020-07-16"
22440;"energy";"electricity";2400;2406;"2019-12-17";"2020-01-01";"";"";"";"Dortmund";"indelivery";1000;"2020-09-14"
22441;"energy";"electricity";2600;2660;"2020-01-09";"2020-04-01";"";"";"";"Cologne";"indelivery";1000;"2020-07-04"
22442;"energy";"electricity";2000;2143;"2020-09-05";"2020-12-01";"";"";"";"Bielefeld";"active";1002;"2020-09-20"
22443;"energy";"electricity";2800;2977;"2018-07-02";"2018-10-01";"";"";"";"Bremen";"indelivery";1002;"2019-11-11"
22444;"energy";"electricity";2900;2727;"2020-07-28";"2021-05-01";"";"";"";"Hamburg";"active";1002;"2020-08-12"
22445;"energy";"electricity";2300;"";"2019-05-21";"2019-08-01";"";"";"";"Saarbrücken";"indelivery";1002;"2020-04-22"
22446;"energy";"electricity";2600;2702;"2020-06-16";"2020-09-01";"";"";"";"Duisburg";"indelivery";1000;"2020-09-11"
22447;"energy";"electricity";2500;2643;"2020-01-10";"2020-03-01";"";"";"";"Berlin";"indelivery";1000;"2020-05-14"
22448;"energy";"electricity";2200;2135;"2020-06-13";"2020-08-01";"";"";"";"Bremen";"indelivery";1000;"2020-07-21"
22449;"energy";"electricity";2500;2418;"2020-01-24";"2020-04-01";"";"";"";"Hamburg";"indelivery";1001;"2020-03-01"
22450;"energy";"electricity";2900;"";"2018-09-24";"2018-11-01";"2019-12-31";"2019-12-03";"fristgerecht durch Kunde";"Münster";"terminated";1002;"2019-03-06"
22451;"energy";"electricity";2800;2917;"2019-06-01";"2019-07-01";"2020-10-31";"2020-09-27";"fristgerecht durch LichtBlick";"Wuppertal";"cancelled";1002;"2020-08-04"
22452;"energy";"electricity";2200;2217;"2018-02-04";"2018-03-01";"";"";"";"Hamburg";"indelivery";1001;"2019-01-27"
22453;"energy";"electricity";2500;2629;"2020-04-21";"2020-09-01";"";"";"";"Hamburg";"indelivery";1001;"2020-09-04"
22454;"energy";"electricity";2100;2296;"2019-03-15";"2019-09-01";"2020-10-31";"2020-09-29";"fristgerecht durch Kunde";"Osnabrück";"cancelled";1002;"2020-09-10"
22455;"energy";"electricity";2100;2099;"2019-05-20";"2020-05-01";"";"";"";"Koblenz";"indelivery";1002;"2020-02-01"
22456;"energy";"electricity";2700;2839;"2018-12-13";"2019-03-01";"";"";"";"Berlin";"indelivery";1000;"2019-04-10"
22457;"energy";"electricity";2500;2580;"2019-05-11";"2019-07-01";"";"";"";"Bonn";"indelivery";1001;"2019-12-23"
22458;"energy";"electricity";2200;2316;"2020-06-22";"2020-07-01";"";"";"";"Berlin";"indelivery";1000;"2020-08-19"
22459;"energy";"electricity";2700;2902;"2019-02-10";"2019-12-01";"";"";"";"Hamburg";"indelivery";1002;"2019-04-22"
22460;"energy";"electricity";2900;2986;"2019-01-09";"2019-06-01";"2020-01-31";"2020-01-01";"fristgerecht durch Kunde";"Munich";"terminated";1002;"2019-09-11"
22461;"energy";"electricity";2300;2221;"2018-06-05";"2019-05-01";"2020-11-30";"2020-11-01";"Umzug";"Munich";"cancelled";1000;"2018-11-11"
22462;"energy";"electricity";2200;2200;"2018-01-25";"2018-03-01";"";"";"";"Bremen";"indelivery";1000;"2019-01-24"
22463;"energy";"electricity";2400;2539;"2020-04-27";"2020-06-01";"";"";"";"Dresden";"indelivery";1001;"2020-05-04"
22464;"energy";"electricity";2700;2720;"2019-02-12";"2019-04-01";"";"";"";"Cologne";"indelivery";1000;"2020-01-01"
22465;"energy";"electricity";2900;2939;"2019-10-07";"2019-11-01";"";"";"";"Berlin";"indelivery";1000;"2019-11-07"
22466;"energy";"electricity";2400;2390;"2018-07-23";"2019-05-01";"";"";"";"Cologne";"indelivery";1001;"2019-06-09"
22467;"energy";"electricity";2300;2309;"2020-04-08";"2020-05-01";"";"";"";"Berlin";"indelivery";1000;"2020-05-28"
22468;"energy";"electricity";2400;2472;"2019-08-04";"2019-10-01";"";"";"";"Hamburg";"indelivery";1001;"2019-12-26"
22469;"energy";"gas";8000;8224;"2019-07-23";"2019-10-01";"";"";"";"Bremerhaven";"indelivery";2000;"2020-03-23"
22470;"energy";"electricity";2700;2726;"2019-08-13";"2020-04-01";"";"";"";"Essen";"indelivery";1002;"2019-11-26"
22471;"energy";"electricity";2600;2459;"2020-05-17";"2020-08-01";"";"";"";"Essen";"indelivery";1001;"2020-07-31"
22472;"energy";"electricity";2100;2221;"2018-08-22";"2018-10-01";"";"";"";"Frankfurt";"indelivery";1000;"2018-09-05"
22473;"energy";"electricity";2500;2469;"2019-03-22";"2019-04-01";"";"";"";"Berlin";"indelivery";1001;"2019-08-11"
22474;"energy";"electricity";2200;2369;"2019-09-06";"2019-12-01";"";"";"";"Hamburg";"indelivery";1000;"2020-06-28"
22475;"energy";"gas";8900;9422;"2018-09-15";"2018-10-01";"";"";"";"Bonn";"indelivery";2000;"2020-02-26"
22476;"energy";"electricity";2200;2227;"2019-03-24";"2019-05-01";"";"";"";"Essen";"indelivery";1002;"2020-09-17"
22477;"energy";"electricity";2200;2214;"2019-01-23";"2019-02-01";"";"";"";"Bremen";"indelivery";1001;"2020-09-09"
22478;"energy";"gas";9300;9486;"2019-05-09";"2019-07-01";"2020-08-31";"2020-08-03";"Umzug";"Gera";"terminated";2000;"2020-08-03"
22479;"energy";"electricity";2400;2511;"2020-01-26";"2020-08-01";"";"";"";"Hamburg";"indelivery";1000;"2020-08-24"
22480;"energy";"electricity";2200;2188;"2019-10-22";"2020-01-01";"";"";"";"Lübeck";"indelivery";1000;"2019-12-29"
22481;"energy";"gas";10800;10809;"2020-01-27";"2020-10-01";"";"";"";"Hamburg";"indelivery";2001;"2020-05-07"
22482;"energy";"electricity";2800;2704;"2020-03-01";"2020-04-01";"";"";"";"Bielefeld";"indelivery";1002;"2020-05-26"
22483;"energy";"electricity";3000;3038;"2019-10-01";"2019-10-01";"";"";"";"Bielefeld";"indelivery";1002;"2019-10-16"
22484;"energy";"electricity";2800;2733;"2020-09-08";"2020-10-01";"";"";"";"Augsburg";"indelivery";1001;"2020-09-23"
22485;"energy";"electricity";2400;2554;"2019-02-22";"2019-09-01";"";"";"";"Berlin";"indelivery";1001;"2019-09-13"
22486;"energy";"gas";11400;12262;"2018-07-23";"2019-04-01";"2020-12-31";"2020-12-01";"fristgerecht durch LichtBlick";"Rostock";"cancelled";2001;"2020-05-21"
22487;"energy";"electricity";2600;2579;"2018-08-07";"2018-10-01";"2019-10-31";"2019-10-02";"fristgerecht durch Kunde";"Mannheim";"terminated";1000;"2019-10-02"
22488;"energy";"electricity";2600;2832;"2019-03-17";"2019-06-01";"";"";"";"Schwerin";"indelivery";1000;"2020-04-28"
22489;"energy";"electricity";2100;2125;"2019-01-14";"2019-08-01";"";"";"";"Kassel";"indelivery";1001;"2019-02-04"
22490;"energy";"electricity";2800;2900;"2019-07-01";"2019-07-01";"2020-06-30";"2020-05-31";"Umzug";"Frankenthal";"terminated";1001;"2019-09-26"
22491;"energy";"electricity";2000;2079;"2019-04-24";"2019-06-01";"2020-06-30";"2020-06-02";"Umzug";"Frankfurt";"terminated";1001;"2020-02-05"
22492;"energy";"electricity";2200;2386;"2019-12-05";"2020-02-01";"";"";"";"Oldenburg";"indelivery";1002;"2020-08-09"
22493;"energy";"electricity";2200;2221;"2019-02-20";"2019-08-01";"";"";"";"Leipzig";"indelivery";1001;"2019-05-20"
22494;"energy";"electricity";2300;2439;"2020-02-09";"2020-05-01";"";"";"";"Berlin";"indelivery";1000;"2020-03-20"
22495;"energy";"electricity";2700;2727;"2020-02-02";"2020-06-01";"";"";"";"Hamburg";"indelivery";1001;"2020-09-27"
22496;"energy";"electricity";2300;2332;"2020-03-26";"2020-07-01";"";"";"";"Essen";"indelivery";1001;"2020-05-21"
22497;"energy";"electricity";2800;2979;"2018-10-17";"2019-03-01";"";"";"";"Frankfurt";"indelivery";1001;"2019-12-14"
22498;"energy";"gas";9600;10182;"2019-05-01";"2019-05-01";"";"";"";"Essen";"indelivery";2000;"2020-06-27"
22499;"energy";"electricity";2100;2204;"2020-06-09";"2020-08-01";"";"";"";"Cologne";"indelivery";1000;"2020-09-25"
22500;"energy";"electricity";2000;"";"2020-07-16";"2020-08-01";"";"";"";"Cologne";"indelivery";1000;"2020-08-24"
22501;"energy";"gas";8700;9052;"2019-10-01";"2019-12-01";"";"";"";"Magdeburg";"indelivery";2001;"2020-03-04"
22502;"energy";"electricity";2700;2782;"2018-04-15";"2018-08-01";"";"";"";"Erfurt";"indelivery";1002;"2020-04-16"
22503;"energy";"electricity";2800;2915;"2020-01-18";"2020-08-01";"";"";"";"Bonn";"indelivery";1002;"2020-06-19"
22504;"energy";"electricity";2200;"";"2019-12-07";"2020-01-01";"";"";"";"Berlin";"indelivery";1000;"2020-08-08"
22505;"energy";"electricity";2100;2163;"2020-08-11";"2021-03-01";"";"";"";"Hamburg";"active";1001;"2020-09-23"
22506;"energy";"electricity";2500;2580;"2020-01-21";"2020-02-01";"";"";"";"Berlin";"indelivery";1001;"2020-07-15"
22507;"energy";"electricity";2400;2322;"2019-09-01";"2019-10-01";"";"";"";"Lübeck";"indelivery";1001;"2020-04-18"
22508;"energy";"electricity";2900;2865;"2020-09-10";"2020-11-01";"";"";"";"Leipzig";"active";1002;"2020-09-10"
22509;"energy";"gas";9400;10015;"2020-04-09";"2020-06-01";"";"";"";"Hamburg";"indelivery";2000;"2020-05-27"
22510;"energy";"electricity";2600;2701;"2018-09-17";"2019-01-01";"2020-09-30";"2020-08-29";"fristgerecht durch Kunde";"Marienberg";"terminated";1002;"2018-11-14"
22511;"energy";"gas";9600;9152;"2019-08-13";"2019-11-01";"2020-08-31";"2020-07-22";"fristgerecht durch LichtBlick";"Stralsund";"terminated";2000;"2019-09-04"
22512;"energy";"electricity";2400;2312;"2018-06-12";"2018-08-01";"";"";"";"Olpe";"indelivery";1002;"2018-06-20"
22513;"energy";"electricity";2300;2306;"2019-07-31";"2020-08-01";"";"";"";"Berlin";"indelivery";1000;"2019-12-06"
22514;"energy";"electricity";2100;2094;"2018-10-18";"2018-12-01";"";"";"";"Mainz";"indelivery";1000;"2019-05-05"
22515;"energy";"electricity";2800;2918;"2020-03-13";"2020-05-01";"";"";"";"Essen";"indelivery";1002;"2020-07-10"
22516;"energy";"gas";9600;9554;"2019-02-27";"2019-03-01";"";"";"";"Hannover";"indelivery";2000;"2020-06-04"
22517;"energy";"electricity";2600;2683;"2020-05-27";"2020-06-01";"";"";"";"Cologne";"indelivery";1000;"2020-06-09"
22518;"energy";"electricity";2700;2786;"2019-02-05";"2019-05-01";"";"";"";"Munich";"indelivery";1001;"2019-07-06"
22519;"energy";"electricity";2500;"";"2020-07-08";"2020-10-01";"";"";"";"Munich";"indelivery";1002;"2020-08-28"
22520;"energy";"electricity";2300;2422;"2020-06-19";"2020-10-01";"";"";"";"Bayreuth";"indelivery";1002;"2020-07-12"
22521;"energy";"electricity";2800;2929;"2020-05-04";"2020-09-01";"";"";"";"Dortmund";"indelivery";1001;"2020-08-17"
22522;"energy";"electricity";2600;2544;"2019-01-23";"2019-07-01";"2020-02-29";"2020-02-01";"fristgerecht durch Kunde";"Münster";"terminated";1001;"2020-02-01"
22523;"energy";"gas";8400;8305;"2020-01-27";"2020-06-01";"";"";"";"Berlin";"indelivery";2000;"2020-07-23"
22524;"energy";"gas";11400;11601;"2018-03-24";"2018-07-01";"2019-01-31";"2019-01-03";"Umzug";"Hamburg";"terminated";2001;"2019-01-03"
22525;"energy";"electricity";2700;2814;"2018-08-13";"2018-09-01";"";"";"";"Jena";"indelivery";1000;"2020-09-05"
22526;"energy";"electricity";2800;2874;"2018-11-21";"2019-05-01";"2019-12-31";"2019-12-01";"fristgerecht durch LichtBlick";"Frankfurt";"terminated";1001;"2019-12-01"
22527;"energy";"electricity";2500;2371;"2018-04-08";"2018-08-01";"";"";"";"Berlin";"indelivery";1002;"2020-05-26"
22528;"energy";"electricity";2200;2147;"2018-05-24";"2018-08-01";"2020-01-31";"2020-01-01";"fristgerecht durch Kunde";"Wiesbaden";"terminated";1001;"2018-10-12"
22529;"energy";"electricity";2100;2240;"2020-05-16";"2020-07-01";"2020-12-31";"2020-12-03";"fristgerecht durch Kunde";"Cologne";"cancelled";1001;"2020-09-09"
22530;"energy";"electricity";2300;2347;"2020-02-25";"2020-04-01";"2020-04-01";"2020-09-02";"Wiederruf";"Hamburg";"terminated";1000;"2020-08-16"
22531;"energy";"gas";9900;10025;"2020-05-25";"2020-08-01";"";"";"";"Leipzig";"indelivery";2000;"2020-08-02"
22532;"energy";"electricity";2200;2115;"2018-02-16";"2019-03-01";"2019-07-31";"2019-07-01";"fristgerecht durch LichtBlick";"Cologne";"terminated";1000;"2018-11-16"
22533;"energy";"electricity";2600;2566;"2018-08-31";"2018-12-01";"";"";"";"Bremerhaven";"indelivery";1001;"2018-10-08"
22534;"energy";"gas";11000;11629;"2020-07-30";"2020-10-01";"";"";"";"Munich";"indelivery";2001;"2020-07-30"
22535;"energy";"electricity";2100;2151;"2019-07-14";"2019-12-01";"";"";"";"Magdeburg";"indelivery";1000;"2020-03-10"
22536;"energy";"electricity";3000;2901;"2020-06-06";"2021-02-01";"";"";"";"Cologne";"active";1000;"2020-07-22"
22537;"energy";"gas";10800;11049;"2019-05-14";"2019-06-01";"2020-03-31";"2020-02-27";"fristgerecht durch Kunde";"Erfurt";"terminated";2001;"2020-02-27"
22538;"energy";"electricity";2200;2107;"2020-07-31";"2020-12-01";"";"";"";"Augsburg";"active";1000;"2020-08-01"
22539;"energy";"electricity";2900;2744;"2020-07-08";"2020-12-01";"";"";"";"Leipzig";"active";1001;"2020-07-12"
22540;"energy";"electricity";2500;2537;"2018-03-31";"2018-09-01";"";"";"";"Leipzig";"indelivery";1001;"2020-05-08"
22541;"energy";"electricity";2600;2679;"2019-07-19";"2019-09-01";"";"";"";"Würzburg";"indelivery";1000;"2019-10-31"
22542;"energy";"electricity";2300;2457;"2020-08-28";"2020-09-01";"";"";"";"Frankfurt";"indelivery";1000;"2020-09-05"
22543;"energy";"electricity";2400;2523;"2020-06-28";"2021-02-01";"";"";"";"Cologne";"active";1002;"2020-08-30"
22544;"energy";"electricity";2300;2460;"2019-12-11";"2020-02-01";"";"";"";"Neumarkt";"indelivery";1000;"2020-06-26"
22545;"energy";"electricity";2900;2903;"2018-02-05";"2018-06-01";"2020-07-31";"2020-07-01";"fristgerecht durch LichtBlick";"Essen";"terminated";1001;"2018-12-06"
22546;"energy";"electricity";2000;2198;"2018-12-22";"2019-04-01";"";"";"";"Berlin";"indelivery";1000;"2019-02-15"
22547;"energy";"gas";10200;10835;"2018-07-23";"2019-01-01";"";"";"";"Braunschweig";"indelivery";2000;"2019-06-24"
22548;"energy";"electricity";2400;2555;"2018-04-24";"2018-06-01";"";"";"";"Berlin";"indelivery";1001;"2018-12-22"
22549;"energy";"electricity";2700;2818;"2018-08-08";"2018-09-01";"";"";"";"Wiesbaden";"indelivery";1001;"2020-03-22"
22550;"energy";"electricity";1900;1873;"2019-06-13";"2020-01-01";"";"";"";"Berlin";"indelivery";1000;"2020-07-09"
22551;"energy";"electricity";2500;2463;"2019-04-06";"2019-05-01";"";"";"";"Leipzig";"indelivery";1000;"2019-04-15"
22552;"energy";"electricity";2300;2185;"2018-01-20";"2018-02-01";"2018-10-31";"2018-09-27";"fristgerecht durch Kunde";"Magdeburg";"terminated";1000;"2018-06-09"
22553;"energy";"electricity";2500;2615;"2020-03-19";"2020-05-01";"";"";"";"Regensburg";"indelivery";1000;"2020-05-22"
22554;"energy";"electricity";2600;"";"2019-05-24";"2019-09-01";"";"";"";"Freiburg";"indelivery";1000;"2020-07-15"
22555;"energy";"electricity";2300;2367;"2019-06-12";"2019-08-01";"";"";"";"Senftenberg";"indelivery";1000;"2020-03-03"
22556;"energy";"electricity";2800;2905;"2019-02-13";"2019-06-01";"";"";"";"Stuttgart";"indelivery";1002;"2020-03-03"
22557;"energy";"electricity";2700;2877;"2018-10-29";"2018-12-01";"2020-06-30";"2020-06-02";"fristgerecht durch Kunde";"Augsburg";"terminated";1001;"2020-04-12"
22558;"energy";"electricity";2300;2242;"2019-12-24";"2020-01-01";"";"";"";"Stuttgart";"indelivery";1001;"2020-08-24"
22559;"energy";"electricity";2900;3161;"2018-04-10";"2018-10-01";"2019-03-31";"2019-03-02";"fristgerecht durch Kunde";"Landshut";"terminated";1000;"2019-03-02"
22560;"energy";"electricity";2200;2263;"2018-06-06";"2018-08-01";"";"";"";"Erfurt";"indelivery";1001;"2019-07-22"
22561;"energy";"electricity";3000;3164;"2018-03-27";"2018-05-01";"";"";"";"Altchemnitz";"indelivery";1002;"2018-08-18"
22562;"energy";"electricity";2800;2881;"2019-07-19";"2019-09-01";"";"";"";"Freiburg";"indelivery";1001;"2020-05-31"
22563;"energy";"electricity";2300;2419;"2019-03-06";"2019-12-01";"";"";"";"Ulm";"indelivery";1002;"2019-10-08"
22564;"energy";"electricity";2000;1928;"2019-04-09";"2019-06-01";"";"";"";"Cologne";"indelivery";1001;"2020-01-17"
22565;"energy";"electricity";2500;2650;"2018-02-27";"2018-06-01";"";"";"";"Berlin";"indelivery";1001;"2019-10-03"
22566;"energy";"electricity";2400;2305;"2019-11-21";"2020-12-01";"";"";"";"Duisburg";"active";1000;"2019-12-15"
22567;"energy";"electricity";2900;2918;"2018-03-03";"2018-05-01";"";"";"";"Marienberg";"indelivery";1002;"2018-12-27"
22568;"energy";"electricity";2500;"";"2020-03-10";"2020-11-01";"";"";"";"Berlin";"active";1000;"2020-07-31"
22569;"energy";"electricity";2300;2400;"2018-03-04";"2018-04-01";"";"";"";"Cologne";"indelivery";1002;"2020-06-14"
22570;"energy";"electricity";2300;2278;"2018-06-29";"2018-08-01";"";"";"";"Cologne";"indelivery";1002;"2018-10-09"
22571;"energy";"electricity";2400;2392;"2020-07-22";"2020-09-01";"";"";"";"Hamburg";"indelivery";1002;"2020-09-07"
22572;"energy";"gas";11500;11512;"2019-04-30";"2019-11-01";"";"";"";"Leipzig";"indelivery";2000;"2019-05-12"
22573;"energy";"electricity";2100;2213;"2020-01-19";"2020-10-01";"";"";"";"Bielefeld";"indelivery";1001;"2020-05-25"
22574;"energy";"electricity";2300;2214;"2019-07-20";"2019-10-01";"";"";"";"Freiburg";"indelivery";1002;"2019-09-30"
22575;"energy";"electricity";2300;"";"2019-12-12";"2020-03-01";"";"";"";"Berlin";"indelivery";1002;"2020-04-07"
22576;"energy";"electricity";2300;2160;"2019-11-17";"2020-08-01";"";"";"";"Würzburg";"indelivery";1002;"2020-05-18"
22577;"energy";"electricity";2300;2370;"2019-03-01";"2020-02-01";"";"";"";"Schwerin";"indelivery";1002;"2019-12-01"
22578;"energy";"electricity";2200;2150;"2020-01-24";"2020-08-01";"";"";"";"Düsseldorf";"indelivery";1001;"2020-02-15"
22579;"energy";"electricity";2100;2231;"2020-07-26";"2020-09-01";"";"";"";"Berlin";"indelivery";1001;"2020-08-17"
22580;"energy";"electricity";2500;2475;"2020-01-16";"2020-09-01";"";"";"";"Bremen";"indelivery";1001;"2020-08-19"
22581;"energy";"gas";10000;10331;"2018-04-24";"2018-06-01";"";"";"";"Bonn";"indelivery";2001;"2019-09-22"
22582;"energy";"electricity";2600;2753;"2019-01-17";"2019-03-01";"";"";"";"Berlin";"indelivery";1002;"2019-10-18"
22583;"energy";"gas";9500;9734;"2019-03-25";"2019-05-01";"";"";"";"Dresden";"indelivery";2000;"2020-07-03"
22584;"energy";"electricity";2200;2275;"2018-11-12";"2019-05-01";"2020-11-30";"2020-11-02";"fristgerecht durch Kunde";"Düsseldorf";"cancelled";1001;"2020-04-15"
22585;"energy";"electricity";2000;2003;"2020-05-20";"2020-06-01";"";"";"";"Berlin";"indelivery";1000;"2020-07-12"
22586;"energy";"electricity";2700;2798;"2019-12-21";"2020-02-01";"";"";"";"Lüdenscheid";"indelivery";1001;"2020-07-15"
22587;"energy";"electricity";2900;"";"2020-04-21";"2020-08-01";"";"";"";"Kiel";"indelivery";1002;"2020-04-21"
22588;"energy";"electricity";2300;2237;"2019-02-06";"2019-12-01";"2019-12-01";"2020-06-02";"Wiederruf";"Munich";"terminated";1002;"2019-09-12"
22589;"energy";"electricity";3000;2969;"2020-04-16";"2020-06-01";"";"";"";"Würzburg";"indelivery";1001;"2020-05-14"
22590;"energy";"electricity";2400;2531;"2020-07-14";"2020-08-01";"";"";"";"Mühldorf";"indelivery";1001;"2020-09-05"
22591;"energy";"electricity";2500;"";"2018-05-18";"2018-06-01";"2019-02-28";"2019-01-29";"fristgerecht durch Kunde";"Karlsruhe";"terminated";1000;"2018-09-23"
22592;"energy";"electricity";2600;2526;"2018-07-16";"2018-09-01";"2020-05-31";"2020-04-30";"fristgerecht durch LichtBlick";"Munich";"terminated";1001;"2020-04-30"
22593;"energy";"electricity";2600;"";"2019-09-19";"2020-04-01";"";"";"";"Magdeburg";"indelivery";1002;"2020-04-21"
22594;"energy";"electricity";2700;2592;"2019-02-11";"2019-04-01";"";"";"";"Dortmund";"indelivery";1002;"2019-06-28"
22595;"energy";"electricity";2700;2588;"2020-08-28";"2021-01-01";"";"";"";"Mettmann";"active";1002;"2020-09-25"
22596;"energy";"electricity";2800;2803;"2018-12-16";"2019-02-01";"2019-02-01";"2019-05-03";"Wiederruf";"Hamburg";"terminated";1002;"2019-05-03"
22597;"energy";"electricity";2300;2204;"2019-09-20";"2019-11-01";"2020-04-30";"2020-04-02";"fristgerecht durch Kunde";"Frankfurt";"terminated";1000;"2020-04-02"
22598;"energy";"gas";9600;10166;"2020-01-15";"2020-03-01";"";"";"";"Munich";"indelivery";2000;"2020-01-28"
22599;"energy";"electricity";2500;2473;"2019-08-31";"2020-07-01";"";"";"";"Duisburg";"indelivery";1002;"2020-05-28"
22600;"energy";"electricity";2900;2765;"2019-08-16";"2019-09-01";"";"";"";"Munich";"indelivery";1001;"2019-12-30"
22601;"energy";"electricity";2200;2153;"2018-02-22";"2018-05-01";"";"";"";"Düsseldorf";"indelivery";1000;"2019-12-11"
22602;"energy";"electricity";2600;2530;"2019-09-22";"2019-11-01";"";"";"";"Berlin";"indelivery";1001;"2020-04-01"
22603;"energy";"electricity";2900;2963;"2020-03-29";"2020-06-01";"";"";"";"Dortmund";"indelivery";1002;"2020-06-25"
22604;"energy";"electricity";2800;2765;"2018-03-01";"2018-04-01";"2019-09-30";"2019-08-31";"fristgerecht durch Kunde";"Hannover";"terminated";1002;"2019-08-12"
22605;"energy";"electricity";2900;2879;"2020-05-08";"2020-07-01";"";"";"";"Braunschweig";"indelivery";1000;"2020-05-22"
22606;"energy";"electricity";2600;2639;"2020-05-28";"2020-07-01";"";"";"";"Würzburg";"indelivery";1001;"2020-08-08"
22607;"energy";"electricity";2300;2259;"2019-08-08";"2019-12-01";"";"";"";"Berlin";"indelivery";1001;"2020-03-22"
22608;"energy";"electricity";2700;2881;"2018-06-27";"2018-10-01";"";"";"";"Berlin";"indelivery";1001;"2019-03-17"
22609;"energy";"electricity";3000;2922;"2019-11-13";"2020-07-01";"";"";"";"Bamberg";"indelivery";1000;"2020-06-25"
22610;"energy";"electricity";3000;3209;"2020-05-10";"2020-08-01";"2020-08-01";"2020-08-30";"Wiederruf";"Heilbronn";"terminated";1002;"2020-05-10"
22611;"energy";"electricity";2200;2143;"2020-01-06";"2020-02-01";"";"";"";"Münster";"indelivery";1002;"2020-06-11"
22612;"energy";"electricity";2100;2179;"2019-10-31";"2019-11-01";"";"";"";"Bielefeld";"indelivery";1001;"2019-12-19"
22613;"energy";"electricity";2300;2275;"2019-03-07";"2019-04-01";"";"";"";"Marienberg";"indelivery";1001;"2020-07-16"
22614;"energy";"electricity";2300;2390;"2018-07-03";"2018-09-01";"";"";"";"Berlin";"indelivery";1000;"2019-02-11"
22615;"energy";"electricity";2400;2271;"2020-02-24";"2021-07-01";"";"";"";"Munich";"active";1001;"2020-08-25"
22616;"energy";"electricity";2300;2290;"2020-08-18";"2020-10-01";"";"";"";"Berlin";"indelivery";1002;"2020-09-18"
22617;"energy";"gas";8600;8718;"2018-03-25";"2018-06-01";"";"";"";"Bielefeld";"indelivery";2000;"2020-04-13"
22618;"energy";"electricity";2500;"";"2018-05-12";"2018-07-01";"2019-08-31";"2019-08-03";"Umzug";"Cologne";"terminated";1002;"2019-08-03"
22619;"energy";"electricity";2600;2653;"2019-09-28";"2020-03-01";"";"";"";"Münster";"indelivery";1001;"2020-01-10"
22620;"energy";"gas";11100;"";"2018-11-03";"2019-04-01";"";"";"";"Marienberg";"indelivery";2001;"2019-08-20"
22621;"energy";"electricity";2200;2242;"2020-06-25";"2020-10-01";"";"";"";"Bremen";"indelivery";1001;"2020-09-05"
22622;"energy";"electricity";2400;2504;"2020-08-19";"2020-12-01";"";"";"";"Hamburg";"active";1000;"2020-09-17"
22623;"energy";"electricity";2700;2885;"2018-03-10";"2018-06-01";"2018-11-30";"2018-11-01";"fristgerecht durch Kunde";"Berlin";"terminated";1002;"2018-11-01"
22624;"energy";"electricity";2900;2975;"2018-08-03";"2018-12-01";"";"";"";"Bonn";"indelivery";1001;"2020-07-11"
22625;"energy";"electricity";2100;2115;"2019-02-22";"2019-04-01";"";"";"";"Dortmund";"indelivery";1001;"2019-04-08"
22626;"energy";"electricity";2000;2059;"2018-07-14";"2018-10-01";"";"";"";"Frankfurt";"indelivery";1002;"2020-09-28"
22627;"energy";"electricity";2900;2982;"2019-04-15";"2019-06-01";"";"";"";"Bielefeld";"indelivery";1000;"2019-08-13"
22628;"energy";"electricity";2100;2289;"2019-11-17";"2019-12-01";"";"";"";"Potsdam";"indelivery";1000;"2020-01-15"
22629;"energy";"gas";9400;"";"2019-06-07";"2019-12-01";"";"";"";"Berlin";"indelivery";2001;"2019-08-06"
22630;"energy";"electricity";2100;2042;"2019-05-06";"2019-07-01";"";"";"";"Berlin";"indelivery";1001;"2020-02-23"
22631;"energy";"electricity";2500;2469;"2019-12-22";"2020-03-01";"";"";"";"Mannheim";"indelivery";1000;"2020-06-17"
22632;"energy";"electricity";2200;2061;"2019-05-08";"2020-01-01";"2020-11-30";"2020-10-30";"fristgerecht durch LichtBlick";"Berlin";"cancelled";1000;"2020-07-13"
22633;"energy";"electricity";2400;2310;"2019-12-30";"2020-04-01";"";"";"";"Cologne";"indelivery";1001;"2020-02-11"
22634;"energy";"electricity";1900;1863;"2018-04-11";"2018-06-01";"";"";"";"Hamburg";"indelivery";1001;"2019-10-25"
22635;"energy";"gas";8200;8503;"2019-01-10";"2019-08-01";"";"";"";"Berlin";"indelivery";2001;"2020-08-26"
22636;"energy";"gas";11900;12307;"2018-10-24";"2019-06-01";"2020-01-31";"2020-01-03";"fristgerecht durch Kunde";"Stralsund";"terminated";2000;"2018-12-09"
22637;"energy";"electricity";2000;2143;"2019-08-21";"2019-10-01";"";"";"";"Freiburg";"indelivery";1000;"2020-06-17"
22638;"energy";"gas";10400;11149;"2019-03-27";"2019-09-01";"";"";"";"Munich";"indelivery";2001;"2019-05-01"
22639;"energy";"electricity";2800;2709;"2020-03-23";"2020-05-01";"";"";"";"Berlin";"indelivery";1000;"2020-07-08"
22640;"energy";"gas";11300;11852;"2019-05-15";"2019-08-01";"";"";"";"Cologne";"indelivery";2001;"2020-04-20"
22641;"energy";"electricity";2700;2613;"2018-08-19";"2018-11-01";"";"";"";"Berlin";"indelivery";1002;"2019-03-20"
22642;"energy";"electricity";2100;2212;"2019-11-28";"2020-01-01";"";"";"";"Frankfurt";"indelivery";1000;"2020-01-21"
22643;"energy";"electricity";2800;2984;"2019-10-01";"2019-10-01";"";"";"";"Bielefeld";"indelivery";1000;"2020-09-05"
22644;"energy";"electricity";2500;"";"2018-10-08";"2019-05-01";"";"";"";"Munich";"indelivery";1000;"2020-04-29"
22645;"energy";"electricity";2200;"";"2019-07-07";"2019-11-01";"";"";"";"Cologne";"indelivery";1001;"2019-09-02"
22646;"energy";"electricity";2000;1922;"2019-10-06";"2020-02-01";"";"";"";"Augsburg";"indelivery";1002;"2020-06-06"
22647;"energy";"electricity";2000;2162;"2018-04-30";"2018-06-01";"";"";"";"Hamburg";"indelivery";1001;"2018-07-11"
22648;"energy";"electricity";2600;2620;"2019-10-22";"2019-12-01";"";"";"";"Frankfurt";"indelivery";1002;"2020-09-25"
22649;"energy";"electricity";2100;2183;"2020-05-03";"2020-06-01";"";"";"";"Altchemnitz";"indelivery";1001;"2020-07-15"
22650;"energy";"electricity";2500;2508;"2020-07-17";"2020-10-01";"";"";"";"Marienberg";"indelivery";1000;"2020-09-18"
22651;"energy";"electricity";2300;2413;"2019-07-16";"2019-12-01";"";"";"";"Munich";"indelivery";1001;"2019-12-08"
22652;"energy";"gas";8300;8241;"2019-07-04";"2019-09-01";"";"";"";"Vechta";"indelivery";2000;"2019-09-05"
22653;"energy";"gas";11400;12106;"2019-10-16";"2020-07-01";"";"";"";"Hamburg";"indelivery";2000;"2020-01-17"
22654;"energy";"electricity";2200;2225;"2018-04-26";"2018-06-01";"";"";"";"Dresden";"indelivery";1001;"2018-08-01"
22655;"energy";"gas";8100;8631;"2020-05-31";"2021-01-01";"";"";"";"Cologne";"active";2000;"2020-07-14"
22656;"energy";"gas";11800;11367;"2020-03-19";"2020-07-01";"";"";"";"Bonn";"indelivery";2001;"2020-08-07"
22657;"energy";"electricity";2300;"";"2018-03-31";"2018-09-01";"";"";"";"Dortmund";"indelivery";1002;"2018-09-27"
22658;"energy";"electricity";2200;2349;"2018-08-10";"2019-05-01";"";"";"";"Hamburg";"indelivery";1000;"2019-06-29"
22659;"energy";"electricity";2700;"";"2019-11-06";"2020-06-01";"";"";"";"Duisburg";"indelivery";1001;"2020-06-15"
22660;"energy";"electricity";2000;2142;"2020-07-26";"2021-01-01";"";"";"";"Berlin";"active";1001;"2020-09-11"
22661;"energy";"electricity";2100;2053;"2019-06-13";"2019-07-01";"";"";"";"Rostock";"indelivery";1002;"2020-06-30"
22662;"energy";"electricity";2300;2370;"2020-01-15";"2020-03-01";"";"";"";"Essen";"indelivery";1002;"2020-07-31"
22663;"energy";"electricity";2000;2144;"2018-01-06";"2018-05-01";"2019-05-31";"2019-05-01";"Umzug";"Hamburg";"terminated";1001;"2019-05-01"
22664;"energy";"electricity";2600;"";"2018-07-27";"2018-10-01";"";"";"";"Frankfurt";"indelivery";1001;"2020-02-26"
22665;"energy";"electricity";2600;2819;"2020-09-10";"2020-12-01";"";"";"";"Berlin";"active";1002;"2020-09-24"
22666;"energy";"electricity";2000;2154;"2018-06-24";"2019-03-01";"";"";"";"Berlin";"indelivery";1002;"2018-07-27"
22667;"energy";"electricity";2700;2896;"2020-05-29";"2021-02-01";"";"";"";"Bielefeld";"active";1001;"2020-07-19"
22668;"energy";"gas";8000;8325;"2020-04-30";"2020-08-01";"";"";"";"Hamburg";"indelivery";2001;"2020-06-12"
22669;"energy";"electricity";2000;2130;"2019-09-04";"2019-10-01";"";"";"";"Berlin";"indelivery";1000;"2020-01-15"
22670;"energy";"electricity";2300;2421;"2018-06-02";"2018-08-01";"2018-10-31";"2018-10-03";"fristgerecht durch Kunde";"Düsseldorf";"terminated";1000;"2018-09-09"
22671;"energy";"electricity";2500;2742;"2019-12-22";"2020-02-01";"";"";"";"Wuppertal";"indelivery";1001;"2020-08-22"
22672;"energy";"electricity";2400;2327;"2020-07-15";"2020-09-01";"";"";"";"Hamburg";"indelivery";1001;"2020-09-10"
22673;"energy";"electricity";2300;2351;"2019-08-20";"2020-05-01";"";"";"";"Peine";"indelivery";1002;"2020-02-21"
22674;"energy";"electricity";2400;2558;"2018-08-31";"2018-09-01";"2020-08-31";"2020-07-29";"Umzug";"Frankfurt";"terminated";1002;"2020-05-02"
22675;"energy";"electricity";2200;2308;"2018-05-25";"2018-07-01";"2018-10-31";"2018-10-03";"fristgerecht durch LichtBlick";"Berlin";"terminated";1002;"2018-10-03"
22676;"energy";"electricity";2700;2579;"2020-04-23";"2020-06-01";"2020-06-01";"2020-07-01";"Wiederruf";"Kassel";"terminated";1001;"2020-07-01"
22677;"energy";"electricity";2100;2243;"2018-10-23";"2018-12-01";"";"";"";"Hamburg";"indelivery";1000;"2020-05-17"
22678;"energy";"electricity";2400;2527;"2020-04-17";"2020-06-01";"";"";"";"Cologne";"indelivery";1001;"2020-05-05"
22679;"energy";"electricity";2100;2055;"2019-01-16";"2019-03-01";"2019-03-01";"2019-12-03";"Wiederruf";"Frankfurt";"terminated";1002;"2019-10-09"
22680;"energy";"gas";8700;8787;"2019-11-27";"2020-01-01";"";"";"";"Saarbrücken";"indelivery";2001;"2020-04-06"
22681;"energy";"electricity";2300;2323;"2019-04-04";"2019-06-01";"";"";"";"Cologne";"indelivery";1001;"2020-08-30"
22682;"energy";"gas";9700;9407;"2019-09-12";"2019-11-01";"2020-10-31";"2020-10-03";"Umzug";"Hannover";"cancelled";2000;"2020-03-06"
22683;"energy";"electricity";2700;2805;"2018-10-09";"2019-04-01";"2020-07-31";"2020-07-03";"fristgerecht durch Kunde";"Duisburg";"terminated";1002;"2020-07-03"
22684;"energy";"electricity";3000;2964;"2020-07-28";"2020-09-01";"";"";"";"Oberhausen";"indelivery";1001;"2020-09-16"
22685;"energy";"electricity";2700;"";"2020-01-13";"2020-04-01";"";"";"";"Würzburg";"indelivery";1002;"2020-01-20"
22686;"energy";"electricity";2900;3135;"2020-03-19";"2020-08-01";"";"";"";"Saarbrücken";"indelivery";1000;"2020-03-27"
22687;"energy";"electricity";2400;2428;"2018-07-31";"2018-08-01";"";"";"";"Hamburg";"indelivery";1001;"2020-07-07"
22688;"energy";"electricity";2800;2938;"2018-05-20";"2018-07-01";"";"";"";"Berlin";"indelivery";1002;"2020-07-26"
22689;"energy";"electricity";2100;2198;"2019-11-02";"2020-01-01";"";"";"";"Stuttgart";"indelivery";1001;"2019-12-21"
22690;"energy";"electricity";3000;2960;"2019-06-20";"2019-08-01";"";"";"";"Hannover";"indelivery";1002;"2020-01-03"
22691;"energy";"electricity";2200;"";"2020-09-17";"2020-12-01";"";"";"";"Hannover";"active";1000;"2020-09-26"
22692;"energy";"electricity";2400;2522;"2020-02-05";"2020-08-01";"";"";"";"Rostock";"indelivery";1001;"2020-08-05"
22693;"energy";"electricity";2300;2330;"2020-07-07";"2020-09-01";"";"";"";"Essen";"indelivery";1000;"2020-08-09"
22694;"energy";"gas";11100;"";"2020-02-04";"2020-10-01";"";"";"";"Duisburg";"indelivery";2000;"2020-03-05"
22695;"energy";"electricity";2900;2961;"2018-12-08";"2019-04-01";"2019-04-01";"2019-05-30";"Wiederruf";"Erfurt";"terminated";1002;"2019-05-30"
22696;"energy";"electricity";2600;2720;"2019-04-12";"2019-05-01";"";"";"";"Duisburg";"indelivery";1001;"2020-03-03"
22697;"energy";"electricity";2300;2430;"2019-01-24";"2019-09-01";"2020-07-31";"2020-07-03";"fristgerecht durch Kunde";"Stuttgart";"terminated";1002;"2019-04-27"
22698;"energy";"electricity";2200;2062;"2018-12-20";"2019-01-01";"2020-12-31";"2020-12-03";"fristgerecht durch LichtBlick";"Weiden";"cancelled";1001;"2019-03-23"
22699;"energy";"electricity";2700;2597;"2019-09-12";"2020-03-01";"";"";"";"Berlin";"indelivery";1001;"2020-05-03"
22700;"energy";"electricity";3000;2813;"2019-06-20";"2019-07-01";"2020-10-31";"2020-10-01";"fristgerecht durch Kunde";"Hannover";"cancelled";1002;"2020-08-24"
22701;"energy";"electricity";2500;2494;"2018-09-22";"2019-01-01";"";"";"";"Munich";"indelivery";1000;"2020-03-04"
22702;"energy";"electricity";2500;2563;"2018-06-19";"2018-07-01";"2018-07-01";"2019-03-29";"Wiederruf";"Oldenburg";"terminated";1001;"2019-03-29"
22703;"energy";"electricity";2600;2545;"2018-02-22";"2018-07-01";"";"";"";"Berlin";"indelivery";1000;"2020-09-11"
22704;"energy";"electricity";2100;2235;"2019-09-17";"2019-10-01";"";"";"";"Stuttgart";"indelivery";1000;"2019-10-09"
22705;"energy";"electricity";2200;2108;"2019-12-19";"2020-07-01";"";"";"";"Schwerin";"indelivery";1002;"2020-02-24"
22706;"energy";"electricity";2000;1989;"2020-08-04";"2020-10-01";"";"";"";"Hannover";"indelivery";1002;"2020-08-20"
22707;"energy";"electricity";2100;"";"2019-05-18";"2019-07-01";"2020-09-30";"2020-08-30";"fristgerecht durch LichtBlick";"Emden";"terminated";1000;"2020-04-24"
22708;"energy";"electricity";2700;2830;"2019-07-20";"2019-12-01";"";"";"";"Berlin";"indelivery";1001;"2020-02-19"
22709;"energy";"electricity";2500;2400;"2020-01-15";"2020-05-01";"";"";"";"Hamburg";"indelivery";1001;"2020-01-18"
22710;"energy";"electricity";2100;2005;"2018-12-27";"2019-02-01";"2020-08-31";"2020-08-03";"Umzug";"Leipzig";"terminated";1002;"2020-01-15"
22711;"energy";"electricity";2100;2232;"2020-07-15";"2020-09-01";"";"";"";"Hamburg";"indelivery";1001;"2020-09-22"
22712;"energy";"electricity";2200;2128;"2018-10-30";"2019-03-01";"2019-03-01";"2019-06-27";"Wiederruf";"Düsseldorf";"terminated";1001;"2019-02-02"
22713;"energy";"electricity";2500;2339;"2019-01-30";"2019-04-01";"";"";"";"Munich";"indelivery";1000;"2019-09-07"
22714;"energy";"electricity";2300;2382;"2019-09-17";"2019-12-01";"";"";"";"Hannover";"indelivery";1002;"2020-04-28"
22715;"energy";"electricity";2200;2207;"2018-08-30";"2019-03-01";"";"";"";"Hamburg";"indelivery";1002;"2020-05-12"
22716;"energy";"electricity";2100;2000;"2019-04-11";"2019-07-01";"";"";"";"Munich";"indelivery";1002;"2019-07-27"
22717;"energy";"electricity";2800;2992;"2018-12-11";"2019-02-01";"";"";"";"Essen";"indelivery";1000;"2020-05-14"
22718;"energy";"electricity";2700;2740;"2020-08-08";"2020-09-01";"";"";"";"Bremen";"indelivery";1001;"2020-09-27"
22719;"energy";"electricity";2100;2084;"2020-02-17";"2021-02-01";"";"";"";"Cologne";"active";1000;"2020-08-15"
22720;"energy";"electricity";2100;2219;"2020-08-13";"2020-10-01";"";"";"";"Bielefeld";"indelivery";1000;"2020-08-31"
22721;"energy";"electricity";2600;2567;"2019-01-04";"2019-08-01";"";"";"";"Duisburg";"indelivery";1000;"2019-04-10"
22722;"energy";"electricity";2600;2519;"2020-04-21";"2021-01-01";"";"";"";"Hamburg";"active";1000;"2020-05-04"
22723;"energy";"electricity";2600;2657;"2018-04-08";"2018-06-01";"";"";"";"Mannheim";"indelivery";1000;"2018-11-30"
22724;"energy";"gas";7600;7288;"2020-09-12";"2021-05-01";"";"";"";"Cologne";"active";2000;"2020-09-17"
22725;"energy";"electricity";3000;3133;"2018-08-27";"2018-10-01";"2018-10-01";"2019-10-02";"Wiederruf";"Saarlouis";"terminated";1002;"2018-10-18"
22726;"energy";"electricity";2600;2685;"2020-01-28";"2020-05-01";"2020-11-30";"2020-11-02";"fristgerecht durch Kunde";"Hamburg";"cancelled";1001;"2020-09-21"
22727;"energy";"electricity";2900;2911;"2020-09-09";"2020-11-01";"";"";"";"Frankfurt";"active";1001;"2020-09-23"
22728;"energy";"electricity";2400;2316;"2019-10-08";"2020-03-01";"";"";"";"Mannheim";"indelivery";1000;"2020-07-19"
22729;"energy";"electricity";2500;2606;"2018-02-23";"2018-08-01";"2018-08-01";"2019-02-16";"Wiederruf";"Berlin";"terminated";1001;"2018-06-12"
22730;"energy";"electricity";2900;2773;"2018-09-19";"2018-11-01";"";"";"";"Frankfurt";"indelivery";1002;"2019-05-19"
22731;"energy";"electricity";2500;"";"2019-06-09";"2019-08-01";"";"";"";"Duisburg";"indelivery";1001;"2020-02-04"
22732;"energy";"electricity";2300;2239;"2020-05-07";"2020-07-01";"";"";"";"Augsburg";"indelivery";1002;"2020-07-08"
22733;"energy";"electricity";3100;3063;"2018-08-24";"2019-01-01";"";"";"";"Nordhorn";"indelivery";1001;"2020-07-09"
22734;"energy";"gas";8200;8557;"2018-12-28";"2019-03-01";"2020-03-31";"2020-03-01";"fristgerecht durch Kunde";"Marienberg";"terminated";2001;"2020-01-02"
22735;"energy";"electricity";2600;2749;"2020-06-09";"2021-03-01";"";"";"";"Ulm";"active";1001;"2020-08-18"
22736;"energy";"electricity";2800;2778;"2020-02-06";"2020-04-01";"";"";"";"Dortmund";"indelivery";1000;"2020-06-17"
22737;"energy";"electricity";2200;2149;"2018-05-12";"2018-12-01";"";"";"";"Düsseldorf";"indelivery";1001;"2020-05-06"
22738;"energy";"gas";10100;10304;"2020-06-30";"2020-09-01";"";"";"";"Bonn";"indelivery";2001;"2020-09-10"
22739;"energy";"electricity";2200;2347;"2018-06-02";"2019-10-01";"";"";"";"Altchemnitz";"indelivery";1002;"2019-10-29"
22740;"energy";"electricity";2400;2467;"2018-12-28";"2019-12-01";"";"";"";"Mannheim";"indelivery";1002;"2020-07-08"
22741;"energy";"gas";8900;8814;"2019-08-15";"2020-01-01";"2020-07-31";"2020-07-01";"Umzug";"Leipzig";"terminated";2000;"2020-06-06"
22742;"energy";"electricity";2200;2274;"2020-08-03";"2021-04-01";"";"";"";"Stuttgart";"active";1001;"2020-08-10"
22743;"energy";"electricity";2900;3023;"2018-08-20";"2018-11-01";"";"";"";"Gera";"indelivery";1002;"2019-06-05"
22744;"energy";"electricity";2700;2898;"2019-04-22";"2019-08-01";"";"";"";"Braunschweig";"indelivery";1001;"2020-07-31"
22745;"energy";"electricity";2800;3005;"2019-08-20";"2019-12-01";"2020-03-31";"2020-02-24";"fristgerecht durch LichtBlick";"Wiesbaden";"terminated";1002;"2020-02-24"
22746;"energy";"electricity";2800;2893;"2019-06-20";"2019-09-01";"2020-11-30";"2020-10-25";"fristgerecht durch LichtBlick";"Berlin";"cancelled";1001;"2019-07-21"
22747;"energy";"electricity";2800;2861;"2020-08-26";"2021-02-01";"";"";"";"Hamburg";"active";1000;"2020-09-01"
22748;"energy";"gas";11000;11098;"2018-08-25";"2019-01-01";"2019-05-31";"2019-04-26";"Umzug";"Hamburg";"terminated";2001;"2019-04-26"
22749;"energy";"electricity";2200;2326;"2019-01-04";"2019-03-01";"";"";"";"Steinfurt";"indelivery";1000;"2020-05-29"
22750;"energy";"gas";8100;"";"2018-10-02";"2018-11-01";"2018-11-01";"2019-11-28";"Wiederruf";"Munich";"terminated";2001;"2019-11-28"
22751;"energy";"gas";10200;10905;"2019-03-05";"2019-05-01";"";"";"";"Berlin";"indelivery";2000;"2019-09-20"
22752;"energy";"electricity";2600;2509;"2020-03-23";"2021-02-01";"";"";"";"Berlin";"active";1000;"2020-05-02"
22753;"energy";"electricity";2800;2761;"2020-08-10";"2021-01-01";"";"";"";"Bremen";"active";1000;"2020-09-22"
22754;"energy";"electricity";2400;2592;"2020-03-22";"2020-05-01";"";"";"";"Schwerin";"indelivery";1002;"2020-07-21"
22755;"energy";"gas";8900;9332;"2020-08-04";"2020-10-01";"";"";"";"Münster";"indelivery";2000;"2020-09-05"
22756;"energy";"electricity";2100;2185;"2018-01-05";"2018-03-01";"";"";"";"Osnabrück";"indelivery";1001;"2019-03-15"
22757;"energy";"electricity";2500;2571;"2018-02-13";"2018-05-01";"2020-09-30";"2020-08-31";"fristgerecht durch Kunde";"Frankfurt";"terminated";1000;"2020-01-12"
22758;"energy";"electricity";2700;2717;"2019-01-01";"2019-05-01";"";"";"";"Essen";"indelivery";1001;"2019-02-26"
22759;"energy";"electricity";2000;2174;"2020-09-21";"2020-11-01";"";"";"";"Hamburg";"active";1001;"2020-09-29"
22760;"energy";"electricity";2800;2910;"2019-03-11";"2020-09-01";"";"";"";"Hamburg";"indelivery";1000;"2019-09-30"
22761;"energy";"gas";11000;11510;"2019-08-19";"2020-02-01";"";"";"";"Rostock";"indelivery";2000;"2020-08-23"
22762;"energy";"electricity";2900;3093;"2019-06-02";"2019-10-01";"";"";"";"Gütersloh";"indelivery";1001;"2020-05-12"
22763;"energy";"electricity";2700;"";"2018-11-16";"2019-01-01";"";"";"";"Karlsruhe";"indelivery";1002;"2019-05-30"
22764;"energy";"gas";8000;7723;"2019-04-16";"2019-09-01";"";"";"";"Hamburg";"indelivery";2001;"2019-10-03"
22765;"energy";"electricity";2800;2689;"2020-06-15";"2020-12-01";"";"";"";"Cologne";"active";1000;"2020-08-20"
22766;"energy";"electricity";3000;2974;"2020-06-26";"2020-10-01";"";"";"";"Neuruppin";"indelivery";1000;"2020-09-09"
22767;"energy";"electricity";2100;2018;"2018-10-29";"2019-01-01";"";"";"";"Stuttgart";"indelivery";1002;"2020-03-11"
22768;"energy";"electricity";2000;2122;"2018-02-25";"2018-11-01";"2019-06-30";"2019-06-02";"Umzug";"Coburg";"terminated";1000;"2018-11-04"
22769;"energy";"electricity";3000;3021;"2019-03-25";"2019-08-01";"2020-01-31";"2020-01-03";"Umzug";"Duisburg";"terminated";1001;"2020-01-03"
22770;"energy";"electricity";2600;2685;"2018-12-11";"2019-02-01";"";"";"";"Hannover";"indelivery";1001;"2019-03-25"
22771;"energy";"electricity";2100;2156;"2019-01-22";"2019-02-01";"2020-08-31";"2020-07-29";"fristgerecht durch LichtBlick";"Dresden";"terminated";1001;"2019-02-19"
22772;"energy";"electricity";2600;2702;"2020-09-22";"2021-03-01";"";"";"";"Nordhorn";"active";1001;"2020-09-24"
22773;"energy";"electricity";2200;2160;"2019-12-11";"2020-02-01";"";"";"";"Berlin";"indelivery";1000;"2020-09-18"
22774;"energy";"electricity";2300;2442;"2020-08-04";"2021-01-01";"";"";"";"Duisburg";"active";1001;"2020-08-04"
22775;"energy";"electricity";2900;"";"2019-02-01";"2020-07-01";"";"";"";"Bremen";"indelivery";1000;"2020-08-22"
22776;"energy";"electricity";2900;2939;"2018-12-29";"2019-08-01";"";"";"";"Essen";"indelivery";1002;"2019-03-17"
22777;"energy";"gas";9100;9497;"2018-09-30";"2018-10-01";"";"";"";"Koblenz";"indelivery";2000;"2019-08-23"
22778;"energy";"electricity";2200;2374;"2018-01-10";"2018-03-01";"";"";"";"Berlin";"indelivery";1000;"2018-04-20"
22779;"energy";"electricity";2200;2364;"2019-02-15";"2019-05-01";"";"";"";"Dresden";"indelivery";1002;"2019-11-09"
22780;"energy";"electricity";2800;2884;"2019-07-12";"2019-09-01";"";"";"";"Essen";"indelivery";1002;"2020-04-21"
22781;"energy";"electricity";2300;2434;"2020-03-22";"2020-05-01";"";"";"";"Karlsruhe";"indelivery";1002;"2020-08-04"
22782;"energy";"gas";8500;8248;"2019-06-14";"2019-08-01";"";"";"";"Hamburg";"indelivery";2000;"2020-09-17"
22783;"energy";"electricity";2500;2421;"2020-06-18";"2020-10-01";"";"";"";"Berlin";"indelivery";1001;"2020-08-29"
22784;"energy";"electricity";2700;2660;"2020-08-28";"2020-09-01";"";"";"";"Düsseldorf";"indelivery";1001;"2020-09-18"
22785;"energy";"gas";9400;9499;"2019-12-05";"2020-10-01";"";"";"";"Cologne";"indelivery";2000;"2019-12-30"
22786;"energy";"electricity";2100;2027;"2019-08-16";"2020-02-01";"";"";"";"Dortmund";"indelivery";1002;"2020-06-18"
22787;"energy";"electricity";3000;3049;"2019-07-16";"2019-09-01";"";"";"";"Augsburg";"indelivery";1002;"2020-02-18"
22788;"energy";"electricity";2300;2320;"2020-02-28";"2020-07-01";"";"";"";"Rostock";"indelivery";1000;"2020-05-20"
22789;"energy";"electricity";2300;2205;"2020-08-09";"2020-09-01";"";"";"";"Berlin";"indelivery";1000;"2020-09-22"
22790;"energy";"electricity";2100;2073;"2020-02-13";"2020-04-01";"2020-06-30";"2020-06-01";"fristgerecht durch Kunde";"Wuppertal";"terminated";1000;"2020-05-10"
22791;"energy";"gas";10000;10698;"2020-05-19";"2021-01-01";"";"";"";"Rostock";"active";2000;"2020-06-28"
22792;"energy";"electricity";2200;2291;"2019-03-25";"2019-04-01";"";"";"";"Berlin";"indelivery";1000;"2019-12-25"
22793;"energy";"electricity";2800;3017;"2018-07-01";"2018-10-01";"";"";"";"Berlin";"indelivery";1002;"2020-09-20"
22794;"energy";"gas";11100;10727;"2019-10-08";"2019-12-01";"";"";"";"Essen";"indelivery";2000;"2020-06-03"
22795;"energy";"electricity";2300;2151;"2018-09-25";"2018-11-01";"2019-05-31";"2019-04-30";"fristgerecht durch LichtBlick";"Munich";"terminated";1001;"2019-04-30"
22796;"energy";"electricity";2600;"";"2018-11-09";"2019-02-01";"";"";"";"Frankfurt";"indelivery";1002;"2019-01-17"
22797;"energy";"electricity";2300;2243;"2020-09-10";"2021-01-01";"";"";"";"Hamburg";"active";1002;"2020-09-13"
22798;"energy";"electricity";2800;2718;"2020-09-26";"2020-11-01";"";"";"";"Hannover";"active";1000;"2020-09-27"
22799;"energy";"gas";10900;10837;"2018-12-26";"2019-05-01";"2020-02-29";"2020-01-29";"fristgerecht durch LichtBlick";"Bremen";"terminated";2001;"2019-10-29"
22800;"energy";"electricity";2700;2779;"2020-06-04";"2020-11-01";"";"";"";"Hamburg";"active";1001;"2020-08-27"
22801;"energy";"electricity";2900;"";"2019-11-03";"2020-01-01";"";"";"";"Duisburg";"indelivery";1000;"2020-08-08"
22802;"energy";"electricity";2900;"";"2020-04-05";"2020-06-01";"";"";"";"Lübeck";"indelivery";1002;"2020-06-21"
22803;"energy";"electricity";2800;2694;"2018-03-05";"2019-01-01";"";"";"";"Bielefeld";"indelivery";1002;"2018-04-23"
22804;"energy";"electricity";2700;2582;"2018-10-19";"2018-12-01";"";"";"";"Leipzig";"indelivery";1001;"2019-06-26"
22805;"energy";"electricity";2400;2341;"2018-12-30";"2019-06-01";"";"";"";"Fürth";"indelivery";1002;"2020-04-27"
22806;"energy";"electricity";2800;2671;"2020-04-04";"2020-10-01";"";"";"";"Kitzingen";"indelivery";1000;"2020-06-25"
22807;"energy";"electricity";2900;2907;"2018-04-05";"2018-07-01";"2019-06-30";"2019-05-30";"fristgerecht durch Kunde";"Stuttgart";"terminated";1000;"2019-05-30"
22808;"energy";"electricity";2100;2134;"2019-01-16";"2019-04-01";"";"";"";"Hannover";"indelivery";1002;"2019-08-21"
22809;"energy";"electricity";2900;3089;"2019-07-23";"2019-09-01";"2019-10-31";"2019-10-03";"Umzug";"Munich";"terminated";1001;"2019-07-29"
22810;"energy";"electricity";2700;2861;"2018-08-07";"2018-10-01";"2020-05-31";"2020-05-03";"fristgerecht durch LichtBlick";"Mainz";"terminated";1002;"2020-04-08"
22811;"energy";"gas";8300;"";"2019-05-09";"2019-08-01";"";"";"";"Altchemnitz";"indelivery";2000;"2019-10-22"
22812;"energy";"gas";11200;10703;"2019-07-27";"2019-09-01";"";"";"";"Mainz";"indelivery";2001;"2020-05-29"
22813;"energy";"gas";11300;11113;"2019-08-03";"2019-10-01";"";"";"";"Münster";"indelivery";2001;"2020-07-28"
22814;"energy";"electricity";2600;2528;"2019-06-27";"2019-07-01";"";"";"";"Bremen";"indelivery";1000;"2020-08-16"
22815;"energy";"electricity";2600;2529;"2018-03-13";"2018-04-01";"";"";"";"Münster";"indelivery";1001;"2019-09-01"
22816;"energy";"electricity";2900;2835;"2018-10-29";"2019-04-01";"";"";"";"Dresden";"indelivery";1000;"2019-11-02"
22817;"energy";"gas";9000;8582;"2019-03-07";"2019-11-01";"2020-03-31";"2020-03-01";"fristgerecht durch LichtBlick";"Augsburg";"terminated";2001;"2019-12-11"
22818;"energy";"electricity";2200;2189;"2020-06-04";"2021-03-01";"";"";"";"Bonn";"active";1000;"2020-06-13"
22819;"energy";"electricity";2700;2653;"2020-01-14";"2020-03-01";"";"";"";"Marienberg";"indelivery";1000;"2020-02-27"
22820;"energy";"gas";11200;11908;"2018-10-29";"2018-11-01";"";"";"";"Berlin";"indelivery";2000;"2020-03-04"
22821;"energy";"electricity";1900;1923;"2019-08-07";"2019-12-01";"";"";"";"Hamburg";"indelivery";1000;"2019-09-21"
22822;"energy";"gas";8200;8339;"2019-04-30";"2019-09-01";"";"";"";"Hamburg";"indelivery";2000;"2020-05-30"
22823;"energy";"gas";11400;11119;"2018-07-04";"2018-12-01";"2020-03-31";"2020-03-02";"fristgerecht durch Kunde";"Berlin";"terminated";2000;"2020-03-02"
22824;"energy";"electricity";2800;2971;"2020-07-09";"2020-09-01";"";"";"";"Dachau";"indelivery";1000;"2020-09-25"
22825;"energy";"electricity";2900;2934;"2018-05-28";"2018-06-01";"2020-10-31";"2020-10-01";"fristgerecht durch Kunde";"Berlin";"cancelled";1000;"2019-06-10"
22826;"energy";"electricity";2700;2693;"2020-06-29";"2020-09-01";"";"";"";"Plauen";"indelivery";1002;"2020-09-13"
22827;"energy";"electricity";2600;2717;"2020-02-19";"2020-04-01";"";"";"";"Marienberg";"indelivery";1002;"2020-09-12"
22828;"energy";"electricity";2200;2322;"2018-10-04";"2019-02-01";"";"";"";"Hamburg";"indelivery";1000;"2019-06-03"
22829;"energy";"electricity";2400;2321;"2020-01-21";"2020-04-01";"";"";"";"Duisburg";"indelivery";1001;"2020-08-03"
22830;"energy";"electricity";2800;2704;"2019-04-11";"2019-09-01";"";"";"";"Tuttlingen";"indelivery";1001;"2020-02-16"
22831;"energy";"electricity";2700;2731;"2020-02-04";"2020-03-01";"";"";"";"Dresden";"indelivery";1002;"2020-05-01"
22832;"energy";"electricity";2600;2779;"2020-06-29";"2020-09-01";"";"";"";"Koblenz";"indelivery";1000;"2020-07-18"
22833;"energy";"electricity";2500;2547;"2019-03-29";"2019-07-01";"";"";"";"Hamburg";"indelivery";1000;"2019-08-03"
22834;"energy";"electricity";2800;2810;"2019-09-11";"2019-12-01";"2020-03-31";"2020-02-28";"fristgerecht durch Kunde";"Dresden";"terminated";1001;"2020-02-28"
22835;"energy";"electricity";2000;1976;"2020-06-04";"2020-08-01";"";"";"";"Munich";"indelivery";1000;"2020-09-08"
22836;"energy";"electricity";2200;2190;"2019-05-08";"2019-07-01";"";"";"";"Berlin";"indelivery";1000;"2020-05-17"
22837;"energy";"electricity";2200;2370;"2020-04-20";"2021-03-01";"";"";"";"Bonn";"active";1001;"2020-07-09"
22838;"energy";"electricity";2600;2638;"2018-01-20";"2019-07-01";"";"";"";"Leipzig";"indelivery";1000;"2019-07-17"
22839;"energy";"gas";9900;10622;"2019-02-07";"2019-07-01";"";"";"";"Braunschweig";"indelivery";2001;"2020-01-26"
22840;"energy";"electricity";2800;3012;"2020-08-29";"2020-12-01";"";"";"";"Hamburg";"active";1002;"2020-09-14"
22841;"energy";"electricity";2200;2245;"2019-07-15";"2019-09-01";"";"";"";"Essen";"indelivery";1002;"2020-06-14"
22842;"energy";"electricity";2400;2364;"2018-06-21";"2018-08-01";"";"";"";"Bremen";"indelivery";1002;"2020-02-08"
22843;"energy";"gas";10800;11427;"2018-01-14";"2018-02-01";"2018-11-30";"2018-10-28";"fristgerecht durch LichtBlick";"Stuttgart";"terminated";2000;"2018-10-28"
22844;"energy";"electricity";2300;2328;"2019-05-31";"2019-12-01";"";"";"";"Berlin";"indelivery";1001;"2020-02-09"
22845;"energy";"gas";7900;8133;"2019-06-08";"2019-10-01";"2020-12-31";"2020-11-29";"fristgerecht durch LichtBlick";"Hamburg";"cancelled";2001;"2019-07-23"
22846;"energy";"electricity";2600;2635;"2019-02-13";"2019-06-01";"";"";"";"Hamburg";"indelivery";1002;"2020-07-26"
22847;"energy";"electricity";2400;2326;"2018-01-13";"2018-05-01";"";"";"";"Potsdam";"indelivery";1002;"2019-11-23"
22848;"energy";"electricity";2800;2850;"2020-04-28";"2020-06-01";"";"";"";"Frankfurt";"indelivery";1000;"2020-09-12"
22849;"energy";"gas";8700;8693;"2019-05-17";"2020-01-01";"";"";"";"Rostock";"indelivery";2001;"2019-07-23"
22850;"energy";"electricity";3000;3016;"2018-06-29";"2018-09-01";"2020-12-31";"2020-12-02";"fristgerecht durch LichtBlick";"Münster";"cancelled";1001;"2018-12-05"
22851;"energy";"electricity";3000;2919;"2018-10-13";"2019-03-01";"";"";"";"Jena";"indelivery";1000;"2020-05-20"
22852;"energy";"electricity";2500;2488;"2019-01-29";"2019-03-01";"";"";"";"Ingolstadt";"indelivery";1001;"2019-06-22"
22853;"energy";"electricity";2500;2548;"2019-07-17";"2019-12-01";"";"";"";"Hamburg";"indelivery";1002;"2020-02-10"
22854;"energy";"electricity";2100;2191;"2019-03-28";"2019-05-01";"2020-12-31";"2020-11-29";"Umzug";"Erfurt";"cancelled";1000;"2020-06-19"
22855;"energy";"electricity";2300;2410;"2020-05-20";"2020-09-01";"";"";"";"Hamburg";"indelivery";1001;"2020-06-02"
22856;"energy";"electricity";2300;2205;"2019-02-03";"2019-03-01";"";"";"";"Lübeck";"indelivery";1001;"2020-07-31"
22857;"energy";"electricity";2500;2542;"2020-07-02";"2020-08-01";"";"";"";"Wiesbaden";"indelivery";1001;"2020-07-23"
22858;"energy";"electricity";2400;2303;"2020-08-11";"2020-11-01";"";"";"";"Rosenheim";"active";1002;"2020-08-11"
22859;"energy";"gas";9600;10118;"2020-03-30";"2020-05-01";"";"";"";"Berlin";"indelivery";2000;"2020-08-18"
22860;"energy";"electricity";2300;2399;"2018-02-12";"2018-03-01";"2018-03-01";"2019-09-26";"Wiederruf";"Göttingen";"terminated";1001;"2019-04-26"
22861;"energy";"electricity";2300;2271;"2018-11-09";"2019-05-01";"";"";"";"Frankfurt";"indelivery";1001;"2020-05-01"
22862;"energy";"electricity";2400;2564;"2019-12-09";"2020-05-01";"";"";"";"Berlin";"indelivery";1000;"2020-05-29"
22863;"energy";"gas";9000;9464;"2019-08-20";"2020-06-01";"";"";"";"Munich";"indelivery";2000;"2019-10-09"
22864;"energy";"electricity";2200;2125;"2020-02-04";"2020-07-01";"";"";"";"Munich";"indelivery";1001;"2020-03-07"
22865;"energy";"electricity";2100;2035;"2018-07-08";"2018-09-01";"";"";"";"Dresden";"indelivery";1001;"2019-09-21"
22866;"energy";"electricity";2600;2804;"2019-01-15";"2019-03-01";"";"";"";"Dresden";"indelivery";1000;"2019-06-02"
22867;"energy";"electricity";3100;3232;"2019-07-28";"2020-02-01";"";"";"";"Recklinghausen";"indelivery";1002;"2020-08-31"
22868;"energy";"gas";8000;7987;"2019-08-24";"2019-10-01";"";"";"";"Hannover";"indelivery";2001;"2020-05-21"
22869;"energy";"electricity";2700;2781;"2018-03-17";"2018-05-01";"";"";"";"Kiel";"indelivery";1000;"2019-01-23"
22870;"energy";"electricity";2200;2265;"2019-02-07";"2019-04-01";"";"";"";"Osnabrück";"indelivery";1000;"2019-07-31"
22871;"energy";"electricity";2700;2665;"2018-05-23";"2018-06-01";"";"";"";"Essen";"indelivery";1000;"2019-12-12"
22872;"energy";"electricity";2700;2638;"2018-04-27";"2018-09-01";"";"";"";"Dortmund";"indelivery";1002;"2019-04-16"
22873;"energy";"electricity";2100;"";"2018-05-07";"2018-12-01";"";"";"";"Magdeburg";"indelivery";1002;"2018-07-07"
22874;"energy";"electricity";2300;2436;"2019-10-25";"2019-12-01";"";"";"";"Bremen";"indelivery";1002;"2020-09-04"
22875;"energy";"electricity";2700;2694;"2018-10-04";"2019-02-01";"";"";"";"Bremen";"indelivery";1001;"2020-07-13"
22876;"energy";"electricity";2600;2535;"2018-11-05";"2019-05-01";"";"";"";"Hamburg";"indelivery";1001;"2020-08-27"
22877;"energy";"gas";11000;"";"2019-04-22";"2019-06-01";"2019-06-01";"2019-11-01";"Wiederruf";"Stuttgart";"terminated";2001;"2019-04-22"
22878;"energy";"electricity";2600;"";"2018-12-25";"2019-08-01";"";"";"";"Berlin";"indelivery";1000;"2019-12-25"
22879;"energy";"electricity";2500;2722;"2018-07-01";"2019-05-01";"";"";"";"Munich";"indelivery";1001;"2019-08-18"
22880;"energy";"gas";11100;10548;"2020-03-11";"2020-05-01";"";"";"";"Heidelberg";"indelivery";2000;"2020-06-02"
22881;"energy";"electricity";2300;"";"2020-05-11";"2021-11-01";"";"";"";"Cologne";"active";1002;"2020-08-08"
22882;"energy";"electricity";2200;2250;"2018-05-13";"2018-07-01";"";"";"";"Flensburg";"indelivery";1001;"2019-04-24"
22883;"energy";"gas";12000;11766;"2020-02-19";"2020-09-01";"";"";"";"Hofheim";"indelivery";2001;"2020-04-26"
22884;"energy";"electricity";2400;2477;"2020-01-29";"2020-04-01";"";"";"";"Braunschweig";"indelivery";1000;"2020-04-24"
22885;"energy";"electricity";2000;1891;"2018-08-05";"2019-11-01";"";"";"";"Berlin";"indelivery";1000;"2018-10-21"
22886;"energy";"electricity";2000;1958;"2018-08-09";"2018-10-01";"2020-11-30";"2020-10-29";"fristgerecht durch LichtBlick";"Hamburg";"cancelled";1002;"2019-09-25"
22887;"energy";"gas";10200;10163;"2018-12-18";"2019-01-01";"";"";"";"Stuttgart";"indelivery";2001;"2020-05-09"
22888;"energy";"electricity";2200;2282;"2020-06-03";"2020-07-01";"";"";"";"Bonn";"indelivery";1002;"2020-09-07"
22889;"energy";"electricity";2000;1966;"2020-07-15";"2020-09-01";"2020-12-31";"2020-12-02";"Umzug";"Duisburg";"cancelled";1000;"2020-07-18"
22890;"energy";"electricity";1900;1841;"2018-03-05";"2019-01-01";"";"";"";"Berlin";"indelivery";1000;"2020-01-12"
22891;"energy";"electricity";2100;2224;"2019-05-16";"2019-10-01";"";"";"";"Frankfurt";"indelivery";1002;"2019-10-18"
22892;"energy";"electricity";2900;2857;"2019-11-17";"2019-12-01";"2020-12-31";"2020-12-01";"fristgerecht durch Kunde";"Essen";"cancelled";1002;"2020-05-20"
22893;"energy";"electricity";2800;2736;"2019-09-17";"2019-10-01";"2020-12-31";"2020-12-03";"fristgerecht durch LichtBlick";"Essen";"cancelled";1002;"2020-07-13"
22894;"energy";"electricity";2100;"";"2018-11-11";"2018-12-01";"";"";"";"Berlin";"indelivery";1002;"2019-11-04"
22895;"energy";"electricity";2800;2819;"2020-03-01";"2020-05-01";"";"";"";"Cologne";"indelivery";1000;"2020-09-10"
22896;"energy";"gas";10000;10118;"2020-08-01";"2021-02-01";"";"";"";"Berlin";"active";2001;"2020-08-12"
22897;"energy";"gas";10200;10236;"2018-08-22";"2018-10-01";"";"";"";"Cologne";"indelivery";2000;"2018-12-12"
22898;"energy";"electricity";2500;2724;"2018-06-04";"2018-10-01";"";"";"";"Marienberg";"indelivery";1002;"2019-01-20"
22899;"energy";"electricity";2900;3053;"2018-11-20";"2019-03-01";"";"";"";"Kassel";"indelivery";1001;"2020-03-01"
22900;"energy";"electricity";2100;1970;"2019-04-20";"2019-06-01";"2019-08-31";"2019-07-30";"fristgerecht durch LichtBlick";"Duisburg";"terminated";1001;"2019-07-30"
22901;"energy";"electricity";2000;2109;"2019-07-30";"2019-09-01";"2020-09-30";"2020-09-02";"fristgerecht durch Kunde";"Hamburg";"terminated";1001;"2020-08-05"
22902;"energy";"electricity";2700;2765;"2020-05-23";"2020-06-01";"";"";"";"Kiel";"indelivery";1001;"2020-08-04"
22903;"energy";"electricity";2700;2831;"2018-03-06";"2018-05-01";"";"";"";"Berlin";"indelivery";1002;"2019-03-17"
22904;"energy";"gas";9500;"";"2020-05-09";"2020-07-01";"";"";"";"Sonneberg";"indelivery";2000;"2020-07-19"
22905;"energy";"electricity";2700;"";"2020-03-19";"2020-04-01";"";"";"";"Oldenburg";"indelivery";1000;"2020-06-13"
22906;"energy";"electricity";2100;2027;"2018-02-19";"2018-03-01";"";"";"";"Emden";"indelivery";1002;"2019-01-03"
22907;"energy";"electricity";2800;2824;"2019-06-20";"2019-07-01";"2019-11-30";"2019-11-01";"fristgerecht durch Kunde";"Hamburg";"terminated";1000;"2019-11-01"
22908;"energy";"electricity";1900;1939;"2020-06-15";"2021-01-01";"";"";"";"Hamburg";"active";1002;"2020-08-09"
22909;"energy";"electricity";2300;2311;"2018-10-03";"2018-11-01";"2020-12-31";"2020-12-03";"Umzug";"Potsdam";"cancelled";1002;"2020-07-01"
22910;"energy";"electricity";2000;2096;"2020-09-11";"2020-11-01";"";"";"";"Duisburg";"active";1001;"2020-09-25"
22911;"energy";"electricity";2200;2152;"2019-08-30";"2020-01-01";"";"";"";"Jena";"indelivery";1000;"2020-08-13"
22912;"energy";"electricity";2400;2461;"2018-04-18";"2018-08-01";"";"";"";"Suhl";"indelivery";1001;"2020-04-07"
22913;"energy";"electricity";2500;2577;"2020-04-23";"2021-03-01";"";"";"";"Ingolstadt";"active";1000;"2020-07-14"
22914;"energy";"electricity";2200;2281;"2018-10-30";"2019-08-01";"";"";"";"Munich";"indelivery";1000;"2020-07-02"
22915;"energy";"electricity";2300;2486;"2018-06-09";"2018-08-01";"";"";"";"Essen";"indelivery";1001;"2019-09-19"
22916;"energy";"electricity";2900;2863;"2020-09-19";"2021-04-01";"";"";"";"Hannover";"active";1001;"2020-09-22"
22917;"energy";"electricity";2900;2839;"2019-10-11";"2019-11-01";"";"";"";"Kiel";"indelivery";1000;"2020-03-03"
22918;"energy";"gas";8900;9067;"2019-07-29";"2019-10-01";"";"";"";"Mannheim";"indelivery";2000;"2019-09-19"
22919;"energy";"electricity";2000;1998;"2019-04-27";"2019-05-01";"";"";"";"Munich";"indelivery";1002;"2019-07-17"
22920;"energy";"electricity";3200;3093;"2018-12-28";"2019-02-01";"";"";"";"Bad Reichenhall";"indelivery";1002;"2019-06-07"
22921;"energy";"electricity";2400;2466;"2019-08-29";"2019-10-01";"";"";"";"Wuppertal";"indelivery";1001;"2020-06-13"
22922;"energy";"gas";10900;11032;"2020-05-15";"2020-09-01";"";"";"";"Karlsruhe";"indelivery";2000;"2020-05-23"
22923;"energy";"electricity";2400;2320;"2018-03-02";"2018-05-01";"";"";"";"Jena";"indelivery";1000;"2019-06-09"
22924;"energy";"electricity";2800;2883;"2020-08-15";"2020-10-01";"";"";"";"Hamburg";"indelivery";1002;"2020-09-23"
22925;"energy";"electricity";3100;3313;"2018-09-15";"2018-10-01";"2019-12-31";"2019-12-02";"Umzug";"Bottrop";"terminated";1001;"2019-12-02"
22926;"energy";"gas";8100;8640;"2019-01-07";"2019-03-01";"";"";"";"Wuppertal";"indelivery";2000;"2020-08-07"
22927;"energy";"electricity";2900;2764;"2018-05-22";"2018-07-01";"2020-06-30";"2020-05-30";"Umzug";"Oldenburg";"terminated";1002;"2020-05-30"
22928;"energy";"electricity";2500;2417;"2020-09-05";"2021-03-01";"";"";"";"Stuttgart";"active";1000;"2020-09-29"
22929;"energy";"electricity";2000;1974;"2018-12-20";"2019-11-01";"";"";"";"Fürth";"indelivery";1000;"2019-11-28"
22930;"energy";"electricity";3000;3068;"2020-04-12";"2020-06-01";"2020-06-01";"2020-10-30";"Wiederruf";"Marienberg";"terminated";1001;"2020-09-18"
22931;"energy";"electricity";2200;2380;"2018-04-04";"2018-05-01";"2018-05-01";"2019-06-30";"Wiederruf";"Schleswig";"terminated";1001;"2018-05-22"
22932;"energy";"electricity";2800;"";"2018-11-22";"2019-01-01";"";"";"";"Remscheid";"indelivery";1000;"2020-02-27"
22933;"energy";"gas";9200;9558;"2019-11-11";"2019-12-01";"2020-12-31";"2020-12-02";"fristgerecht durch LichtBlick";"Kiel";"cancelled";2001;"2019-12-28"
22934;"energy";"electricity";2900;3107;"2020-09-20";"2020-11-01";"";"";"";"Hamburg";"active";1000;"2020-09-20"
22935;"energy";"electricity";2500;"";"2020-01-04";"2020-03-01";"";"";"";"Hannover";"indelivery";1001;"2020-04-17"
22936;"energy";"electricity";2700;2643;"2019-05-31";"2019-12-01";"";"";"";"Berlin";"indelivery";1001;"2019-12-06"
22937;"energy";"electricity";2000;2087;"2018-08-08";"2019-02-01";"";"";"";"Dortmund";"indelivery";1002;"2019-11-08"
22938;"energy";"electricity";2900;2788;"2019-05-08";"2019-12-01";"";"";"";"Karlsruhe";"indelivery";1000;"2019-08-12"
22939;"energy";"electricity";2000;2069;"2020-06-22";"2020-08-01";"";"";"";"Braunschweig";"indelivery";1001;"2020-08-08"
22940;"energy";"electricity";1900;1988;"2019-03-01";"2019-04-01";"";"";"";"Berlin";"indelivery";1000;"2020-07-23"
22941;"energy";"gas";9100;"";"2018-02-26";"2018-06-01";"";"";"";"Munich";"indelivery";2000;"2020-01-26"
22942;"energy";"electricity";2400;2604;"2020-06-19";"2021-05-01";"";"";"";"Steinfurt";"active";1000;"2020-08-09"
22943;"energy";"electricity";2800;"";"2020-01-24";"2020-02-01";"";"";"";"Stuttgart";"indelivery";1000;"2020-02-27"
22944;"energy";"electricity";2600;2688;"2020-07-24";"2021-04-01";"";"";"";"Berlin";"active";1000;"2020-08-15"
22945;"energy";"electricity";2700;2882;"2020-09-11";"2021-03-01";"";"";"";"Berlin";"active";1002;"2020-09-25"
22946;"energy";"electricity";2300;2259;"2019-05-14";"2019-09-01";"";"";"";"Essen";"indelivery";1000;"2020-02-02"
22947;"energy";"electricity";2400;2433;"2019-11-26";"2020-03-01";"";"";"";"Berlin";"indelivery";1002;"2020-06-02"
22948;"energy";"electricity";2200;2408;"2018-03-27";"2018-05-01";"";"";"";"Berlin";"indelivery";1002;"2019-07-15"
22949;"energy";"electricity";2000;1955;"2020-03-26";"2020-07-01";"";"";"";"Hamburg";"indelivery";1001;"2020-06-23"
22950;"energy";"electricity";2000;2030;"2019-04-08";"2019-11-01";"";"";"";"Munich";"indelivery";1000;"2019-08-27"
22951;"energy";"electricity";2200;"";"2018-02-04";"2018-07-01";"";"";"";"Mannheim";"indelivery";1002;"2020-06-04"
22952;"energy";"electricity";2500;2524;"2018-04-07";"2018-11-01";"";"";"";"Munich";"indelivery";1000;"2020-02-07"
22953;"energy";"electricity";3000;3073;"2020-09-05";"2020-10-01";"";"";"";"Marienberg";"indelivery";1002;"2020-09-29"
22954;"energy";"gas";9900;9701;"2019-09-28";"2020-01-01";"";"";"";"Bremerhaven";"indelivery";2001;"2020-01-12"
22955;"energy";"electricity";2900;3038;"2019-09-01";"2020-02-01";"";"";"";"Heidelberg";"indelivery";1000;"2020-07-04"
22956;"energy";"gas";8700;8966;"2019-08-07";"2019-11-01";"2020-12-31";"2020-11-30";"fristgerecht durch LichtBlick";"Duisburg";"cancelled";2001;"2020-08-25"
22957;"energy";"electricity";2000;1970;"2020-01-17";"2020-02-01";"2020-02-01";"2020-08-03";"Wiederruf";"Mainz";"terminated";1002;"2020-08-03"
22958;"energy";"gas";11800;11292;"2018-03-22";"2018-09-01";"";"";"";"Erfurt";"indelivery";2000;"2020-07-13"
22959;"energy";"electricity";2100;2160;"2020-03-19";"2020-08-01";"";"";"";"Wuppertal";"indelivery";1000;"2020-09-08"
22960;"energy";"electricity";2300;2488;"2020-04-23";"2020-07-01";"";"";"";"Hannover";"indelivery";1000;"2020-05-11"
22961;"energy";"electricity";2400;2485;"2019-03-18";"2019-11-01";"";"";"";"Osnabrück";"indelivery";1001;"2019-12-06"
22962;"energy";"electricity";2300;2256;"2019-01-21";"2019-11-01";"";"";"";"Berlin";"indelivery";1000;"2019-05-19"
22963;"energy";"gas";11600;11101;"2019-06-10";"2019-12-01";"";"";"";"Freiburg";"indelivery";2001;"2019-12-08"
22964;"energy";"electricity";2800;2900;"2018-06-04";"2019-01-01";"";"";"";"Hannover";"indelivery";1001;"2019-07-05"
22965;"energy";"electricity";2200;2335;"2018-07-12";"2019-03-01";"2019-09-30";"2019-09-02";"fristgerecht durch LichtBlick";"Schwerin";"terminated";1001;"2019-06-19"
22966;"energy";"electricity";2900;"";"2019-05-30";"2019-07-01";"";"";"";"Bremen";"indelivery";1002;"2020-02-06"
22967;"energy";"electricity";2600;2821;"2018-01-29";"2018-03-01";"";"";"";"Osnabrück";"indelivery";1002;"2020-02-26"
22968;"energy";"electricity";2400;2294;"2018-04-04";"2018-08-01";"2019-06-30";"2019-05-25";"fristgerecht durch LichtBlick";"Potsdam";"terminated";1000;"2018-08-03"
22969;"energy";"gas";9900;9707;"2019-02-21";"2019-11-01";"";"";"";"Leipzig";"indelivery";2000;"2019-07-02"
22970;"energy";"gas";9600;9721;"2019-08-24";"2019-10-01";"";"";"";"Rostock";"indelivery";2000;"2020-05-28"
22971;"energy";"electricity";2300;2217;"2019-12-02";"2020-04-01";"";"";"";"Kiel";"indelivery";1002;"2020-05-08"
22972;"energy";"electricity";2100;2065;"2020-05-15";"2020-07-01";"";"";"";"Wuppertal";"indelivery";1000;"2020-08-03"
22973;"energy";"electricity";2400;2521;"2018-12-09";"2019-04-01";"";"";"";"Dortmund";"indelivery";1001;"2019-10-14"
22974;"energy";"electricity";2600;"";"2020-09-24";"2020-11-01";"";"";"";"Mannheim";"active";1001;"2020-09-24"
22975;"energy";"electricity";2400;2484;"2020-06-30";"2020-08-01";"";"";"";"Marienberg";"indelivery";1002;"2020-07-14"
22976;"energy";"electricity";2000;2130;"2018-04-24";"2018-12-01";"";"";"";"Frankfurt";"indelivery";1000;"2020-06-16"
22977;"energy";"gas";8100;8556;"2019-01-28";"2019-08-01";"";"";"";"Berlin";"indelivery";2001;"2019-10-12"
22978;"energy";"electricity";2500;2581;"2018-04-26";"2018-06-01";"";"";"";"Cologne";"indelivery";1002;"2019-06-20"
22979;"energy";"electricity";2000;1976;"2019-05-08";"2019-08-01";"";"";"";"Munich";"indelivery";1000;"2020-05-11"
22980;"energy";"electricity";2800;2900;"2020-06-18";"2020-12-01";"";"";"";"Berlin";"active";1002;"2020-08-13"
22981;"energy";"electricity";2600;2627;"2019-11-08";"2020-01-01";"";"";"";"Dresden";"indelivery";1002;"2020-03-23"
22982;"energy";"gas";7800;7624;"2020-07-08";"2020-09-01";"";"";"";"Berlin";"indelivery";2001;"2020-09-03"
22983;"energy";"electricity";2400;2265;"2019-08-24";"2019-09-01";"2019-09-01";"2020-02-01";"Wiederruf";"Kiel";"terminated";1001;"2019-12-20"
22984;"energy";"electricity";2600;2610;"2018-02-19";"2018-04-01";"2019-11-30";"2019-11-02";"fristgerecht durch LichtBlick";"Munich";"terminated";1002;"2019-10-17"
22985;"energy";"gas";8900;8962;"2019-09-21";"2019-10-01";"";"";"";"Neu-Ulm";"indelivery";2000;"2020-02-05"
22986;"energy";"electricity";2700;2837;"2018-11-21";"2019-01-01";"";"";"";"Mannheim";"indelivery";1002;"2019-09-02"
22987;"energy";"electricity";2200;2142;"2018-04-30";"2018-05-01";"";"";"";"Regensburg";"indelivery";1001;"2020-06-09"
22988;"energy";"electricity";2100;"";"2019-02-19";"2019-03-01";"";"";"";"Ulm";"indelivery";1000;"2019-12-13"
22989;"energy";"electricity";2400;2355;"2019-08-19";"2019-11-01";"";"";"";"Frankfurt";"indelivery";1002;"2020-04-17"
22990;"energy";"electricity";3000;3184;"2020-07-07";"2020-12-01";"";"";"";"Wuppertal";"active";1002;"2020-09-01"
22991;"energy";"electricity";2600;2701;"2018-02-20";"2018-03-01";"";"";"";"Bremen";"indelivery";1001;"2019-05-20"
22992;"energy";"electricity";2400;2372;"2018-04-19";"2018-10-01";"";"";"";"Munich";"indelivery";1000;"2019-01-23"
22993;"energy";"electricity";2800;2631;"2019-11-01";"2020-04-01";"";"";"";"Koblenz";"indelivery";1001;"2019-12-06"
22994;"energy";"electricity";2400;2566;"2018-02-27";"2018-06-01";"2020-03-31";"2020-03-03";"fristgerecht durch LichtBlick";"Hamburg";"terminated";1002;"2019-05-01"
22995;"energy";"electricity";2100;2167;"2019-04-26";"2019-05-01";"";"";"";"Cologne";"indelivery";1002;"2020-05-11"
22996;"energy";"electricity";2100;2122;"2019-09-08";"2020-02-01";"";"";"";"Münster";"indelivery";1002;"2020-09-05"
22997;"energy";"electricity";2000;2020;"2020-09-08";"2021-01-01";"";"";"";"Bonn";"active";1000;"2020-09-20"
22998;"energy";"electricity";2100;2102;"2019-08-23";"2020-01-01";"";"";"";"Hamburg";"indelivery";1001;"2020-03-04"
22999;"energy";"electricity";2300;2431;"2019-02-26";"2019-04-01";"";"";"";"Berlin";"indelivery";1001;"2020-08-27"
23000;"energy";"electricity";2100;2010;"2019-11-03";"2020-10-01";"2020-10-01";"2020-12-01";"Wiederruf";"Bad Neuenahr-Ahrweiler";"terminated";1002;"2020-08-01"
23001;"energy";"electricity";2300;2156;"2018-12-19";"2019-05-01";"";"";"";"Hannover";"indelivery";1000;"2020-04-09"
23002;"energy";"electricity";1900;1865;"2020-07-25";"2020-10-01";"";"";"";"Berlin";"indelivery";1000;"2020-08-15"
23003;"energy";"electricity";2100;2295;"2018-04-16";"2018-12-01";"2019-01-31";"2019-01-02";"fristgerecht durch LichtBlick";"Wiesbaden";"terminated";1000;"2018-05-21"
23004;"energy";"gas";11500;11984;"2020-03-28";"2020-06-01";"";"";"";"Bremen";"indelivery";2001;"2020-04-23"
23005;"energy";"gas";9300;9435;"2019-05-11";"2019-12-01";"";"";"";"Münster";"indelivery";2001;"2020-06-06"
23006;"energy";"electricity";2400;2561;"2018-02-10";"2018-05-01";"";"";"";"Bielefeld";"indelivery";1000;"2018-02-24"
23007;"energy";"electricity";2800;2954;"2019-10-10";"2020-09-01";"";"";"";"Cologne";"indelivery";1001;"2020-03-14"
23008;"energy";"electricity";2700;2802;"2019-01-21";"2019-08-01";"";"";"";"Dresden";"indelivery";1001;"2019-10-31"
23009;"energy";"electricity";2800;2769;"2019-05-31";"2020-04-01";"";"";"";"Cologne";"indelivery";1000;"2019-10-15"
23010;"energy";"gas";11300;11211;"2020-05-13";"2021-05-01";"";"";"";"Flensburg";"active";2000;"2020-05-21"
23011;"energy";"electricity";2200;2131;"2019-02-16";"2019-10-01";"";"";"";"Augsburg";"indelivery";1002;"2019-08-16"
23012;"energy";"electricity";2200;2157;"2019-11-21";"2020-03-01";"";"";"";"Ulm";"indelivery";1000;"2020-06-30"
23013;"energy";"gas";9700;9600;"2018-12-03";"2020-05-01";"";"";"";"Bielefeld";"indelivery";2000;"2019-11-17"
23014;"energy";"electricity";2300;2238;"2018-04-11";"2018-06-01";"2020-11-30";"2020-11-02";"Umzug";"Potsdam";"cancelled";1000;"2019-01-11"
23015;"energy";"electricity";2100;2162;"2019-05-19";"2019-09-01";"2019-09-01";"2020-09-02";"Wiederruf";"Hamburg";"terminated";1000;"2020-05-09"
23016;"energy";"electricity";2900;3127;"2018-09-17";"2019-04-01";"";"";"";"Bonn";"indelivery";1001;"2019-04-30"
23017;"energy";"electricity";2600;2713;"2018-10-20";"2020-02-01";"2020-08-31";"2020-08-03";"fristgerecht durch LichtBlick";"Hannover";"terminated";1001;"2018-10-31"
23018;"energy";"electricity";2600;2590;"2019-03-22";"2019-06-01";"";"";"";"Dortmund";"indelivery";1001;"2020-07-16"
23019;"energy";"electricity";2900;2839;"2018-07-03";"2018-12-01";"";"";"";"Wuppertal";"indelivery";1001;"2019-05-05"
23020;"energy";"gas";9000;9185;"2019-11-22";"2020-02-01";"";"";"";"Göttingen";"indelivery";2001;"2020-03-15"
23021;"energy";"gas";9800;9468;"2018-02-21";"2018-06-01";"2018-09-30";"2018-09-02";"fristgerecht durch Kunde";"Hamburg";"terminated";2001;"2018-09-02"
23022;"energy";"electricity";2900;2746;"2019-04-03";"2019-06-01";"";"";"";"Hamburg";"indelivery";1002;"2020-07-23"
23023;"energy";"electricity";2700;2579;"2020-01-30";"2020-05-01";"";"";"";"Freiburg";"indelivery";1002;"2020-08-29"
23024;"energy";"electricity";2600;2542;"2018-05-08";"2018-07-01";"2020-08-31";"2020-07-28";"fristgerecht durch LichtBlick";"Frankfurt";"terminated";1001;"2018-08-09"
23025;"energy";"electricity";3000;"";"2019-03-22";"2019-08-01";"";"";"";"Rostock";"indelivery";1002;"2019-07-21"
23026;"energy";"electricity";2900;3072;"2019-05-07";"2019-07-01";"";"";"";"Saarbrücken";"indelivery";1000;"2019-09-10"
23027;"energy";"gas";11000;11159;"2018-12-04";"2019-03-01";"";"";"";"Dortmund";"indelivery";2000;"2019-02-27"
23028;"energy";"electricity";2100;2025;"2018-11-13";"2019-05-01";"";"";"";"Berlin";"indelivery";1002;"2020-09-09"
23029;"energy";"electricity";2500;2393;"2019-09-06";"2020-03-01";"";"";"";"Hamburg";"indelivery";1001;"2019-09-25"
23030;"energy";"electricity";2800;2829;"2019-08-10";"2019-09-01";"2019-09-01";"2019-12-01";"Wiederruf";"Bielefeld";"terminated";1002;"2019-12-01"
23031;"energy";"gas";8300;8286;"2019-08-09";"2020-03-01";"";"";"";"Stadthagen";"indelivery";2001;"2020-06-25"
23032;"energy";"electricity";2600;2602;"2020-03-11";"2020-04-01";"";"";"";"Hamburg";"indelivery";1002;"2020-06-18"
23033;"energy";"electricity";2600;2637;"2019-01-09";"2019-05-01";"";"";"";"Hamburg";"indelivery";1002;"2020-03-30"
23034;"energy";"electricity";2900;2936;"2018-08-25";"2018-11-01";"2018-12-31";"2018-11-30";"Umzug";"Göttingen";"terminated";1002;"2018-11-01"
23035;"energy";"electricity";2900;2820;"2018-05-16";"2018-08-01";"2019-12-31";"2019-11-24";"Umzug";"Cottbus";"terminated";1001;"2019-11-24"
23036;"energy";"gas";9500;9711;"2020-07-31";"2020-08-01";"";"";"";"Karlsruhe";"indelivery";2001;"2020-09-14"
23037;"energy";"gas";9400;9255;"2018-09-02";"2018-11-01";"";"";"";"Duisburg";"indelivery";2000;"2018-10-04"
23038;"energy";"electricity";2200;2170;"2018-11-09";"2019-01-01";"";"";"";"Freiburg";"indelivery";1000;"2020-01-20"
23039;"energy";"gas";9400;10110;"2020-01-08";"2020-05-01";"";"";"";"Heidelberg";"indelivery";2000;"2020-08-21"
23040;"energy";"electricity";2500;2674;"2018-11-20";"2018-12-01";"";"";"";"Hamburg";"indelivery";1002;"2019-01-23"
23041;"energy";"electricity";2900;3126;"2019-09-08";"2020-06-01";"2020-08-31";"2020-08-02";"Umzug";"Hamburg";"terminated";1001;"2020-01-01"
23042;"energy";"electricity";2600;2772;"2019-03-01";"2019-09-01";"";"";"";"Essen";"indelivery";1001;"2019-07-22"
23043;"energy";"electricity";2600;2654;"2020-07-25";"2021-01-01";"";"";"";"Braunschweig";"active";1000;"2020-08-28"
23044;"energy";"electricity";2000;1976;"2019-04-16";"2019-11-01";"";"";"";"Flensburg";"indelivery";1001;"2020-08-02"
23045;"energy";"electricity";2700;2662;"2020-02-16";"2020-05-01";"";"";"";"Essen";"indelivery";1001;"2020-07-09"
23046;"energy";"electricity";1900;2041;"2019-10-30";"2020-02-01";"";"";"";"Berlin";"indelivery";1001;"2020-02-16"
23047;"energy";"electricity";2000;2064;"2019-04-24";"2019-06-01";"";"";"";"Jena";"indelivery";1001;"2020-07-19"
23048;"energy";"gas";9500;10195;"2020-05-16";"2020-11-01";"";"";"";"Leipzig";"active";2000;"2020-06-14"
23049;"energy";"electricity";2100;2161;"2018-04-25";"2018-06-01";"";"";"";"Kassel";"indelivery";1000;"2018-08-02"
23050;"energy";"electricity";2900;2923;"2020-03-14";"2020-05-01";"";"";"";"Leipzig";"indelivery";1000;"2020-07-02"
23051;"energy";"electricity";2600;"";"2020-03-03";"2020-09-01";"";"";"";"Bremen";"indelivery";1002;"2020-06-10"
23052;"energy";"electricity";2600;2716;"2020-05-02";"2020-07-01";"";"";"";"Braunschweig";"indelivery";1002;"2020-07-14"
23053;"energy";"electricity";2600;2572;"2020-03-14";"2020-05-01";"2020-06-30";"2020-05-29";"fristgerecht durch LichtBlick";"Karlsruhe";"terminated";1000;"2020-04-16"
23054;"energy";"electricity";2900;2903;"2018-03-02";"2018-04-01";"";"";"";"Bremen";"indelivery";1001;"2020-04-24"
23055;"energy";"electricity";2700;2704;"2018-03-23";"2018-04-01";"";"";"";"Hannover";"indelivery";1001;"2020-03-12"
23056;"energy";"electricity";2800;2965;"2020-02-04";"2020-06-01";"";"";"";"Karlsruhe";"indelivery";1000;"2020-02-26"
23057;"energy";"electricity";2900;2749;"2019-04-04";"2019-10-01";"";"";"";"Altchemnitz";"indelivery";1001;"2019-10-19"
23058;"energy";"electricity";2200;"";"2018-09-01";"2018-10-01";"";"";"";"Hamburg";"indelivery";1000;"2019-03-25"
23059;"energy";"electricity";2100;1977;"2018-06-12";"2018-09-01";"";"";"";"Frankfurt";"indelivery";1002;"2020-02-12"
23060;"energy";"electricity";2400;2449;"2019-12-21";"2020-05-01";"";"";"";"Hamburg";"indelivery";1000;"2020-09-23"
23061;"energy";"electricity";2100;2210;"2018-01-02";"2018-03-01";"";"";"";"Ingolstadt";"indelivery";1002;"2020-05-22"
23062;"energy";"electricity";2400;2263;"2018-04-18";"2018-05-01";"";"";"";"Göttingen";"indelivery";1002;"2018-12-04"
23063;"energy";"electricity";2700;2804;"2018-04-02";"2018-06-01";"";"";"";"Augsburg";"indelivery";1002;"2019-11-15"
23064;"energy";"electricity";2900;2921;"2020-08-18";"2020-11-01";"";"";"";"Magdeburg";"active";1001;"2020-08-25"
23065;"energy";"electricity";2000;2093;"2018-09-29";"2019-02-01";"";"";"";"Berlin";"indelivery";1002;"2019-08-30"
23066;"energy";"electricity";2900;2729;"2018-09-14";"2018-12-01";"";"";"";"Düsseldorf";"indelivery";1001;"2020-05-13"
23067;"energy";"gas";11000;11027;"2018-05-09";"2018-10-01";"";"";"";"Hamburg";"indelivery";2000;"2019-11-07"
23068;"energy";"electricity";2200;"";"2019-01-11";"2019-11-01";"";"";"";"Kassel";"indelivery";1001;"2019-04-30"
23069;"energy";"electricity";2700;2809;"2020-06-15";"2020-07-01";"";"";"";"Düsseldorf";"indelivery";1001;"2020-06-22"
23070;"energy";"electricity";2800;2922;"2020-04-28";"2020-12-01";"";"";"";"Stuttgart";"active";1002;"2020-08-19"
23071;"energy";"electricity";2600;2735;"2018-06-12";"2018-11-01";"";"";"";"Magdeburg";"indelivery";1001;"2018-11-17"
23072;"energy";"electricity";2000;2010;"2018-10-02";"2018-12-01";"2020-07-31";"2020-07-02";"Umzug";"Wuppertal";"terminated";1000;"2020-03-26"
23073;"energy";"electricity";2700;2773;"2018-05-25";"2018-07-01";"";"";"";"Plauen";"indelivery";1002;"2019-12-28"
23074;"energy";"gas";10000;10613;"2018-12-01";"2019-03-01";"";"";"";"Munich";"indelivery";2000;"2019-05-31"
23075;"energy";"electricity";2200;2365;"2020-06-12";"2020-09-01";"";"";"";"Leipzig";"indelivery";1000;"2020-08-20"
23076;"energy";"electricity";2500;2533;"2018-12-07";"2019-02-01";"2020-11-30";"2020-11-02";"fristgerecht durch Kunde";"Bonn";"cancelled";1001;"2020-07-13"
23077;"energy";"electricity";2300;2381;"2020-09-08";"2021-02-01";"";"";"";"Essen";"active";1002;"2020-09-14"
23078;"energy";"gas";10700;"";"2019-09-07";"2020-01-01";"";"";"";"Bielefeld";"indelivery";2001;"2019-11-03"
23079;"energy";"electricity";2300;2367;"2018-11-16";"2019-05-01";"";"";"";"Leipzig";"indelivery";1000;"2019-06-08"
23080;"energy";"electricity";2600;2720;"2019-06-06";"2019-09-01";"2020-05-31";"2020-05-03";"fristgerecht durch Kunde";"Berlin";"terminated";1000;"2019-11-05"
23081;"energy";"electricity";2500;2634;"2018-03-31";"2018-09-01";"";"";"";"Braunschweig";"indelivery";1002;"2020-03-18"
23082;"energy";"electricity";2900;2994;"2020-05-31";"2020-07-01";"";"";"";"Cologne";"indelivery";1001;"2020-08-28"
23083;"energy";"electricity";2600;2519;"2019-11-19";"2020-03-01";"";"";"";"Lauf";"indelivery";1002;"2020-01-18"
23084;"energy";"electricity";2500;2676;"2018-03-22";"2018-04-01";"2019-06-30";"2019-05-31";"fristgerecht durch Kunde";"Hamburg";"terminated";1002;"2019-05-31"
23085;"energy";"electricity";2100;1969;"2018-07-02";"2018-08-01";"";"";"";"Marienberg";"indelivery";1002;"2018-07-08"
23086;"energy";"electricity";2800;2978;"2018-01-12";"2018-04-01";"2019-02-28";"2019-01-29";"Umzug";"Berlin";"terminated";1002;"2019-01-29"
23087;"energy";"electricity";2600;2574;"2019-06-01";"2019-11-01";"";"";"";"Hofeck";"indelivery";1000;"2019-07-27"
23088;"energy";"electricity";3000;3040;"2020-01-01";"2020-01-01";"2020-10-31";"2020-10-03";"fristgerecht durch LichtBlick";"Erfurt";"cancelled";1000;"2020-05-12"
23089;"energy";"electricity";2200;2264;"2020-05-04";"2020-07-01";"";"";"";"Berlin";"indelivery";1000;"2020-06-09"
23090;"energy";"electricity";2900;2807;"2018-01-09";"2018-08-01";"";"";"";"Bremen";"indelivery";1000;"2018-08-09"
23091;"energy";"electricity";2200;2155;"2020-04-15";"2020-07-01";"";"";"";"Essen";"indelivery";1000;"2020-07-19"
23092;"energy";"electricity";2100;2015;"2020-07-02";"2020-10-01";"";"";"";"Mannheim";"indelivery";1002;"2020-07-27"
23093;"energy";"electricity";2800;2720;"2019-02-27";"2019-08-01";"";"";"";"Cologne";"indelivery";1002;"2019-06-06"
23094;"energy";"electricity";2400;2365;"2018-10-12";"2019-08-01";"";"";"";"Gera";"indelivery";1002;"2019-02-05"
23095;"energy";"electricity";2500;2662;"2019-02-11";"2019-03-01";"";"";"";"Berlin";"indelivery";1000;"2019-06-06"
23096;"energy";"electricity";2900;2835;"2019-03-06";"2019-07-01";"";"";"";"Stuttgart";"indelivery";1000;"2019-07-31"
23097;"energy";"electricity";2900;3067;"2018-10-05";"2019-03-01";"";"";"";"Stuttgart";"indelivery";1002;"2020-06-16"
23098;"energy";"gas";10100;10479;"2020-03-18";"2020-05-01";"";"";"";"Frankfurt";"indelivery";2000;"2020-06-13"
23099;"energy";"electricity";2300;"";"2018-12-15";"2019-01-01";"";"";"";"Saarbrücken";"indelivery";1000;"2020-08-05"
23100;"energy";"electricity";2200;2333;"2020-09-20";"2021-03-01";"";"";"";"Berlin";"active";1001;"2020-09-21"
23101;"energy";"electricity";2100;2221;"2020-07-27";"2020-09-01";"";"";"";"Regensburg";"indelivery";1000;"2020-09-17"
23102;"energy";"electricity";2300;2153;"2019-08-17";"2020-03-01";"";"";"";"Berlin";"indelivery";1001;"2020-02-05"
23103;"energy";"electricity";2200;2286;"2018-04-15";"2018-06-01";"";"";"";"Oldenburg";"indelivery";1002;"2018-11-20"
23104;"energy";"electricity";2500;"";"2019-01-09";"2019-08-01";"2019-08-01";"2020-07-03";"Wiederruf";"Münster";"terminated";1000;"2019-10-03"
23105;"energy";"electricity";2000;1947;"2018-02-19";"2018-03-01";"";"";"";"Marienberg";"indelivery";1000;"2020-05-23"
23106;"energy";"electricity";2300;2308;"2018-04-21";"2018-07-01";"";"";"";"Hamburg";"indelivery";1000;"2019-11-19"
23107;"energy";"gas";8600;8801;"2020-08-06";"2020-11-01";"";"";"";"Stuttgart";"active";2001;"2020-09-02"
23108;"energy";"gas";8000;"";"2019-09-30";"2020-01-01";"";"";"";"Berlin";"indelivery";2001;"2020-01-27"
23109;"energy";"gas";8100;7874;"2019-03-22";"2020-04-01";"";"";"";"Potsdam";"indelivery";2000;"2020-01-15"
23110;"energy";"electricity";2300;2385;"2019-05-02";"2019-12-01";"";"";"";"Dresden";"indelivery";1002;"2019-06-23"
23111;"energy";"electricity";2400;2494;"2020-05-02";"2020-10-01";"";"";"";"Stralsund";"indelivery";1001;"2020-07-18"
23112;"energy";"electricity";2500;2372;"2018-02-10";"2018-04-01";"";"";"";"Marienberg";"indelivery";1001;"2018-03-22"
23113;"energy";"electricity";2600;2501;"2020-02-01";"2020-05-01";"";"";"";"Berlin";"indelivery";1002;"2020-07-02"
23114;"energy";"gas";10500;10022;"2018-04-24";"2018-07-01";"";"";"";"Leipzig";"indelivery";2000;"2020-02-25"
23115;"energy";"gas";7800;7996;"2018-07-18";"2018-09-01";"";"";"";"Cologne";"indelivery";2001;"2019-06-26"
23116;"energy";"electricity";2500;2579;"2019-02-01";"2019-04-01";"";"";"";"Stuttgart";"indelivery";1001;"2019-09-29"
23117;"energy";"electricity";2500;2628;"2018-04-27";"2018-06-01";"2019-07-31";"2019-07-02";"fristgerecht durch LichtBlick";"Göttingen";"terminated";1001;"2019-07-02"
23118;"energy";"electricity";2700;2634;"2019-11-07";"2020-01-01";"";"";"";"Duisburg";"indelivery";1002;"2020-08-26"
23119;"energy";"electricity";2300;"";"2019-05-30";"2019-08-01";"";"";"";"Hamburg";"indelivery";1002;"2020-03-19"
23120;"energy";"gas";7500;7574;"2018-01-28";"2018-09-01";"";"";"";"Berlin";"indelivery";2001;"2018-09-24"
23121;"energy";"gas";10700;11005;"2019-06-17";"2019-08-01";"";"";"";"Speyer";"indelivery";2001;"2020-06-04"
23122;"energy";"electricity";2300;2170;"2020-07-03";"2020-10-01";"";"";"";"Landsberg";"indelivery";1002;"2020-08-07"
23123;"energy";"electricity";2400;2436;"2019-06-13";"2019-12-01";"";"";"";"Hamburg";"indelivery";1000;"2019-06-19"
23124;"energy";"electricity";2300;2494;"2020-04-25";"2020-10-01";"";"";"";"Cologne";"indelivery";1000;"2020-09-25"
23125;"energy";"electricity";2200;2078;"2019-08-31";"2020-03-01";"";"";"";"Dortmund";"indelivery";1000;"2020-05-10"
23126;"energy";"gas";8800;9144;"2020-09-27";"2021-03-01";"";"";"";"Braunschweig";"active";2001;"2020-09-29"
23127;"energy";"electricity";2000;1885;"2020-06-25";"2020-08-01";"";"";"";"Frankfurt";"indelivery";1002;"2020-09-20"
23128;"energy";"electricity";2900;3035;"2020-02-02";"2020-03-01";"";"";"";"Duisburg";"indelivery";1002;"2020-03-27"
23129;"energy";"electricity";2200;2128;"2018-05-21";"2018-07-01";"";"";"";"Bremen";"indelivery";1000;"2019-01-09"
23130;"energy";"electricity";2100;2245;"2018-07-22";"2018-09-01";"";"";"";"Ulm";"indelivery";1001;"2018-09-25"
23131;"energy";"electricity";2800;2797;"2018-06-28";"2019-05-01";"";"";"";"Oldenburg";"indelivery";1001;"2019-03-15"
23132;"energy";"electricity";2400;2533;"2018-02-07";"2018-05-01";"2019-10-31";"2019-10-02";"fristgerecht durch Kunde";"Düsseldorf";"terminated";1002;"2019-10-02"
23133;"energy";"electricity";2600;"";"2018-04-15";"2018-10-01";"";"";"";"Hamburg";"indelivery";1002;"2020-08-21"
23134;"energy";"electricity";2700;2902;"2019-08-24";"2020-01-01";"";"";"";"Berlin";"indelivery";1000;"2020-03-23"
23135;"energy";"electricity";2500;2427;"2019-01-29";"2019-02-01";"";"";"";"Regensburg";"indelivery";1002;"2020-05-16"
23136;"energy";"electricity";2700;2645;"2020-03-06";"2020-04-01";"";"";"";"Stuttgart";"indelivery";1001;"2020-05-16"
23137;"energy";"electricity";2300;2368;"2018-07-24";"2019-05-01";"";"";"";"Marienberg";"indelivery";1000;"2020-05-25"
23138;"energy";"electricity";2900;2869;"2019-12-21";"2020-02-01";"";"";"";"Diepholz";"indelivery";1001;"2020-06-30"
23139;"energy";"electricity";2800;2691;"2020-06-28";"2020-09-01";"";"";"";"Bremen";"indelivery";1000;"2020-08-05"
23140;"energy";"electricity";2100;2157;"2019-05-29";"2019-06-01";"";"";"";"Leipzig";"indelivery";1001;"2020-04-03"
23141;"energy";"electricity";2100;2219;"2018-04-27";"2018-06-01";"";"";"";"Stuttgart";"indelivery";1002;"2020-02-05"
23142;"energy";"electricity";2100;2200;"2018-09-02";"2018-12-01";"2019-02-28";"2019-01-28";"fristgerecht durch Kunde";"Lübeck";"terminated";1001;"2019-01-28"
23143;"energy";"electricity";2300;2180;"2019-01-29";"2019-03-01";"2020-09-30";"2020-09-01";"Umzug";"Berlin";"terminated";1001;"2020-03-14"
23144;"energy";"electricity";2900;2909;"2019-01-15";"2019-05-01";"2020-08-31";"2020-07-31";"Umzug";"Munich";"terminated";1002;"2019-08-09"
23145;"energy";"electricity";2100;2217;"2019-03-08";"2019-07-01";"2019-07-01";"2020-08-03";"Wiederruf";"Fürth";"terminated";1002;"2019-11-14"
23146;"energy";"electricity";2000;2068;"2020-03-02";"2020-04-01";"";"";"";"Cottbus";"indelivery";1000;"2020-06-02"
23147;"energy";"electricity";2700;2644;"2018-09-27";"2018-11-01";"2019-08-31";"2019-08-02";"Umzug";"Heidelberg";"terminated";1001;"2019-08-02"
23148;"energy";"electricity";3000;3114;"2019-06-18";"2019-07-01";"";"";"";"Schwabach";"indelivery";1002;"2019-07-15"
23149;"energy";"electricity";2800;2817;"2019-04-05";"2019-07-01";"";"";"";"Berlin";"indelivery";1002;"2020-09-05"
23150;"energy";"electricity";2200;2228;"2019-03-15";"2019-05-01";"";"";"";"Düsseldorf";"indelivery";1000;"2019-05-12"
23151;"energy";"electricity";2600;2596;"2019-08-11";"2019-11-01";"";"";"";"Bielefeld";"indelivery";1001;"2019-10-30"
23152;"energy";"electricity";2800;2808;"2018-01-01";"2018-04-01";"2020-07-31";"2020-07-03";"fristgerecht durch Kunde";"Münster";"terminated";1000;"2019-04-04"
23153;"energy";"electricity";2100;2289;"2020-01-27";"2020-08-01";"";"";"";"Frankfurt";"indelivery";1002;"2020-02-07"
23154;"energy";"electricity";2800;2924;"2020-07-08";"2020-09-01";"";"";"";"Karlsruhe";"indelivery";1002;"2020-07-12"
23155;"energy";"electricity";2500;2508;"2019-08-21";"2019-12-01";"";"";"";"Hamburg";"indelivery";1002;"2019-10-26"
23156;"energy";"electricity";2000;2046;"2018-11-18";"2019-05-01";"";"";"";"Bonn";"indelivery";1002;"2020-04-21"
23157;"energy";"electricity";2700;"";"2018-10-09";"2019-02-01";"";"";"";"Ulm";"indelivery";1000;"2018-11-26"
23158;"energy";"electricity";2400;2304;"2018-03-18";"2019-01-01";"";"";"";"Hamburg";"indelivery";1000;"2019-07-27"
23159;"energy";"electricity";2600;2673;"2019-05-01";"2019-07-01";"";"";"";"Dresden";"indelivery";1001;"2019-10-05"
23160;"energy";"electricity";2100;2020;"2019-08-21";"2019-10-01";"";"";"";"Berlin";"indelivery";1000;"2020-05-25"
23161;"energy";"electricity";2200;"";"2020-09-18";"2020-10-01";"";"";"";"Duisburg";"indelivery";1000;"2020-09-23"
23162;"energy";"electricity";2900;3068;"2019-02-16";"2019-08-01";"";"";"";"Karlsruhe";"indelivery";1002;"2020-08-16"
23163;"energy";"electricity";2600;2671;"2019-09-23";"2020-01-01";"";"";"";"Göttingen";"indelivery";1001;"2020-08-16"
23164;"energy";"electricity";2000;1953;"2018-08-10";"2019-03-01";"";"";"";"Münster";"indelivery";1002;"2019-09-02"
23165;"energy";"electricity";2500;2607;"2018-02-07";"2018-03-01";"";"";"";"Bremen";"indelivery";1002;"2019-10-15"
23166;"energy";"electricity";2800;2735;"2018-01-30";"2018-03-01";"2019-05-31";"2019-04-23";"Umzug";"Cologne";"terminated";1000;"2018-10-11"
23167;"energy";"electricity";2800;2801;"2018-12-05";"2019-01-01";"";"";"";"Berlin";"indelivery";1001;"2020-07-29"
23168;"energy";"gas";8500;8861;"2018-12-15";"2019-04-01";"";"";"";"Rostock";"indelivery";2000;"2020-07-30"
23169;"energy";"electricity";2600;2609;"2019-05-08";"2019-07-01";"";"";"";"Berlin";"indelivery";1000;"2020-01-18"
23170;"energy";"electricity";2200;2222;"2018-10-17";"2018-11-01";"2019-09-30";"2019-09-02";"fristgerecht durch Kunde";"Neumünster";"terminated";1001;"2019-01-25"
23171;"energy";"gas";11700;12414;"2019-12-31";"2020-05-01";"";"";"";"Würzburg";"indelivery";2000;"2020-02-02"
23172;"energy";"electricity";2800;2627;"2018-09-09";"2018-11-01";"2019-05-31";"2019-05-03";"Umzug";"Munich";"terminated";1001;"2019-05-03"
23173;"energy";"electricity";2100;2143;"2019-09-01";"2019-12-01";"";"";"";"Fürth";"indelivery";1001;"2020-07-27"
23174;"energy";"gas";11000;11448;"2020-05-13";"2020-08-01";"";"";"";"Mainz";"indelivery";2000;"2020-05-18"
23175;"energy";"electricity";2100;2208;"2019-03-01";"2019-11-01";"2020-05-31";"2020-05-03";"fristgerecht durch Kunde";"Stuttgart";"terminated";1001;"2020-03-09"
23176;"energy";"gas";9800;9721;"2020-08-28";"2021-04-01";"";"";"";"Berlin";"active";2000;"2020-09-25"
23177;"energy";"gas";10500;10321;"2019-04-29";"2019-07-01";"";"";"";"Weimar";"indelivery";2000;"2020-05-17"
23178;"energy";"electricity";2600;"";"2019-11-03";"2020-05-01";"";"";"";"Berlin";"indelivery";1001;"2019-12-02"
23179;"energy";"electricity";2800;2668;"2018-01-12";"2018-05-01";"";"";"";"Munich";"indelivery";1001;"2020-07-21"
23180;"energy";"electricity";2300;2271;"2018-09-09";"2018-12-01";"";"";"";"Saarbrücken";"indelivery";1000;"2020-06-25"
23181;"energy";"electricity";2300;2465;"2019-02-09";"2019-03-01";"";"";"";"Kassel";"indelivery";1000;"2020-09-03"
23182;"energy";"gas";10100;10122;"2020-05-05";"2021-01-01";"";"";"";"Bielefeld";"active";2000;"2020-05-16"
23183;"energy";"electricity";2000;"";"2020-02-05";"2020-06-01";"";"";"";"Berlin";"indelivery";1002;"2020-07-24"
23184;"energy";"electricity";2300;2171;"2020-01-25";"2020-03-01";"";"";"";"Altchemnitz";"indelivery";1000;"2020-08-26"
23185;"energy";"electricity";2200;2308;"2020-09-02";"2020-12-01";"";"";"";"Berlin";"active";1000;"2020-09-03"
23186;"energy";"electricity";2200;2351;"2019-11-12";"2020-04-01";"";"";"";"Dortmund";"indelivery";1000;"2020-08-11"
23187;"energy";"electricity";2000;2110;"2019-04-05";"2020-05-01";"";"";"";"Berlin";"indelivery";1001;"2019-12-30"
23188;"energy";"electricity";2600;2623;"2018-09-10";"2019-02-01";"";"";"";"Munich";"indelivery";1001;"2020-09-23"
23189;"energy";"electricity";2100;2076;"2020-07-03";"2021-04-01";"";"";"";"Rostock";"active";1002;"2020-07-26"
23190;"energy";"electricity";2900;2873;"2018-11-20";"2019-04-01";"";"";"";"Berlin";"indelivery";1002;"2020-06-25"
23191;"energy";"electricity";2400;"";"2018-05-08";"2018-08-01";"";"";"";"Pfaffenhofen";"indelivery";1000;"2019-01-19"
23192;"energy";"electricity";2200;2240;"2020-05-06";"2020-06-01";"";"";"";"Marienberg";"indelivery";1001;"2020-07-08"
23193;"energy";"electricity";2300;2391;"2018-10-28";"2019-01-01";"2020-07-31";"2020-07-02";"fristgerecht durch Kunde";"Cologne";"terminated";1002;"2020-07-02"
23194;"energy";"electricity";2400;2296;"2018-10-05";"2019-01-01";"";"";"";"Hamburg";"indelivery";1000;"2019-01-30"
23195;"energy";"electricity";3000;3126;"2018-02-16";"2018-03-01";"";"";"";"Oldenburg";"indelivery";1001;"2018-11-17"
23196;"energy";"electricity";3000;"";"2020-03-09";"2020-04-01";"";"";"";"Kiel";"indelivery";1002;"2020-07-23"
23197;"energy";"electricity";2600;2723;"2018-05-03";"2018-06-01";"";"";"";"Emden";"indelivery";1000;"2020-08-01"
23198;"energy";"electricity";2700;2840;"2019-10-15";"2019-12-01";"";"";"";"Berlin";"indelivery";1000;"2020-07-21"
23199;"energy";"electricity";3000;2988;"2018-02-25";"2019-01-01";"";"";"";"Kassel";"indelivery";1000;"2019-03-27"
23200;"energy";"gas";10400;10751;"2018-08-21";"2018-11-01";"";"";"";"Düsseldorf";"indelivery";2001;"2020-02-04"
23201;"energy";"electricity";2300;2489;"2020-06-11";"2020-09-01";"";"";"";"Marienberg";"indelivery";1001;"2020-06-24"
23202;"energy";"electricity";2000;2153;"2018-12-21";"2019-02-01";"2020-10-31";"2020-09-25";"fristgerecht durch LichtBlick";"Marienberg";"cancelled";1002;"2019-06-27"
23203;"energy";"electricity";2000;2052;"2019-06-04";"2019-12-01";"";"";"";"Cologne";"indelivery";1000;"2020-09-25"
23204;"energy";"electricity";2300;2250;"2019-09-28";"2019-12-01";"";"";"";"Wuppertal";"indelivery";1001;"2020-01-15"
23205;"energy";"electricity";2500;2443;"2020-04-10";"2020-12-01";"";"";"";"Cottbus";"active";1001;"2020-08-17"
23206;"energy";"gas";8300;8553;"2018-02-18";"2018-10-01";"";"";"";"Berlin";"indelivery";2000;"2019-09-23"
23207;"energy";"electricity";2200;2278;"2019-12-15";"2020-01-01";"2020-04-30";"2020-03-29";"fristgerecht durch LichtBlick";"Altchemnitz";"terminated";1001;"2020-03-29"
23208;"energy";"electricity";2300;2308;"2018-09-24";"2018-11-01";"";"";"";"Leipzig";"indelivery";1000;"2020-06-19"
23209;"energy";"electricity";2800;2922;"2018-10-13";"2019-07-01";"2020-09-30";"2020-09-02";"fristgerecht durch LichtBlick";"Dortmund";"terminated";1001;"2018-11-12"
23210;"energy";"electricity";2400;2364;"2019-10-04";"2020-01-01";"";"";"";"Bremen";"indelivery";1002;"2020-05-16"
23211;"energy";"electricity";2600;2579;"2020-06-08";"2020-08-01";"";"";"";"Hamburg";"indelivery";1000;"2020-08-28"
23212;"energy";"electricity";2900;2879;"2018-08-09";"2019-02-01";"";"";"";"Altchemnitz";"indelivery";1002;"2019-12-02"
23213;"energy";"electricity";2100;2121;"2019-07-17";"2019-10-01";"";"";"";"Magdeburg";"indelivery";1000;"2019-08-08"
23214;"energy";"electricity";2500;2452;"2020-03-28";"2020-06-01";"";"";"";"Bremen";"indelivery";1002;"2020-06-09"
23215;"energy";"electricity";2100;2145;"2020-09-28";"2020-12-01";"";"";"";"Munich";"active";1001;"2020-09-30"
23216;"energy";"electricity";2700;2544;"2020-01-14";"2020-02-01";"";"";"";"Munich";"indelivery";1000;"2020-02-15"
23217;"energy";"gas";10600;10994;"2020-05-28";"2021-05-01";"";"";"";"Munich";"active";2001;"2020-06-14"
23218;"energy";"electricity";2900;2993;"2020-05-10";"2020-07-01";"";"";"";"Saarbrücken";"indelivery";1000;"2020-05-30"
23219;"energy";"gas";11000;11817;"2020-02-20";"2020-07-01";"";"";"";"Cologne";"indelivery";2000;"2020-05-20"
23220;"energy";"gas";9000;9265;"2018-01-21";"2018-03-01";"";"";"";"Freiburg";"indelivery";2000;"2020-03-17"
23221;"energy";"gas";8500;8284;"2020-06-01";"2020-07-01";"";"";"";"Gera";"indelivery";2001;"2020-07-27"
23222;"energy";"electricity";1900;1978;"2019-08-29";"2019-12-01";"";"";"";"Hamburg";"indelivery";1001;"2020-01-15"
23223;"energy";"electricity";2100;2050;"2020-02-03";"2020-06-01";"";"";"";"Essen";"indelivery";1001;"2020-02-29"
23224;"energy";"gas";10400;10179;"2019-08-01";"2019-09-01";"";"";"";"Hannover";"indelivery";2001;"2020-02-20"
23225;"energy";"electricity";2800;3054;"2019-04-26";"2019-07-01";"";"";"";"Mannheim";"indelivery";1000;"2020-03-18"
23226;"energy";"electricity";2600;2736;"2018-01-30";"2018-04-01";"";"";"";"Altchemnitz";"indelivery";1001;"2020-03-23"
23227;"energy";"gas";11500;11400;"2020-03-04";"2020-04-01";"2020-04-01";"2020-05-31";"Wiederruf";"Ingolstadt";"terminated";2000;"2020-05-01"
23228;"energy";"electricity";1900;1894;"2019-06-08";"2020-01-01";"";"";"";"Munich";"indelivery";1000;"2020-09-09"
23229;"energy";"electricity";2000;2057;"2019-01-02";"2019-04-01";"2020-04-30";"2020-03-28";"Umzug";"Berlin";"terminated";1000;"2019-02-08"
23230;"energy";"electricity";2500;2618;"2018-04-25";"2018-05-01";"";"";"";"Donauwörth";"indelivery";1000;"2018-12-27"
23231;"energy";"electricity";3000;3056;"2019-01-19";"2019-09-01";"";"";"";"Augsburg";"indelivery";1000;"2019-09-25"
23232;"energy";"electricity";2500;2717;"2020-03-26";"2021-01-01";"";"";"";"Mainz";"active";1001;"2020-08-21"
23233;"energy";"gas";11300;11914;"2019-05-25";"2019-07-01";"";"";"";"Cologne";"indelivery";2001;"2019-10-02"
23234;"energy";"electricity";2500;2742;"2019-02-04";"2019-04-01";"";"";"";"Cologne";"indelivery";1002;"2019-09-10"
23235;"energy";"electricity";2800;2896;"2018-11-11";"2019-02-01";"2019-09-30";"2019-09-01";"fristgerecht durch LichtBlick";"Herne";"terminated";1000;"2019-09-01"
23236;"energy";"gas";8100;8600;"2019-07-27";"2019-09-01";"";"";"";"Berlin";"indelivery";2001;"2020-04-26"
23237;"energy";"electricity";2400;2374;"2019-07-25";"2019-09-01";"";"";"";"Frankfurt";"indelivery";1001;"2020-04-28"
23238;"energy";"gas";9200;9311;"2020-04-24";"2021-01-01";"";"";"";"Munich";"active";2001;"2020-06-21"
23239;"energy";"electricity";2800;2638;"2018-12-11";"2019-06-01";"";"";"";"Magdeburg";"indelivery";1000;"2020-03-16"
23240;"energy";"gas";11100;"";"2019-03-18";"2019-09-01";"";"";"";"Bremen";"indelivery";2000;"2019-10-26"
23241;"energy";"gas";9400;"";"2018-12-03";"2019-05-01";"";"";"";"Münster";"indelivery";2001;"2019-12-11"
23242;"energy";"electricity";2700;2651;"2020-06-19";"2020-09-01";"";"";"";"Hamburg";"indelivery";1001;"2020-07-24"
23243;"energy";"electricity";2600;2823;"2020-05-02";"2020-07-01";"";"";"";"Göttingen";"indelivery";1000;"2020-08-13"
23244;"energy";"electricity";2200;2339;"2018-08-25";"2019-05-01";"2020-08-31";"2020-08-02";"fristgerecht durch Kunde";"Hannover";"terminated";1002;"2020-03-08"
23245;"energy";"electricity";2900;2893;"2019-01-11";"2019-02-01";"";"";"";"Burg";"indelivery";1002;"2020-02-11"
23246;"energy";"electricity";2800;2840;"2019-10-08";"2019-11-01";"2020-12-31";"2020-12-03";"fristgerecht durch Kunde";"Düsseldorf";"cancelled";1001;"2020-04-30"
23247;"energy";"electricity";2500;2362;"2018-03-27";"2018-12-01";"2020-03-31";"2020-02-26";"fristgerecht durch LichtBlick";"Göttingen";"terminated";1002;"2018-06-22"
23248;"energy";"electricity";2400;2550;"2019-06-18";"2019-08-01";"";"";"";"Marienberg";"indelivery";1001;"2019-12-13"
23249;"energy";"electricity";2900;2849;"2019-11-20";"2020-02-01";"";"";"";"Braunschweig";"indelivery";1001;"2020-07-11"
23250;"energy";"electricity";2800;2851;"2020-02-06";"2021-03-01";"";"";"";"Fürth";"active";1000;"2020-02-08"
23251;"energy";"electricity";2700;2596;"2018-01-29";"2018-04-01";"";"";"";"Berlin";"indelivery";1002;"2020-08-24"
23252;"energy";"electricity";2800;2740;"2018-11-06";"2018-12-01";"";"";"";"Braunschweig";"indelivery";1002;"2019-06-02"
23253;"energy";"electricity";2500;2380;"2018-10-12";"2018-12-01";"";"";"";"Wuppertal";"indelivery";1002;"2020-06-06"
23254;"energy";"electricity";2800;2819;"2018-04-08";"2019-01-01";"";"";"";"Munich";"indelivery";1000;"2018-05-09"
23255;"energy";"electricity";2300;2197;"2019-10-01";"2019-11-01";"2020-11-30";"2020-10-30";"Umzug";"Munich";"cancelled";1001;"2020-03-08"
23256;"energy";"electricity";2400;2390;"2020-04-05";"2020-12-01";"";"";"";"Augsburg";"active";1000;"2020-04-29"
23257;"energy";"electricity";2800;2804;"2019-12-17";"2020-02-01";"";"";"";"Marienberg";"indelivery";1000;"2020-06-01"
23258;"energy";"electricity";2500;"";"2019-10-16";"2019-11-01";"";"";"";"Wuppertal";"indelivery";1002;"2020-04-28"
23259;"energy";"electricity";2700;2648;"2018-07-31";"2019-01-01";"2019-01-01";"2020-04-02";"Wiederruf";"Bielefeld";"terminated";1001;"2019-11-29"
23260;"energy";"electricity";2800;2930;"2018-01-29";"2018-07-01";"";"";"";"Hamburg";"indelivery";1001;"2020-02-23"
23261;"energy";"electricity";2100;2126;"2019-02-07";"2019-05-01";"";"";"";"Berlin";"indelivery";1000;"2019-08-23"
23262;"energy";"electricity";2100;2052;"2020-01-05";"2020-03-01";"";"";"";"Berlin";"indelivery";1000;"2020-09-10"
23263;"energy";"gas";9700;10231;"2019-03-15";"2019-06-01";"";"";"";"Altenkirchen";"indelivery";2000;"2020-05-01"
23264;"energy";"electricity";2600;2525;"2019-11-06";"2020-01-01";"2020-02-29";"2020-01-20";"fristgerecht durch Kunde";"Cologne";"terminated";1002;"2020-01-20"
23265;"energy";"electricity";2100;2152;"2020-09-16";"2021-01-01";"";"";"";"Mannheim";"active";1001;"2020-09-27"
23266;"energy";"electricity";2300;2203;"2020-02-27";"2020-06-01";"";"";"";"Leipzig";"indelivery";1001;"2020-08-16"
23267;"energy";"electricity";2700;2801;"2019-10-17";"2019-11-01";"";"";"";"Marienberg";"indelivery";1002;"2020-02-11"
23268;"energy";"electricity";2600;2496;"2018-10-02";"2018-11-01";"2020-10-31";"2020-10-03";"fristgerecht durch LichtBlick";"Bremen";"cancelled";1000;"2019-11-06"
23269;"energy";"electricity";2300;2463;"2019-04-02";"2019-07-01";"2020-04-30";"2020-04-02";"Umzug";"Dortmund";"terminated";1002;"2020-04-02"
23270;"energy";"electricity";2100;2081;"2018-05-19";"2019-03-01";"2020-03-31";"2020-02-26";"Umzug";"Marienberg";"terminated";1000;"2019-08-03"
23271;"energy";"electricity";2600;2680;"2020-03-19";"2020-05-01";"";"";"";"Gera";"indelivery";1002;"2020-05-14"
23272;"energy";"electricity";2000;2173;"2019-11-12";"2020-05-01";"";"";"";"Hamburg";"indelivery";1001;"2020-02-05"
23273;"energy";"gas";11900;12489;"2020-09-12";"2020-11-01";"";"";"";"Sankt Wendel";"active";2001;"2020-09-25"
23274;"energy";"gas";9600;10318;"2020-08-19";"2020-10-01";"";"";"";"Frankfurt";"indelivery";2000;"2020-09-08"
23275;"energy";"gas";10400;10681;"2018-01-06";"2018-02-01";"";"";"";"Cologne";"indelivery";2000;"2018-09-23"
23276;"energy";"electricity";2400;2522;"2018-04-05";"2018-09-01";"";"";"";"Wuppertal";"indelivery";1001;"2018-11-04"
23277;"energy";"electricity";2200;2250;"2020-01-23";"2020-02-01";"";"";"";"Schwäbisch Hall";"indelivery";1001;"2020-02-08"
23278;"energy";"electricity";2600;2703;"2018-04-24";"2018-06-01";"";"";"";"Bremen";"indelivery";1000;"2020-08-26"
23279;"energy";"electricity";2300;2159;"2018-10-08";"2018-12-01";"";"";"";"Stuttgart";"indelivery";1001;"2020-07-17"
23280;"energy";"electricity";2900;"";"2019-07-25";"2019-11-01";"";"";"";"Hannover";"indelivery";1000;"2020-04-14"
23281;"energy";"electricity";3200;"";"2020-02-05";"2020-09-01";"";"";"";"Schwandorf";"indelivery";1002;"2020-07-08"
23282;"energy";"electricity";2600;2699;"2020-03-31";"2020-10-01";"";"";"";"Hamburg";"indelivery";1002;"2020-04-30"
23283;"energy";"electricity";2700;2859;"2018-10-31";"2019-03-01";"";"";"";"Hamburg";"indelivery";1001;"2020-01-16"
23284;"energy";"electricity";2200;2321;"2019-02-11";"2019-05-01";"2020-09-30";"2020-08-29";"fristgerecht durch LichtBlick";"Rostock";"terminated";1000;"2019-11-16"
23285;"energy";"electricity";2600;2454;"2018-07-12";"2019-02-01";"2019-08-31";"2019-08-01";"fristgerecht durch LichtBlick";"Bremen";"terminated";1000;"2019-08-01"
23286;"energy";"gas";11900;12857;"2020-02-01";"2020-05-01";"";"";"";"Altchemnitz";"indelivery";2000;"2020-05-31"
23287;"energy";"gas";8700;8253;"2020-01-12";"2020-08-01";"";"";"";"Düsseldorf";"indelivery";2001;"2020-07-03"
23288;"energy";"electricity";2600;"";"2018-05-02";"2019-03-01";"";"";"";"Dresden";"indelivery";1002;"2019-10-02"
23289;"energy";"electricity";2500;2549;"2019-12-12";"2020-01-01";"";"";"";"Frankfurt";"indelivery";1001;"2020-08-15"
23290;"energy";"electricity";2300;2500;"2019-08-23";"2019-12-01";"";"";"";"Berlin";"indelivery";1001;"2020-04-10"
23291;"energy";"electricity";2700;2761;"2020-02-13";"2020-04-01";"";"";"";"Würzburg";"indelivery";1000;"2020-04-07"
23292;"energy";"electricity";2600;2558;"2018-05-16";"2018-07-01";"";"";"";"Duisburg";"indelivery";1002;"2018-12-04"
23293;"energy";"electricity";3000;2980;"2019-06-07";"2019-08-01";"";"";"";"Duisburg";"indelivery";1002;"2019-10-02"
23294;"energy";"electricity";3100;3197;"2018-09-13";"2019-06-01";"";"";"";"Heilbad Heiligenstadt";"indelivery";1000;"2020-01-12"
23295;"energy";"electricity";2300;2441;"2019-08-25";"2020-08-01";"";"";"";"Hannover";"indelivery";1002;"2019-11-21"
23296;"energy";"electricity";2100;2276;"2020-07-04";"2020-08-01";"";"";"";"Braunschweig";"indelivery";1001;"2020-09-30"
23297;"energy";"electricity";2400;2295;"2020-01-28";"2020-02-01";"";"";"";"Cologne";"indelivery";1002;"2020-03-08"
23298;"energy";"electricity";2700;2612;"2018-09-14";"2018-12-01";"2020-02-29";"2020-02-01";"fristgerecht durch LichtBlick";"Düsseldorf";"terminated";1001;"2019-11-19"
23299;"energy";"electricity";2500;2642;"2019-02-07";"2019-09-01";"";"";"";"Marienberg";"indelivery";1001;"2019-11-20"
23300;"energy";"gas";11100;11456;"2020-05-28";"2020-09-01";"";"";"";"Erfurt";"indelivery";2000;"2020-09-27"
23301;"energy";"electricity";2800;2845;"2019-11-19";"2020-08-01";"";"";"";"Bielefeld";"indelivery";1000;"2020-04-06"
23302;"energy";"gas";11100;11661;"2018-07-30";"2018-12-01";"";"";"";"Offenbach";"indelivery";2001;"2018-08-25"
23303;"energy";"electricity";2500;"";"2018-01-19";"2018-06-01";"";"";"";"Bielefeld";"indelivery";1000;"2020-09-21"
23304;"energy";"electricity";2700;"";"2019-05-24";"2019-07-01";"";"";"";"Hamburg";"indelivery";1000;"2019-12-27"
23305;"energy";"electricity";2600;2664;"2019-12-15";"2020-02-01";"";"";"";"Essen";"indelivery";1000;"2020-07-28"
23306;"energy";"electricity";2200;2288;"2019-10-12";"2019-11-01";"2020-08-31";"2020-07-24";"Umzug";"Karlsruhe";"terminated";1002;"2020-07-02"
23307;"energy";"electricity";2400;"";"2019-01-12";"2019-04-01";"";"";"";"Dortmund";"indelivery";1000;"2020-01-24"
23308;"energy";"electricity";2900;2822;"2020-02-23";"2020-04-01";"";"";"";"Berlin";"indelivery";1000;"2020-07-16"
23309;"energy";"electricity";2800;2746;"2018-06-18";"2018-09-01";"";"";"";"Kassel";"indelivery";1002;"2018-10-04"
23310;"energy";"electricity";2900;2886;"2018-07-06";"2018-12-01";"";"";"";"Rostock";"indelivery";1000;"2020-09-26"
23311;"energy";"electricity";2400;2398;"2020-01-03";"2020-03-01";"2020-12-31";"2020-12-03";"fristgerecht durch Kunde";"Berlin";"cancelled";1002;"2020-09-08"
23312;"energy";"electricity";2800;3007;"2019-01-07";"2019-03-01";"";"";"";"Dortmund";"indelivery";1002;"2020-07-25"
23313;"energy";"electricity";2300;2176;"2018-08-26";"2018-11-01";"2019-05-31";"2019-05-01";"fristgerecht durch Kunde";"Dortmund";"terminated";1001;"2018-11-09"
23314;"energy";"electricity";2500;2489;"2020-01-11";"2020-08-01";"";"";"";"Berlin";"indelivery";1000;"2020-06-04"
23315;"energy";"gas";11300;"";"2018-03-16";"2018-05-01";"";"";"";"Berlin";"indelivery";2001;"2020-09-08"
23316;"energy";"electricity";2700;2605;"2018-12-13";"2019-08-01";"";"";"";"Münster";"indelivery";1000;"2020-06-22"
23317;"energy";"electricity";2500;2547;"2019-03-14";"2019-06-01";"";"";"";"Berlin";"indelivery";1001;"2020-03-02"
23318;"energy";"electricity";2800;2918;"2019-10-25";"2019-12-01";"";"";"";"Hamburg";"indelivery";1001;"2019-10-27"
23319;"energy";"electricity";2400;2369;"2018-06-14";"2018-09-01";"";"";"";"Berlin";"indelivery";1001;"2019-10-16"
23320;"energy";"electricity";2400;2527;"2018-03-12";"2018-09-01";"";"";"";"Duisburg";"indelivery";1000;"2019-07-07"
23321;"energy";"electricity";2300;2219;"2019-09-27";"2020-02-01";"";"";"";"Hamburg";"indelivery";1000;"2020-06-07"
23322;"energy";"electricity";2700;2738;"2018-07-28";"2018-09-01";"2020-08-31";"2020-08-02";"fristgerecht durch Kunde";"Berlin";"terminated";1002;"2020-07-08"
23323;"energy";"electricity";2700;2837;"2019-07-01";"2019-08-01";"";"";"";"Frankfurt";"indelivery";1001;"2019-12-10"
23324;"energy";"electricity";2600;2588;"2020-08-03";"2021-04-01";"";"";"";"Hamburg";"active";1001;"2020-08-12"
23325;"energy";"electricity";2400;2394;"2018-07-01";"2018-12-01";"";"";"";"Rosenheim";"indelivery";1002;"2018-11-20"
23326;"energy";"electricity";2600;2721;"2019-08-11";"2019-11-01";"";"";"";"Berlin";"indelivery";1000;"2020-08-23"
23327;"energy";"electricity";2200;2327;"2018-01-03";"2018-03-01";"";"";"";"Cologne";"indelivery";1000;"2019-06-15"
23328;"energy";"electricity";2500;2636;"2019-05-07";"2020-05-01";"";"";"";"Kassel";"indelivery";1002;"2019-12-30"
23329;"energy";"electricity";2100;2166;"2019-04-10";"2019-05-01";"";"";"";"Berlin";"indelivery";1000;"2019-09-10"
23330;"energy";"electricity";2600;2649;"2018-02-05";"2018-03-01";"";"";"";"Dortmund";"indelivery";1002;"2018-02-27"
23331;"energy";"electricity";2200;"";"2019-07-30";"2019-08-01";"2019-12-31";"2019-12-01";"Umzug";"Magdeburg";"terminated";1001;"2019-12-01"
23332;"energy";"electricity";2300;2481;"2019-06-23";"2019-08-01";"";"";"";"Dresden";"indelivery";1002;"2020-06-23"
23333;"energy";"electricity";1900;1976;"2019-08-21";"2019-12-01";"";"";"";"Hamburg";"indelivery";1002;"2019-10-05"
23334;"energy";"electricity";2500;2457;"2018-06-07";"2018-09-01";"2019-10-31";"2019-10-02";"fristgerecht durch Kunde";"Munich";"terminated";1002;"2018-07-31"
23335;"energy";"electricity";2600;"";"2019-09-21";"2019-11-01";"";"";"";"Duisburg";"indelivery";1002;"2020-05-03"
23336;"energy";"gas";11200;11986;"2018-06-20";"2018-11-01";"";"";"";"Dortmund";"indelivery";2001;"2020-02-15"
23337;"energy";"gas";10000;10509;"2020-06-19";"2020-12-01";"";"";"";"Berlin";"active";2000;"2020-09-26"
23338;"energy";"electricity";3000;2973;"2018-03-10";"2018-05-01";"";"";"";"Dresden";"indelivery";1002;"2018-06-11"
23339;"energy";"gas";12000;11429;"2019-03-14";"2019-04-01";"";"";"";"Saarbrücken";"indelivery";2000;"2020-09-10"
23340;"energy";"electricity";2100;2108;"2018-04-03";"2018-06-01";"";"";"";"Frankfurt";"indelivery";1002;"2020-02-14"
23341;"energy";"electricity";2300;2394;"2019-02-26";"2019-09-01";"";"";"";"Braunschweig";"indelivery";1000;"2019-06-29"
23342;"energy";"electricity";2400;2328;"2018-10-30";"2019-02-01";"";"";"";"Bremen";"indelivery";1002;"2019-08-06"
23343;"energy";"electricity";2800;3023;"2018-09-10";"2018-12-01";"2019-10-31";"2019-09-27";"Umzug";"Frankfurt";"terminated";1001;"2019-09-27"
23344;"energy";"electricity";2700;"";"2020-06-17";"2020-12-01";"";"";"";"Stuttgart";"active";1002;"2020-07-03"
23345;"energy";"electricity";2500;"";"2019-10-05";"2020-05-01";"";"";"";"Cologne";"indelivery";1002;"2019-11-02"
23346;"energy";"gas";8800;9135;"2018-12-03";"2019-01-01";"";"";"";"Munich";"indelivery";2001;"2019-01-01"
23347;"energy";"electricity";2700;2713;"2019-11-21";"2020-01-01";"";"";"";"Cologne";"indelivery";1002;"2019-11-27"
23348;"energy";"electricity";2600;2812;"2020-01-26";"2020-07-01";"";"";"";"Hamburg";"indelivery";1000;"2020-04-25"
23349;"energy";"electricity";2500;2642;"2018-05-09";"2019-02-01";"";"";"";"Düsseldorf";"indelivery";1000;"2020-07-25"
23350;"energy";"gas";10200;10944;"2019-08-06";"2020-04-01";"";"";"";"Kiel";"indelivery";2001;"2020-04-27"
23351;"energy";"electricity";2400;2473;"2020-08-07";"2020-12-01";"";"";"";"Karlsruhe";"active";1001;"2020-09-02"
23352;"energy";"electricity";2500;2636;"2018-07-15";"2018-09-01";"2018-09-01";"2020-03-02";"Wiederruf";"Magdeburg";"terminated";1002;"2019-01-17"
23353;"energy";"gas";8800;8409;"2018-10-09";"2018-11-01";"";"";"";"Hamburg";"indelivery";2000;"2020-08-26"
23354;"energy";"electricity";2700;2667;"2019-03-26";"2019-09-01";"";"";"";"Berlin";"indelivery";1002;"2019-12-18"
23355;"energy";"electricity";2600;2562;"2019-03-20";"2020-01-01";"2020-10-31";"2020-09-30";"fristgerecht durch LichtBlick";"Berlin";"cancelled";1000;"2019-12-06"
23356;"energy";"electricity";2200;2328;"2019-08-16";"2019-11-01";"";"";"";"Berlin";"indelivery";1001;"2020-05-18"
23357;"energy";"electricity";2200;2218;"2019-02-02";"2019-04-01";"";"";"";"Essen";"indelivery";1002;"2019-05-09"
23358;"energy";"electricity";2300;"";"2020-06-13";"2020-08-01";"";"";"";"Leipzig";"indelivery";1000;"2020-09-28"
23359;"energy";"electricity";1900;1975;"2019-01-14";"2019-03-01";"2020-01-31";"2019-12-29";"fristgerecht durch Kunde";"Frankfurt";"terminated";1002;"2019-01-27"
23360;"energy";"electricity";2500;2513;"2018-11-19";"2018-12-01";"";"";"";"Munich";"indelivery";1002;"2019-03-28"
23361;"energy";"electricity";2900;2905;"2019-02-10";"2019-04-01";"";"";"";"Berlin";"indelivery";1002;"2019-03-01"
23362;"energy";"electricity";2600;2640;"2018-07-20";"2018-09-01";"";"";"";"Munich";"indelivery";1001;"2019-12-27"
23363;"energy";"electricity";2700;2698;"2019-09-27";"2020-06-01";"";"";"";"Berlin";"indelivery";1001;"2020-08-26"
23364;"energy";"electricity";2500;2591;"2018-12-15";"2019-01-01";"";"";"";"Hamburg";"indelivery";1001;"2020-05-19"
23365;"energy";"electricity";2200;2268;"2020-08-18";"2020-09-01";"";"";"";"Munich";"indelivery";1002;"2020-09-20"
23366;"energy";"gas";11400;11910;"2018-12-01";"2019-04-01";"";"";"";"Rostock";"indelivery";2001;"2019-06-14"
23367;"energy";"electricity";2400;2434;"2020-03-28";"2020-05-01";"";"";"";"Cologne";"indelivery";1001;"2020-05-12"
23368;"energy";"electricity";2800;2793;"2019-08-14";"2019-09-01";"";"";"";"Essen";"indelivery";1000;"2020-06-08"
23369;"energy";"electricity";2200;2167;"2018-11-13";"2019-03-01";"";"";"";"Wuppertal";"indelivery";1000;"2020-01-08"
23370;"energy";"electricity";2900;3101;"2018-01-19";"2018-02-01";"2019-05-31";"2019-04-30";"fristgerecht durch LichtBlick";"Magdeburg";"terminated";1000;"2019-04-30"
23371;"energy";"gas";11500;12110;"2020-07-18";"2020-09-01";"";"";"";"Koblenz";"indelivery";2000;"2020-08-08"
23372;"energy";"electricity";2400;"";"2019-06-02";"2019-08-01";"";"";"";"Ingolstadt";"indelivery";1002;"2020-06-07"
23373;"energy";"electricity";2600;2743;"2019-04-19";"2019-06-01";"";"";"";"Haßfurt";"indelivery";1000;"2019-12-22"
23374;"energy";"electricity";2400;2276;"2020-02-22";"2020-04-01";"";"";"";"Duisburg";"indelivery";1001;"2020-04-11"
23375;"energy";"gas";8200;"";"2019-07-16";"2019-11-01";"";"";"";"Munich";"indelivery";2001;"2019-11-18"
23376;"energy";"electricity";3000;3115;"2020-04-17";"2020-09-01";"";"";"";"Bielefeld";"indelivery";1002;"2020-08-14"
23377;"energy";"electricity";2700;2855;"2018-06-25";"2018-11-01";"";"";"";"Braunschweig";"indelivery";1002;"2018-09-03"
23378;"energy";"electricity";2100;2195;"2019-01-25";"2019-04-01";"";"";"";"Munich";"indelivery";1001;"2019-03-05"
23379;"energy";"electricity";2200;2254;"2019-08-21";"2019-10-01";"2020-12-31";"2020-11-29";"fristgerecht durch LichtBlick";"Hamburg";"cancelled";1002;"2019-11-19"
23380;"energy";"electricity";2500;2384;"2018-05-12";"2018-06-01";"";"";"";"Alzey";"indelivery";1000;"2018-07-25"
23381;"energy";"electricity";2200;2247;"2019-09-16";"2020-01-01";"2020-11-30";"2020-11-01";"fristgerecht durch Kunde";"Berlin";"cancelled";1000;"2020-05-10"
23382;"energy";"electricity";2000;1996;"2018-03-09";"2018-06-01";"";"";"";"Berlin";"indelivery";1000;"2019-05-17"
23383;"energy";"electricity";2500;2691;"2020-09-11";"2020-11-01";"";"";"";"Wuppertal";"active";1001;"2020-09-16"
23384;"energy";"electricity";2900;"";"2019-12-25";"2020-06-01";"";"";"";"Siegen";"indelivery";1000;"2020-02-08"
23385;"energy";"electricity";2400;2405;"2018-11-02";"2019-01-01";"2019-01-01";"2019-02-28";"Wiederruf";"Fürstenfeldbruck";"terminated";1001;"2019-02-28"
23386;"energy";"electricity";2300;2462;"2018-09-04";"2019-07-01";"";"";"";"Berlin";"indelivery";1001;"2019-12-26"
23387;"energy";"gas";10000;10387;"2019-06-11";"2019-08-01";"2019-08-01";"2020-11-01";"Wiederruf";"Leipzig";"terminated";2000;"2019-08-29"
23388;"energy";"electricity";2000;2192;"2020-03-02";"2020-10-01";"";"";"";"Bremen";"indelivery";1002;"2020-08-09"
23389;"energy";"gas";10300;11006;"2019-06-13";"2019-09-01";"";"";"";"Bremen";"indelivery";2001;"2020-05-15"
23390;"energy";"electricity";2400;2309;"2019-04-20";"2019-10-01";"2020-01-31";"2019-12-30";"fristgerecht durch Kunde";"Hamburg";"terminated";1002;"2019-10-27"
23391;"energy";"electricity";2000;1955;"2020-07-02";"2021-01-01";"";"";"";"Bielefeld";"active";1000;"2020-08-24"
23392;"energy";"electricity";2900;2836;"2020-03-25";"2020-07-01";"";"";"";"Coburg";"indelivery";1001;"2020-06-15"
23393;"energy";"electricity";2400;2451;"2019-03-09";"2019-09-01";"";"";"";"Berlin";"indelivery";1001;"2019-07-11"
23394;"energy";"electricity";2200;2314;"2019-12-03";"2020-10-01";"";"";"";"Bremen";"indelivery";1000;"2020-02-24"
23395;"energy";"electricity";2500;2375;"2018-11-24";"2019-03-01";"";"";"";"Bad Neuenahr-Ahrweiler";"indelivery";1000;"2019-08-14"
23396;"energy";"electricity";2000;1962;"2018-01-10";"2018-11-01";"";"";"";"Berlin";"indelivery";1002;"2018-08-24"
23397;"energy";"electricity";2300;2173;"2020-09-27";"2020-11-01";"";"";"";"Marienberg";"active";1000;"2020-09-30"
23398;"energy";"electricity";2300;2511;"2020-08-11";"2020-11-01";"";"";"";"Hamburg";"active";1001;"2020-09-02"
23399;"energy";"gas";10300;10426;"2020-03-03";"2020-05-01";"";"";"";"Dresden";"indelivery";2001;"2020-07-31"
23400;"energy";"electricity";2100;2242;"2020-05-09";"2020-09-01";"";"";"";"Dresden";"indelivery";1002;"2020-07-17"
23401;"energy";"gas";8300;8033;"2018-10-23";"2018-12-01";"";"";"";"Berlin";"indelivery";2000;"2020-07-06"
23402;"energy";"electricity";2800;2959;"2018-04-13";"2018-06-01";"";"";"";"Aichach";"indelivery";1002;"2019-12-17"
23403;"energy";"electricity";2500;2538;"2019-06-21";"2019-08-01";"";"";"";"Hamburg";"indelivery";1002;"2019-08-01"
23404;"energy";"electricity";2900;2961;"2019-02-02";"2019-03-01";"2019-03-01";"2020-12-01";"Wiederruf";"Munich";"terminated";1002;"2019-04-11"
23405;"energy";"electricity";2700;2714;"2019-02-25";"2019-11-01";"2020-09-30";"2020-08-27";"fristgerecht durch Kunde";"Munich";"terminated";1002;"2020-05-08"
23406;"energy";"electricity";2700;2784;"2020-02-24";"2020-04-01";"";"";"";"Ulm";"indelivery";1002;"2020-04-24"
23407;"energy";"electricity";2400;2346;"2019-02-27";"2019-03-01";"";"";"";"Cottbus";"indelivery";1002;"2019-07-25"
23408;"energy";"gas";10500;10160;"2020-06-22";"2020-08-01";"";"";"";"Coburg";"indelivery";2000;"2020-07-30"
23409;"energy";"electricity";2600;2727;"2020-03-27";"2020-05-01";"2020-05-01";"2020-08-31";"Wiederruf";"Kassel";"terminated";1001;"2020-04-17"
23410;"energy";"electricity";2300;2235;"2018-12-17";"2019-02-01";"";"";"";"Berlin";"indelivery";1000;"2020-01-26"
23411;"energy";"electricity";2300;2323;"2018-01-22";"2018-03-01";"2018-12-31";"2018-11-29";"fristgerecht durch Kunde";"Karlsruhe";"terminated";1001;"2018-08-19"
23412;"energy";"gas";9900;9689;"2019-09-29";"2020-01-01";"";"";"";"Erfurt";"indelivery";2001;"2020-02-24"
23413;"energy";"gas";9400;9611;"2018-01-07";"2018-06-01";"";"";"";"Cologne";"indelivery";2001;"2019-10-11"
23414;"energy";"electricity";2200;2124;"2019-12-26";"2020-01-01";"";"";"";"Essen";"indelivery";1002;"2020-09-05"
23415;"energy";"electricity";2000;2044;"2019-12-21";"2020-01-01";"2020-09-30";"2020-09-02";"fristgerecht durch LichtBlick";"Hamburg";"terminated";1001;"2020-02-18"
23416;"energy";"electricity";2300;2274;"2020-03-13";"2021-03-01";"";"";"";"Kassel";"active";1002;"2020-04-19"
23417;"energy";"electricity";2100;2057;"2020-09-24";"2021-01-01";"";"";"";"Berlin";"active";1002;"2020-09-25"
23418;"energy";"gas";11200;11441;"2019-03-24";"2019-06-01";"";"";"";"Dortmund";"indelivery";2000;"2019-12-05"
23419;"energy";"electricity";2200;2406;"2019-05-14";"2019-07-01";"";"";"";"Munich";"indelivery";1002;"2019-12-18"
23420;"energy";"electricity";2700;2544;"2019-09-11";"2020-01-01";"";"";"";"Berlin";"indelivery";1001;"2020-09-28"
23421;"energy";"electricity";2100;2234;"2019-05-15";"2019-10-01";"";"";"";"Dortmund";"indelivery";1002;"2020-02-20"
23422;"energy";"electricity";2800;2960;"2020-09-29";"2021-03-01";"";"";"";"Essen";"active";1001;"2020-09-30"
23423;"energy";"electricity";1900;1902;"2018-05-03";"2018-07-01";"";"";"";"Hamburg";"indelivery";1000;"2018-12-29"
23424;"energy";"electricity";2700;2572;"2019-04-17";"2020-03-01";"";"";"";"Dresden";"indelivery";1002;"2020-03-27"
23425;"energy";"electricity";2800;3052;"2020-05-17";"2020-08-01";"";"";"";"Frankfurt";"indelivery";1001;"2020-06-22"
23426;"energy";"electricity";2800;2965;"2018-09-27";"2019-07-01";"";"";"";"Karlsruhe";"indelivery";1002;"2018-12-20"
23427;"energy";"electricity";2200;2331;"2019-11-03";"2020-05-01";"";"";"";"Mannheim";"indelivery";1001;"2020-07-24"
23428;"energy";"electricity";2000;2161;"2020-02-11";"2020-05-01";"";"";"";"Hannover";"indelivery";1000;"2020-07-25"
23429;"energy";"electricity";2500;2543;"2018-07-08";"2018-08-01";"";"";"";"Bremerhaven";"indelivery";1000;"2020-08-07"
23430;"energy";"electricity";2700;2662;"2018-04-02";"2018-06-01";"";"";"";"Göttingen";"indelivery";1000;"2020-08-27"
23431;"energy";"electricity";2700;2686;"2018-07-21";"2018-12-01";"2020-10-31";"2020-09-27";"fristgerecht durch Kunde";"Düsseldorf";"cancelled";1001;"2019-07-12"
23432;"energy";"gas";10600;11204;"2019-10-10";"2019-12-01";"";"";"";"Stuttgart";"indelivery";2000;"2019-10-23"
23433;"energy";"gas";10200;10565;"2018-06-26";"2018-08-01";"";"";"";"Würzburg";"indelivery";2001;"2019-11-04"
23434;"energy";"electricity";2600;2708;"2020-06-19";"2021-05-01";"";"";"";"Stuttgart";"active";1000;"2020-07-25"
23435;"energy";"electricity";2400;2376;"2019-02-27";"2019-03-01";"";"";"";"Leipzig";"indelivery";1002;"2019-07-21"
23436;"energy";"electricity";2700;2730;"2019-05-20";"2019-12-01";"";"";"";"Berlin";"indelivery";1000;"2020-04-13"
23437;"energy";"electricity";2700;"";"2019-01-01";"2019-07-01";"";"";"";"Lüchow";"indelivery";1001;"2019-08-19"
23438;"energy";"electricity";2400;2472;"2019-12-29";"2020-01-01";"";"";"";"Berlin";"indelivery";1000;"2020-06-08"
23439;"energy";"electricity";3000;2815;"2019-06-16";"2019-09-01";"";"";"";"Mainz";"indelivery";1000;"2019-08-24"
23440;"energy";"electricity";2600;2722;"2018-11-05";"2018-12-01";"";"";"";"Cologne";"indelivery";1002;"2019-11-01"
23441;"energy";"gas";10400;10142;"2019-01-06";"2019-04-01";"2019-10-31";"2019-09-28";"Umzug";"Jena";"terminated";2001;"2019-09-28"
23442;"energy";"gas";8000;8445;"2019-09-11";"2019-10-01";"";"";"";"Koblenz";"indelivery";2000;"2020-07-10"
23443;"energy";"gas";10600;10450;"2018-01-30";"2018-03-01";"";"";"";"Dortmund";"indelivery";2001;"2020-01-22"
23444;"energy";"electricity";2500;2432;"2020-02-17";"2020-10-01";"";"";"";"Frankfurt";"indelivery";1000;"2020-05-14"
23445;"energy";"electricity";2700;2702;"2020-09-20";"2020-11-01";"";"";"";"Freiburg";"active";1001;"2020-09-25"
23446;"energy";"electricity";2100;"";"2018-05-03";"2019-01-01";"2019-06-30";"2019-05-24";"Umzug";"Freiburg";"terminated";1002;"2018-08-13"
23447;"energy";"electricity";2100;2092;"2019-05-31";"2019-12-01";"";"";"";"Altchemnitz";"indelivery";1002;"2020-03-18"
23448;"energy";"electricity";2200;"";"2018-05-16";"2018-08-01";"2018-08-01";"2020-06-01";"Wiederruf";"Rostock";"terminated";1002;"2019-11-26"
23449;"energy";"electricity";2300;2404;"2019-04-28";"2019-07-01";"";"";"";"Hamburg";"indelivery";1002;"2019-11-26"
23450;"energy";"electricity";2300;2391;"2018-03-23";"2018-07-01";"";"";"";"Marienberg";"indelivery";1000;"2019-09-05"
23451;"energy";"electricity";2300;"";"2020-07-27";"2020-11-01";"";"";"";"Munich";"active";1000;"2020-08-11"
23452;"energy";"electricity";2500;2602;"2019-09-04";"2020-03-01";"";"";"";"Düsseldorf";"indelivery";1002;"2019-12-24"
23453;"energy";"electricity";2700;2877;"2020-07-01";"2020-08-01";"";"";"";"Leipzig";"indelivery";1001;"2020-09-01"
23454;"energy";"electricity";2900;2978;"2018-12-11";"2019-05-01";"";"";"";"Dortmund";"indelivery";1000;"2020-03-09"
23455;"energy";"electricity";2900;3136;"2018-08-13";"2018-10-01";"";"";"";"Lübeck";"indelivery";1002;"2020-05-01"
23456;"energy";"electricity";2600;"";"2019-08-05";"2020-08-01";"";"";"";"Berlin";"indelivery";1000;"2020-04-25"
23457;"energy";"electricity";2800;2764;"2019-07-10";"2020-03-01";"";"";"";"Marienberg";"indelivery";1000;"2020-03-28"
23458;"energy";"electricity";2800;2908;"2018-03-13";"2018-08-01";"";"";"";"Berlin";"indelivery";1000;"2020-02-16"
23459;"energy";"electricity";2500;2521;"2020-06-03";"2020-10-01";"";"";"";"Leipzig";"indelivery";1001;"2020-07-05"
23460;"energy";"gas";11800;12083;"2020-07-17";"2020-09-01";"";"";"";"Hannover";"indelivery";2001;"2020-08-17"
23461;"energy";"gas";11500;11089;"2018-01-21";"2018-04-01";"";"";"";"Leipzig";"indelivery";2001;"2020-06-17"
23462;"energy";"gas";11700;"";"2019-03-19";"2019-09-01";"";"";"";"Munich";"indelivery";2001;"2020-09-09"
23463;"energy";"electricity";2600;2636;"2018-12-16";"2019-01-01";"";"";"";"Bremen";"indelivery";1000;"2019-06-25"
23464;"energy";"electricity";2800;2937;"2019-10-06";"2019-11-01";"";"";"";"Wolfsburg";"indelivery";1001;"2020-05-09"
23465;"energy";"gas";10000;9693;"2018-02-24";"2018-09-01";"";"";"";"Duisburg";"indelivery";2000;"2018-04-13"
23466;"energy";"electricity";2900;2973;"2020-07-07";"2020-08-01";"";"";"";"Hannover";"indelivery";1001;"2020-07-29"
23467;"energy";"electricity";2600;2544;"2018-04-01";"2018-05-01";"2020-08-31";"2020-08-03";"fristgerecht durch LichtBlick";"Wiesbaden";"terminated";1002;"2020-02-12"
23468;"energy";"electricity";2300;2232;"2020-05-03";"2020-06-01";"";"";"";"Kiel";"indelivery";1000;"2020-07-13"
23469;"energy";"electricity";2300;2462;"2018-12-20";"2019-01-01";"";"";"";"Berlin";"indelivery";1001;"2020-01-13"
23470;"energy";"electricity";2300;2357;"2019-10-24";"2020-02-01";"";"";"";"Hannover";"indelivery";1001;"2020-05-10"
23471;"energy";"electricity";3000;2871;"2020-07-17";"2021-03-01";"";"";"";"Dortmund";"active";1002;"2020-08-07"
23472;"energy";"electricity";2100;2015;"2019-07-11";"2019-10-01";"";"";"";"Berlin";"indelivery";1002;"2020-04-25"
23473;"energy";"electricity";2200;2081;"2019-05-27";"2019-08-01";"";"";"";"Hofeck";"indelivery";1002;"2019-07-27"
23474;"energy";"gas";8100;8209;"2020-07-17";"2020-12-01";"";"";"";"Berlin";"active";2000;"2020-09-28"
23475;"energy";"gas";9200;9850;"2018-11-13";"2019-10-01";"";"";"";"Minden";"indelivery";2000;"2020-07-26"
23476;"energy";"electricity";2800;3002;"2019-07-15";"2020-05-01";"";"";"";"Duisburg";"indelivery";1001;"2020-04-29"
23477;"energy";"electricity";2400;2584;"2020-04-13";"2020-06-01";"";"";"";"Göttingen";"indelivery";1002;"2020-05-12"
23478;"energy";"gas";9900;10229;"2020-01-12";"2020-06-01";"";"";"";"Dortmund";"indelivery";2000;"2020-03-13"
23479;"energy";"electricity";2600;2787;"2020-01-09";"2020-05-01";"";"";"";"Düsseldorf";"indelivery";1000;"2020-05-12"
23480;"energy";"gas";11300;11727;"2019-08-14";"2019-10-01";"2020-06-30";"2020-05-29";"fristgerecht durch Kunde";"Hamburg";"terminated";2001;"2019-08-29"
23481;"energy";"gas";11200;11609;"2020-05-05";"2020-10-01";"";"";"";"Heidelberg";"indelivery";2001;"2020-07-27"
23482;"energy";"electricity";2100;2184;"2019-01-16";"2019-04-01";"";"";"";"Hamburg";"indelivery";1000;"2020-03-04"
23483;"energy";"electricity";2100;2082;"2020-05-30";"2020-12-01";"";"";"";"Hannover";"active";1001;"2020-09-11"
23484;"energy";"electricity";2300;2371;"2018-06-25";"2018-10-01";"";"";"";"Berlin";"indelivery";1001;"2019-11-04"
23485;"energy";"electricity";2800;2859;"2019-09-09";"2019-11-01";"";"";"";"Hildburghausen";"indelivery";1001;"2020-01-27"
23486;"energy";"gas";10900;"";"2019-06-02";"2019-12-01";"";"";"";"Frankfurt";"indelivery";2001;"2020-08-03"
23487;"energy";"electricity";3000;2864;"2018-11-28";"2019-02-01";"";"";"";"Heidelberg";"indelivery";1001;"2019-12-27"
23488;"energy";"electricity";2200;2303;"2020-09-06";"2020-12-01";"";"";"";"Munich";"active";1001;"2020-09-15"
23489;"energy";"electricity";2500;2430;"2018-05-26";"2019-03-01";"2019-06-30";"2019-06-02";"fristgerecht durch Kunde";"Duisburg";"terminated";1002;"2018-08-08"
23490;"energy";"gas";11200;11414;"2019-07-31";"2020-06-01";"";"";"";"Marienberg";"indelivery";2001;"2019-12-10"
23491;"energy";"electricity";2800;2763;"2018-06-16";"2019-02-01";"";"";"";"Mannheim";"indelivery";1001;"2018-10-05"
23492;"energy";"electricity";2300;2407;"2019-02-18";"2019-03-01";"";"";"";"Hamburg";"indelivery";1001;"2020-09-04"
23493;"energy";"electricity";2200;2327;"2018-11-10";"2019-01-01";"2019-05-31";"2019-05-02";"fristgerecht durch Kunde";"Coburg";"terminated";1002;"2019-01-08"
23494;"energy";"gas";10200;10096;"2018-08-05";"2018-11-01";"";"";"";"Marienberg";"indelivery";2000;"2020-01-09"
23495;"energy";"gas";8600;8391;"2018-01-28";"2018-03-01";"";"";"";"Marienberg";"indelivery";2000;"2020-09-24"
23496;"energy";"electricity";2900;2980;"2019-01-01";"2019-05-01";"";"";"";"Leipzig";"indelivery";1000;"2019-05-26"
23497;"energy";"gas";8600;8349;"2019-05-02";"2019-07-01";"";"";"";"Frankfurt";"indelivery";2001;"2019-05-29"
23498;"energy";"electricity";2500;2424;"2018-11-28";"2018-12-01";"2018-12-01";"2020-02-01";"Wiederruf";"Berlin";"terminated";1002;"2019-09-06"
23499;"energy";"electricity";2400;2547;"2020-02-28";"2020-06-01";"";"";"";"Duisburg";"indelivery";1000;"2020-08-12"
23500;"energy";"electricity";2700;2610;"2020-09-13";"2021-06-01";"";"";"";"Fürth";"active";1000;"2020-09-25"
23501;"energy";"electricity";2500;"";"2018-11-28";"2019-01-01";"";"";"";"Berlin";"indelivery";1002;"2020-01-02"
23502;"energy";"gas";9500;9884;"2020-02-20";"2020-03-01";"";"";"";"Stuttgart";"indelivery";2000;"2020-07-16"
23503;"energy";"electricity";2800;2824;"2019-03-18";"2019-06-01";"";"";"";"Dortmund";"indelivery";1002;"2020-06-29"
23504;"energy";"electricity";2300;2295;"2020-09-03";"2021-05-01";"";"";"";"Bautzen";"active";1000;"2020-09-06"
23505;"energy";"electricity";2600;2651;"2018-06-16";"2019-04-01";"";"";"";"Bergheim";"indelivery";1001;"2019-06-06"
23506;"energy";"electricity";2900;3070;"2018-01-23";"2018-07-01";"2020-11-30";"2020-10-31";"Umzug";"Saarbrücken";"cancelled";1001;"2020-04-12"
23507;"energy";"electricity";2700;2839;"2019-05-26";"2019-08-01";"";"";"";"Bremerhaven";"indelivery";1000;"2019-06-04"
23508;"energy";"gas";7500;7339;"2020-07-15";"2020-11-01";"";"";"";"Frankfurt";"active";2001;"2020-08-03"
23509;"energy";"electricity";2000;1924;"2019-07-03";"2019-11-01";"";"";"";"Essen";"indelivery";1000;"2020-08-19"
23510;"energy";"electricity";2200;2340;"2020-01-07";"2020-03-01";"";"";"";"Cologne";"indelivery";1000;"2020-09-15"
23511;"energy";"electricity";2700;2704;"2018-01-01";"2018-05-01";"2019-05-31";"2019-04-30";"fristgerecht durch LichtBlick";"Augsburg";"terminated";1001;"2018-05-27"
23512;"energy";"electricity";2800;"";"2020-03-24";"2020-05-01";"";"";"";"Hamburg";"indelivery";1002;"2020-05-26"
23513;"energy";"electricity";2200;2075;"2020-06-28";"2020-10-01";"";"";"";"Cologne";"indelivery";1000;"2020-09-08"
23514;"energy";"electricity";2500;2468;"2020-07-18";"2020-09-01";"";"";"";"Mainz";"indelivery";1002;"2020-08-10"
23515;"energy";"electricity";2600;2599;"2018-07-11";"2019-03-01";"2020-03-31";"2020-03-02";"fristgerecht durch Kunde";"Berlin";"terminated";1002;"2018-07-31"
23516;"energy";"electricity";2400;2327;"2020-08-29";"2020-10-01";"";"";"";"Potsdam";"indelivery";1000;"2020-09-23"
23517;"energy";"electricity";2300;2262;"2018-06-01";"2019-03-01";"2020-01-31";"2020-01-02";"fristgerecht durch LichtBlick";"Bielefeld";"terminated";1002;"2019-03-06"
23518;"energy";"electricity";2500;2724;"2019-10-02";"2019-12-01";"";"";"";"Essen";"indelivery";1002;"2020-07-10"
23519;"energy";"electricity";2400;"";"2018-09-30";"2019-01-01";"";"";"";"Cologne";"indelivery";1002;"2020-09-25"
23520;"energy";"electricity";2700;2598;"2019-10-13";"2020-05-01";"";"";"";"Marienberg";"indelivery";1002;"2020-04-29"
23521;"energy";"electricity";2900;3027;"2019-04-12";"2020-05-01";"";"";"";"Berlin";"indelivery";1000;"2020-07-27"
23522;"energy";"electricity";2300;2219;"2019-01-03";"2019-08-01";"2020-12-31";"2020-11-26";"fristgerecht durch Kunde";"Stuttgart";"cancelled";1001;"2020-06-12"
23523;"energy";"electricity";2500;2632;"2019-12-22";"2020-02-01";"";"";"";"Berlin";"indelivery";1000;"2020-01-05"
23524;"energy";"electricity";2700;2811;"2018-09-14";"2019-04-01";"";"";"";"Cologne";"indelivery";1001;"2019-06-26"
23525;"energy";"electricity";2000;"";"2019-07-30";"2019-09-01";"";"";"";"Bremen";"indelivery";1001;"2020-03-08"
23526;"energy";"electricity";2200;2219;"2019-05-22";"2020-01-01";"";"";"";"Hannover";"indelivery";1002;"2019-07-16"
23527;"energy";"electricity";2700;2705;"2020-09-13";"2020-12-01";"";"";"";"Osnabrück";"active";1002;"2020-09-25"
23528;"energy";"electricity";2900;3159;"2020-04-21";"2020-06-01";"";"";"";"Schwerin";"indelivery";1000;"2020-06-06"
23529;"energy";"electricity";2900;3148;"2020-06-20";"2020-11-01";"";"";"";"Lübben";"active";1001;"2020-08-27"
23530;"energy";"gas";9200;9012;"2020-01-19";"2020-02-01";"";"";"";"Munich";"indelivery";2001;"2020-09-28"
23531;"energy";"electricity";2700;2553;"2019-05-14";"2019-07-01";"";"";"";"Augsburg";"indelivery";1000;"2019-09-24"
23532;"energy";"electricity";2700;2751;"2019-02-02";"2019-06-01";"";"";"";"Leipzig";"indelivery";1000;"2020-07-25"
23533;"energy";"electricity";2700;2628;"2018-01-22";"2018-03-01";"2019-08-31";"2019-08-03";"fristgerecht durch LichtBlick";"Cuxhaven";"terminated";1001;"2019-08-03"
23534;"energy";"electricity";2400;2544;"2018-02-23";"2018-11-01";"2020-08-31";"2020-08-03";"fristgerecht durch Kunde";"Berlin";"terminated";1002;"2018-12-28"
23535;"energy";"gas";9800;10228;"2018-08-26";"2019-01-01";"";"";"";"Karlsruhe";"indelivery";2001;"2020-04-20"
23536;"energy";"electricity";2900;2764;"2019-06-21";"2019-08-01";"";"";"";"Munich";"indelivery";1000;"2020-03-15"
23537;"energy";"electricity";2400;2409;"2018-03-28";"2018-04-01";"";"";"";"Bonn";"indelivery";1002;"2018-07-08"
23538;"energy";"electricity";2800;2913;"2018-01-23";"2018-02-01";"";"";"";"Göttingen";"indelivery";1002;"2019-02-05"
23539;"energy";"electricity";2600;2525;"2019-06-25";"2019-09-01";"";"";"";"Frankfurt";"indelivery";1002;"2020-03-31"
23540;"energy";"electricity";2000;"";"2018-07-30";"2018-08-01";"";"";"";"Berlin";"indelivery";1000;"2020-07-20"
23541;"energy";"electricity";2400;2376;"2020-01-15";"2020-05-01";"";"";"";"Essen";"indelivery";1001;"2020-08-29"
23542;"energy";"electricity";2000;1946;"2018-07-02";"2019-01-01";"";"";"";"Altchemnitz";"indelivery";1000;"2020-01-24"
23543;"energy";"gas";11200;10774;"2019-03-10";"2019-06-01";"";"";"";"Biberach";"indelivery";2001;"2019-11-20"
23544;"energy";"electricity";2000;2045;"2020-04-05";"2020-07-01";"";"";"";"Hamburg";"indelivery";1002;"2020-08-01"
23545;"energy";"electricity";2500;2456;"2018-07-27";"2019-05-01";"";"";"";"Berlin";"indelivery";1001;"2019-11-09"
23546;"energy";"electricity";2200;2181;"2018-11-23";"2019-01-01";"";"";"";"Braunschweig";"indelivery";1001;"2020-09-25"
23547;"energy";"electricity";2600;2564;"2019-08-15";"2020-03-01";"";"";"";"Düsseldorf";"indelivery";1001;"2020-03-04"
23548;"energy";"electricity";2800;"";"2018-05-23";"2018-10-01";"2018-11-30";"2018-11-01";"Umzug";"Würzburg";"terminated";1002;"2018-11-01"
23549;"energy";"gas";8100;8180;"2019-01-21";"2019-03-01";"";"";"";"Wiesbaden";"indelivery";2000;"2020-06-09"
23550;"energy";"electricity";2200;"";"2019-09-06";"2019-10-01";"";"";"";"Munich";"indelivery";1001;"2020-06-02"
23551;"energy";"electricity";2000;1933;"2019-08-14";"2019-11-01";"";"";"";"Cologne";"indelivery";1001;"2020-09-13"
23552;"energy";"electricity";2800;2940;"2018-01-20";"2018-03-01";"2020-04-30";"2020-03-31";"fristgerecht durch Kunde";"Wiesbaden";"terminated";1002;"2020-03-31"
23553;"energy";"gas";7800;"";"2019-10-30";"2020-01-01";"";"";"";"Berlin";"indelivery";2001;"2020-05-25"
23554;"energy";"electricity";2700;2592;"2020-05-11";"2020-12-01";"";"";"";"Osterholz-Scharmbeck";"active";1002;"2020-07-23"
23555;"energy";"electricity";2900;2815;"2019-03-14";"2019-04-01";"";"";"";"Altchemnitz";"indelivery";1002;"2019-10-12"
23556;"energy";"electricity";2100;2077;"2019-04-30";"2019-06-01";"2019-10-31";"2019-10-03";"Umzug";"Jena";"terminated";1000;"2019-10-03"
23557;"energy";"electricity";2600;2747;"2019-02-24";"2019-08-01";"2020-12-31";"2020-11-29";"fristgerecht durch Kunde";"Berlin";"cancelled";1002;"2019-11-18"
23558;"energy";"gas";7700;8142;"2018-01-02";"2018-04-01";"";"";"";"Munich";"indelivery";2000;"2020-04-18"
23559;"energy";"electricity";2600;2683;"2018-11-06";"2019-02-01";"";"";"";"Berlin";"indelivery";1002;"2020-08-15"
23560;"energy";"electricity";2600;2682;"2018-06-20";"2018-07-01";"";"";"";"Marienberg";"indelivery";1002;"2020-05-22"
23561;"energy";"electricity";2200;2282;"2020-08-04";"2020-12-01";"";"";"";"Berlin";"active";1000;"2020-08-07"
23562;"energy";"electricity";2100;2215;"2020-06-07";"2020-08-01";"";"";"";"Altötting";"indelivery";1001;"2020-08-18"
23563;"energy";"electricity";2300;2330;"2018-11-18";"2019-02-01";"";"";"";"Cologne";"indelivery";1000;"2020-07-06"
23564;"energy";"electricity";2500;2663;"2020-05-03";"2020-07-01";"";"";"";"Duisburg";"indelivery";1000;"2020-06-30"
23565;"energy";"electricity";2700;2636;"2020-03-28";"2020-05-01";"";"";"";"Sömmerda";"indelivery";1002;"2020-07-21"
23566;"energy";"electricity";2700;2763;"2019-06-10";"2019-11-01";"";"";"";"Cologne";"indelivery";1001;"2019-10-17"
23567;"energy";"electricity";2200;2153;"2020-05-11";"2020-10-01";"";"";"";"Kassel";"indelivery";1000;"2020-05-30"
23568;"energy";"electricity";2900;"";"2018-10-04";"2019-05-01";"";"";"";"Essen";"indelivery";1002;"2019-11-08"
23569;"energy";"electricity";2800;"";"2018-12-14";"2019-01-01";"2019-01-01";"2019-03-02";"Wiederruf";"Bremen";"terminated";1002;"2019-03-02"
23570;"energy";"electricity";2000;2050;"2019-09-30";"2019-10-01";"";"";"";"Berlin";"indelivery";1001;"2020-01-08"
23571;"energy";"electricity";2200;2119;"2019-12-13";"2020-01-01";"";"";"";"Schwerin";"indelivery";1002;"2020-03-06"
23572;"energy";"gas";9700;10218;"2020-01-17";"2020-05-01";"";"";"";"Cologne";"indelivery";2000;"2020-05-09"
23573;"energy";"electricity";2300;2404;"2019-04-08";"2019-06-01";"";"";"";"Hannover";"indelivery";1001;"2019-07-23"
23574;"energy";"electricity";2000;2135;"2019-08-18";"2019-10-01";"";"";"";"Munich";"indelivery";1000;"2019-12-08"
23575;"energy";"gas";11300;11368;"2018-10-14";"2019-01-01";"";"";"";"Düsseldorf";"indelivery";2000;"2020-02-08"
23576;"energy";"electricity";2000;1958;"2019-01-15";"2019-12-01";"";"";"";"Hamburg";"indelivery";1002;"2019-08-29"
23577;"energy";"electricity";2400;2413;"2018-10-29";"2019-02-01";"2020-09-30";"2020-08-29";"Umzug";"Münster";"terminated";1002;"2020-05-11"
23578;"energy";"electricity";2200;2317;"2019-11-02";"2020-05-01";"";"";"";"Hamburg";"indelivery";1000;"2020-05-21"
23579;"energy";"electricity";2800;2703;"2019-08-05";"2020-03-01";"";"";"";"Freiburg";"indelivery";1001;"2019-09-06"
23580;"energy";"electricity";2400;2622;"2019-08-21";"2020-05-01";"";"";"";"Gießen";"indelivery";1001;"2019-09-02"
23581;"energy";"electricity";2500;2453;"2020-09-19";"2021-10-01";"";"";"";"Würzburg";"active";1001;"2020-09-19"
23582;"energy";"electricity";2500;2433;"2019-08-20";"2019-09-01";"2019-09-01";"2020-12-03";"Wiederruf";"Hamburg";"terminated";1001;"2020-07-07"
23583;"energy";"electricity";2000;2091;"2020-08-03";"2020-10-01";"";"";"";"Munich";"indelivery";1001;"2020-09-21"
23584;"energy";"electricity";2500;"";"2018-04-14";"2018-10-01";"";"";"";"Berlin";"indelivery";1001;"2018-11-08"
23585;"energy";"electricity";2200;2266;"2019-07-21";"2019-09-01";"";"";"";"Osnabrück";"indelivery";1002;"2020-02-28"
23586;"energy";"electricity";2000;2077;"2019-04-01";"2019-05-01";"";"";"";"Munich";"indelivery";1001;"2020-07-16"
23587;"energy";"electricity";2200;2311;"2020-07-07";"2020-12-01";"";"";"";"Mannheim";"active";1001;"2020-08-10"
23588;"energy";"electricity";2300;2293;"2019-03-17";"2020-02-01";"";"";"";"Stadthagen";"indelivery";1000;"2019-03-31"
23589;"energy";"electricity";2900;2913;"2019-05-18";"2020-01-01";"";"";"";"Berlin";"indelivery";1000;"2019-10-18"
23590;"energy";"electricity";2900;3007;"2018-04-09";"2018-06-01";"";"";"";"Berlin";"indelivery";1002;"2019-09-08"
23591;"energy";"electricity";2600;"";"2018-08-15";"2018-10-01";"";"";"";"Erfurt";"indelivery";1002;"2020-01-18"
23592;"energy";"electricity";2700;2637;"2019-09-18";"2019-10-01";"";"";"";"Stuttgart";"indelivery";1002;"2019-10-07"
23593;"energy";"electricity";2800;"";"2020-08-08";"2021-06-01";"";"";"";"Duisburg";"active";1000;"2020-09-03"
23594;"energy";"electricity";2000;2115;"2019-12-04";"2020-08-01";"";"";"";"Cologne";"indelivery";1001;"2020-01-16"
23595;"energy";"electricity";2100;2131;"2019-09-18";"2019-11-01";"2020-04-30";"2020-04-02";"Umzug";"Dresden";"terminated";1002;"2019-09-19"
23596;"energy";"electricity";2100;2101;"2019-04-29";"2019-05-01";"";"";"";"Berlin";"indelivery";1001;"2020-04-17"
23597;"energy";"electricity";3000;2886;"2018-11-05";"2018-12-01";"";"";"";"Köthen";"indelivery";1001;"2020-03-06"
23598;"energy";"electricity";2000;1977;"2020-04-02";"2020-09-01";"";"";"";"Magdeburg";"indelivery";1001;"2020-09-24"
23599;"energy";"gas";8300;7979;"2019-11-08";"2019-12-01";"";"";"";"Karlsruhe";"indelivery";2001;"2020-09-14"
23600;"energy";"electricity";2200;2182;"2020-09-14";"2020-11-01";"";"";"";"Koblenz";"active";1000;"2020-09-14"
23601;"energy";"electricity";2500;2593;"2020-05-01";"2020-12-01";"";"";"";"Düsseldorf";"active";1002;"2020-07-07"
23602;"energy";"electricity";2600;2471;"2019-06-16";"2020-02-01";"";"";"";"Oberhausen";"indelivery";1002;"2019-08-26"
23603;"energy";"electricity";2400;2419;"2019-02-05";"2019-06-01";"";"";"";"Hamburg";"indelivery";1000;"2019-10-07"
23604;"energy";"gas";11500;12295;"2020-08-05";"2020-09-01";"";"";"";"Wuppertal";"indelivery";2000;"2020-08-13"
23605;"energy";"electricity";2900;3112;"2019-06-25";"2019-07-01";"";"";"";"Würzburg";"indelivery";1000;"2020-08-28"
23606;"energy";"gas";9000;8660;"2018-09-10";"2018-12-01";"";"";"";"Hamburg";"indelivery";2001;"2019-07-05"
23607;"energy";"electricity";2300;2252;"2020-03-18";"2020-05-01";"";"";"";"Düsseldorf";"indelivery";1000;"2020-09-14"
23608;"energy";"electricity";2900;2849;"2020-01-09";"2020-09-01";"";"";"";"Bremen";"indelivery";1000;"2020-08-19"
23609;"energy";"electricity";2500;2427;"2020-05-10";"2020-06-01";"";"";"";"Ingolstadt";"indelivery";1000;"2020-09-02"
23610;"energy";"electricity";2900;2787;"2018-01-31";"2018-06-01";"";"";"";"Kiel";"indelivery";1000;"2020-04-30"
23611;"energy";"electricity";2200;2184;"2018-03-02";"2018-04-01";"2018-07-31";"2018-06-26";"fristgerecht durch Kunde";"Gera";"terminated";1002;"2018-06-26"
23612;"energy";"electricity";2100;2095;"2019-10-06";"2020-03-01";"";"";"";"Bremen";"indelivery";1001;"2020-01-11"
23613;"energy";"electricity";3000;3103;"2019-02-21";"2019-03-01";"";"";"";"Solingen";"indelivery";1001;"2020-02-06"
23614;"energy";"electricity";2300;2332;"2019-12-26";"2020-02-01";"";"";"";"Osnabrück";"indelivery";1001;"2020-06-20"
23615;"energy";"electricity";2000;2045;"2018-09-19";"2018-12-01";"2020-02-29";"2020-01-28";"fristgerecht durch Kunde";"Munich";"terminated";1001;"2019-09-25"
23616;"energy";"electricity";2500;2580;"2019-04-07";"2019-09-01";"";"";"";"Duisburg";"indelivery";1001;"2020-09-08"
23617;"energy";"electricity";2100;2155;"2018-06-18";"2018-07-01";"2020-11-30";"2020-10-29";"Umzug";"Cologne";"cancelled";1001;"2019-10-04"
23618;"energy";"gas";11300;10791;"2020-04-30";"2020-06-01";"";"";"";"Rostock";"indelivery";2001;"2020-09-15"
23619;"energy";"electricity";2400;2323;"2020-01-02";"2020-03-01";"";"";"";"Hamburg";"indelivery";1002;"2020-05-12"
23620;"energy";"electricity";2800;2931;"2018-07-20";"2018-08-01";"2018-11-30";"2018-10-30";"fristgerecht durch LichtBlick";"Bremerhaven";"terminated";1000;"2018-10-30"
23621;"energy";"electricity";2200;"";"2018-08-30";"2018-10-01";"";"";"";"Berlin";"indelivery";1000;"2019-11-29"
23622;"energy";"electricity";2100;2051;"2018-05-29";"2018-11-01";"";"";"";"Hamburg";"indelivery";1000;"2019-03-02"
23623;"energy";"electricity";2100;2127;"2019-02-02";"2019-08-01";"2020-09-30";"2020-09-01";"fristgerecht durch Kunde";"Berlin";"terminated";1002;"2019-10-12"
23624;"energy";"gas";9600;9142;"2019-05-25";"2019-11-01";"";"";"";"Duisburg";"indelivery";2001;"2020-02-29"
23625;"energy";"electricity";2800;2984;"2019-07-25";"2019-08-01";"";"";"";"Karlsruhe";"indelivery";1000;"2020-06-17"
23626;"energy";"gas";8100;8480;"2020-05-06";"2020-08-01";"";"";"";"Dresden";"indelivery";2000;"2020-09-14"
23627;"energy";"electricity";2100;2246;"2018-10-25";"2018-12-01";"2019-05-31";"2019-05-03";"Umzug";"Berlin";"terminated";1000;"2019-05-03"
23628;"energy";"electricity";2300;2386;"2018-02-27";"2018-06-01";"2018-06-01";"2020-03-02";"Wiederruf";"Hamburg";"terminated";1002;"2018-05-22"
23629;"energy";"electricity";2200;2108;"2019-04-18";"2019-05-01";"";"";"";"Dortmund";"indelivery";1001;"2020-05-21"
23630;"energy";"electricity";2800;2963;"2019-10-13";"2020-04-01";"2020-10-31";"2020-10-03";"Umzug";"Munich";"cancelled";1001;"2020-04-08"
23631;"energy";"electricity";2300;2460;"2018-05-06";"2018-11-01";"2019-08-31";"2019-07-31";"Umzug";"Bremen";"terminated";1002;"2019-07-31"
23632;"energy";"electricity";2100;2054;"2020-09-27";"2021-04-01";"";"";"";"Marienberg";"active";1000;"2020-09-28"
23633;"energy";"gas";10400;10869;"2019-02-12";"2019-09-01";"2020-01-31";"2020-01-03";"fristgerecht durch Kunde";"Hamburg";"terminated";2001;"2019-04-17"
23634;"energy";"electricity";2600;2721;"2018-09-18";"2018-11-01";"2018-11-01";"2020-06-29";"Wiederruf";"Hamburg";"terminated";1001;"2019-05-27"
23635;"energy";"gas";9400;"";"2019-11-04";"2019-12-01";"";"";"";"Hamburg";"indelivery";2000;"2019-11-22"
23636;"energy";"electricity";2900;2819;"2020-03-27";"2020-05-01";"";"";"";"Cologne";"indelivery";1002;"2020-07-31"
23637;"energy";"electricity";2700;2635;"2020-07-02";"2020-11-01";"";"";"";"Munich";"active";1002;"2020-08-06"
23638;"energy";"electricity";2500;2445;"2018-06-27";"2018-08-01";"";"";"";"Osnabrück";"indelivery";1000;"2020-06-07"
23639;"energy";"electricity";2000;2070;"2019-03-15";"2019-05-01";"";"";"";"Münster";"indelivery";1000;"2020-07-10"
23640;"energy";"electricity";2700;2878;"2019-07-24";"2020-04-01";"";"";"";"Berlin";"indelivery";1000;"2020-04-01"
23641;"energy";"electricity";2000;2078;"2020-02-18";"2020-06-01";"";"";"";"Mainz";"indelivery";1000;"2020-02-24"
23642;"energy";"gas";9800;10155;"2020-02-21";"2020-06-01";"";"";"";"Frankfurt";"indelivery";2000;"2020-08-08"
23643;"energy";"electricity";2200;2152;"2018-04-16";"2018-09-01";"2018-09-01";"2019-11-30";"Wiederruf";"Leipzig";"terminated";1000;"2019-11-30"
23644;"energy";"electricity";2400;2593;"2018-08-26";"2018-10-01";"";"";"";"Coburg";"indelivery";1002;"2020-06-03"
23645;"energy";"electricity";2300;2249;"2019-08-01";"2019-11-01";"";"";"";"Ingolstadt";"indelivery";1002;"2020-09-11"
23646;"energy";"electricity";2100;2040;"2020-04-05";"2020-12-01";"";"";"";"Essen";"active";1002;"2020-05-22"
23647;"energy";"electricity";2500;2544;"2019-11-01";"2020-11-01";"";"";"";"Altchemnitz";"active";1001;"2020-07-03"
23648;"energy";"electricity";2700;2626;"2018-03-08";"2018-10-01";"2020-11-30";"2020-11-01";"fristgerecht durch Kunde";"Saarbrücken";"cancelled";1000;"2018-11-26"
23649;"energy";"gas";11200;"";"2018-01-21";"2018-06-01";"";"";"";"Altchemnitz";"indelivery";2001;"2018-09-19"
23650;"energy";"electricity";2600;2520;"2018-01-03";"2018-05-01";"";"";"";"Munich";"indelivery";1002;"2019-06-02"
23651;"energy";"gas";11700;12101;"2018-03-26";"2018-07-01";"2018-12-31";"2018-11-30";"Umzug";"Düsseldorf";"terminated";2000;"2018-05-06"
23652;"energy";"electricity";2500;2459;"2019-01-13";"2019-07-01";"";"";"";"Braunschweig";"indelivery";1001;"2019-04-17"
23653;"energy";"electricity";2200;2385;"2019-08-12";"2019-10-01";"";"";"";"Kirchheimbolanden";"indelivery";1001;"2019-09-20"
23654;"energy";"electricity";2300;2308;"2018-07-31";"2019-03-01";"2019-07-31";"2019-06-30";"fristgerecht durch Kunde";"Bamberg";"terminated";1000;"2019-06-30"
23655;"energy";"electricity";3000;2892;"2020-06-17";"2020-11-01";"";"";"";"Essen";"active";1002;"2020-09-23"
23656;"energy";"electricity";2900;2749;"2019-11-23";"2020-02-01";"";"";"";"Munich";"indelivery";1002;"2020-09-19"
23657;"energy";"electricity";3000;3137;"2018-11-27";"2018-12-01";"";"";"";"Regensburg";"indelivery";1002;"2020-04-03"
23658;"energy";"electricity";2000;2015;"2019-10-20";"2019-12-01";"";"";"";"Stuttgart";"indelivery";1001;"2020-03-01"
23659;"energy";"electricity";2900;3109;"2018-09-01";"2019-08-01";"2019-10-31";"2019-10-03";"fristgerecht durch Kunde";"Osnabrück";"terminated";1001;"2019-10-03"
23660;"energy";"electricity";2700;2886;"2018-11-14";"2019-01-01";"2019-08-31";"2019-08-01";"fristgerecht durch LichtBlick";"Berlin";"terminated";1002;"2019-04-14"
23661;"energy";"electricity";2300;2185;"2019-09-22";"2019-10-01";"";"";"";"Altchemnitz";"indelivery";1000;"2020-03-25"
23662;"energy";"electricity";2300;2280;"2019-02-14";"2019-04-01";"2019-06-30";"2019-06-02";"fristgerecht durch LichtBlick";"Berlin";"terminated";1002;"2019-03-30"
23663;"energy";"electricity";2500;2498;"2019-07-22";"2019-08-01";"";"";"";"Zwickau";"indelivery";1002;"2019-11-29"
23664;"energy";"electricity";2000;2141;"2020-05-29";"2020-07-01";"";"";"";"Hamburg";"indelivery";1001;"2020-07-30"
23665;"energy";"electricity";2700;2743;"2018-11-07";"2019-08-01";"";"";"";"Frankfurt";"indelivery";1001;"2019-07-10"
23666;"energy";"electricity";2400;2353;"2020-05-07";"2020-06-01";"";"";"";"Kiel";"indelivery";1001;"2020-09-23"
23667;"energy";"gas";10100;10015;"2019-03-12";"2019-06-01";"";"";"";"Bonn";"indelivery";2001;"2019-09-11"
23668;"energy";"electricity";2100;2144;"2018-04-26";"2018-06-01";"";"";"";"Landau";"indelivery";1000;"2020-03-31"
23669;"energy";"electricity";2500;2530;"2018-06-30";"2019-01-01";"";"";"";"Münster";"indelivery";1001;"2020-08-11"
23670;"energy";"gas";8200;8404;"2018-07-22";"2018-10-01";"";"";"";"Wuppertal";"indelivery";2000;"2020-04-06"
23671;"energy";"electricity";2600;2709;"2020-01-03";"2020-03-01";"";"";"";"Göttingen";"indelivery";1001;"2020-07-10"
23672;"energy";"electricity";2400;2449;"2020-04-07";"2020-05-01";"";"";"";"Potsdam";"indelivery";1002;"2020-09-19"
23673;"energy";"electricity";2700;2634;"2020-01-12";"2020-02-01";"";"";"";"Leipzig";"indelivery";1002;"2020-04-11"
23674;"energy";"electricity";2600;2486;"2019-08-29";"2019-09-01";"";"";"";"Augsburg";"indelivery";1002;"2020-03-06"
23675;"energy";"electricity";2900;2900;"2019-05-16";"2020-03-01";"2020-03-01";"2020-05-30";"Wiederruf";"Dortmund";"terminated";1000;"2020-05-30"
23676;"energy";"electricity";2800;2864;"2019-12-26";"2020-02-01";"";"";"";"Cologne";"indelivery";1000;"2020-09-22"
23677;"energy";"electricity";2200;2077;"2019-11-11";"2020-10-01";"";"";"";"Marienberg";"indelivery";1000;"2020-07-06"
23678;"energy";"electricity";2800;2657;"2019-03-08";"2019-11-01";"";"";"";"Frankfurt";"indelivery";1001;"2019-12-11"
23679;"energy";"electricity";2400;2355;"2020-01-08";"2020-06-01";"";"";"";"Cottbus";"indelivery";1000;"2020-06-15"
23680;"energy";"gas";9300;"";"2019-12-11";"2020-02-01";"";"";"";"Bielefeld";"indelivery";2001;"2020-09-07"
23681;"energy";"gas";9600;10184;"2018-01-28";"2018-06-01";"";"";"";"Bremerhaven";"indelivery";2001;"2019-12-08"
23682;"energy";"electricity";2600;2731;"2018-10-17";"2018-12-01";"";"";"";"Hannover";"indelivery";1002;"2020-05-25"
23683;"energy";"electricity";2500;2459;"2019-09-20";"2019-12-01";"";"";"";"Altchemnitz";"indelivery";1002;"2020-01-08"
23684;"energy";"electricity";2200;2130;"2019-11-14";"2019-12-01";"";"";"";"Heidelberg";"indelivery";1000;"2020-01-23"
23685;"energy";"electricity";2500;2688;"2020-08-12";"2021-08-01";"";"";"";"Freiburg";"active";1000;"2020-09-12"
23686;"energy";"electricity";2600;2854;"2018-08-20";"2019-01-01";"";"";"";"Cologne";"indelivery";1001;"2019-04-04"
23687;"energy";"electricity";2200;2198;"2019-08-01";"2020-01-01";"";"";"";"Berlin";"indelivery";1000;"2020-07-21"
23688;"energy";"electricity";2600;2766;"2019-10-14";"2020-04-01";"";"";"";"Berlin";"indelivery";1000;"2019-11-08"
23689;"energy";"electricity";2000;2025;"2019-08-16";"2020-07-01";"";"";"";"Cologne";"indelivery";1000;"2019-10-24"
23690;"energy";"electricity";2700;2807;"2019-04-29";"2019-06-01";"";"";"";"Altchemnitz";"indelivery";1001;"2020-04-01"
23691;"energy";"electricity";2000;2144;"2018-05-23";"2018-08-01";"2019-01-31";"2018-12-31";"fristgerecht durch Kunde";"Münster";"terminated";1000;"2018-09-02"
23692;"energy";"electricity";2700;2518;"2020-07-31";"2020-10-01";"";"";"";"Bonn";"indelivery";1001;"2020-08-03"
23693;"energy";"electricity";2600;2736;"2018-04-17";"2018-07-01";"";"";"";"Düsseldorf";"indelivery";1000;"2019-02-04"
23694;"energy";"electricity";2400;2601;"2018-04-25";"2018-05-01";"";"";"";"Dortmund";"indelivery";1002;"2019-02-11"
23695;"energy";"electricity";2700;2786;"2018-09-16";"2019-10-01";"";"";"";"Lübeck";"indelivery";1000;"2019-07-22"
23696;"energy";"electricity";2100;2017;"2020-08-15";"2020-10-01";"";"";"";"Munich";"indelivery";1000;"2020-09-07"
23697;"energy";"electricity";2600;2480;"2019-07-29";"2019-12-01";"";"";"";"Munich";"indelivery";1000;"2020-08-04"
23698;"energy";"electricity";2100;2129;"2018-07-02";"2018-08-01";"";"";"";"Berlin";"indelivery";1001;"2020-09-13"
23699;"energy";"electricity";2100;2127;"2019-11-04";"2020-08-01";"";"";"";"Cologne";"indelivery";1000;"2020-01-25"
23700;"energy";"electricity";2400;"";"2020-05-09";"2020-07-01";"";"";"";"Hamburg";"indelivery";1002;"2020-06-23"
23701;"energy";"electricity";2500;2659;"2018-09-13";"2019-08-01";"2019-11-30";"2019-10-31";"Umzug";"Hamburg";"terminated";1000;"2019-10-31"
23702;"energy";"electricity";2200;2251;"2020-01-01";"2020-03-01";"";"";"";"Leipzig";"indelivery";1002;"2020-08-31"
23703;"energy";"gas";11700;12504;"2018-04-18";"2018-06-01";"2018-12-31";"2018-11-28";"fristgerecht durch Kunde";"Sangerhausen";"terminated";2000;"2018-11-28"
23704;"energy";"electricity";2200;2115;"2019-03-17";"2020-01-01";"";"";"";"Pfarrkirchen";"indelivery";1002;"2020-02-11"
23705;"energy";"electricity";2500;2425;"2019-07-22";"2020-02-01";"";"";"";"Hamburg";"indelivery";1002;"2020-06-03"
23706;"energy";"electricity";1900;2071;"2019-10-29";"2019-12-01";"2020-09-30";"2020-08-30";"Umzug";"Hamburg";"terminated";1001;"2020-08-30"
23707;"energy";"electricity";2300;2446;"2019-10-14";"2020-05-01";"";"";"";"Mannheim";"indelivery";1000;"2020-01-27"
23708;"energy";"gas";7800;7526;"2019-02-12";"2019-06-01";"2020-02-29";"2020-02-01";"fristgerecht durch Kunde";"Frankfurt";"terminated";2001;"2019-09-02"
23709;"energy";"electricity";2700;"";"2020-08-01";"2020-10-01";"";"";"";"Cottbus";"indelivery";1000;"2020-09-24"
23710;"energy";"electricity";2300;2460;"2019-09-11";"2020-07-01";"";"";"";"Groß-Gerau";"indelivery";1001;"2019-12-05"
23711;"energy";"electricity";2100;2041;"2018-11-23";"2018-12-01";"2019-09-30";"2019-09-02";"fristgerecht durch LichtBlick";"Essen";"terminated";1001;"2019-05-11"
23712;"energy";"electricity";2400;2528;"2019-05-15";"2019-11-01";"";"";"";"Berlin";"indelivery";1002;"2019-09-14"
23713;"energy";"electricity";2700;2613;"2020-05-04";"2020-07-01";"";"";"";"Rostock";"indelivery";1002;"2020-09-15"
23714;"energy";"electricity";2500;2505;"2020-05-20";"2020-08-01";"";"";"";"Lübeck";"indelivery";1000;"2020-07-18"
23715;"energy";"gas";10900;10654;"2020-09-01";"2020-10-01";"";"";"";"Würzburg";"indelivery";2000;"2020-09-19"
23716;"energy";"gas";9500;9248;"2019-05-28";"2019-09-01";"";"";"";"Berlin";"indelivery";2000;"2020-08-12"
23717;"energy";"electricity";2200;2084;"2018-05-24";"2019-01-01";"";"";"";"Frankfurt";"indelivery";1002;"2018-10-01"
23718;"energy";"gas";11000;"";"2018-10-19";"2018-12-01";"2019-06-30";"2019-05-27";"fristgerecht durch LichtBlick";"Dortmund";"terminated";2001;"2019-05-27"
23719;"energy";"electricity";3000;3200;"2020-01-31";"2020-04-01";"";"";"";"Hanau";"indelivery";1002;"2020-08-03"
23720;"energy";"electricity";2100;2122;"2019-06-11";"2019-08-01";"";"";"";"Cologne";"indelivery";1002;"2019-06-30"
23721;"energy";"electricity";3000;3046;"2019-02-14";"2019-05-01";"";"";"";"Stuttgart";"indelivery";1001;"2019-03-30"
23722;"energy";"electricity";2500;2598;"2018-03-21";"2018-11-01";"";"";"";"Hamburg";"indelivery";1001;"2020-08-25"
23723;"energy";"electricity";2500;2558;"2020-04-14";"2020-05-01";"";"";"";"Berlin";"indelivery";1002;"2020-04-30"
23724;"energy";"electricity";2000;2094;"2019-05-08";"2019-07-01";"";"";"";"Leipzig";"indelivery";1000;"2019-11-20"
23725;"energy";"electricity";2700;2824;"2018-12-19";"2019-02-01";"";"";"";"Berlin";"indelivery";1001;"2020-06-16"
23726;"energy";"electricity";2800;2690;"2020-01-25";"2020-05-01";"";"";"";"Berlin";"indelivery";1000;"2020-07-28"
23727;"energy";"electricity";2500;2570;"2018-12-02";"2019-05-01";"";"";"";"Koblenz";"indelivery";1001;"2020-02-28"
23728;"energy";"electricity";2600;2746;"2018-06-03";"2018-08-01";"";"";"";"Rosenheim";"indelivery";1001;"2020-07-15"
23729;"energy";"electricity";2200;2250;"2020-05-12";"2020-06-01";"2020-10-31";"2020-09-28";"Umzug";"Osnabrück";"cancelled";1000;"2020-07-04"
23730;"energy";"electricity";2700;2840;"2018-04-21";"2018-06-01";"";"";"";"Münster";"indelivery";1000;"2018-07-14"
23731;"energy";"electricity";2100;"";"2019-03-16";"2019-04-01";"";"";"";"Gera";"indelivery";1000;"2019-07-07"
23732;"energy";"electricity";2100;2238;"2018-12-08";"2019-01-01";"2019-04-30";"2019-03-31";"Umzug";"Düsseldorf";"terminated";1002;"2019-03-31"
23733;"energy";"gas";8900;9060;"2018-03-25";"2018-09-01";"";"";"";"Göttingen";"indelivery";2000;"2018-12-09"
23734;"energy";"gas";11800;12433;"2018-06-30";"2018-08-01";"";"";"";"Düsseldorf";"indelivery";2000;"2018-11-05"
23735;"energy";"gas";8700;8513;"2020-07-13";"2021-10-01";"";"";"";"Kiel";"active";2001;"2020-09-02"
23736;"energy";"electricity";2600;2761;"2018-11-25";"2019-04-01";"";"";"";"Berlin";"indelivery";1001;"2019-09-12"
23737;"energy";"electricity";2800;2765;"2019-05-06";"2020-03-01";"";"";"";"Stuttgart";"indelivery";1002;"2020-04-20"
23738;"energy";"gas";9800;10360;"2020-04-24";"2020-06-01";"";"";"";"Dortmund";"indelivery";2001;"2020-07-04"
23739;"energy";"electricity";2900;"";"2020-03-29";"2020-05-01";"";"";"";"Kusel";"indelivery";1000;"2020-09-27"
23740;"energy";"gas";8000;8265;"2020-06-26";"2020-08-01";"";"";"";"Marienberg";"indelivery";2000;"2020-07-25"
23741;"energy";"electricity";2700;2564;"2019-07-19";"2019-10-01";"";"";"";"Bonn";"indelivery";1002;"2020-06-01"
23742;"energy";"electricity";2400;2501;"2020-05-26";"2020-06-01";"2020-06-01";"2020-08-02";"Wiederruf";"Stuttgart";"terminated";1001;"2020-07-10"
23743;"energy";"electricity";2300;2165;"2018-06-28";"2019-02-01";"";"";"";"Heidelberg";"indelivery";1001;"2018-10-16"
23744;"energy";"electricity";2100;2057;"2020-08-19";"2021-01-01";"";"";"";"Erfurt";"active";1000;"2020-08-25"
23745;"energy";"electricity";2600;"";"2019-05-10";"2020-09-01";"";"";"";"Wuppertal";"indelivery";1000;"2020-04-17"
23746;"energy";"electricity";2700;"";"2018-08-15";"2018-09-01";"2019-07-31";"2019-07-01";"Umzug";"Leipzig";"terminated";1002;"2019-07-01"
23747;"energy";"electricity";2200;2303;"2019-01-01";"2019-01-01";"";"";"";"Berlin";"indelivery";1001;"2020-05-05"
23748;"energy";"electricity";1900;1860;"2018-05-26";"2018-09-01";"";"";"";"Frankfurt";"indelivery";1001;"2020-04-26"
23749;"energy";"electricity";2300;2462;"2020-05-03";"2020-09-01";"";"";"";"Bremen";"indelivery";1000;"2020-07-17"
23750;"energy";"electricity";2700;2782;"2018-02-15";"2018-07-01";"";"";"";"Bonn";"indelivery";1002;"2020-06-14"
23751;"energy";"electricity";2000;1982;"2018-01-16";"2018-06-01";"2020-09-30";"2020-09-02";"fristgerecht durch Kunde";"Cologne";"terminated";1001;"2019-02-17"
23752;"energy";"gas";10100;10073;"2018-09-26";"2018-11-01";"";"";"";"Siegburg";"indelivery";2000;"2020-04-22"
23753;"energy";"electricity";2400;2507;"2020-02-24";"2021-01-01";"";"";"";"Frankfurt";"active";1001;"2020-05-21"
23754;"energy";"gas";11300;11029;"2020-08-01";"2020-08-01";"";"";"";"Kiel";"indelivery";2001;"2020-09-14"
23755;"energy";"electricity";2500;2644;"2018-12-02";"2019-03-01";"";"";"";"Hamburg";"indelivery";1000;"2020-08-02"
23756;"energy";"electricity";2100;"";"2020-04-16";"2020-06-01";"2020-06-01";"2020-09-27";"Wiederruf";"Berlin";"terminated";1000;"2020-05-16"
23757;"energy";"electricity";2300;2428;"2019-07-23";"2019-11-01";"";"";"";"Stuttgart";"indelivery";1000;"2020-09-10"
23758;"energy";"gas";10200;10365;"2019-11-26";"2020-03-01";"";"";"";"Munich";"indelivery";2001;"2020-01-01"
23759;"energy";"electricity";1900;"";"2019-05-18";"2019-06-01";"";"";"";"Berlin";"indelivery";1000;"2020-03-24"
23760;"energy";"electricity";2600;2702;"2019-04-13";"2019-06-01";"2019-06-01";"2019-08-29";"Wiederruf";"Hannover";"terminated";1002;"2019-08-29"
23761;"energy";"electricity";2500;2547;"2018-05-13";"2018-07-01";"";"";"";"Cologne";"indelivery";1000;"2018-11-28"
23762;"energy";"electricity";2400;2425;"2018-11-19";"2019-04-01";"";"";"";"Stuttgart";"indelivery";1001;"2019-08-19"
23763;"energy";"electricity";2300;2313;"2020-02-08";"2020-03-01";"";"";"";"Altchemnitz";"indelivery";1002;"2020-02-26"
23764;"energy";"electricity";2900;2875;"2019-10-22";"2020-07-01";"";"";"";"Weiden";"indelivery";1002;"2020-09-26"
23765;"energy";"gas";9600;"";"2018-10-30";"2019-02-01";"";"";"";"Marienberg";"indelivery";2001;"2019-05-10"
23766;"energy";"electricity";2600;2697;"2019-12-13";"2020-01-01";"";"";"";"Bad Hersfeld";"indelivery";1001;"2020-05-03"
23767;"energy";"electricity";2900;2758;"2018-05-25";"2018-06-01";"2020-07-31";"2020-07-03";"fristgerecht durch Kunde";"Bonn";"terminated";1000;"2018-12-09"
23768;"energy";"electricity";2100;2228;"2018-08-27";"2018-10-01";"";"";"";"Saarbrücken";"indelivery";1001;"2019-04-10"
23769;"energy";"gas";9800;9300;"2019-06-02";"2019-10-01";"";"";"";"Dresden";"indelivery";2000;"2020-09-26"
23770;"energy";"electricity";2600;2701;"2019-08-23";"2020-08-01";"";"";"";"Düsseldorf";"indelivery";1001;"2020-07-02"
23771;"energy";"electricity";2700;2594;"2019-05-06";"2019-09-01";"";"";"";"Dortmund";"indelivery";1002;"2019-12-28"
23772;"energy";"electricity";2300;2423;"2019-02-06";"2019-07-01";"";"";"";"Berlin";"indelivery";1000;"2020-03-04"
23773;"energy";"electricity";2400;2492;"2019-03-18";"2020-02-01";"";"";"";"Baden-Baden";"indelivery";1000;"2019-10-10"
23774;"energy";"electricity";2500;2486;"2018-09-06";"2018-10-01";"";"";"";"Neuruppin";"indelivery";1001;"2019-05-20"
23775;"energy";"electricity";2000;2071;"2018-11-26";"2019-05-01";"";"";"";"Dortmund";"indelivery";1002;"2020-03-03"
23776;"energy";"electricity";2700;2722;"2019-02-04";"2019-04-01";"";"";"";"Stralsund";"indelivery";1001;"2019-08-13"
23777;"energy";"electricity";2800;"";"2018-11-05";"2018-12-01";"2019-12-31";"2019-12-03";"fristgerecht durch Kunde";"Karlsruhe";"terminated";1002;"2019-12-03"
23778;"energy";"electricity";2500;2632;"2020-05-26";"2021-02-01";"";"";"";"Hamburg";"active";1002;"2020-06-02"
23779;"energy";"electricity";3000;2913;"2019-06-10";"2019-10-01";"";"";"";"Düsseldorf";"indelivery";1000;"2020-08-12"
23780;"energy";"electricity";2800;2897;"2019-08-27";"2020-03-01";"";"";"";"Berlin";"indelivery";1000;"2020-04-24"
23781;"energy";"electricity";2400;2416;"2019-03-07";"2019-05-01";"";"";"";"Hamburg";"indelivery";1001;"2019-12-22"
23782;"energy";"electricity";2600;2615;"2018-03-28";"2018-04-01";"";"";"";"Duisburg";"indelivery";1000;"2020-05-16"
23783;"energy";"electricity";2800;2704;"2019-06-24";"2019-08-01";"";"";"";"Wuppertal";"indelivery";1000;"2020-03-01"
23784;"energy";"electricity";2500;2414;"2020-04-03";"2020-08-01";"";"";"";"Kassel";"indelivery";1000;"2020-05-17"
23785;"energy";"electricity";2200;2265;"2020-05-01";"2020-09-01";"";"";"";"Mainz";"indelivery";1001;"2020-06-05"
23786;"energy";"electricity";2600;2510;"2018-11-27";"2018-12-01";"";"";"";"Hannover";"indelivery";1002;"2019-02-15"
23787;"energy";"electricity";2100;2220;"2018-03-28";"2018-08-01";"";"";"";"Dortmund";"indelivery";1001;"2020-08-15"
23788;"energy";"electricity";2400;2491;"2020-03-23";"2020-04-01";"";"";"";"Duisburg";"indelivery";1000;"2020-04-17"
23789;"energy";"electricity";2000;2017;"2018-03-17";"2018-08-01";"";"";"";"Berlin";"indelivery";1001;"2020-04-03"
23790;"energy";"electricity";2600;2581;"2020-04-19";"2020-07-01";"";"";"";"Bremen";"indelivery";1002;"2020-04-22"
23791;"energy";"electricity";2900;2791;"2018-03-08";"2018-05-01";"";"";"";"Munich";"indelivery";1001;"2019-04-27"
23792;"energy";"electricity";2700;2579;"2019-02-10";"2019-05-01";"2020-12-31";"2020-12-03";"fristgerecht durch Kunde";"Freiburg";"cancelled";1002;"2020-02-26"
23793;"energy";"electricity";2800;2986;"2019-10-19";"2020-01-01";"";"";"";"Altchemnitz";"indelivery";1001;"2020-01-29"
23794;"energy";"electricity";2600;2718;"2019-01-28";"2019-04-01";"";"";"";"Perleberg";"indelivery";1002;"2020-07-17"
23795;"energy";"electricity";2500;2364;"2019-03-16";"2019-06-01";"2020-10-31";"2020-09-30";"fristgerecht durch LichtBlick";"Berlin";"cancelled";1002;"2019-09-21"
23796;"energy";"electricity";2200;2259;"2020-03-08";"2020-05-01";"";"";"";"Düsseldorf";"indelivery";1000;"2020-04-02"
23797;"energy";"electricity";2000;1925;"2019-01-17";"2019-04-01";"";"";"";"Munich";"indelivery";1001;"2020-03-12"
23798;"energy";"electricity";2100;2195;"2019-06-01";"2019-08-01";"";"";"";"Jena";"indelivery";1000;"2020-06-20"
23799;"energy";"electricity";2400;2449;"2018-08-26";"2018-10-01";"";"";"";"Berlin";"indelivery";1000;"2019-02-16"
23800;"energy";"electricity";2300;2272;"2019-11-16";"2019-12-01";"";"";"";"Braunschweig";"indelivery";1002;"2020-06-23"
23801;"energy";"electricity";2800;2892;"2020-08-29";"2021-03-01";"";"";"";"Duisburg";"active";1002;"2020-09-02"
23802;"energy";"electricity";2900;2947;"2019-11-04";"2020-01-01";"";"";"";"Altchemnitz";"indelivery";1001;"2019-11-10"
23803;"energy";"electricity";2400;2495;"2019-10-05";"2019-12-01";"";"";"";"Augsburg";"indelivery";1001;"2020-09-11"
23804;"energy";"electricity";2700;2839;"2018-12-09";"2019-02-01";"";"";"";"Karlsruhe";"indelivery";1000;"2020-07-30"
23805;"energy";"electricity";2500;2478;"2019-10-29";"2020-02-01";"";"";"";"Dresden";"indelivery";1000;"2020-09-02"
23806;"energy";"electricity";2400;2487;"2018-10-08";"2018-12-01";"";"";"";"Berlin";"indelivery";1002;"2019-03-17"
23807;"energy";"electricity";2900;3016;"2018-03-09";"2018-06-01";"";"";"";"Koblenz";"indelivery";1001;"2020-09-24"
23808;"energy";"electricity";2600;2592;"2020-03-26";"2020-04-01";"";"";"";"Stuttgart";"indelivery";1000;"2020-05-05"
23809;"energy";"electricity";2200;2084;"2018-08-24";"2018-09-01";"";"";"";"Hamburg";"indelivery";1001;"2018-08-27"
23810;"energy";"electricity";2200;2204;"2019-04-13";"2019-05-01";"";"";"";"Berlin";"indelivery";1002;"2020-09-13"
23811;"energy";"gas";10700;11205;"2018-12-02";"2019-04-01";"";"";"";"Münster";"indelivery";2000;"2020-02-05"
23812;"energy";"electricity";2600;2635;"2019-05-06";"2020-05-01";"";"";"";"Koblenz";"indelivery";1001;"2020-03-29"
23813;"energy";"electricity";2600;2691;"2018-08-27";"2019-01-01";"";"";"";"Heidelberg";"indelivery";1002;"2020-06-29"
23814;"energy";"electricity";2400;2521;"2019-03-18";"2019-05-01";"";"";"";"Heilbronn";"indelivery";1001;"2020-06-22"
23815;"energy";"electricity";2500;2441;"2019-10-23";"2019-11-01";"";"";"";"Neumarkt";"indelivery";1002;"2019-10-25"
23816;"energy";"gas";10600;10693;"2020-09-07";"2021-02-01";"";"";"";"Berlin";"active";2000;"2020-09-15"
23817;"energy";"electricity";2300;2316;"2018-12-24";"2019-04-01";"";"";"";"Hamburg";"indelivery";1002;"2020-01-07"
23818;"energy";"electricity";2300;"";"2018-03-15";"2018-06-01";"";"";"";"Salzwedel";"indelivery";1000;"2019-05-23"
23819;"energy";"electricity";2400;2463;"2020-01-28";"2020-03-01";"2020-04-30";"2020-04-01";"Umzug";"Duisburg";"terminated";1002;"2020-02-26"
23820;"energy";"electricity";2700;2719;"2020-07-21";"2020-08-01";"2020-08-01";"2020-08-30";"Wiederruf";"Mannheim";"terminated";1001;"2020-07-25"
23821;"energy";"gas";9100;9375;"2019-11-01";"2020-01-01";"";"";"";"Hannover";"indelivery";2001;"2020-03-09"
23822;"energy";"electricity";3000;3025;"2018-12-24";"2019-07-01";"";"";"";"Karlsruhe";"indelivery";1000;"2019-09-14"
23823;"energy";"electricity";2400;2477;"2019-02-13";"2019-04-01";"";"";"";"Wuppertal";"indelivery";1000;"2020-01-20"
23824;"energy";"electricity";2600;2667;"2019-07-05";"2019-10-01";"";"";"";"Duisburg";"indelivery";1000;"2020-03-19"
23825;"energy";"electricity";2800;2893;"2020-09-13";"2020-11-01";"";"";"";"Berlin";"active";1002;"2020-09-19"
23826;"energy";"gas";10600;11040;"2020-08-07";"2020-12-01";"";"";"";"Frankfurt";"active";2001;"2020-08-21"
23827;"energy";"electricity";2900;2818;"2019-08-26";"2020-04-01";"";"";"";"Cologne";"indelivery";1001;"2019-10-19"
23828;"energy";"electricity";2400;2530;"2019-03-08";"2019-07-01";"";"";"";"Altchemnitz";"indelivery";1001;"2020-03-10"
23829;"energy";"gas";8600;9124;"2019-07-18";"2020-06-01";"";"";"";"Munich";"indelivery";2001;"2020-01-20"
23830;"energy";"electricity";2400;2568;"2019-06-14";"2019-11-01";"";"";"";"Kaufbeuren";"indelivery";1000;"2020-03-05"
23831;"energy";"electricity";2100;2056;"2018-05-20";"2018-09-01";"";"";"";"Hamburg";"indelivery";1000;"2019-03-13"
23832;"energy";"electricity";2300;2311;"2020-08-10";"2021-01-01";"";"";"";"Marienberg";"active";1001;"2020-09-01"
23833;"energy";"electricity";2600;2796;"2019-12-05";"2020-01-01";"";"";"";"Böblingen";"indelivery";1001;"2020-01-09"
23834;"energy";"gas";12000;11783;"2020-03-23";"2020-06-01";"";"";"";"Kaufbeuren";"indelivery";2000;"2020-04-17"
23835;"energy";"electricity";2700;2555;"2018-05-20";"2018-09-01";"";"";"";"Dortmund";"indelivery";1000;"2019-08-01"
23836;"energy";"gas";9300;9792;"2018-07-10";"2018-10-01";"";"";"";"Hamburg";"indelivery";2001;"2018-08-12"
23837;"energy";"electricity";2500;2675;"2019-10-05";"2019-12-01";"";"";"";"Garmisch-Partenkirchen";"indelivery";1001;"2019-12-29"
23838;"energy";"electricity";2300;2386;"2020-07-22";"2020-12-01";"";"";"";"Ratzeburg";"active";1000;"2020-09-28"
23839;"energy";"electricity";2600;2505;"2019-07-22";"2020-03-01";"";"";"";"Saarbrücken";"indelivery";1000;"2020-08-06"
23840;"energy";"electricity";2800;2782;"2019-05-13";"2020-01-01";"";"";"";"Leipzig";"indelivery";1000;"2019-09-20"
23841;"energy";"electricity";2900;3084;"2019-10-06";"2020-07-01";"";"";"";"Berlin";"indelivery";1002;"2020-04-11"
23842;"energy";"electricity";2000;2142;"2018-01-10";"2018-09-01";"";"";"";"Wiesbaden";"indelivery";1002;"2018-07-04"
23843;"energy";"electricity";2300;2294;"2019-09-13";"2019-11-01";"";"";"";"Hannover";"indelivery";1002;"2020-01-22"
23844;"energy";"electricity";2000;2134;"2019-04-17";"2019-06-01";"";"";"";"Leipzig";"indelivery";1002;"2019-12-18"
23845;"energy";"electricity";2400;2456;"2018-03-01";"2018-08-01";"2019-07-31";"2019-07-01";"fristgerecht durch Kunde";"Kassel";"terminated";1000;"2018-11-28"
23846;"energy";"electricity";2700;"";"2019-11-03";"2020-06-01";"";"";"";"Pirna";"indelivery";1000;"2019-11-21"
23847;"energy";"electricity";2400;2441;"2020-05-10";"2020-07-01";"";"";"";"Dresden";"indelivery";1000;"2020-08-09"
23848;"energy";"electricity";2300;2437;"2018-12-11";"2019-02-01";"";"";"";"Düsseldorf";"indelivery";1001;"2019-07-07"
23849;"energy";"electricity";2600;2788;"2019-08-17";"2020-05-01";"";"";"";"Munich";"indelivery";1001;"2020-07-23"
23850;"energy";"electricity";2400;2354;"2020-05-25";"2020-08-01";"";"";"";"Berlin";"indelivery";1000;"2020-09-12"
23851;"energy";"electricity";2200;"";"2019-05-27";"2019-09-01";"";"";"";"Cologne";"indelivery";1000;"2020-05-05"
23852;"energy";"electricity";2600;2730;"2019-12-02";"2020-01-01";"";"";"";"Essen";"indelivery";1002;"2020-09-28"
23853;"energy";"electricity";2500;2537;"2020-03-27";"2021-02-01";"";"";"";"Hannover";"active";1000;"2020-05-24"
23854;"energy";"electricity";2300;2511;"2018-10-05";"2019-01-01";"2019-12-31";"2019-12-03";"fristgerecht durch Kunde";"Duisburg";"terminated";1002;"2018-12-18"
23855;"energy";"electricity";3000;3152;"2018-04-27";"2018-09-01";"2020-07-31";"2020-06-29";"Umzug";"Freiberg";"terminated";1000;"2020-06-14"
23856;"energy";"electricity";2500;2559;"2020-05-18";"2020-09-01";"";"";"";"Hamburg";"indelivery";1002;"2020-06-09"
23857;"energy";"electricity";2300;2431;"2018-02-02";"2018-08-01";"2020-06-30";"2020-06-01";"Umzug";"Göttingen";"terminated";1002;"2018-10-15"
23858;"energy";"electricity";2400;2585;"2018-03-11";"2018-05-01";"";"";"";"Munich";"indelivery";1000;"2020-05-30"
23859;"energy";"electricity";2700;"";"2018-12-21";"2019-10-01";"";"";"";"Düsseldorf";"indelivery";1002;"2020-09-07"
23860;"energy";"electricity";2900;"";"2018-05-22";"2018-11-01";"2020-03-31";"2020-02-26";"fristgerecht durch Kunde";"Münster";"terminated";1002;"2020-02-26"
23861;"energy";"electricity";2500;"";"2018-12-09";"2019-06-01";"";"";"";"Dortmund";"indelivery";1001;"2020-08-25"
23862;"energy";"electricity";2500;2446;"2020-05-30";"2021-01-01";"";"";"";"Wuppertal";"active";1002;"2020-08-08"
23863;"energy";"electricity";2800;2971;"2020-09-14";"2021-01-01";"";"";"";"Dortmund";"active";1002;"2020-09-25"
23864;"energy";"electricity";2600;2566;"2019-02-13";"2019-03-01";"2019-08-31";"2019-07-19";"Umzug";"Parchim";"terminated";1000;"2019-06-26"
23865;"energy";"electricity";2800;2822;"2020-03-09";"2020-05-01";"";"";"";"Berlin";"indelivery";1001;"2020-03-18"
23866;"energy";"electricity";2000;2158;"2018-02-16";"2018-03-01";"2019-10-31";"2019-10-02";"fristgerecht durch Kunde";"Hannover";"terminated";1002;"2019-10-02"
23867;"energy";"electricity";3000;2962;"2018-05-23";"2018-11-01";"";"";"";"Hannover";"indelivery";1000;"2019-02-04"
23868;"energy";"electricity";2100;2154;"2019-11-04";"2019-12-01";"";"";"";"Osnabrück";"indelivery";1002;"2019-12-29"
23869;"energy";"electricity";2000;2115;"2020-07-19";"2020-08-01";"";"";"";"Düsseldorf";"indelivery";1000;"2020-09-11"
23870;"energy";"electricity";2000;2101;"2019-03-12";"2019-04-01";"";"";"";"Berlin";"indelivery";1001;"2019-07-08"
23871;"energy";"gas";8300;8586;"2019-04-04";"2019-12-01";"";"";"";"Berlin";"indelivery";2000;"2020-08-13"
23872;"energy";"electricity";2200;2218;"2018-11-01";"2019-07-01";"2019-11-30";"2019-11-02";"fristgerecht durch Kunde";"Munich";"terminated";1000;"2019-11-02"
23873;"energy";"electricity";2900;"";"2020-03-05";"2020-04-01";"";"";"";"Simmern";"indelivery";1000;"2020-03-21"
23874;"energy";"gas";10400;11178;"2019-09-10";"2019-10-01";"";"";"";"Kiel";"indelivery";2001;"2020-08-19"
23875;"energy";"electricity";2400;2336;"2020-09-21";"2021-05-01";"";"";"";"Bremen";"active";1000;"2020-09-29"
23876;"energy";"electricity";2400;2370;"2018-02-07";"2018-03-01";"2019-05-31";"2019-04-28";"fristgerecht durch Kunde";"Bielefeld";"terminated";1001;"2019-04-28"
23877;"energy";"electricity";2600;2778;"2019-01-22";"2019-08-01";"";"";"";"Bremen";"indelivery";1001;"2020-09-23"
23878;"energy";"electricity";2900;3076;"2020-07-16";"2020-10-01";"";"";"";"Karlsruhe";"indelivery";1000;"2020-09-12"
23879;"energy";"electricity";2800;"";"2020-01-24";"2020-06-01";"";"";"";"Altchemnitz";"indelivery";1002;"2020-01-28"
23880;"energy";"gas";8900;9016;"2020-08-20";"2020-10-01";"";"";"";"Münster";"indelivery";2000;"2020-09-13"
23881;"energy";"electricity";2400;2316;"2018-08-16";"2018-10-01";"2018-10-01";"2020-12-02";"Wiederruf";"Berlin";"terminated";1000;"2019-09-15"
23882;"energy";"electricity";2600;2692;"2018-10-08";"2019-07-01";"2019-07-01";"2020-03-01";"Wiederruf";"Marienberg";"terminated";1001;"2019-06-17"
23883;"energy";"electricity";2200;2152;"2020-02-06";"2020-09-01";"";"";"";"Altchemnitz";"indelivery";1001;"2020-04-13"
23884;"energy";"electricity";2500;2520;"2019-11-14";"2020-01-01";"";"";"";"Munich";"indelivery";1002;"2020-04-22"
23885;"energy";"electricity";2000;1953;"2020-05-21";"2020-11-01";"";"";"";"Hamburg";"active";1001;"2020-07-10"
23886;"energy";"gas";11000;11055;"2020-04-07";"2020-06-01";"";"";"";"Marienberg";"indelivery";2000;"2020-06-24"
23887;"energy";"electricity";2600;2509;"2018-11-16";"2019-02-01";"2019-02-01";"2020-06-02";"Wiederruf";"Karlsruhe";"terminated";1002;"2020-03-28"
23888;"energy";"electricity";2900;"";"2019-08-20";"2019-10-01";"";"";"";"Berlin";"indelivery";1002;"2019-11-12"
23889;"energy";"gas";8400;8221;"2020-04-07";"2020-12-01";"";"";"";"Erfurt";"active";2000;"2020-07-31"
23890;"energy";"electricity";2400;2380;"2018-07-05";"2019-12-01";"";"";"";"Stralsund";"indelivery";1001;"2019-06-11"
23891;"energy";"electricity";2300;2461;"2018-11-16";"2019-01-01";"2019-11-30";"2019-11-02";"fristgerecht durch Kunde";"Mainz";"terminated";1000;"2019-08-17"
23892;"energy";"electricity";2100;2225;"2019-03-12";"2019-06-01";"2019-06-01";"2019-08-31";"Wiederruf";"Dortmund";"terminated";1002;"2019-05-03"
23893;"energy";"electricity";2800;2950;"2018-08-28";"2019-02-01";"2019-03-31";"2019-03-02";"Umzug";"Cologne";"terminated";1002;"2019-03-02"
23894;"energy";"electricity";2300;2338;"2018-04-01";"2019-02-01";"2019-02-01";"2019-09-02";"Wiederruf";"Frankfurt";"terminated";1002;"2018-12-17"
23895;"energy";"electricity";2800;2684;"2019-08-18";"2020-06-01";"";"";"";"Essen";"indelivery";1002;"2020-03-30"
23896;"energy";"electricity";2800;"";"2020-08-06";"2020-09-01";"";"";"";"Marienberg";"indelivery";1000;"2020-09-29"
23897;"energy";"electricity";2800;2884;"2019-10-20";"2020-05-01";"";"";"";"Essen";"indelivery";1002;"2020-07-28"
23898;"energy";"electricity";2900;"";"2018-06-11";"2018-08-01";"2018-08-01";"2020-10-30";"Wiederruf";"Saarbrücken";"terminated";1001;"2018-09-16"
23899;"energy";"electricity";2900;2801;"2019-03-05";"2019-06-01";"";"";"";"Bad Hersfeld";"indelivery";1001;"2019-06-23"
23900;"energy";"gas";9300;"";"2019-07-23";"2019-12-01";"";"";"";"Munich";"indelivery";2000;"2020-01-08"
23901;"energy";"electricity";2800;2829;"2018-05-21";"2018-09-01";"2018-10-31";"2018-10-02";"Umzug";"Berlin";"terminated";1002;"2018-10-02"
23902;"energy";"gas";9900;10373;"2018-10-21";"2018-12-01";"2020-07-31";"2020-06-29";"Umzug";"Berlin";"terminated";2000;"2019-05-10"
23903;"energy";"electricity";2000;1905;"2019-04-01";"2020-09-01";"";"";"";"Stuttgart";"indelivery";1002;"2020-01-14"
23904;"energy";"electricity";1900;1884;"2020-06-20";"2020-08-01";"";"";"";"Munich";"indelivery";1000;"2020-07-01"
23905;"energy";"gas";8600;8307;"2018-04-10";"2018-06-01";"";"";"";"Bielefeld";"indelivery";2001;"2019-03-23"
23906;"energy";"electricity";3000;"";"2018-03-08";"2018-06-01";"";"";"";"Mannheim";"indelivery";1002;"2019-01-20"
23907;"energy";"electricity";2900;2853;"2019-02-02";"2019-05-01";"";"";"";"Cologne";"indelivery";1001;"2020-01-05"
23908;"energy";"gas";10000;9745;"2018-08-05";"2019-01-01";"";"";"";"Berlin";"indelivery";2000;"2019-05-17"
23909;"energy";"gas";11200;10914;"2018-04-21";"2018-08-01";"";"";"";"Munich";"indelivery";2001;"2019-04-25"
23910;"energy";"electricity";2500;2579;"2019-07-18";"2019-09-01";"";"";"";"Frankfurt";"indelivery";1002;"2020-05-24"
23911;"energy";"electricity";2900;2913;"2018-12-01";"2018-12-01";"";"";"";"Altchemnitz";"indelivery";1001;"2020-04-15"
23912;"energy";"electricity";2100;2256;"2018-06-09";"2018-08-01";"2019-07-31";"2019-07-03";"fristgerecht durch Kunde";"Dresden";"terminated";1001;"2019-07-03"
23913;"energy";"electricity";2000;2115;"2018-05-27";"2018-07-01";"";"";"";"Lübeck";"indelivery";1001;"2018-10-22"
23914;"energy";"electricity";2800;2682;"2020-04-12";"2020-09-01";"";"";"";"Munich";"indelivery";1001;"2020-08-12"
23915;"energy";"electricity";2700;2716;"2019-10-23";"2019-12-01";"";"";"";"Berlin";"indelivery";1000;"2020-06-15"
23916;"energy";"electricity";2500;2607;"2019-01-15";"2019-03-01";"";"";"";"Güstrow";"indelivery";1001;"2020-04-01"
23917;"energy";"electricity";2200;2152;"2018-09-20";"2018-11-01";"";"";"";"Stuttgart";"indelivery";1000;"2020-06-10"
23918;"energy";"electricity";2300;2416;"2018-12-17";"2019-03-01";"";"";"";"Berlin";"indelivery";1000;"2020-08-27"
23919;"energy";"electricity";2300;2432;"2018-12-30";"2019-01-01";"2020-12-31";"2020-12-01";"fristgerecht durch LichtBlick";"Wuppertal";"cancelled";1001;"2020-04-03"
23920;"energy";"electricity";2700;2685;"2019-04-24";"2019-05-01";"";"";"";"Duisburg";"indelivery";1002;"2019-10-23"
23921;"energy";"electricity";2500;2582;"2019-08-01";"2019-09-01";"";"";"";"Stuttgart";"indelivery";1001;"2020-09-06"
23922;"energy";"electricity";2200;"";"2020-08-27";"2021-02-01";"";"";"";"Frankfurt";"active";1000;"2020-09-30"
23923;"energy";"electricity";2500;2383;"2018-03-18";"2018-04-01";"2018-05-31";"2018-04-30";"fristgerecht durch LichtBlick";"Osnabrück";"terminated";1000;"2018-04-30"
23924;"energy";"electricity";2000;2065;"2018-06-03";"2018-10-01";"2019-03-31";"2019-03-03";"fristgerecht durch Kunde";"Berlin";"terminated";1002;"2019-03-03"
23925;"energy";"electricity";2400;2495;"2020-02-07";"2020-08-01";"";"";"";"Wuppertal";"indelivery";1002;"2020-09-02"
23926;"energy";"electricity";2600;2794;"2018-12-12";"2019-04-01";"";"";"";"Hannover";"indelivery";1001;"2020-04-02"
23927;"energy";"electricity";2600;2539;"2018-12-20";"2019-07-01";"";"";"";"Göttingen";"indelivery";1002;"2020-07-29"
23928;"energy";"electricity";2200;2355;"2018-01-30";"2018-05-01";"";"";"";"Wiesbaden";"indelivery";1000;"2020-03-13"
23929;"energy";"electricity";2500;2581;"2020-02-09";"2020-04-01";"";"";"";"Heidelberg";"indelivery";1000;"2020-02-28"
23930;"energy";"gas";10300;10660;"2018-10-06";"2019-01-01";"";"";"";"Hamburg";"indelivery";2000;"2018-12-20"
23931;"energy";"electricity";2400;2562;"2018-05-07";"2018-09-01";"";"";"";"Hamburg";"indelivery";1002;"2019-08-09"
23932;"energy";"electricity";2600;2595;"2019-04-19";"2019-06-01";"";"";"";"Leipzig";"indelivery";1001;"2019-07-16"
23933;"energy";"gas";9700;10165;"2020-01-22";"2020-05-01";"";"";"";"Frankfurt";"indelivery";2000;"2020-09-13"
23934;"energy";"electricity";1900;"";"2020-01-15";"2020-02-01";"2020-03-31";"2020-03-02";"fristgerecht durch Kunde";"Hamburg";"terminated";1000;"2020-03-02"
23935;"energy";"electricity";2100;1979;"2019-10-31";"2019-12-01";"";"";"";"Essen";"indelivery";1001;"2020-07-03"
23936;"energy";"electricity";2800;2661;"2020-07-22";"2020-11-01";"";"";"";"Stuttgart";"active";1001;"2020-09-11"
23937;"energy";"electricity";2100;2058;"2019-07-12";"2020-01-01";"";"";"";"Jena";"indelivery";1000;"2019-08-31"
23938;"energy";"gas";12400;12199;"2019-12-26";"2020-03-01";"";"";"";"Osterode";"indelivery";2001;"2020-05-08"
23939;"energy";"electricity";2100;2103;"2018-07-20";"2019-03-01";"2020-07-31";"2020-07-03";"fristgerecht durch LichtBlick";"Berlin";"terminated";1001;"2019-07-20"
23940;"energy";"gas";8700;9244;"2019-08-04";"2019-11-01";"";"";"";"Rosenheim";"indelivery";2001;"2020-07-09"
23941;"energy";"electricity";2800;2938;"2020-09-02";"2020-11-01";"";"";"";"Mainz";"active";1000;"2020-09-19"
23942;"energy";"electricity";2700;2794;"2019-02-16";"2019-05-01";"";"";"";"Villingen-Schwenningen";"indelivery";1001;"2019-05-04"
23943;"energy";"electricity";2800;2962;"2019-01-16";"2019-04-01";"";"";"";"Saarbrücken";"indelivery";1001;"2020-07-17"
23944;"energy";"gas";7900;7694;"2018-08-25";"2018-11-01";"";"";"";"Berlin";"indelivery";2000;"2019-03-10"
23945;"energy";"electricity";2800;2681;"2019-05-27";"2019-09-01";"";"";"";"Altchemnitz";"indelivery";1001;"2020-08-31"
23946;"energy";"gas";10000;10761;"2019-12-20";"2020-03-01";"";"";"";"Lübeck";"indelivery";2001;"2020-01-12"
23947;"energy";"electricity";2500;2446;"2018-04-20";"2018-05-01";"2018-10-31";"2018-10-03";"fristgerecht durch LichtBlick";"Duisburg";"terminated";1001;"2018-08-13"
23948;"energy";"electricity";3000;"";"2018-02-23";"2018-03-01";"";"";"";"Ulm";"indelivery";1002;"2020-03-17"
23949;"energy";"electricity";2400;2580;"2020-08-20";"2020-09-01";"";"";"";"Hamburg";"indelivery";1002;"2020-09-03"
23950;"energy";"electricity";2100;2252;"2020-09-24";"2020-10-01";"";"";"";"Kassel";"indelivery";1002;"2020-09-28"
23951;"energy";"gas";10500;10402;"2020-04-16";"2020-08-01";"";"";"";"Gera";"indelivery";2000;"2020-07-16"
23952;"energy";"electricity";2700;"";"2019-04-12";"2020-09-01";"";"";"";"Frankfurt";"indelivery";1000;"2019-07-03"
23953;"energy";"electricity";2000;2010;"2019-03-27";"2019-04-01";"";"";"";"Berlin";"indelivery";1002;"2020-05-17"
23954;"energy";"electricity";2500;2411;"2019-05-19";"2020-04-01";"";"";"";"Herford";"indelivery";1002;"2020-09-07"
23955;"energy";"electricity";2300;2237;"2018-06-03";"2018-07-01";"2020-12-31";"2020-11-29";"fristgerecht durch LichtBlick";"Berlin";"cancelled";1000;"2019-07-26"
23956;"energy";"electricity";2700;2749;"2018-01-07";"2018-05-01";"";"";"";"Essen";"indelivery";1002;"2019-08-26"
23957;"energy";"gas";8200;8676;"2019-11-13";"2020-03-01";"2020-07-31";"2020-07-01";"fristgerecht durch Kunde";"Stuttgart";"terminated";2000;"2020-01-25"
23958;"energy";"electricity";2500;2391;"2020-03-07";"2020-05-01";"";"";"";"Essen";"indelivery";1000;"2020-09-06"
23959;"energy";"electricity";2200;"";"2020-09-26";"2020-11-01";"";"";"";"Hannover";"active";1000;"2020-09-27"
23960;"energy";"electricity";2700;2572;"2020-01-31";"2020-03-01";"";"";"";"Heidelberg";"indelivery";1000;"2020-09-22"
23961;"energy";"electricity";3000;2930;"2019-11-01";"2020-01-01";"";"";"";"Mannheim";"indelivery";1001;"2020-02-26"
23962;"energy";"electricity";2800;2802;"2018-08-31";"2018-10-01";"";"";"";"Cologne";"indelivery";1000;"2020-02-10"
23963;"energy";"electricity";2100;2093;"2018-09-22";"2018-12-01";"";"";"";"Cologne";"indelivery";1001;"2019-07-18"
23964;"energy";"electricity";2900;3004;"2020-01-14";"2020-02-01";"";"";"";"Mannheim";"indelivery";1002;"2020-07-28"
23965;"energy";"gas";7900;8273;"2018-04-09";"2018-06-01";"";"";"";"Hamburg";"indelivery";2000;"2020-07-29"
23966;"energy";"electricity";2200;2064;"2020-02-21";"2020-03-01";"";"";"";"Altchemnitz";"indelivery";1001;"2020-09-29"
23967;"energy";"electricity";2200;2071;"2020-09-21";"2020-11-01";"";"";"";"Simmern";"active";1000;"2020-09-29"
23968;"energy";"electricity";2900;3008;"2020-05-31";"2020-07-01";"";"";"";"Hamburg";"indelivery";1000;"2020-08-10"
23969;"energy";"electricity";2100;2140;"2018-05-03";"2018-08-01";"2018-10-31";"2018-10-03";"fristgerecht durch Kunde";"Potsdam";"terminated";1001;"2018-10-03"
23970;"energy";"electricity";2800;2866;"2020-01-17";"2020-07-01";"";"";"";"Jever";"indelivery";1000;"2020-03-01"
23971;"energy";"electricity";2500;2579;"2020-02-23";"2020-04-01";"";"";"";"Cologne";"indelivery";1001;"2020-07-25"
23972;"energy";"electricity";2600;2603;"2018-11-12";"2019-04-01";"";"";"";"Hamburg";"indelivery";1002;"2019-02-08"
23973;"energy";"electricity";2000;1988;"2020-04-24";"2020-08-01";"";"";"";"Hannover";"indelivery";1000;"2020-08-18"
23974;"energy";"gas";11400;10905;"2019-01-03";"2019-04-01";"";"";"";"Cologne";"indelivery";2001;"2019-05-29"
23975;"energy";"gas";10500;9977;"2020-04-05";"2020-05-01";"";"";"";"Aschaffenburg";"indelivery";2000;"2020-04-23"
23976;"energy";"gas";10100;9988;"2019-06-11";"2019-10-01";"";"";"";"Duisburg";"indelivery";2001;"2020-05-20"
23977;"energy";"electricity";2300;2333;"2018-05-12";"2018-12-01";"";"";"";"Hamburg";"indelivery";1002;"2020-07-31"
23978;"energy";"electricity";2000;1882;"2019-12-11";"2020-05-01";"2020-06-30";"2020-06-01";"Umzug";"Cologne";"terminated";1000;"2020-01-19"
23979;"energy";"electricity";2200;2229;"2019-02-15";"2019-08-01";"";"";"";"Dresden";"indelivery";1000;"2019-09-27"
23980;"energy";"electricity";2600;2715;"2018-06-13";"2018-10-01";"";"";"";"Frankfurt";"indelivery";1002;"2019-08-26"
23981;"energy";"gas";11000;10430;"2020-03-08";"2021-01-01";"";"";"";"Berlin";"active";2000;"2020-09-10"
23982;"energy";"electricity";2700;2588;"2019-09-04";"2019-11-01";"";"";"";"Erfurt";"indelivery";1002;"2019-09-25"
23983;"energy";"electricity";2500;2544;"2020-04-01";"2020-06-01";"";"";"";"Altchemnitz";"indelivery";1002;"2020-09-04"
23984;"energy";"electricity";2600;"";"2019-12-23";"2020-06-01";"";"";"";"Mainz";"indelivery";1001;"2020-08-02"
23985;"energy";"electricity";2000;2147;"2018-04-21";"2018-10-01";"2019-05-31";"2019-05-03";"fristgerecht durch LichtBlick";"Dortmund";"terminated";1001;"2018-11-05"
23986;"energy";"electricity";2400;2393;"2019-05-28";"2019-07-01";"";"";"";"Berlin";"indelivery";1002;"2020-01-10"
23987;"energy";"gas";10800;10961;"2018-02-19";"2019-02-01";"2019-08-31";"2019-07-26";"Umzug";"Kiel";"terminated";2001;"2019-07-26"
23988;"energy";"electricity";3000;2933;"2018-02-16";"2018-05-01";"2020-03-31";"2020-03-03";"fristgerecht durch Kunde";"Erfurt";"terminated";1000;"2018-05-01"
23989;"energy";"electricity";2800;2950;"2019-01-28";"2019-03-01";"2019-10-31";"2019-10-02";"Umzug";"Wuppertal";"terminated";1000;"2019-10-02"
23990;"energy";"electricity";2500;2665;"2019-11-29";"2020-07-01";"";"";"";"Hamburg";"indelivery";1002;"2020-01-21"
23991;"energy";"electricity";2100;2250;"2019-07-19";"2019-11-01";"";"";"";"Stuttgart";"indelivery";1001;"2019-08-02"
23992;"energy";"electricity";2500;2526;"2019-07-11";"2020-04-01";"";"";"";"Stuttgart";"indelivery";1001;"2020-02-26"
23993;"energy";"electricity";2700;"";"2019-08-20";"2019-12-01";"";"";"";"Frankfurt";"indelivery";1002;"2020-08-25"
23994;"energy";"gas";10900;10335;"2019-06-20";"2020-04-01";"";"";"";"Hamburg";"indelivery";2000;"2020-08-04"
23995;"energy";"electricity";2100;2008;"2020-04-18";"2020-08-01";"";"";"";"Rostock";"indelivery";1001;"2020-07-23"
23996;"energy";"electricity";2300;"";"2019-09-12";"2020-01-01";"";"";"";"Würzburg";"indelivery";1002;"2019-12-01"
23997;"energy";"electricity";2300;2342;"2019-09-03";"2020-01-01";"";"";"";"Kiel";"indelivery";1001;"2020-08-30"
23998;"energy";"electricity";2500;2462;"2020-08-17";"2020-10-01";"";"";"";"Bremen";"indelivery";1000;"2020-09-24"
23999;"energy";"gas";10600;11267;"2020-03-16";"2020-06-01";"";"";"";"Kiel";"indelivery";2000;"2020-05-10"
24000;"energy";"electricity";2300;2288;"2018-04-27";"2018-05-01";"2019-05-31";"2019-04-27";"fristgerecht durch LichtBlick";"Berlin";"terminated";1000;"2018-10-25"
24001;"energy";"electricity";2300;2262;"2018-04-26";"2018-06-01";"";"";"";"Cologne";"indelivery";1000;"2019-05-26"
24002;"energy";"electricity";2100;2265;"2019-10-03";"2020-07-01";"";"";"";"Berlin";"indelivery";1000;"2020-05-17"
24003;"energy";"electricity";2300;"";"2018-12-20";"2019-02-01";"";"";"";"Munich";"indelivery";1000;"2019-09-10"
24004;"energy";"electricity";2900;3102;"2020-07-15";"2021-04-01";"";"";"";"Hamburg";"active";1001;"2020-08-14"
24005;"energy";"electricity";2900;3088;"2018-04-12";"2018-12-01";"";"";"";"Bremen";"indelivery";1000;"2019-06-21"
24006;"energy";"electricity";2700;2848;"2018-06-07";"2019-01-01";"";"";"";"Frankfurt";"indelivery";1001;"2018-08-02"
24007;"energy";"electricity";2600;2468;"2018-09-10";"2019-03-01";"2019-06-30";"2019-06-02";"fristgerecht durch LichtBlick";"Bonn";"terminated";1001;"2018-09-25"
24008;"energy";"electricity";2100;"";"2020-06-24";"2020-09-01";"";"";"";"Frankfurt";"indelivery";1000;"2020-09-16"
24009;"energy";"electricity";2800;2801;"2018-02-05";"2018-03-01";"";"";"";"Oldenburg";"indelivery";1001;"2020-07-13"
24010;"energy";"electricity";2400;2320;"2019-02-16";"2019-03-01";"2020-06-30";"2020-05-30";"fristgerecht durch Kunde";"Freiburg";"terminated";1001;"2019-08-13"
24011;"energy";"electricity";2500;2479;"2020-06-17";"2020-12-01";"";"";"";"Berlin";"active";1002;"2020-09-04"
24012;"energy";"gas";8900;9331;"2019-10-27";"2019-12-01";"2020-06-30";"2020-05-29";"fristgerecht durch Kunde";"Kassel";"terminated";2001;"2019-11-30"
24013;"energy";"electricity";2500;2390;"2018-08-12";"2018-11-01";"";"";"";"Hamburg";"indelivery";1002;"2020-07-09"
24014;"energy";"electricity";2100;"";"2020-06-25";"2020-08-01";"";"";"";"Berlin";"indelivery";1002;"2020-08-13"
24015;"energy";"electricity";1900;1884;"2019-09-14";"2019-11-01";"";"";"";"Munich";"indelivery";1001;"2020-01-09"
24016;"energy";"electricity";2800;2810;"2019-11-20";"2020-04-01";"";"";"";"Dresden";"indelivery";1000;"2020-08-14"
24017;"energy";"electricity";2800;2853;"2018-03-02";"2018-04-01";"";"";"";"Berlin";"indelivery";1000;"2019-06-28"
24018;"energy";"electricity";2700;2798;"2020-06-11";"2021-01-01";"";"";"";"Dresden";"active";1000;"2020-07-26"
24019;"energy";"electricity";2900;3004;"2018-10-02";"2018-12-01";"";"";"";"Berlin";"indelivery";1001;"2020-07-06"
24020;"energy";"electricity";2600;2733;"2019-03-03";"2019-05-01";"";"";"";"Karlsruhe";"indelivery";1000;"2020-02-04"
24021;"energy";"gas";11300;10771;"2018-02-14";"2018-08-01";"";"";"";"Rostock";"indelivery";2000;"2018-07-27"
24022;"energy";"electricity";2100;2010;"2018-01-19";"2018-02-01";"2018-06-30";"2018-06-02";"fristgerecht durch Kunde";"Munich";"terminated";1001;"2018-06-02"
24023;"energy";"electricity";3000;3180;"2019-11-18";"2020-07-01";"";"";"";"Bielefeld";"indelivery";1002;"2020-04-29"
24024;"energy";"electricity";2700;2819;"2020-06-16";"2020-11-01";"";"";"";"Stuttgart";"active";1001;"2020-09-06"
24025;"energy";"electricity";2400;2297;"2019-12-04";"2020-04-01";"";"";"";"Marienberg";"indelivery";1001;"2020-06-08"
24026;"energy";"electricity";2200;2249;"2018-10-01";"2019-03-01";"2019-03-01";"2020-01-01";"Wiederruf";"Berlin";"terminated";1000;"2019-07-20"
24027;"energy";"electricity";2200;2357;"2018-09-17";"2018-12-01";"";"";"";"Hannover";"indelivery";1001;"2020-09-18"
24028;"energy";"electricity";2700;2656;"2018-05-07";"2018-06-01";"2020-04-30";"2020-04-02";"Umzug";"Frankfurt";"terminated";1002;"2018-09-19"
24029;"energy";"electricity";2700;2570;"2019-05-25";"2019-07-01";"2019-07-01";"2020-10-02";"Wiederruf";"Osnabrück";"terminated";1001;"2020-06-08"
24030;"energy";"electricity";2500;2506;"2018-12-23";"2019-04-01";"2019-11-30";"2019-11-02";"fristgerecht durch LichtBlick";"Essen";"terminated";1001;"2019-11-02"
24031;"energy";"electricity";2700;2850;"2019-09-26";"2019-12-01";"";"";"";"Koblenz";"indelivery";1002;"2020-07-18"
24032;"energy";"electricity";2800;2736;"2018-12-26";"2019-02-01";"";"";"";"Duisburg";"indelivery";1002;"2019-12-30"
24033;"energy";"electricity";2600;2545;"2020-02-02";"2020-04-01";"";"";"";"Bielefeld";"indelivery";1002;"2020-04-30"
24034;"energy";"electricity";2200;2233;"2019-07-18";"2020-01-01";"";"";"";"Munich";"indelivery";1001;"2020-03-09"
24035;"energy";"electricity";2800;2753;"2019-10-03";"2020-05-01";"";"";"";"Berlin";"indelivery";1002;"2019-12-28"
24036;"energy";"gas";8200;"";"2019-03-19";"2020-02-01";"";"";"";"Berlin";"indelivery";2000;"2019-06-11"
24037;"energy";"electricity";1900;1823;"2019-07-10";"2019-09-01";"";"";"";"Munich";"indelivery";1000;"2020-03-12"
24038;"energy";"electricity";2300;2190;"2019-08-02";"2020-03-01";"";"";"";"Augsburg";"indelivery";1002;"2020-08-07"
24039;"energy";"electricity";2500;2507;"2020-03-27";"2020-05-01";"";"";"";"Cologne";"indelivery";1001;"2020-08-19"
24040;"energy";"electricity";2400;2487;"2020-09-07";"2020-10-01";"";"";"";"Wuppertal";"indelivery";1002;"2020-09-14"
24041;"energy";"electricity";2100;2009;"2018-07-11";"2018-10-01";"";"";"";"Berlin";"indelivery";1000;"2019-05-16"
24042;"energy";"electricity";2400;2477;"2019-09-10";"2020-01-01";"";"";"";"Berlin";"indelivery";1002;"2020-02-12"
24043;"energy";"electricity";2200;2342;"2018-01-03";"2018-03-01";"";"";"";"Berlin";"indelivery";1001;"2020-08-09"
24044;"energy";"electricity";1900;1914;"2018-08-14";"2018-12-01";"2020-09-30";"2020-08-30";"fristgerecht durch LichtBlick";"Munich";"terminated";1002;"2018-09-04"
24045;"energy";"gas";10000;9775;"2019-05-04";"2019-10-01";"2020-02-29";"2020-01-31";"Umzug";"Marienberg";"terminated";2001;"2019-12-11"
24046;"energy";"electricity";2200;2128;"2020-04-22";"2020-07-01";"";"";"";"Berlin";"indelivery";1001;"2020-05-24"
24047;"energy";"electricity";2300;2402;"2020-07-14";"2020-09-01";"";"";"";"Munich";"indelivery";1000;"2020-08-29"
24048;"energy";"electricity";2300;2223;"2018-10-21";"2019-04-01";"";"";"";"Kiel";"indelivery";1000;"2018-11-14"
24049;"energy";"electricity";2700;2694;"2018-02-15";"2019-02-01";"";"";"";"Cologne";"indelivery";1001;"2018-03-30"
24050;"energy";"electricity";2800;2732;"2018-04-28";"2018-05-01";"";"";"";"Berlin";"indelivery";1002;"2019-05-26"
24051;"energy";"gas";11500;11162;"2018-04-13";"2018-08-01";"";"";"";"Potsdam";"indelivery";2001;"2018-09-30"
24052;"energy";"electricity";2000;"";"2018-07-27";"2018-11-01";"";"";"";"Berlin";"indelivery";1002;"2019-09-23"
24053;"energy";"electricity";2600;2577;"2018-04-06";"2018-06-01";"2020-04-30";"2020-03-30";"fristgerecht durch Kunde";"Erding";"terminated";1001;"2020-03-30"
24054;"energy";"gas";10000;9592;"2020-06-14";"2021-02-01";"";"";"";"Mannheim";"active";2001;"2020-07-27"
24055;"energy";"electricity";2200;2098;"2019-02-03";"2019-04-01";"";"";"";"Soest";"indelivery";1002;"2019-03-11"
24056;"energy";"electricity";2600;2761;"2018-12-19";"2019-05-01";"2020-08-31";"2020-08-03";"Umzug";"Mannheim";"terminated";1001;"2019-03-06"
24057;"energy";"electricity";2800;2952;"2020-02-27";"2020-04-01";"";"";"";"Hamburg";"indelivery";1002;"2020-09-23"
24058;"energy";"electricity";2000;2027;"2019-03-22";"2019-07-01";"";"";"";"Berlin";"indelivery";1002;"2020-06-08"
24059;"energy";"gas";9000;8910;"2020-07-14";"2020-08-01";"";"";"";"Essen";"indelivery";2001;"2020-07-24"
24060;"energy";"electricity";2800;2958;"2019-05-10";"2019-12-01";"";"";"";"Bremen";"indelivery";1000;"2020-08-31"
24061;"energy";"electricity";2500;2627;"2019-10-08";"2020-02-01";"";"";"";"Berlin";"indelivery";1002;"2020-08-24"
24062;"energy";"electricity";2900;2932;"2018-06-25";"2018-09-01";"";"";"";"Düsseldorf";"indelivery";1001;"2019-04-22"
24063;"energy";"gas";11800;12011;"2019-06-17";"2019-07-01";"";"";"";"Stuttgart";"indelivery";2000;"2019-11-02"
24064;"energy";"electricity";2300;2354;"2019-09-28";"2020-04-01";"";"";"";"Schwerin";"indelivery";1001;"2019-11-06"
24065;"energy";"gas";10000;9749;"2019-02-18";"2019-03-01";"2019-12-31";"2019-12-01";"fristgerecht durch LichtBlick";"Berlin";"terminated";2001;"2019-05-31"
24066;"energy";"electricity";2400;2458;"2018-09-10";"2018-10-01";"2018-10-01";"2019-12-03";"Wiederruf";"Hamburg";"terminated";1000;"2019-12-03"
24067;"energy";"electricity";3000;2883;"2019-03-09";"2019-07-01";"2019-09-30";"2019-09-02";"fristgerecht durch Kunde";"Altchemnitz";"terminated";1001;"2019-05-11"
24068;"energy";"electricity";2700;2548;"2019-04-06";"2019-10-01";"";"";"";"Jena";"indelivery";1000;"2020-02-22"
24069;"energy";"electricity";2200;2389;"2020-01-18";"2020-02-01";"";"";"";"Duisburg";"indelivery";1000;"2020-01-29"
24070;"energy";"electricity";2900;2963;"2019-06-24";"2020-02-01";"";"";"";"Hamburg";"indelivery";1001;"2020-06-25"
24071;"energy";"electricity";3000;"";"2019-03-18";"2019-07-01";"2019-07-01";"2019-08-20";"Wiederruf";"Sangerhausen";"terminated";1000;"2019-08-20"
24072;"energy";"electricity";2600;2700;"2019-11-02";"2020-03-01";"";"";"";"Hannover";"indelivery";1000;"2020-04-25"
24073;"energy";"gas";7900;7951;"2018-12-11";"2019-03-01";"2019-07-31";"2019-07-02";"Umzug";"Hamburg";"terminated";2001;"2019-07-02"
24074;"energy";"electricity";2900;2906;"2020-07-31";"2020-08-01";"";"";"";"Magdeburg";"indelivery";1001;"2020-09-19"
24075;"energy";"electricity";2800;2668;"2019-07-07";"2019-09-01";"2019-09-01";"2019-12-01";"Wiederruf";"Bielefeld";"terminated";1002;"2019-12-01"
24076;"energy";"electricity";2400;2521;"2018-07-29";"2018-10-01";"2018-12-31";"2018-12-01";"fristgerecht durch LichtBlick";"Ulm";"terminated";1001;"2018-12-01"
24077;"energy";"electricity";2100;2076;"2020-01-24";"2020-03-01";"";"";"";"Frankfurt";"indelivery";1002;"2020-09-02"
24078;"energy";"electricity";2200;2312;"2018-10-23";"2019-05-01";"";"";"";"Dortmund";"indelivery";1002;"2018-11-13"
24079;"energy";"electricity";2100;2065;"2018-12-15";"2019-04-01";"";"";"";"Stuttgart";"indelivery";1002;"2019-08-26"
24080;"energy";"gas";8700;9072;"2019-08-02";"2019-10-01";"";"";"";"Hamburg";"indelivery";2000;"2019-11-24"
24081;"energy";"electricity";2400;2414;"2018-10-08";"2018-12-01";"2018-12-01";"2019-11-02";"Wiederruf";"Hannover";"terminated";1002;"2019-07-16"
24082;"energy";"electricity";2800;2956;"2020-01-03";"2020-02-01";"";"";"";"Mainz";"indelivery";1001;"2020-08-20"
24083;"energy";"electricity";2200;2268;"2020-08-09";"2021-01-01";"";"";"";"Essen";"active";1002;"2020-08-12"
24084;"energy";"electricity";2700;2699;"2019-06-09";"2019-10-01";"";"";"";"Frankfurt";"indelivery";1002;"2020-04-10"
24085;"energy";"electricity";2000;1974;"2018-11-07";"2019-02-01";"2019-02-01";"2019-03-03";"Wiederruf";"Ingolstadt";"terminated";1000;"2018-12-14"
24086;"energy";"electricity";2500;2588;"2020-07-13";"2020-11-01";"";"";"";"Oldenburg";"active";1001;"2020-09-16"
24087;"energy";"electricity";2100;"";"2019-01-19";"2019-05-01";"";"";"";"Bielefeld";"indelivery";1002;"2019-04-24"
24088;"energy";"electricity";2400;"";"2020-02-21";"2020-03-01";"";"";"";"Dresden";"indelivery";1002;"2020-04-07"
24089;"energy";"gas";9100;9435;"2019-03-29";"2019-12-01";"";"";"";"Rostock";"indelivery";2001;"2019-08-26"
24090;"energy";"electricity";2900;3125;"2018-10-01";"2018-12-01";"";"";"";"Stuttgart";"indelivery";1002;"2019-08-17"
24091;"energy";"electricity";2400;2509;"2019-07-28";"2020-02-01";"";"";"";"Mannheim";"indelivery";1000;"2020-07-27"
24092;"energy";"electricity";2900;2929;"2018-08-07";"2018-11-01";"2020-04-30";"2020-04-02";"fristgerecht durch Kunde";"Cologne";"terminated";1002;"2019-11-25"
24093;"energy";"electricity";2800;2985;"2019-09-21";"2019-11-01";"";"";"";"Bonn";"indelivery";1002;"2019-12-11"
24094;"energy";"electricity";2100;2052;"2018-09-05";"2018-12-01";"";"";"";"Hannover";"indelivery";1001;"2019-10-07"
24095;"energy";"electricity";2900;2912;"2018-06-13";"2018-07-01";"2020-08-31";"2020-08-02";"Umzug";"Frankfurt";"terminated";1000;"2019-11-18"
24096;"energy";"electricity";2000;1894;"2019-11-17";"2020-08-01";"";"";"";"Berlin";"indelivery";1001;"2020-05-06"
24097;"energy";"electricity";2400;2311;"2018-10-01";"2018-10-01";"";"";"";"Wuppertal";"indelivery";1002;"2020-01-25"
24098;"energy";"electricity";2800;2989;"2018-09-09";"2018-10-01";"";"";"";"Duisburg";"indelivery";1001;"2019-05-12"
24099;"energy";"electricity";2500;2614;"2018-10-16";"2019-02-01";"";"";"";"Bonn";"indelivery";1002;"2020-07-24"
24100;"energy";"electricity";2400;2574;"2020-03-31";"2020-04-01";"";"";"";"Hamburg";"indelivery";1001;"2020-08-11"
24101;"energy";"electricity";2700;2759;"2019-11-20";"2020-04-01";"";"";"";"Marienberg";"indelivery";1001;"2020-09-21"
24102;"energy";"electricity";2000;2042;"2020-03-05";"2020-09-01";"";"";"";"Duisburg";"indelivery";1002;"2020-05-13"
24103;"energy";"electricity";2800;3035;"2020-07-15";"2020-09-01";"";"";"";"Braunschweig";"indelivery";1001;"2020-09-29"
24104;"energy";"electricity";3100;3239;"2019-03-20";"2019-07-01";"";"";"";"Krefeld";"indelivery";1001;"2019-04-22"
24105;"energy";"electricity";2700;"";"2019-05-08";"2019-06-01";"";"";"";"Hamburg";"indelivery";1001;"2020-09-18"
24106;"energy";"electricity";2400;2340;"2019-03-20";"2020-01-01";"";"";"";"Berlin";"indelivery";1002;"2019-07-11"
24107;"energy";"electricity";2100;2198;"2019-03-11";"2019-06-01";"";"";"";"Stuttgart";"indelivery";1002;"2019-12-31"
24108;"energy";"electricity";2500;2630;"2018-03-08";"2018-07-01";"";"";"";"Dortmund";"indelivery";1000;"2018-06-01"
24109;"energy";"electricity";2700;2661;"2020-08-30";"2021-03-01";"";"";"";"Berlin";"active";1001;"2020-09-24"
24110;"energy";"gas";8400;8932;"2018-12-11";"2019-03-01";"";"";"";"Rostock";"indelivery";2001;"2018-12-24"
24111;"energy";"electricity";2700;2663;"2020-07-18";"2020-09-01";"";"";"";"Duisburg";"indelivery";1000;"2020-09-15"
24112;"energy";"electricity";2700;2865;"2019-09-10";"2020-01-01";"2020-09-30";"2020-08-31";"fristgerecht durch LichtBlick";"Essen";"terminated";1000;"2020-02-09"
24113;"energy";"electricity";2800;2770;"2019-12-30";"2020-02-01";"";"";"";"Cologne";"indelivery";1001;"2020-09-12"
24114;"energy";"electricity";2300;2198;"2019-07-26";"2020-05-01";"";"";"";"Potsdam";"indelivery";1001;"2019-12-05"
24115;"energy";"electricity";2700;2695;"2019-03-25";"2019-04-01";"2019-04-01";"2019-05-02";"Wiederruf";"Frankfurt";"terminated";1000;"2019-03-30"
24116;"energy";"electricity";2800;2863;"2020-02-19";"2020-03-01";"";"";"";"Flensburg";"indelivery";1001;"2020-02-27"
24117;"energy";"electricity";2900;2861;"2019-05-12";"2019-07-01";"2020-05-31";"2020-05-01";"fristgerecht durch LichtBlick";"Regensburg";"terminated";1000;"2019-08-27"
24118;"energy";"electricity";1900;1873;"2018-07-18";"2018-09-01";"";"";"";"Berlin";"indelivery";1001;"2019-11-03"
24119;"energy";"electricity";2500;2621;"2018-08-05";"2019-02-01";"";"";"";"Hamburg";"indelivery";1001;"2018-11-21"
24120;"energy";"gas";10200;10134;"2019-03-12";"2019-06-01";"";"";"";"Mannheim";"indelivery";2000;"2019-11-14"
24121;"energy";"electricity";2200;2291;"2019-05-13";"2019-08-01";"";"";"";"Dresden";"indelivery";1001;"2020-04-04"
24122;"energy";"electricity";2400;2332;"2018-04-11";"2018-10-01";"";"";"";"Stuttgart";"indelivery";1002;"2020-06-04"
24123;"energy";"electricity";3000;"";"2019-06-02";"2019-08-01";"";"";"";"Marienberg";"indelivery";1001;"2020-03-04"
24124;"energy";"electricity";2300;2257;"2020-07-03";"2020-08-01";"";"";"";"Munich";"indelivery";1001;"2020-09-19"
24125;"energy";"electricity";2800;2887;"2020-04-08";"2020-11-01";"";"";"";"Gera";"active";1001;"2020-05-07"
24126;"energy";"electricity";2500;2512;"2020-04-05";"2020-05-01";"2020-09-30";"2020-09-02";"fristgerecht durch Kunde";"Cologne";"terminated";1000;"2020-04-19"
24127;"energy";"electricity";2100;2080;"2019-09-02";"2019-11-01";"";"";"";"Cologne";"indelivery";1002;"2020-02-06"
24128;"energy";"electricity";2800;2761;"2018-12-27";"2019-01-01";"";"";"";"Hannover";"indelivery";1000;"2019-02-27"
24129;"energy";"electricity";2600;"";"2020-02-11";"2021-01-01";"";"";"";"Hannover";"active";1002;"2020-02-29"
24130;"energy";"electricity";2700;2644;"2018-07-03";"2018-10-01";"";"";"";"Berlin";"indelivery";1001;"2020-08-09"
24131;"energy";"gas";8700;8411;"2018-01-18";"2018-08-01";"";"";"";"Hamburg";"indelivery";2001;"2018-02-02"
24132;"energy";"electricity";2100;2040;"2018-03-23";"2018-05-01";"2018-12-31";"2018-12-02";"fristgerecht durch LichtBlick";"Altchemnitz";"terminated";1000;"2018-12-02"
24133;"energy";"electricity";2800;2856;"2019-06-16";"2019-12-01";"";"";"";"Munich";"indelivery";1000;"2019-11-17"
24134;"energy";"electricity";2200;2411;"2019-08-10";"2019-10-01";"2019-10-01";"2019-12-29";"Wiederruf";"Augsburg";"terminated";1000;"2019-12-29"
24135;"energy";"electricity";2500;2471;"2019-12-15";"2020-05-01";"";"";"";"Ingolstadt";"indelivery";1001;"2020-07-31"
24136;"energy";"electricity";2600;2492;"2019-10-05";"2020-03-01";"";"";"";"Düsseldorf";"indelivery";1000;"2020-07-16"
24137;"energy";"gas";9800;9788;"2018-11-20";"2019-03-01";"";"";"";"Hamburg";"indelivery";2001;"2019-02-02"
24138;"energy";"electricity";2900;"";"2019-06-01";"2019-07-01";"";"";"";"Duisburg";"indelivery";1000;"2020-02-10"
24139;"energy";"gas";8900;9034;"2019-03-05";"2019-07-01";"";"";"";"Koblenz";"indelivery";2001;"2019-04-14"
24140;"energy";"electricity";2800;2769;"2020-01-25";"2020-08-01";"";"";"";"Miesbach";"indelivery";1000;"2020-06-05"
24141;"energy";"electricity";2900;3061;"2018-02-12";"2018-10-01";"";"";"";"Munich";"indelivery";1000;"2020-01-23"
24142;"energy";"electricity";2300;2394;"2018-09-04";"2019-02-01";"";"";"";"Bielefeld";"indelivery";1000;"2018-10-12"
24143;"energy";"electricity";2200;2294;"2019-10-16";"2019-12-01";"";"";"";"Lübeck";"indelivery";1000;"2019-11-03"
24144;"energy";"electricity";2500;2594;"2020-07-27";"2020-11-01";"";"";"";"Ulm";"active";1000;"2020-07-31"
24145;"energy";"electricity";2000;2080;"2018-04-29";"2018-07-01";"";"";"";"Dresden";"indelivery";1002;"2019-01-19"
24146;"energy";"electricity";2500;2577;"2018-03-19";"2018-11-01";"";"";"";"Berlin";"indelivery";1001;"2018-11-30"
24147;"energy";"electricity";2000;2167;"2019-05-09";"2019-08-01";"";"";"";"Berlin";"indelivery";1000;"2020-08-24"
24148;"energy";"electricity";2300;2338;"2018-04-09";"2018-06-01";"2018-06-01";"2020-01-28";"Wiederruf";"Cologne";"terminated";1000;"2019-07-18"
24149;"energy";"electricity";2900;3028;"2018-04-25";"2018-06-01";"2019-09-30";"2019-08-21";"fristgerecht durch LichtBlick";"Mannheim";"terminated";1002;"2018-12-01"
24150;"energy";"electricity";2600;2621;"2019-09-11";"2020-08-01";"";"";"";"Munich";"indelivery";1001;"2020-01-05"
24151;"energy";"electricity";2600;2778;"2020-05-31";"2020-08-01";"";"";"";"Munich";"indelivery";1001;"2020-07-06"
24152;"energy";"electricity";2100;2166;"2019-05-10";"2019-10-01";"";"";"";"Dortmund";"indelivery";1002;"2020-02-05"
24153;"energy";"gas";8700;8861;"2019-01-30";"2019-05-01";"";"";"";"Berlin";"indelivery";2000;"2020-08-01"
24154;"energy";"electricity";1900;1959;"2020-02-22";"2020-03-01";"";"";"";"Berlin";"indelivery";1001;"2020-06-08"
24155;"energy";"gas";9800;9920;"2019-03-15";"2019-08-01";"";"";"";"Duisburg";"indelivery";2001;"2019-11-23"
24156;"energy";"electricity";2800;"";"2020-01-21";"2020-07-01";"";"";"";"Munich";"indelivery";1002;"2020-07-11"
24157;"energy";"electricity";2800;2924;"2018-04-09";"2018-05-01";"2020-01-31";"2020-01-03";"fristgerecht durch Kunde";"Stuttgart";"terminated";1000;"2018-07-30"
24158;"energy";"electricity";2200;2194;"2018-09-04";"2018-12-01";"";"";"";"Göttingen";"indelivery";1000;"2019-12-02"
24159;"energy";"gas";10900;11273;"2018-05-02";"2018-09-01";"";"";"";"Berlin";"indelivery";2000;"2018-09-30"
24160;"energy";"electricity";2300;2401;"2019-01-11";"2019-04-01";"";"";"";"Coburg";"indelivery";1002;"2020-03-25"
24161;"energy";"gas";11600;12295;"2018-12-29";"2019-03-01";"";"";"";"Lübeck";"indelivery";2000;"2020-07-08"
24162;"energy";"electricity";2900;3111;"2018-11-27";"2019-08-01";"";"";"";"Erfurt";"indelivery";1001;"2019-05-21"
24163;"energy";"electricity";2200;2141;"2020-03-20";"2021-02-01";"";"";"";"Augsburg";"active";1001;"2020-03-22"
24164;"energy";"electricity";2500;2521;"2018-07-24";"2018-11-01";"2019-07-31";"2019-07-03";"Umzug";"Wiesbaden";"terminated";1002;"2019-05-08"
24165;"energy";"gas";10300;10955;"2018-10-17";"2019-02-01";"";"";"";"Kitzingen";"indelivery";2001;"2020-09-09"
24166;"energy";"electricity";2600;2833;"2019-07-30";"2019-09-01";"2020-01-31";"2020-01-03";"fristgerecht durch Kunde";"Hamburg";"terminated";1001;"2019-08-26"
24167;"energy";"electricity";2600;2829;"2020-02-01";"2020-03-01";"2020-10-31";"2020-10-03";"Umzug";"Lüdenscheid";"cancelled";1000;"2020-05-29"
24168;"energy";"electricity";2100;2247;"2019-04-08";"2019-09-01";"";"";"";"Berlin";"indelivery";1000;"2020-01-20"
24169;"energy";"electricity";2700;2705;"2019-02-11";"2019-05-01";"";"";"";"Cologne";"indelivery";1000;"2019-07-21"
24170;"energy";"electricity";2900;2809;"2018-06-15";"2018-09-01";"";"";"";"Essen";"indelivery";1002;"2020-07-26"
24171;"energy";"electricity";2800;2735;"2020-05-18";"2020-06-01";"2020-09-30";"2020-08-29";"fristgerecht durch Kunde";"Bremerhaven";"terminated";1000;"2020-08-29"
24172;"energy";"electricity";2000;2151;"2018-06-18";"2018-07-01";"";"";"";"Essen";"indelivery";1000;"2019-07-11"
24173;"energy";"electricity";2500;2443;"2019-05-27";"2019-12-01";"";"";"";"Gera";"indelivery";1000;"2020-01-11"
24174;"energy";"electricity";2400;2603;"2018-03-16";"2018-04-01";"";"";"";"Munich";"indelivery";1000;"2018-09-08"
24175;"energy";"gas";8900;9589;"2019-06-11";"2019-09-01";"";"";"";"Berlin";"indelivery";2000;"2020-08-23"
24176;"energy";"electricity";2800;2974;"2019-08-26";"2020-02-01";"";"";"";"Karlsruhe";"indelivery";1002;"2020-07-12"
24177;"energy";"electricity";2700;2848;"2018-12-03";"2019-07-01";"";"";"";"Potsdam";"indelivery";1001;"2019-11-07"
24178;"energy";"electricity";2400;"";"2020-01-18";"2020-06-01";"";"";"";"Heidelberg";"indelivery";1002;"2020-08-05"
24179;"energy";"electricity";2400;2359;"2018-10-20";"2019-01-01";"";"";"";"Bremen";"indelivery";1001;"2020-09-12"
24180;"energy";"electricity";2700;2610;"2019-02-04";"2019-04-01";"";"";"";"Braunschweig";"indelivery";1002;"2019-11-08"
24181;"energy";"electricity";3000;3044;"2018-01-10";"2018-06-01";"";"";"";"Ingolstadt";"indelivery";1001;"2019-10-28"
24182;"energy";"electricity";2800;2876;"2020-07-15";"2020-09-01";"";"";"";"Hildesheim";"indelivery";1001;"2020-09-28"
24183;"energy";"electricity";2100;2166;"2018-05-11";"2018-11-01";"";"";"";"Cologne";"indelivery";1000;"2019-10-07"
24184;"energy";"electricity";2300;2315;"2018-08-31";"2018-09-01";"2019-07-31";"2019-07-03";"fristgerecht durch Kunde";"Hamburg";"terminated";1002;"2019-07-03"
24185;"energy";"electricity";3000;3013;"2018-10-21";"2019-03-01";"2020-07-31";"2020-07-02";"Umzug";"Duisburg";"terminated";1000;"2020-03-07"
24186;"energy";"electricity";2700;2612;"2018-08-30";"2018-11-01";"";"";"";"Cologne";"indelivery";1000;"2019-05-04"
24187;"energy";"electricity";2500;2390;"2018-01-10";"2018-03-01";"";"";"";"Cottbus";"indelivery";1000;"2020-08-24"
24188;"energy";"electricity";2700;2612;"2018-09-20";"2019-01-01";"";"";"";"Potsdam";"indelivery";1002;"2019-11-10"
24189;"energy";"electricity";2400;2373;"2018-03-09";"2018-08-01";"2020-08-31";"2020-08-01";"fristgerecht durch LichtBlick";"Stuttgart";"terminated";1001;"2019-05-13"
24190;"energy";"electricity";2000;1964;"2019-07-03";"2019-09-01";"";"";"";"Essen";"indelivery";1002;"2020-02-18"
24191;"energy";"electricity";2600;2769;"2020-06-21";"2021-01-01";"";"";"";"Potsdam";"active";1000;"2020-06-29"
24192;"energy";"electricity";2800;2744;"2019-11-01";"2020-01-01";"";"";"";"Rostock";"indelivery";1001;"2019-12-15"
24193;"energy";"electricity";2800;2855;"2019-08-16";"2019-10-01";"2020-12-31";"2020-12-01";"Umzug";"Altchemnitz";"cancelled";1002;"2020-05-06"
24194;"energy";"electricity";2600;2796;"2018-03-11";"2018-12-01";"";"";"";"Hamburg";"indelivery";1002;"2018-12-07"
24195;"energy";"electricity";2800;3056;"2018-06-24";"2019-08-01";"";"";"";"Rostock";"indelivery";1001;"2019-04-04"
24196;"energy";"electricity";2400;2472;"2019-03-25";"2019-10-01";"";"";"";"Hofheim";"indelivery";1002;"2019-10-19"
24197;"energy";"electricity";2200;2138;"2018-04-28";"2018-05-01";"";"";"";"Cologne";"indelivery";1000;"2018-06-21"
24198;"energy";"gas";11900;"";"2020-06-04";"2020-08-01";"";"";"";"Braunschweig";"indelivery";2001;"2020-07-27"
24199;"energy";"electricity";2000;2047;"2019-10-14";"2019-11-01";"";"";"";"Münster";"indelivery";1002;"2020-06-27"
24200;"energy";"electricity";2000;2098;"2019-09-08";"2019-11-01";"";"";"";"Munich";"indelivery";1002;"2020-01-30"
24201;"energy";"electricity";2900;3068;"2019-01-19";"2019-04-01";"";"";"";"Heidelberg";"indelivery";1000;"2019-01-31"
24202;"energy";"electricity";2900;3063;"2018-03-12";"2018-04-01";"2018-12-31";"2018-12-02";"Umzug";"Dortmund";"terminated";1000;"2018-12-02"
24203;"energy";"gas";9000;9287;"2018-01-20";"2018-08-01";"";"";"";"Jena";"indelivery";2001;"2018-10-01"
24204;"energy";"electricity";2900;2851;"2020-09-01";"2020-11-01";"";"";"";"Augsburg";"active";1002;"2020-09-07"
24205;"energy";"electricity";2200;2248;"2019-05-09";"2019-06-01";"2020-01-31";"2020-01-01";"fristgerecht durch Kunde";"Munich";"terminated";1001;"2019-08-27"
24206;"energy";"electricity";2700;2601;"2019-11-06";"2019-12-01";"2020-11-30";"2020-10-30";"Umzug";"Essen";"cancelled";1002;"2020-06-05"
24207;"energy";"electricity";2600;2725;"2018-02-17";"2018-03-01";"";"";"";"Homberg";"indelivery";1001;"2019-06-13"
24208;"energy";"electricity";3000;2825;"2018-11-30";"2018-12-01";"";"";"";"Lübeck";"indelivery";1000;"2020-04-03"
24209;"energy";"electricity";2200;2264;"2018-11-06";"2019-02-01";"";"";"";"Wiesbaden";"indelivery";1002;"2019-03-21"
24210;"energy";"gas";10900;10964;"2018-03-26";"2018-05-01";"";"";"";"Frankfurt";"indelivery";2001;"2019-12-19"
24211;"energy";"electricity";2700;2600;"2018-11-14";"2019-04-01";"";"";"";"Cologne";"indelivery";1000;"2019-06-18"
24212;"energy";"electricity";2500;"";"2019-06-13";"2020-02-01";"";"";"";"Berlin";"indelivery";1002;"2020-06-25"
24213;"energy";"electricity";2800;2828;"2018-07-04";"2018-09-01";"2019-06-30";"2019-05-31";"fristgerecht durch LichtBlick";"Würzburg";"terminated";1001;"2018-09-14"
24214;"energy";"electricity";2700;2601;"2019-01-26";"2019-04-01";"";"";"";"Marienberg";"indelivery";1001;"2020-06-17"
24215;"energy";"electricity";2100;2042;"2018-08-18";"2018-12-01";"2020-10-31";"2020-10-01";"Umzug";"Dortmund";"cancelled";1002;"2020-07-13"
24216;"energy";"electricity";2400;2365;"2019-10-30";"2020-07-01";"";"";"";"Munich";"indelivery";1001;"2020-07-31"
24217;"energy";"gas";11300;11689;"2020-05-15";"2020-09-01";"";"";"";"Regensburg";"indelivery";2000;"2020-07-23"
24218;"energy";"electricity";2100;"";"2019-11-14";"2020-09-01";"";"";"";"Essen";"indelivery";1000;"2020-06-20"
24219;"energy";"electricity";2400;2424;"2018-11-19";"2019-01-01";"";"";"";"Karlsruhe";"indelivery";1000;"2018-11-20"
24220;"energy";"electricity";2100;2004;"2020-02-20";"2020-03-01";"";"";"";"Marienberg";"indelivery";1000;"2020-08-20"
24221;"energy";"electricity";2300;2365;"2019-01-10";"2019-07-01";"2019-10-31";"2019-09-28";"Umzug";"Düsseldorf";"terminated";1000;"2019-07-12"
24222;"energy";"electricity";2300;2310;"2018-01-11";"2018-04-01";"";"";"";"Cologne";"indelivery";1000;"2018-05-11"
24223;"energy";"electricity";2300;2350;"2018-11-15";"2019-02-01";"2020-01-31";"2020-01-01";"Umzug";"Homberg";"terminated";1000;"2019-05-14"
24224;"energy";"electricity";2800;2717;"2019-08-13";"2019-10-01";"";"";"";"Berlin";"indelivery";1002;"2020-02-16"
24225;"energy";"electricity";2300;2322;"2020-08-12";"2020-09-01";"";"";"";"Hamburg";"indelivery";1002;"2020-09-12"
24226;"energy";"electricity";2800;2973;"2019-12-11";"2020-06-01";"";"";"";"Hamburg";"indelivery";1002;"2020-07-27"
24227;"energy";"electricity";2500;2645;"2020-04-21";"2020-09-01";"";"";"";"Oldenburg";"indelivery";1002;"2020-05-30"
24228;"energy";"electricity";2500;2455;"2019-07-12";"2019-09-01";"";"";"";"Hannover";"indelivery";1000;"2019-10-23"
24229;"energy";"electricity";2300;2443;"2019-02-06";"2019-08-01";"2020-02-29";"2020-01-31";"Umzug";"Hamburg";"terminated";1001;"2020-01-31"
24230;"energy";"gas";11300;11929;"2019-07-19";"2020-01-01";"";"";"";"Passau";"indelivery";2001;"2020-02-05"
24231;"energy";"electricity";2600;2616;"2019-06-19";"2019-08-01";"";"";"";"Hannover";"indelivery";1000;"2020-02-02"
24232;"energy";"electricity";2800;2956;"2018-08-11";"2018-11-01";"2019-05-31";"2019-05-02";"fristgerecht durch LichtBlick";"Cottbus";"terminated";1000;"2019-05-02"
24233;"energy";"gas";11800;11784;"2019-12-29";"2020-10-01";"";"";"";"Bonn";"indelivery";2001;"2020-06-07"
24234;"energy";"electricity";2100;2168;"2019-07-21";"2020-02-01";"";"";"";"Altchemnitz";"indelivery";1000;"2019-11-21"
24235;"energy";"electricity";2800;3009;"2020-05-31";"2020-07-01";"";"";"";"Stuttgart";"indelivery";1000;"2020-07-08"
24236;"energy";"electricity";2000;1917;"2019-09-29";"2020-08-01";"";"";"";"Hamburg";"indelivery";1000;"2019-12-03"
24237;"energy";"electricity";2400;2569;"2019-05-04";"2019-06-01";"";"";"";"Frankfurt";"indelivery";1000;"2019-05-07"
24238;"energy";"electricity";2400;2343;"2020-09-19";"2020-11-01";"";"";"";"Bonn";"active";1000;"2020-09-24"
24239;"energy";"electricity";2800;2898;"2020-07-11";"2020-08-01";"";"";"";"Frankfurt";"indelivery";1002;"2020-07-26"
24240;"energy";"electricity";2100;2236;"2018-08-25";"2018-11-01";"";"";"";"Hannover";"indelivery";1000;"2019-10-21"
24241;"energy";"electricity";2600;2673;"2018-03-19";"2018-05-01";"";"";"";"Frankfurt";"indelivery";1000;"2019-01-08"
24242;"energy";"gas";11300;10817;"2019-05-22";"2019-07-01";"";"";"";"Cologne";"indelivery";2000;"2020-07-10"
24243;"energy";"electricity";3000;3188;"2020-08-25";"2020-10-01";"";"";"";"Würzburg";"indelivery";1000;"2020-08-25"
24244;"energy";"electricity";2300;2372;"2018-01-29";"2018-08-01";"2018-08-01";"2019-03-30";"Wiederruf";"Munich";"terminated";1002;"2019-03-30"
24245;"energy";"gas";11400;10845;"2018-04-20";"2018-06-01";"";"";"";"Duisburg";"indelivery";2001;"2020-05-03"
24246;"energy";"electricity";2200;2355;"2019-03-30";"2019-04-01";"";"";"";"Bielefeld";"indelivery";1002;"2020-06-20"
24247;"energy";"electricity";2500;2580;"2020-06-04";"2020-07-01";"";"";"";"Dresden";"indelivery";1000;"2020-08-25"
24248;"energy";"electricity";2500;2672;"2019-02-05";"2019-06-01";"";"";"";"Hamburg";"indelivery";1000;"2019-08-14"
24249;"energy";"electricity";2700;2901;"2019-12-30";"2020-06-01";"";"";"";"Dortmund";"indelivery";1000;"2020-04-10"
24250;"energy";"electricity";2200;2078;"2019-04-08";"2019-09-01";"";"";"";"Düsseldorf";"indelivery";1000;"2019-11-20"
24251;"energy";"electricity";2300;2197;"2019-11-06";"2020-01-01";"2020-04-30";"2020-03-23";"fristgerecht durch Kunde";"Frankfurt";"terminated";1001;"2019-12-02"
24252;"energy";"gas";10300;10547;"2019-09-05";"2020-04-01";"";"";"";"Ulm";"indelivery";2001;"2019-11-17"
24253;"energy";"electricity";2800;2822;"2018-02-14";"2018-08-01";"";"";"";"Heidelberg";"indelivery";1000;"2018-04-04"
24254;"energy";"electricity";2300;2249;"2019-03-24";"2020-03-01";"2020-05-31";"2020-04-21";"Umzug";"Marienberg";"terminated";1000;"2019-10-24"
24255;"energy";"electricity";2400;2275;"2018-09-01";"2018-10-01";"";"";"";"Schwerin";"indelivery";1002;"2019-12-03"
24256;"energy";"electricity";2000;1887;"2018-09-28";"2019-02-01";"2019-02-01";"2020-12-02";"Wiederruf";"Frankfurt";"terminated";1002;"2020-08-06"
24257;"energy";"electricity";2900;3053;"2018-08-09";"2018-10-01";"2018-10-01";"2020-07-03";"Wiederruf";"Duisburg";"terminated";1001;"2019-08-08"
24258;"energy";"electricity";2800;2808;"2018-10-27";"2018-11-01";"";"";"";"Kiel";"indelivery";1002;"2020-03-09"
24259;"energy";"electricity";2600;2624;"2019-12-02";"2020-01-01";"2020-06-30";"2020-05-27";"Umzug";"Bonn";"terminated";1002;"2020-05-27"
24260;"energy";"electricity";2200;2363;"2020-03-30";"2020-06-01";"";"";"";"Berlin";"indelivery";1001;"2020-08-28"
24261;"energy";"electricity";2900;3074;"2018-08-17";"2018-12-01";"";"";"";"Ingolstadt";"indelivery";1002;"2019-07-20"
24262;"energy";"electricity";2400;2549;"2018-01-04";"2018-10-01";"";"";"";"Oldenburg";"indelivery";1000;"2019-01-03"
24263;"energy";"electricity";2600;2567;"2018-06-01";"2018-08-01";"2020-08-31";"2020-08-01";"fristgerecht durch LichtBlick";"Hamburg";"terminated";1000;"2018-06-01"
24264;"energy";"electricity";1900;1880;"2019-06-19";"2019-08-01";"";"";"";"Cologne";"indelivery";1002;"2019-09-30"
24265;"energy";"electricity";2400;2548;"2020-02-02";"2020-06-01";"";"";"";"Ulm";"indelivery";1001;"2020-07-02"
24266;"energy";"electricity";2700;2875;"2019-05-13";"2019-06-01";"2019-06-01";"2020-08-31";"Wiederruf";"Wolfsburg";"terminated";1000;"2019-12-23"
24267;"energy";"electricity";2300;2323;"2019-03-05";"2019-09-01";"";"";"";"Essen";"indelivery";1002;"2019-11-02"
24268;"energy";"electricity";2500;2591;"2020-06-27";"2020-09-01";"";"";"";"Berlin";"indelivery";1001;"2020-07-14"
24269;"energy";"gas";9200;9216;"2020-06-06";"2021-02-01";"";"";"";"Saalfeld";"active";2001;"2020-09-12"
24270;"energy";"electricity";2000;2101;"2019-02-15";"2019-07-01";"";"";"";"Berlin";"indelivery";1000;"2020-02-11"
24271;"energy";"electricity";2300;2208;"2018-04-06";"2018-08-01";"";"";"";"Hamburg";"indelivery";1001;"2019-10-24"
24272;"energy";"electricity";1900;2019;"2019-09-02";"2019-12-01";"";"";"";"Berlin";"indelivery";1002;"2019-09-10"
24273;"energy";"electricity";2400;2405;"2019-05-25";"2019-11-01";"";"";"";"Wiesbaden";"indelivery";1002;"2019-06-07"
24274;"energy";"electricity";2100;2020;"2018-01-19";"2018-04-01";"";"";"";"Wiesbaden";"indelivery";1000;"2019-12-13"
24275;"energy";"gas";11600;11088;"2020-08-10";"2020-10-01";"";"";"";"Göttingen";"indelivery";2000;"2020-09-18"
24276;"energy";"electricity";3000;3057;"2020-07-06";"2021-08-01";"";"";"";"Lübeck";"active";1001;"2020-09-08"
24277;"energy";"electricity";2700;2724;"2020-02-05";"2020-07-01";"";"";"";"Heidelberg";"indelivery";1000;"2020-08-19"
24278;"energy";"electricity";2100;2173;"2018-04-16";"2018-08-01";"";"";"";"Lübeck";"indelivery";1000;"2020-01-30"
24279;"energy";"electricity";2500;2513;"2018-09-11";"2019-06-01";"";"";"";"Erfurt";"indelivery";1002;"2018-12-27"
24280;"energy";"electricity";2600;2698;"2019-01-22";"2019-03-01";"";"";"";"Bonn";"indelivery";1000;"2020-05-02"
24281;"energy";"electricity";2400;2337;"2018-11-20";"2019-03-01";"";"";"";"Berlin";"indelivery";1002;"2019-05-16"
24282;"energy";"electricity";2400;2419;"2018-01-24";"2018-04-01";"";"";"";"Dortmund";"indelivery";1001;"2020-02-29"
24283;"energy";"electricity";3000;"";"2018-01-26";"2018-08-01";"";"";"";"Essen";"indelivery";1000;"2019-09-09"
24284;"energy";"electricity";2100;2073;"2018-03-29";"2018-10-01";"";"";"";"Würzburg";"indelivery";1002;"2018-10-04"
24285;"energy";"electricity";2300;2275;"2019-10-27";"2020-03-01";"";"";"";"Dortmund";"indelivery";1002;"2020-08-03"
24286;"energy";"electricity";2200;2130;"2019-01-17";"2019-08-01";"2019-08-01";"2020-09-26";"Wiederruf";"Berlin";"terminated";1000;"2019-08-03"
24287;"energy";"electricity";3000;2882;"2019-01-26";"2019-04-01";"";"";"";"Magdeburg";"indelivery";1002;"2019-07-12"
24288;"energy";"electricity";2300;2381;"2019-05-20";"2019-07-01";"";"";"";"Lübeck";"indelivery";1002;"2020-02-24"
24289;"energy";"electricity";2500;2410;"2018-08-17";"2019-07-01";"2019-07-01";"2019-12-02";"Wiederruf";"Cologne";"terminated";1002;"2018-11-15"
24290;"energy";"electricity";2100;2240;"2020-05-22";"2020-10-01";"";"";"";"Braunschweig";"indelivery";1000;"2020-08-01"
24291;"energy";"gas";11700;11936;"2018-07-15";"2018-10-01";"2018-11-30";"2018-11-01";"fristgerecht durch LichtBlick";"Augsburg";"terminated";2001;"2018-11-01"
24292;"energy";"electricity";2000;2100;"2018-09-03";"2018-10-01";"";"";"";"Gera";"indelivery";1002;"2019-03-14"
24293;"energy";"electricity";2700;2827;"2018-09-02";"2018-11-01";"";"";"";"Hamburg";"indelivery";1000;"2019-05-03"
24294;"energy";"electricity";2400;2602;"2020-06-21";"2020-08-01";"";"";"";"Dortmund";"indelivery";1001;"2020-09-23"
24295;"energy";"electricity";2700;"";"2018-10-08";"2019-04-01";"";"";"";"Bremen";"indelivery";1002;"2018-12-31"
24296;"energy";"electricity";2200;2212;"2020-02-18";"2020-05-01";"";"";"";"Berlin";"indelivery";1002;"2020-05-16"
24297;"energy";"electricity";1900;2009;"2018-06-04";"2018-10-01";"";"";"";"Berlin";"indelivery";1001;"2019-02-01"
24298;"energy";"electricity";2900;"";"2019-10-10";"2019-12-01";"";"";"";"Marienberg";"indelivery";1000;"2020-01-21"
24299;"energy";"electricity";2900;3101;"2018-12-06";"2019-02-01";"";"";"";"Lübeck";"indelivery";1001;"2019-01-29"
24300;"energy";"electricity";2200;2149;"2018-05-22";"2018-07-01";"2018-11-30";"2018-11-01";"fristgerecht durch Kunde";"Cologne";"terminated";1002;"2018-11-01"
24301;"energy";"electricity";2400;2425;"2020-05-12";"2020-08-01";"";"";"";"Frankfurt";"indelivery";1002;"2020-09-21"
24302;"energy";"electricity";2600;2468;"2019-09-26";"2019-10-01";"";"";"";"Heppenheim";"indelivery";1001;"2020-07-26"
24303;"energy";"electricity";2700;2754;"2019-11-09";"2020-01-01";"";"";"";"Berlin";"indelivery";1002;"2020-05-25"
24304;"energy";"electricity";2900;3054;"2019-01-15";"2019-05-01";"";"";"";"Göttingen";"indelivery";1000;"2020-07-20"
24305;"energy";"electricity";2700;"";"2018-09-02";"2019-03-01";"";"";"";"Marienberg";"indelivery";1000;"2020-07-15"
24306;"energy";"electricity";2100;2040;"2018-09-26";"2018-10-01";"";"";"";"Marienberg";"indelivery";1001;"2019-12-18"
24307;"energy";"electricity";2300;"";"2019-05-03";"2019-10-01";"";"";"";"Berlin";"indelivery";1002;"2019-11-29"
24308;"energy";"electricity";2500;2543;"2018-11-24";"2019-01-01";"";"";"";"Düsseldorf";"indelivery";1001;"2019-10-01"
24309;"energy";"electricity";2400;2431;"2019-07-23";"2019-09-01";"";"";"";"Bremen";"indelivery";1002;"2019-08-08"
24310;"energy";"electricity";2300;2261;"2019-04-02";"2019-11-01";"2020-10-31";"2020-09-30";"fristgerecht durch Kunde";"Hamburg";"cancelled";1001;"2019-07-02"
24311;"energy";"electricity";2000;2009;"2020-02-17";"2020-03-01";"";"";"";"Braunschweig";"indelivery";1001;"2020-06-18"
24312;"energy";"electricity";2300;2297;"2020-05-10";"2020-08-01";"";"";"";"Düsseldorf";"indelivery";1002;"2020-09-23"
24313;"energy";"electricity";3000;2936;"2018-12-16";"2019-06-01";"2020-06-30";"2020-05-29";"fristgerecht durch Kunde";"Osnabrück";"terminated";1001;"2019-01-14"
24314;"energy";"electricity";2300;2219;"2019-09-18";"2019-12-01";"2020-09-30";"2020-09-02";"fristgerecht durch Kunde";"Berlin";"terminated";1001;"2020-08-09"
24315;"energy";"electricity";2700;2824;"2019-03-22";"2020-04-01";"2020-07-31";"2020-06-28";"Umzug";"Hamburg";"terminated";1000;"2019-07-07"
24316;"energy";"electricity";2200;2307;"2018-03-10";"2018-10-01";"2019-10-31";"2019-10-03";"fristgerecht durch Kunde";"Euskirchen";"terminated";1001;"2019-07-29"
24317;"energy";"electricity";2800;2758;"2019-09-27";"2019-10-01";"";"";"";"Marienberg";"indelivery";1001;"2019-11-08"
24318;"energy";"gas";11300;11554;"2019-08-07";"2020-07-01";"";"";"";"Dortmund";"indelivery";2000;"2019-11-24"
24319;"energy";"electricity";2200;2295;"2018-02-21";"2018-03-01";"2020-09-30";"2020-09-02";"fristgerecht durch Kunde";"Bielefeld";"terminated";1002;"2019-03-09"
24320;"energy";"electricity";2300;2220;"2020-07-10";"2020-08-01";"";"";"";"Fürth";"indelivery";1000;"2020-09-03"
24321;"energy";"electricity";2100;1965;"2018-09-03";"2018-12-01";"";"";"";"Düsseldorf";"indelivery";1000;"2019-09-09"
24322;"energy";"electricity";2800;2923;"2019-05-01";"2019-08-01";"";"";"";"Magdeburg";"indelivery";1002;"2019-08-17"
24323;"energy";"electricity";2800;2948;"2018-01-23";"2018-02-01";"";"";"";"Karlsruhe";"indelivery";1001;"2018-11-14"
24324;"energy";"electricity";3000;3215;"2019-02-09";"2019-04-01";"";"";"";"Garmisch-Partenkirchen";"indelivery";1000;"2020-05-14"
24325;"energy";"electricity";2600;2522;"2019-06-08";"2019-08-01";"2019-12-31";"2019-11-27";"fristgerecht durch Kunde";"Frankfurt";"terminated";1002;"2019-11-27"
24326;"energy";"electricity";2500;2385;"2018-06-26";"2018-08-01";"";"";"";"Duisburg";"indelivery";1000;"2019-04-18"
24327;"energy";"gas";9300;9529;"2018-04-30";"2019-03-01";"2020-01-31";"2020-01-03";"Umzug";"Kassel";"terminated";2001;"2019-09-05"
24328;"energy";"gas";8600;9026;"2020-07-01";"2020-10-01";"";"";"";"Bremen";"indelivery";2000;"2020-07-18"
24329;"energy";"gas";10500;10430;"2020-09-28";"2020-11-01";"";"";"";"Bonn";"active";2001;"2020-09-28"
24330;"energy";"electricity";2400;2374;"2019-10-30";"2020-04-01";"";"";"";"Bremen";"indelivery";1002;"2020-08-31"
24331;"energy";"electricity";2200;2358;"2019-11-29";"2020-02-01";"";"";"";"Munich";"indelivery";1000;"2020-03-07"
24332;"energy";"electricity";2600;2626;"2019-12-04";"2020-07-01";"";"";"";"Mannheim";"indelivery";1000;"2020-07-07"
24333;"energy";"electricity";2000;2189;"2018-01-15";"2018-04-01";"2019-07-31";"2019-06-26";"fristgerecht durch Kunde";"Duisburg";"terminated";1001;"2018-03-24"
24334;"energy";"electricity";2700;2808;"2018-09-17";"2018-12-01";"";"";"";"Berlin";"indelivery";1000;"2020-01-22"
24335;"energy";"electricity";2300;2361;"2018-10-03";"2018-12-01";"2019-09-30";"2019-09-01";"Umzug";"Mannheim";"terminated";1002;"2019-09-01"
24336;"energy";"gas";8700;9235;"2019-09-18";"2020-03-01";"";"";"";"Cologne";"indelivery";2000;"2020-06-13"
24337;"energy";"gas";9100;"";"2018-09-27";"2019-01-01";"";"";"";"Berlin";"indelivery";2000;"2019-05-28"
24338;"energy";"gas";8200;8576;"2019-12-22";"2020-05-01";"";"";"";"Düsseldorf";"indelivery";2001;"2020-08-13"
24339;"energy";"electricity";2600;"";"2019-12-06";"2020-03-01";"";"";"";"Düsseldorf";"indelivery";1002;"2020-06-04"
24340;"energy";"electricity";2100;2070;"2018-01-21";"2018-03-01";"";"";"";"Stuttgart";"indelivery";1001;"2020-04-20"
24341;"energy";"electricity";2300;2335;"2019-08-18";"2019-09-01";"2019-09-01";"2020-05-02";"Wiederruf";"Dortmund";"terminated";1002;"2019-11-05"
24342;"energy";"electricity";2200;2319;"2020-09-12";"2021-03-01";"";"";"";"Berlin";"active";1001;"2020-09-29"
24343;"energy";"electricity";2200;2093;"2020-09-18";"2020-12-01";"";"";"";"Berlin";"active";1001;"2020-09-22"
24344;"energy";"electricity";2100;1985;"2018-12-11";"2019-02-01";"";"";"";"Oldenburg";"indelivery";1000;"2020-08-25"
24345;"energy";"electricity";2500;2506;"2018-07-22";"2018-11-01";"";"";"";"Leipzig";"indelivery";1000;"2019-09-16"
24346;"energy";"electricity";2200;2314;"2018-04-05";"2018-06-01";"";"";"";"Kirchheimbolanden";"indelivery";1001;"2019-02-23"
24347;"energy";"electricity";2500;2646;"2020-09-25";"2020-11-01";"";"";"";"Frankfurt";"active";1001;"2020-09-26"
24348;"energy";"electricity";2600;2500;"2018-07-28";"2019-02-01";"";"";"";"Jena";"indelivery";1002;"2020-03-09"
24349;"energy";"electricity";3000;2941;"2020-02-12";"2020-08-01";"";"";"";"Dresden";"indelivery";1002;"2020-07-27"
24350;"energy";"electricity";2700;2607;"2020-04-10";"2020-08-01";"";"";"";"Berlin";"indelivery";1001;"2020-07-01"
24351;"energy";"electricity";2800;2924;"2018-10-19";"2019-09-01";"";"";"";"Hannover";"indelivery";1001;"2018-11-24"
24352;"energy";"electricity";2800;2928;"2020-06-01";"2020-08-01";"";"";"";"Berlin";"indelivery";1002;"2020-08-06"
24353;"energy";"electricity";2300;2341;"2019-02-08";"2019-09-01";"";"";"";"Berlin";"indelivery";1002;"2019-11-24"
24354;"energy";"electricity";3000;2823;"2018-07-07";"2018-09-01";"2018-10-31";"2018-09-30";"fristgerecht durch Kunde";"Wiesbaden";"terminated";1001;"2018-09-30"
24355;"energy";"electricity";2800;2935;"2018-10-06";"2018-12-01";"2020-01-31";"2019-12-28";"Umzug";"Flensburg";"terminated";1000;"2019-12-28"
24356;"energy";"gas";10900;"";"2020-08-08";"2020-10-01";"2020-12-31";"2020-11-24";"fristgerecht durch Kunde";"Berlin";"cancelled";2000;"2020-08-26"
24357;"energy";"electricity";2900;2835;"2018-11-19";"2019-01-01";"2020-09-30";"2020-09-02";"Umzug";"Cottbus";"terminated";1002;"2020-03-30"
24358;"energy";"electricity";2300;2336;"2019-03-13";"2019-11-01";"";"";"";"Kiel";"indelivery";1000;"2020-06-08"
24359;"energy";"gas";10200;10414;"2018-09-03";"2018-11-01";"2020-12-31";"2020-12-02";"fristgerecht durch LichtBlick";"Frankfurt";"cancelled";2001;"2020-07-09"
24360;"energy";"electricity";2200;2181;"2019-08-13";"2019-10-01";"";"";"";"Dresden";"indelivery";1002;"2019-09-28"
24361;"energy";"electricity";2500;2558;"2020-01-24";"2020-05-01";"";"";"";"Munich";"indelivery";1002;"2020-03-23"
24362;"energy";"gas";10400;9908;"2019-12-28";"2020-03-01";"";"";"";"Groß-Gerau";"indelivery";2001;"2020-04-10"
24363;"energy";"electricity";2700;2835;"2019-05-19";"2019-06-01";"2019-06-01";"2020-08-27";"Wiederruf";"Hamburg";"terminated";1001;"2019-07-12"
24364;"energy";"electricity";2500;2641;"2018-06-11";"2019-05-01";"";"";"";"Cologne";"indelivery";1002;"2020-01-24"
24365;"energy";"electricity";2800;2759;"2019-09-24";"2020-02-01";"";"";"";"Hannover";"indelivery";1001;"2020-06-14"
24366;"energy";"electricity";2500;2623;"2019-11-26";"2020-11-01";"";"";"";"Bielefeld";"active";1001;"2020-02-02"
24367;"energy";"electricity";2800;2988;"2019-04-17";"2019-06-01";"";"";"";"Leipzig";"indelivery";1000;"2019-09-04"
24368;"energy";"electricity";2400;2294;"2020-09-20";"2020-11-01";"";"";"";"Potsdam";"active";1002;"2020-09-21"
24369;"energy";"electricity";2200;2145;"2018-12-27";"2019-01-01";"";"";"";"Dresden";"indelivery";1001;"2020-07-08"
24370;"energy";"electricity";2200;2378;"2020-01-09";"2020-03-01";"";"";"";"Hamburg";"indelivery";1000;"2020-04-08"
24371;"energy";"gas";8400;8132;"2020-07-29";"2020-08-01";"";"";"";"Hamburg";"indelivery";2001;"2020-09-01"
24372;"energy";"electricity";2200;2286;"2018-08-20";"2019-01-01";"2019-07-31";"2019-07-01";"fristgerecht durch LichtBlick";"Stuttgart";"terminated";1001;"2018-11-01"
24373;"energy";"electricity";2500;2594;"2019-11-09";"2020-06-01";"";"";"";"Dresden";"indelivery";1000;"2020-06-12"
24374;"energy";"electricity";2300;2374;"2018-08-23";"2018-11-01";"";"";"";"Warendorf";"indelivery";1001;"2020-08-21"
24375;"energy";"electricity";2400;2585;"2019-10-10";"2020-03-01";"";"";"";"Wiesbaden";"indelivery";1000;"2020-09-02"
24376;"energy";"electricity";2500;2537;"2020-01-25";"2020-03-01";"";"";"";"Bielefeld";"indelivery";1000;"2020-05-07"
24377;"energy";"electricity";2500;2700;"2018-03-19";"2018-06-01";"2018-08-31";"2018-08-03";"fristgerecht durch LichtBlick";"Cologne";"terminated";1000;"2018-08-03"
24378;"energy";"gas";10600;10706;"2018-12-07";"2019-04-01";"";"";"";"Stuttgart";"indelivery";2000;"2019-11-30"
24379;"energy";"electricity";2800;2843;"2019-04-11";"2019-07-01";"2019-07-01";"2020-06-28";"Wiederruf";"Munich";"terminated";1000;"2019-12-23"
24380;"energy";"electricity";2300;2423;"2018-04-14";"2018-05-01";"";"";"";"Hamburg";"indelivery";1000;"2020-09-11"
24381;"energy";"electricity";2300;2434;"2018-01-05";"2018-03-01";"2019-04-30";"2019-03-29";"Umzug";"Berlin";"terminated";1001;"2018-06-19"
24382;"energy";"electricity";2300;2390;"2020-09-17";"2020-12-01";"";"";"";"Berlin";"active";1002;"2020-09-22"
24383;"energy";"electricity";2300;2405;"2019-01-31";"2019-04-01";"2020-02-29";"2020-02-01";"Umzug";"Ingolstadt";"terminated";1001;"2019-08-06"
24384;"energy";"electricity";2600;2779;"2020-08-28";"2020-09-01";"";"";"";"Hamburg";"indelivery";1002;"2020-08-31"
24385;"energy";"electricity";2700;2581;"2020-06-21";"2020-09-01";"";"";"";"Bielefeld";"indelivery";1000;"2020-08-23"
24386;"energy";"electricity";2100;2176;"2018-12-12";"2019-03-01";"";"";"";"Emmendingen";"indelivery";1002;"2019-12-22"
24387;"energy";"gas";8900;8812;"2020-07-09";"2021-03-01";"";"";"";"Würzburg";"active";2001;"2020-07-19"
24388;"energy";"electricity";2400;2465;"2018-07-01";"2018-11-01";"";"";"";"Cologne";"indelivery";1002;"2018-07-02"
24389;"energy";"gas";11000;10538;"2018-01-16";"2018-09-01";"";"";"";"Lübeck";"indelivery";2001;"2020-04-14"
24390;"energy";"gas";10900;10802;"2018-07-01";"2018-09-01";"";"";"";"Osnabrück";"indelivery";2000;"2018-10-02"
24391;"energy";"electricity";2400;2439;"2020-06-18";"2021-03-01";"";"";"";"Berlin";"active";1002;"2020-07-15"
24392;"energy";"electricity";2300;2157;"2020-04-03";"2020-06-01";"";"";"";"Berlin";"indelivery";1001;"2020-08-30"
24393;"energy";"electricity";2800;2974;"2019-07-17";"2019-11-01";"";"";"";"Hamburg";"indelivery";1001;"2020-01-22"
24394;"energy";"electricity";2400;2576;"2020-05-08";"2020-06-01";"";"";"";"Künzelsau";"indelivery";1002;"2020-09-13"
24395;"energy";"electricity";2100;2213;"2018-11-05";"2019-01-01";"";"";"";"Münster";"indelivery";1001;"2019-12-05"
24396;"energy";"electricity";2600;2675;"2020-01-18";"2020-03-01";"";"";"";"Marienberg";"indelivery";1000;"2020-01-26"
24397;"energy";"electricity";2300;2281;"2019-12-10";"2020-01-01";"2020-04-30";"2020-04-02";"Umzug";"Bremerhaven";"terminated";1000;"2020-03-02"
24398;"energy";"electricity";2200;2170;"2018-10-23";"2019-02-01";"";"";"";"Altchemnitz";"indelivery";1001;"2020-08-09"
24399;"energy";"electricity";2800;2675;"2018-01-09";"2018-03-01";"";"";"";"Koblenz";"indelivery";1001;"2019-07-23"
24400;"energy";"gas";12000;12398;"2019-07-12";"2019-08-01";"";"";"";"Mannheim";"indelivery";2000;"2019-11-20"
24401;"energy";"gas";10300;"";"2020-05-05";"2020-12-01";"";"";"";"Dortmund";"active";2000;"2020-09-08"
24402;"energy";"electricity";2500;2493;"2018-08-05";"2019-02-01";"";"";"";"Münster";"indelivery";1002;"2020-04-26"
24403;"energy";"electricity";2700;"";"2020-07-17";"2020-09-01";"";"";"";"Hamburg";"indelivery";1000;"2020-09-13"
24404;"energy";"electricity";2700;2888;"2019-11-07";"2020-09-01";"";"";"";"Bonn";"indelivery";1002;"2020-08-15"
24405;"energy";"electricity";2000;2021;"2020-02-17";"2020-08-01";"";"";"";"Duisburg";"indelivery";1000;"2020-04-23"
24406;"energy";"gas";11500;11957;"2019-01-17";"2019-08-01";"";"";"";"Cologne";"indelivery";2000;"2019-09-11"
24407;"energy";"gas";11500;12136;"2019-03-26";"2020-06-01";"";"";"";"Rostock";"indelivery";2000;"2020-07-27"
24408;"energy";"electricity";2700;2612;"2020-03-09";"2020-06-01";"";"";"";"Potsdam";"indelivery";1000;"2020-04-20"
24409;"energy";"electricity";2900;2832;"2020-01-13";"2020-04-01";"";"";"";"Bremen";"indelivery";1000;"2020-01-26"
24410;"energy";"electricity";2700;2718;"2018-02-09";"2018-12-01";"2018-12-01";"2020-06-01";"Wiederruf";"Cologne";"terminated";1001;"2020-06-01"
24411;"energy";"electricity";2400;2274;"2019-06-25";"2019-08-01";"";"";"";"Magdeburg";"indelivery";1001;"2020-03-03"
24412;"energy";"electricity";2600;2613;"2018-08-21";"2018-12-01";"";"";"";"Berlin";"indelivery";1001;"2019-04-25"
24413;"energy";"electricity";2300;2315;"2018-01-21";"2018-06-01";"";"";"";"Karlsruhe";"indelivery";1001;"2018-05-07"
24414;"energy";"electricity";2500;2675;"2018-04-06";"2018-09-01";"2020-09-30";"2020-08-29";"Umzug";"Hofeck";"terminated";1002;"2020-05-14"
24415;"energy";"electricity";2400;2369;"2020-06-12";"2020-07-01";"";"";"";"Munich";"indelivery";1001;"2020-06-29"
24416;"energy";"electricity";2600;2521;"2018-11-18";"2019-04-01";"";"";"";"Ingolstadt";"indelivery";1002;"2020-09-29"
24417;"energy";"electricity";2700;2732;"2020-07-02";"2020-09-01";"";"";"";"Dresden";"indelivery";1000;"2020-08-25"
24418;"energy";"electricity";2900;2763;"2018-12-28";"2019-01-01";"";"";"";"Leipzig";"indelivery";1002;"2019-06-13"
24419;"energy";"electricity";2800;2894;"2020-08-26";"2020-10-01";"";"";"";"Schwerin";"indelivery";1002;"2020-09-09"
24420;"energy";"electricity";2600;2603;"2018-01-24";"2018-02-01";"";"";"";"Kassel";"indelivery";1002;"2020-01-17"
24421;"energy";"gas";9500;10188;"2020-04-26";"2020-08-01";"";"";"";"Frankfurt";"indelivery";2001;"2020-05-23"
24422;"energy";"electricity";2700;2937;"2018-12-30";"2019-03-01";"";"";"";"Leipzig";"indelivery";1001;"2019-03-15"
24423;"energy";"electricity";2400;"";"2018-11-07";"2019-01-01";"";"";"";"Dortmund";"indelivery";1002;"2020-01-12"
24424;"energy";"electricity";2200;2318;"2020-08-26";"2020-10-01";"";"";"";"Hofeck";"indelivery";1002;"2020-09-28"
24425;"energy";"gas";8100;8493;"2019-06-23";"2019-08-01";"";"";"";"Munich";"indelivery";2001;"2019-09-16"
24426;"energy";"electricity";2900;3063;"2020-02-08";"2020-06-01";"";"";"";"Braunschweig";"indelivery";1002;"2020-08-30"
24427;"energy";"electricity";2300;2233;"2019-04-02";"2019-06-01";"2019-06-01";"2019-09-01";"Wiederruf";"Karlsruhe";"terminated";1000;"2019-09-01"
24428;"energy";"electricity";2300;2278;"2019-04-25";"2019-07-01";"";"";"";"Berlin";"indelivery";1002;"2019-09-25"
24429;"energy";"electricity";2400;2501;"2019-08-08";"2019-11-01";"";"";"";"Berlin";"indelivery";1001;"2020-08-01"
24430;"energy";"electricity";2500;2506;"2019-12-18";"2020-03-01";"";"";"";"Ulm";"indelivery";1002;"2020-03-30"
24431;"energy";"electricity";2700;2539;"2018-05-23";"2018-08-01";"";"";"";"Duisburg";"indelivery";1002;"2019-09-01"
24432;"energy";"gas";11100;10969;"2020-05-03";"2020-07-01";"";"";"";"Kassel";"indelivery";2001;"2020-08-10"
24433;"energy";"electricity";2200;2323;"2018-12-19";"2019-11-01";"2019-12-31";"2019-11-30";"fristgerecht durch Kunde";"Kiel";"terminated";1001;"2019-11-30"
24434;"energy";"electricity";2800;3016;"2019-05-09";"2019-08-01";"";"";"";"Kiel";"indelivery";1002;"2019-11-04"
24435;"energy";"electricity";2200;2136;"2019-09-24";"2019-11-01";"";"";"";"Hamburg";"indelivery";1001;"2020-06-01"
24436;"energy";"electricity";2500;2611;"2019-07-25";"2020-02-01";"";"";"";"Frankfurt";"indelivery";1002;"2020-05-07"
24437;"energy";"electricity";2300;2304;"2019-04-04";"2019-05-01";"";"";"";"Magdeburg";"indelivery";1002;"2019-09-21"
24438;"energy";"electricity";2100;2111;"2018-08-13";"2019-04-01";"";"";"";"Hamburg";"indelivery";1002;"2020-07-19"
24439;"energy";"electricity";2500;2555;"2018-07-12";"2018-11-01";"";"";"";"Hannover";"indelivery";1001;"2020-08-29"
24440;"energy";"electricity";3200;3061;"2019-01-29";"2019-04-01";"2020-10-31";"2020-10-01";"fristgerecht durch LichtBlick";"Salzgitter";"cancelled";1000;"2020-03-11"
24441;"energy";"electricity";2800;2852;"2018-04-22";"2019-02-01";"";"";"";"Essen";"indelivery";1002;"2019-12-14"
24442;"energy";"gas";8200;8270;"2019-04-10";"2019-05-01";"";"";"";"Düsseldorf";"indelivery";2001;"2019-05-31"
24443;"energy";"electricity";2400;2252;"2019-05-08";"2019-09-01";"2020-12-31";"2020-12-03";"fristgerecht durch Kunde";"Potsdam";"cancelled";1000;"2019-05-20"
24444;"energy";"electricity";2400;2329;"2018-01-01";"2018-11-01";"";"";"";"Duisburg";"indelivery";1001;"2018-10-13"
24445;"energy";"electricity";2500;2671;"2018-07-01";"2018-08-01";"";"";"";"Cologne";"indelivery";1000;"2019-07-18"
24446;"energy";"electricity";2600;2584;"2019-04-16";"2019-06-01";"";"";"";"Sigmaringen";"indelivery";1002;"2020-09-05"
24447;"energy";"electricity";2100;2262;"2019-04-29";"2020-02-01";"2020-11-30";"2020-11-02";"fristgerecht durch Kunde";"Hannover";"cancelled";1002;"2019-11-07"
24448;"energy";"gas";9000;9520;"2018-04-18";"2018-05-01";"2020-04-30";"2020-03-27";"Umzug";"Munich";"terminated";2001;"2018-04-24"
24449;"energy";"gas";11300;12113;"2019-05-01";"2019-11-01";"";"";"";"Berlin";"indelivery";2000;"2019-12-04"
24450;"energy";"gas";10300;10389;"2020-03-26";"2020-05-01";"";"";"";"Schwerin";"indelivery";2001;"2020-06-02"
24451;"energy";"electricity";2500;2506;"2019-04-11";"2020-02-01";"";"";"";"Berlin";"indelivery";1001;"2019-12-12"
24452;"energy";"electricity";2500;2626;"2019-11-08";"2020-04-01";"";"";"";"Dresden";"indelivery";1001;"2020-03-22"
24453;"energy";"electricity";2500;2579;"2020-08-14";"2020-10-01";"";"";"";"Essen";"indelivery";1001;"2020-09-11"
24454;"energy";"electricity";2300;2223;"2019-10-24";"2020-10-01";"";"";"";"Dresden";"indelivery";1000;"2020-01-30"
24455;"energy";"electricity";2300;2245;"2019-01-08";"2019-11-01";"";"";"";"Berlin";"indelivery";1000;"2020-03-17"
24456;"energy";"electricity";2600;2803;"2019-02-26";"2020-05-01";"";"";"";"Bremen";"indelivery";1000;"2020-08-31"
24457;"energy";"electricity";2500;2541;"2019-07-03";"2019-09-01";"";"";"";"Sondershausen";"indelivery";1002;"2020-04-11"
24458;"energy";"electricity";2600;2576;"2018-02-15";"2018-05-01";"";"";"";"Essen";"indelivery";1002;"2020-05-21"
24459;"energy";"electricity";2100;2234;"2018-02-26";"2018-03-01";"";"";"";"Düsseldorf";"indelivery";1001;"2020-03-17"
24460;"energy";"electricity";2400;2487;"2020-01-27";"2020-08-01";"";"";"";"Wuppertal";"indelivery";1000;"2020-08-05"
24461;"energy";"electricity";2100;2229;"2020-06-04";"2020-09-01";"";"";"";"Jena";"indelivery";1000;"2020-06-11"
24462;"energy";"electricity";1900;1997;"2018-05-01";"2018-10-01";"2019-02-28";"2019-01-24";"Umzug";"Munich";"terminated";1000;"2019-01-24"
24463;"energy";"electricity";2200;2069;"2020-03-25";"2020-12-01";"";"";"";"Hamburg";"active";1001;"2020-03-31"
24464;"energy";"electricity";2000;2023;"2020-03-23";"2020-04-01";"";"";"";"Frankfurt";"indelivery";1001;"2020-09-12"
24465;"energy";"gas";8100;8558;"2018-02-11";"2018-04-01";"2019-12-31";"2019-12-01";"fristgerecht durch Kunde";"Leipzig";"terminated";2001;"2019-12-01"
24466;"energy";"electricity";2700;2723;"2018-11-12";"2019-03-01";"";"";"";"Dortmund";"indelivery";1002;"2019-01-20"
24467;"energy";"electricity";2600;2634;"2018-08-14";"2018-09-01";"2019-01-31";"2019-01-03";"fristgerecht durch Kunde";"Leipzig";"terminated";1002;"2018-09-15"
24468;"energy";"electricity";2200;2098;"2019-09-12";"2019-11-01";"";"";"";"Berlin";"indelivery";1001;"2020-04-05"
24469;"energy";"electricity";2500;2459;"2019-09-29";"2020-04-01";"2020-06-30";"2020-05-30";"fristgerecht durch LichtBlick";"Mannheim";"terminated";1002;"2019-10-26"
24470;"energy";"electricity";2700;2820;"2020-01-28";"2020-02-01";"";"";"";"Meppen";"indelivery";1000;"2020-06-17"
24471;"energy";"electricity";2000;1984;"2019-10-14";"2020-03-01";"";"";"";"Braunschweig";"indelivery";1001;"2019-12-28"
24472;"energy";"electricity";2100;2177;"2018-03-15";"2018-05-01";"2018-05-01";"2019-06-01";"Wiederruf";"Berlin";"terminated";1001;"2018-06-12"
24473;"energy";"electricity";2000;2139;"2018-05-09";"2018-07-01";"";"";"";"Hamburg";"indelivery";1000;"2020-06-15"
24474;"energy";"electricity";2800;2952;"2018-03-05";"2019-01-01";"";"";"";"Hamburg";"indelivery";1000;"2019-08-15"
24475;"energy";"electricity";2700;2621;"2018-10-01";"2019-03-01";"";"";"";"Berlin";"indelivery";1001;"2019-11-17"
24476;"energy";"electricity";2400;2595;"2020-02-28";"2021-02-01";"";"";"";"Leipzig";"active";1002;"2020-07-09"
24477;"energy";"electricity";3000;3086;"2018-03-14";"2018-10-01";"";"";"";"Munich";"indelivery";1000;"2020-01-29"
24478;"energy";"electricity";2100;2246;"2018-04-09";"2018-10-01";"";"";"";"Hamburg";"indelivery";1000;"2018-07-04"
24479;"energy";"electricity";2400;2323;"2020-06-30";"2020-08-01";"";"";"";"Regensburg";"indelivery";1002;"2020-09-19"
24480;"energy";"gas";11200;11313;"2019-02-16";"2019-04-01";"2019-08-31";"2019-08-03";"Umzug";"Düsseldorf";"terminated";2001;"2019-08-03"
24481;"energy";"electricity";1900;1804;"2018-11-13";"2019-10-01";"2020-03-31";"2020-03-03";"fristgerecht durch Kunde";"Berlin";"terminated";1002;"2020-03-03"
24482;"energy";"electricity";2700;2612;"2020-09-22";"2020-11-01";"";"";"";"Altchemnitz";"active";1002;"2020-09-28"
24483;"energy";"electricity";2800;2825;"2020-09-29";"2020-11-01";"";"";"";"Berlin";"active";1000;"2020-09-29"
24484;"energy";"electricity";2400;2447;"2019-02-09";"2019-04-01";"";"";"";"Oldenburg";"indelivery";1000;"2019-02-12"
24485;"energy";"electricity";2800;2719;"2020-07-12";"2020-09-01";"";"";"";"Rostock";"indelivery";1002;"2020-08-02"
24486;"energy";"electricity";2800;3027;"2018-08-22";"2018-11-01";"2019-01-31";"2018-12-28";"Umzug";"Düsseldorf";"terminated";1002;"2018-12-28"
24487;"energy";"electricity";2400;2507;"2020-05-10";"2020-07-01";"";"";"";"Mannheim";"indelivery";1001;"2020-09-06"
24488;"energy";"gas";9700;10118;"2020-08-22";"2021-05-01";"";"";"";"Dresden";"active";2001;"2020-08-23"
24489;"energy";"electricity";2500;2581;"2018-04-04";"2018-09-01";"";"";"";"Berlin";"indelivery";1000;"2019-04-07"
24490;"energy";"electricity";2500;2376;"2019-04-06";"2020-06-01";"";"";"";"Düsseldorf";"indelivery";1001;"2019-10-16"
24491;"energy";"electricity";1900;1941;"2019-06-24";"2019-07-01";"";"";"";"Hamburg";"indelivery";1002;"2020-07-03"
24492;"energy";"electricity";2200;2233;"2018-07-27";"2018-10-01";"";"";"";"Münster";"indelivery";1002;"2018-12-13"
24493;"energy";"electricity";2500;2632;"2020-01-04";"2020-02-01";"";"";"";"Hofeck";"indelivery";1002;"2020-01-20"
24494;"energy";"electricity";2300;2404;"2019-07-02";"2019-09-01";"";"";"";"Essen";"indelivery";1000;"2019-08-03"
24495;"energy";"electricity";2700;2643;"2019-12-24";"2020-02-01";"2020-06-30";"2020-06-01";"fristgerecht durch LichtBlick";"Altchemnitz";"terminated";1001;"2020-06-01"
24496;"energy";"gas";9500;9732;"2019-12-23";"2020-04-01";"";"";"";"Berlin";"indelivery";2001;"2020-04-16"
24497;"energy";"electricity";2100;"";"2018-04-18";"2019-01-01";"";"";"";"Altchemnitz";"indelivery";1000;"2019-06-06"
24498;"energy";"electricity";2000;2121;"2019-08-09";"2020-04-01";"";"";"";"Osnabrück";"indelivery";1002;"2019-11-24"
24499;"energy";"electricity";2100;2109;"2020-09-23";"2021-01-01";"";"";"";"Berlin";"active";1002;"2020-09-26"
24500;"energy";"electricity";2800;2790;"2020-07-27";"2020-09-01";"";"";"";"Munich";"indelivery";1000;"2020-09-14"
24501;"energy";"electricity";2600;2465;"2018-06-18";"2018-08-01";"";"";"";"Essen";"indelivery";1000;"2020-07-02"
24502;"energy";"electricity";2500;2453;"2019-01-23";"2019-02-01";"";"";"";"Rostock";"indelivery";1002;"2020-07-03"
24503;"energy";"electricity";2400;2508;"2020-06-09";"2021-07-01";"";"";"";"Berlin";"active";1002;"2020-08-21"
24504;"energy";"gas";9700;10071;"2019-02-03";"2019-05-01";"";"";"";"Berlin";"indelivery";2001;"2019-08-13"
24505;"energy";"electricity";2200;2289;"2019-07-09";"2019-09-01";"2019-10-31";"2019-09-29";"Umzug";"Duisburg";"terminated";1001;"2019-09-14"
24506;"energy";"electricity";2500;2458;"2018-11-06";"2019-04-01";"";"";"";"Leipzig";"indelivery";1001;"2019-08-13"
24507;"energy";"electricity";2200;2122;"2020-09-18";"2020-11-01";"";"";"";"Berlin";"active";1002;"2020-09-21"
24508;"energy";"electricity";2200;2318;"2020-04-25";"2021-02-01";"";"";"";"Erfurt";"active";1000;"2020-06-29"
24509;"energy";"electricity";2300;2419;"2018-02-26";"2018-03-01";"";"";"";"Augsburg";"indelivery";1000;"2018-07-12"
24510;"energy";"electricity";2900;2910;"2020-03-19";"2020-06-01";"";"";"";"Augsburg";"indelivery";1001;"2020-06-04"
24511;"energy";"electricity";2100;2205;"2018-05-27";"2018-07-01";"";"";"";"Dortmund";"indelivery";1001;"2019-10-25"
24512;"energy";"electricity";2300;2195;"2020-06-23";"2020-10-01";"";"";"";"Karlsruhe";"indelivery";1002;"2020-07-08"
24513;"energy";"electricity";2000;2013;"2020-07-08";"2020-09-01";"";"";"";"Berlin";"indelivery";1002;"2020-09-05"
24514;"energy";"electricity";2700;2796;"2018-04-21";"2018-05-01";"2020-06-30";"2020-05-29";"fristgerecht durch LichtBlick";"Rostock";"terminated";1000;"2018-04-26"
24515;"energy";"electricity";2200;2278;"2019-07-12";"2020-02-01";"2020-02-01";"2020-03-03";"Wiederruf";"Duisburg";"terminated";1001;"2020-01-14"
24516;"energy";"electricity";2200;"";"2020-05-21";"2020-06-01";"";"";"";"Kiel";"indelivery";1000;"2020-06-11"
24517;"energy";"electricity";2100;2152;"2020-08-18";"2020-12-01";"";"";"";"Berlin";"active";1002;"2020-09-20"
24518;"energy";"electricity";2900;3037;"2018-08-21";"2018-12-01";"2020-11-30";"2020-10-27";"fristgerecht durch Kunde";"Marienberg";"cancelled";1001;"2019-12-16"
24519;"energy";"electricity";2500;2416;"2020-01-25";"2020-06-01";"";"";"";"Karlsruhe";"indelivery";1001;"2020-07-04"
24520;"energy";"electricity";2300;"";"2018-04-27";"2018-06-01";"";"";"";"Oldenburg";"indelivery";1001;"2018-04-29"
24521;"energy";"gas";9000;8731;"2018-12-21";"2019-05-01";"";"";"";"Wuppertal";"indelivery";2001;"2019-09-13"
24522;"energy";"electricity";2100;2086;"2020-03-30";"2020-05-01";"";"";"";"Hannover";"indelivery";1001;"2020-04-07"
24523;"energy";"electricity";2400;2543;"2019-08-07";"2019-11-01";"";"";"";"Duisburg";"indelivery";1000;"2020-06-03"
24524;"energy";"electricity";2600;2601;"2018-10-18";"2019-04-01";"2019-09-30";"2019-08-31";"fristgerecht durch Kunde";"Münster";"terminated";1000;"2019-08-31"
24525;"energy";"electricity";2300;2263;"2018-12-02";"2019-01-01";"2020-03-31";"2020-03-03";"fristgerecht durch Kunde";"Berlin";"terminated";1002;"2019-12-29"
24526;"energy";"electricity";2400;"";"2019-05-08";"2019-06-01";"2020-12-31";"2020-11-25";"fristgerecht durch LichtBlick";"Saarbrücken";"cancelled";1000;"2019-10-10"
24527;"energy";"electricity";2600;2643;"2019-07-09";"2019-09-01";"";"";"";"Wuppertal";"indelivery";1001;"2019-09-09"
24528;"energy";"electricity";2000;2006;"2020-09-07";"2020-10-01";"";"";"";"Hamburg";"indelivery";1001;"2020-09-20"
24529;"energy";"electricity";2600;2700;"2018-02-02";"2018-06-01";"";"";"";"Münster";"indelivery";1002;"2020-06-27"
24530;"energy";"electricity";2500;2416;"2019-11-25";"2020-02-01";"";"";"";"Frankfurt";"indelivery";1000;"2020-07-20"
24531;"energy";"electricity";2100;2026;"2020-06-01";"2020-08-01";"2020-08-01";"2020-10-03";"Wiederruf";"Essen";"terminated";1001;"2020-09-23"
24532;"energy";"electricity";2700;2600;"2018-03-01";"2018-03-01";"";"";"";"Frankfurt (Oder)";"indelivery";1000;"2018-06-29"
24533;"energy";"electricity";2300;2433;"2020-05-04";"2020-11-01";"";"";"";"Hamburg";"active";1000;"2020-08-18"
24534;"energy";"electricity";2700;"";"2019-08-03";"2020-03-01";"";"";"";"Rostock";"indelivery";1000;"2020-04-28"
24535;"energy";"electricity";2500;2466;"2020-09-15";"2021-01-01";"";"";"";"Dresden";"active";1001;"2020-09-30"
24536;"energy";"electricity";2000;1944;"2018-12-22";"2019-03-01";"";"";"";"Bielefeld";"indelivery";1000;"2019-07-09"
24537;"energy";"electricity";2600;2567;"2018-08-20";"2018-10-01";"";"";"";"Hamburg";"indelivery";1001;"2020-05-09"
24538;"energy";"electricity";2700;2668;"2018-08-26";"2019-02-01";"";"";"";"Hamburg";"indelivery";1000;"2020-06-27"
24539;"energy";"electricity";2600;"";"2018-10-19";"2018-12-01";"";"";"";"Cologne";"indelivery";1000;"2019-06-09"
24540;"energy";"electricity";2500;2452;"2019-05-09";"2019-07-01";"";"";"";"Berlin";"indelivery";1000;"2020-01-19"
24541;"energy";"electricity";2500;2407;"2019-03-03";"2019-04-01";"2020-04-30";"2020-04-02";"fristgerecht durch LichtBlick";"Bad Dürkheim";"terminated";1002;"2019-06-24"
24542;"energy";"electricity";2400;2512;"2018-06-25";"2018-09-01";"2020-12-31";"2020-12-03";"Umzug";"Duisburg";"cancelled";1000;"2020-07-30"
24543;"energy";"electricity";2000;1995;"2019-06-04";"2020-04-01";"";"";"";"Jena";"indelivery";1000;"2020-04-14"
24544;"energy";"gas";9900;10523;"2018-10-18";"2018-12-01";"";"";"";"Regensburg";"indelivery";2000;"2020-06-22"
24545;"energy";"electricity";2900;2812;"2018-10-07";"2019-04-01";"2019-04-01";"2019-11-01";"Wiederruf";"Duisburg";"terminated";1000;"2019-06-16"
24546;"energy";"gas";10600;11030;"2019-08-18";"2019-11-01";"2020-03-31";"2020-02-28";"Umzug";"Wiesbaden";"terminated";2001;"2020-02-28"
24547;"energy";"gas";11500;12340;"2019-03-23";"2019-12-01";"";"";"";"Coburg";"indelivery";2000;"2020-02-16"
24548;"energy";"electricity";2100;2114;"2018-06-29";"2018-07-01";"";"";"";"Berlin";"indelivery";1002;"2019-11-19"
24549;"energy";"electricity";2600;2606;"2019-03-29";"2019-07-01";"";"";"";"Berlin";"indelivery";1002;"2020-08-04"
24550;"energy";"electricity";2400;2633;"2019-10-01";"2019-11-01";"";"";"";"Berlin";"indelivery";1000;"2020-06-16"
24551;"energy";"electricity";2600;2508;"2018-10-18";"2019-04-01";"";"";"";"Rostock";"indelivery";1000;"2020-02-22"
24552;"energy";"electricity";2500;2495;"2019-05-10";"2019-10-01";"";"";"";"Dresden";"indelivery";1000;"2020-05-17"
24553;"energy";"electricity";2300;2454;"2019-05-23";"2019-11-01";"";"";"";"Berlin";"indelivery";1000;"2019-12-01"
24554;"energy";"electricity";2500;2647;"2018-12-08";"2019-03-01";"";"";"";"Potsdam";"indelivery";1000;"2019-11-20"
24555;"energy";"electricity";2400;2396;"2018-08-03";"2019-05-01";"2019-05-01";"2020-06-01";"Wiederruf";"Marienberg";"terminated";1002;"2019-06-20"
24556;"energy";"electricity";2600;2543;"2019-06-28";"2020-02-01";"";"";"";"Cologne";"indelivery";1002;"2019-09-09"
24557;"energy";"electricity";2300;2198;"2020-07-04";"2020-09-01";"";"";"";"Bonn";"indelivery";1002;"2020-08-31"
24558;"energy";"electricity";2800;2841;"2019-02-07";"2019-05-01";"";"";"";"Berlin";"indelivery";1000;"2019-12-21"
24559;"energy";"electricity";2700;"";"2019-04-11";"2019-07-01";"2020-06-30";"2020-05-31";"fristgerecht durch LichtBlick";"Leipzig";"terminated";1002;"2020-05-31"
24560;"energy";"electricity";2100;2234;"2019-03-16";"2019-10-01";"";"";"";"Bremen";"indelivery";1001;"2020-08-26"
24561;"energy";"electricity";2800;2811;"2018-02-11";"2018-09-01";"";"";"";"Frankfurt";"indelivery";1002;"2020-08-12"
24562;"energy";"electricity";2600;2603;"2019-08-19";"2019-10-01";"2020-12-31";"2020-11-29";"fristgerecht durch Kunde";"Berlin";"cancelled";1000;"2019-12-06"
24563;"energy";"electricity";2700;2566;"2018-11-27";"2019-09-01";"";"";"";"Berlin";"indelivery";1001;"2018-12-23"
24564;"energy";"electricity";2900;2813;"2019-09-10";"2019-10-01";"2020-03-31";"2020-03-03";"fristgerecht durch LichtBlick";"Augsburg";"terminated";1001;"2020-03-03"
24565;"energy";"electricity";2700;2818;"2019-10-12";"2019-11-01";"";"";"";"Stuttgart";"indelivery";1002;"2020-06-03"
24566;"energy";"electricity";2400;2341;"2019-12-13";"2020-03-01";"";"";"";"Essen";"indelivery";1002;"2020-02-04"
24567;"energy";"electricity";2800;2888;"2020-07-27";"2021-01-01";"";"";"";"Munich";"active";1002;"2020-09-23"
24568;"energy";"electricity";2200;2315;"2020-08-31";"2020-12-01";"";"";"";"Berlin";"active";1000;"2020-09-18"
24569;"energy";"electricity";2600;2720;"2018-04-28";"2018-06-01";"2018-06-01";"2020-05-29";"Wiederruf";"Osnabrück";"terminated";1000;"2019-01-02"
24570;"energy";"gas";9600;10170;"2019-08-03";"2019-12-01";"";"";"";"Mannheim";"indelivery";2000;"2019-12-17"
24571;"energy";"electricity";2500;2579;"2018-10-10";"2018-12-01";"2019-07-31";"2019-07-02";"fristgerecht durch Kunde";"Hamburg";"terminated";1001;"2019-07-02"
24572;"energy";"gas";9500;9547;"2020-01-23";"2020-07-01";"";"";"";"Dortmund";"indelivery";2001;"2020-07-21"
24573;"energy";"electricity";2100;2011;"2018-09-10";"2018-11-01";"";"";"";"Berlin";"indelivery";1001;"2020-01-05"
24574;"energy";"electricity";2100;2096;"2019-05-01";"2019-08-01";"";"";"";"Cottbus";"indelivery";1001;"2020-08-09"
24575;"energy";"gas";10700;10283;"2018-05-16";"2018-07-01";"2019-06-30";"2019-05-31";"fristgerecht durch Kunde";"Braunschweig";"terminated";2000;"2019-04-06"
24576;"energy";"electricity";2800;2982;"2018-03-24";"2019-01-01";"";"";"";"Straubing";"indelivery";1001;"2018-10-12"
24577;"energy";"electricity";2100;"";"2018-08-07";"2019-03-01";"";"";"";"Cologne";"indelivery";1001;"2018-12-24"
24578;"energy";"electricity";2900;2892;"2018-01-24";"2018-06-01";"2018-06-01";"2018-08-02";"Wiederruf";"Wiesbaden";"terminated";1000;"2018-08-02"
24579;"energy";"electricity";2800;2772;"2018-06-05";"2018-10-01";"";"";"";"Dresden";"indelivery";1001;"2018-06-27"
24580;"energy";"electricity";2800;2849;"2020-03-19";"2020-07-01";"";"";"";"Berlin";"indelivery";1000;"2020-09-17"
24581;"energy";"electricity";2600;2659;"2019-04-05";"2019-05-01";"2020-12-31";"2020-11-25";"fristgerecht durch Kunde";"Marienberg";"cancelled";1001;"2019-06-29"
24582;"energy";"electricity";2800;2916;"2019-08-18";"2019-09-01";"";"";"";"Essen";"indelivery";1002;"2019-10-11"
24583;"energy";"electricity";2500;2669;"2020-01-06";"2020-03-01";"";"";"";"Cologne";"indelivery";1000;"2020-09-15"
24584;"energy";"electricity";2500;2503;"2020-08-10";"2020-12-01";"";"";"";"Stuttgart";"active";1001;"2020-09-17"
24585;"energy";"electricity";2200;2314;"2019-09-22";"2019-11-01";"";"";"";"Frankfurt";"indelivery";1001;"2020-05-18"
24586;"energy";"gas";11900;12187;"2019-08-31";"2020-05-01";"";"";"";"Duisburg";"indelivery";2000;"2020-04-18"
24587;"energy";"electricity";2400;2303;"2020-08-24";"2020-10-01";"";"";"";"Cologne";"indelivery";1001;"2020-09-25"
24588;"energy";"electricity";2400;2388;"2019-01-05";"2019-03-01";"";"";"";"Berlin";"indelivery";1002;"2020-08-16"
24589;"energy";"electricity";2100;2199;"2019-12-02";"2020-03-01";"";"";"";"Berlin";"indelivery";1002;"2019-12-19"
24590;"energy";"electricity";2900;2817;"2019-09-30";"2020-03-01";"";"";"";"Göttingen";"indelivery";1000;"2020-09-10"
24591;"energy";"electricity";2100;2066;"2019-04-03";"2019-07-01";"";"";"";"Düsseldorf";"indelivery";1002;"2020-03-21"
24592;"energy";"electricity";2100;2049;"2019-07-31";"2019-10-01";"";"";"";"Mainz";"indelivery";1002;"2019-09-16"
24593;"energy";"electricity";2100;2221;"2019-08-02";"2019-10-01";"";"";"";"Wuppertal";"indelivery";1000;"2020-08-10"
24594;"energy";"electricity";2400;2290;"2020-09-20";"2021-09-01";"";"";"";"Dortmund";"active";1002;"2020-09-23"
24595;"energy";"electricity";2400;2565;"2020-05-25";"2020-10-01";"";"";"";"Dresden";"indelivery";1000;"2020-07-02"
24596;"energy";"electricity";2400;"";"2020-07-11";"2021-01-01";"";"";"";"Duisburg";"active";1001;"2020-09-22"
24597;"energy";"electricity";2100;2008;"2019-07-26";"2019-08-01";"";"";"";"Hamburg";"indelivery";1000;"2019-12-24"
24598;"energy";"electricity";2100;2082;"2020-08-23";"2021-07-01";"";"";"";"Bonn";"active";1000;"2020-08-28"
24599;"energy";"electricity";2800;2785;"2019-03-18";"2019-08-01";"";"";"";"Dresden";"indelivery";1000;"2020-01-30"
24600;"energy";"electricity";2600;2747;"2018-07-05";"2018-10-01";"2020-08-31";"2020-08-02";"fristgerecht durch LichtBlick";"Hannover";"terminated";1001;"2020-06-04"
24601;"energy";"electricity";2400;2439;"2019-02-10";"2019-06-01";"";"";"";"Frankfurt";"indelivery";1001;"2020-03-05"
24602;"energy";"electricity";2100;"";"2020-05-07";"2021-07-01";"";"";"";"Rostock";"active";1002;"2020-06-13"
24603;"energy";"electricity";2900;3055;"2020-02-18";"2020-04-01";"";"";"";"Saarbrücken";"indelivery";1001;"2020-09-24"
24604;"energy";"electricity";2200;2201;"2020-08-20";"2020-10-01";"";"";"";"Cologne";"indelivery";1001;"2020-09-25"
24605;"energy";"electricity";2900;2875;"2018-09-20";"2019-05-01";"";"";"";"Bielefeld";"indelivery";1002;"2019-06-14"
24606;"energy";"gas";11200;"";"2019-10-20";"2020-04-01";"";"";"";"Berlin";"indelivery";2000;"2020-02-10"
24607;"energy";"gas";8400;9012;"2019-05-24";"2019-09-01";"";"";"";"Dortmund";"indelivery";2001;"2020-08-25"
24608;"energy";"electricity";2600;2578;"2019-05-08";"2019-06-01";"";"";"";"Lübeck";"indelivery";1001;"2019-10-27"
24609;"energy";"electricity";2200;2301;"2020-07-10";"2020-09-01";"";"";"";"Fürstenfeldbruck";"indelivery";1001;"2020-07-24"
24610;"energy";"electricity";2700;2680;"2019-08-04";"2020-11-01";"";"";"";"Cologne";"active";1000;"2020-09-29"
24611;"energy";"electricity";2300;2307;"2018-10-21";"2019-05-01";"";"";"";"Itzehoe";"indelivery";1002;"2018-11-30"
24612;"energy";"electricity";2300;2428;"2020-09-25";"2020-12-01";"";"";"";"Berlin";"active";1001;"2020-09-28"
24613;"energy";"electricity";2400;2392;"2018-10-14";"2018-12-01";"";"";"";"Frankfurt";"indelivery";1002;"2019-08-28"
24614;"energy";"electricity";1900;1821;"2018-02-10";"2019-01-01";"";"";"";"Hamburg";"indelivery";1000;"2018-11-27"
24615;"energy";"electricity";2900;2817;"2019-06-27";"2019-10-01";"";"";"";"Mannheim";"indelivery";1002;"2019-10-15"
24616;"energy";"electricity";2000;1907;"2020-01-03";"2020-02-01";"2020-02-01";"2020-02-24";"Wiederruf";"Marienberg";"terminated";1000;"2020-02-24"
24617;"energy";"electricity";2300;2380;"2020-08-30";"2020-09-01";"";"";"";"Hamburg";"indelivery";1001;"2020-08-30"
24618;"energy";"electricity";2100;2226;"2018-05-09";"2018-08-01";"";"";"";"Berlin";"indelivery";1001;"2018-11-13"
24619;"energy";"electricity";2900;3041;"2020-02-02";"2020-04-01";"";"";"";"Leipzig";"indelivery";1002;"2020-04-22"
24620;"energy";"electricity";2700;2675;"2018-08-15";"2018-11-01";"";"";"";"Münster";"indelivery";1002;"2019-10-10"
24621;"energy";"electricity";2600;2735;"2018-09-19";"2019-04-01";"";"";"";"Wuppertal";"indelivery";1002;"2018-10-15"
24622;"energy";"electricity";2100;2259;"2019-07-20";"2020-06-01";"";"";"";"Berlin";"indelivery";1000;"2020-04-19"
24623;"energy";"electricity";2700;2724;"2018-02-18";"2019-02-01";"2019-10-31";"2019-10-03";"Umzug";"Hamburg";"terminated";1001;"2019-10-03"
24624;"energy";"electricity";2600;2595;"2018-11-25";"2019-03-01";"2019-03-01";"2020-10-31";"Wiederruf";"Berlin";"terminated";1000;"2019-03-24"
24625;"energy";"electricity";2100;2077;"2020-06-19";"2020-08-01";"";"";"";"Augsburg";"indelivery";1000;"2020-08-16"
24626;"energy";"electricity";2100;2157;"2019-05-31";"2019-07-01";"";"";"";"Berlin";"indelivery";1002;"2020-09-28"
24627;"energy";"electricity";2000;1994;"2019-12-06";"2020-01-01";"";"";"";"Munich";"indelivery";1000;"2020-06-06"
24628;"energy";"electricity";2600;2541;"2020-07-12";"2020-10-01";"";"";"";"Cologne";"indelivery";1002;"2020-08-29"
24629;"energy";"gas";10400;10724;"2019-09-26";"2019-11-01";"";"";"";"Braunschweig";"indelivery";2000;"2020-06-17"
24630;"energy";"electricity";2000;1928;"2018-03-24";"2018-05-01";"";"";"";"Marienberg";"indelivery";1000;"2019-12-26"
24631;"energy";"electricity";2600;2685;"2018-10-09";"2019-01-01";"";"";"";"Potsdam";"indelivery";1000;"2018-11-20"
24632;"energy";"electricity";2500;2609;"2020-04-27";"2021-04-01";"";"";"";"Hamburg";"active";1000;"2020-07-01"
24633;"energy";"electricity";2300;2442;"2018-07-14";"2018-10-01";"";"";"";"Oldenburg";"indelivery";1000;"2018-09-11"
24634;"energy";"electricity";2700;2714;"2018-09-07";"2019-05-01";"";"";"";"Wiesbaden";"indelivery";1000;"2019-01-29"
24635;"energy";"gas";10300;9964;"2018-05-14";"2019-01-01";"";"";"";"Stuttgart";"indelivery";2001;"2019-07-18"
24636;"energy";"electricity";2200;2231;"2018-11-19";"2019-02-01";"";"";"";"Potsdam";"indelivery";1002;"2019-05-20"
24637;"energy";"electricity";2700;2836;"2020-06-01";"2020-12-01";"";"";"";"Berlin";"active";1001;"2020-06-05"
24638;"energy";"electricity";2700;2717;"2018-11-25";"2018-12-01";"2018-12-01";"2019-01-29";"Wiederruf";"Berlin";"terminated";1001;"2019-01-29"
24639;"energy";"electricity";2100;2192;"2019-12-20";"2020-03-01";"";"";"";"Stuttgart";"indelivery";1001;"2020-07-17"
24640;"energy";"electricity";2200;2319;"2019-10-10";"2019-12-01";"2020-06-30";"2020-05-29";"fristgerecht durch LichtBlick";"Munich";"terminated";1000;"2019-12-24"
24641;"energy";"electricity";2300;2459;"2019-11-22";"2020-09-01";"";"";"";"Duisburg";"indelivery";1001;"2020-06-05"
24642;"energy";"electricity";2700;2719;"2019-12-18";"2020-01-01";"2020-03-31";"2020-02-29";"fristgerecht durch Kunde";"Oldenburg";"terminated";1002;"2020-02-29"
24643;"energy";"electricity";2900;3051;"2019-08-23";"2019-10-01";"";"";"";"Neumarkt";"indelivery";1000;"2019-12-05"
24644;"energy";"electricity";2400;2580;"2020-05-19";"2020-07-01";"";"";"";"Munich";"indelivery";1000;"2020-07-02"
24645;"energy";"electricity";2600;2641;"2018-06-26";"2019-03-01";"2019-08-31";"2019-07-30";"fristgerecht durch Kunde";"Hamburg";"terminated";1000;"2019-07-30"
24646;"energy";"gas";8700;8478;"2019-02-02";"2019-05-01";"";"";"";"Hannover";"indelivery";2001;"2020-06-07"
24647;"energy";"electricity";2500;2715;"2020-01-28";"2020-07-01";"";"";"";"Leipzig";"indelivery";1002;"2020-09-25"
24648;"energy";"gas";8400;8228;"2018-07-09";"2018-11-01";"2020-12-31";"2020-11-28";"Umzug";"Berlin";"cancelled";2001;"2018-10-15"
24649;"energy";"electricity";2600;2728;"2019-07-04";"2019-12-01";"";"";"";"Gera";"indelivery";1000;"2020-07-22"
24650;"energy";"electricity";2300;2399;"2018-08-03";"2018-10-01";"";"";"";"Duisburg";"indelivery";1001;"2019-11-21"
24651;"energy";"electricity";2100;"";"2019-03-04";"2019-05-01";"";"";"";"Frankfurt";"indelivery";1002;"2019-07-31"
24652;"energy";"electricity";2400;2410;"2020-03-18";"2020-07-01";"";"";"";"Hamburg";"indelivery";1002;"2020-07-09"
24653;"energy";"electricity";2100;2201;"2020-09-04";"2020-12-01";"";"";"";"Dortmund";"active";1002;"2020-09-21"
24654;"energy";"electricity";2400;2539;"2018-01-22";"2018-07-01";"";"";"";"Koblenz";"indelivery";1001;"2019-03-29"
24655;"energy";"electricity";2100;2193;"2019-10-17";"2019-11-01";"";"";"";"Karlsruhe";"indelivery";1002;"2019-11-18"
24656;"energy";"electricity";2500;2632;"2019-05-27";"2019-08-01";"";"";"";"Hamburg";"indelivery";1002;"2019-10-10"
24657;"energy";"gas";10100;10914;"2018-05-28";"2018-07-01";"";"";"";"Karlsruhe";"indelivery";2001;"2020-04-22"
24658;"energy";"electricity";2400;2455;"2020-09-02";"2020-12-01";"";"";"";"Hamburg";"active";1002;"2020-09-16"
24659;"energy";"gas";9600;9569;"2018-06-27";"2018-12-01";"";"";"";"Stuttgart";"indelivery";2001;"2020-01-21"
24660;"energy";"electricity";2900;2741;"2018-07-15";"2018-10-01";"";"";"";"Hamburg";"indelivery";1002;"2018-09-03"
24661;"energy";"electricity";2400;2360;"2019-12-23";"2020-12-01";"";"";"";"Hannover";"active";1002;"2020-06-22"
24662;"energy";"electricity";2400;2501;"2020-06-07";"2020-09-01";"2020-09-01";"2020-12-03";"Wiederruf";"Kassel";"terminated";1000;"2020-07-05"
24663;"energy";"electricity";2500;2554;"2018-11-23";"2019-01-01";"";"";"";"Ebersberg";"indelivery";1001;"2019-07-26"
24664;"energy";"electricity";2600;2534;"2018-09-24";"2019-02-01";"";"";"";"Ingolstadt";"indelivery";1000;"2019-11-22"
24665;"energy";"gas";8800;8724;"2019-06-02";"2019-11-01";"";"";"";"Duisburg";"indelivery";2000;"2019-10-27"
24666;"energy";"gas";10600;10609;"2018-01-04";"2018-04-01";"2018-04-01";"2020-08-28";"Wiederruf";"Wuppertal";"terminated";2001;"2020-06-28"
24667;"energy";"electricity";2700;2725;"2018-07-15";"2018-10-01";"";"";"";"Munich";"indelivery";1000;"2020-08-31"
24668;"energy";"electricity";2000;1958;"2018-01-07";"2018-04-01";"";"";"";"Hamburg";"indelivery";1000;"2020-07-27"
24669;"energy";"electricity";2300;2412;"2018-09-02";"2018-12-01";"";"";"";"Cologne";"indelivery";1001;"2019-05-17"
24670;"energy";"electricity";2500;2374;"2018-10-06";"2019-03-01";"2020-07-31";"2020-07-03";"fristgerecht durch LichtBlick";"Bonn";"terminated";1001;"2019-10-10"
24671;"energy";"gas";9400;10087;"2020-06-01";"2020-10-01";"";"";"";"Heidelberg";"indelivery";2001;"2020-06-09"
24672;"energy";"gas";11400;12100;"2018-08-14";"2019-02-01";"";"";"";"Marienberg";"indelivery";2001;"2019-07-26"
24673;"energy";"electricity";3000;2913;"2018-06-14";"2018-12-01";"";"";"";"Gotha";"indelivery";1001;"2020-05-16"
24674;"energy";"electricity";2700;2850;"2020-02-23";"2020-03-01";"";"";"";"Düsseldorf";"indelivery";1002;"2020-04-19"
24675;"energy";"electricity";3000;3152;"2020-07-10";"2020-08-01";"";"";"";"Kiel";"indelivery";1001;"2020-07-28"
24676;"energy";"electricity";2600;2554;"2018-03-23";"2018-04-01";"";"";"";"Cologne";"indelivery";1001;"2020-03-31"
24677;"energy";"electricity";2600;2631;"2020-05-01";"2020-06-01";"";"";"";"Dresden";"indelivery";1001;"2020-08-07"
24678;"energy";"electricity";2000;1884;"2019-10-18";"2020-02-01";"";"";"";"Hamburg";"indelivery";1000;"2020-09-10"
24679;"energy";"electricity";2900;2902;"2019-07-27";"2020-02-01";"";"";"";"Hofeck";"indelivery";1002;"2020-02-10"
24680;"energy";"electricity";2800;2831;"2020-07-06";"2020-10-01";"";"";"";"Bonn";"indelivery";1002;"2020-07-19"
24681;"energy";"electricity";2400;2357;"2019-08-08";"2020-03-01";"";"";"";"Cologne";"indelivery";1001;"2020-01-06"
24682;"energy";"electricity";2200;2117;"2018-12-24";"2019-07-01";"";"";"";"Heidelberg";"indelivery";1000;"2019-07-16"
24683;"energy";"electricity";2200;2274;"2019-01-30";"2019-04-01";"";"";"";"Hamburg";"indelivery";1002;"2020-06-18"
24684;"energy";"electricity";2400;2247;"2020-03-30";"2020-11-01";"";"";"";"Hamburg";"active";1002;"2020-06-23"
24685;"energy";"gas";9100;9123;"2019-08-18";"2020-01-01";"";"";"";"Marienberg";"indelivery";2000;"2019-08-24"
24686;"energy";"electricity";2500;2425;"2018-12-09";"2019-05-01";"";"";"";"Karlsruhe";"indelivery";1002;"2019-12-23"
24687;"energy";"electricity";2800;2925;"2018-01-19";"2018-03-01";"";"";"";"Heidelberg";"indelivery";1001;"2019-02-08"
24688;"energy";"electricity";2500;2609;"2019-03-19";"2019-05-01";"";"";"";"Berlin";"indelivery";1002;"2019-08-07"
24689;"energy";"electricity";2600;2707;"2020-08-30";"2020-10-01";"";"";"";"Cologne";"indelivery";1001;"2020-09-02"
24690;"energy";"electricity";2000;2147;"2018-05-29";"2018-10-01";"2018-10-01";"2019-07-30";"Wiederruf";"Cologne";"terminated";1000;"2018-06-20"
24691;"energy";"electricity";2500;2561;"2020-08-23";"2020-10-01";"";"";"";"Bonn";"indelivery";1002;"2020-09-04"
24692;"energy";"electricity";2200;2343;"2019-01-11";"2019-04-01";"";"";"";"Karlsruhe";"indelivery";1002;"2019-06-07"
24693;"energy";"electricity";2400;2305;"2018-05-31";"2018-06-01";"2019-08-31";"2019-08-03";"fristgerecht durch Kunde";"Berlin";"terminated";1000;"2018-08-24"
24694;"energy";"gas";10800;10454;"2018-12-20";"2019-03-01";"";"";"";"Magdeburg";"indelivery";2000;"2020-06-07"
24695;"energy";"electricity";2200;2284;"2019-06-18";"2019-09-01";"";"";"";"Augsburg";"indelivery";1002;"2020-06-29"
24696;"energy";"electricity";2600;2582;"2020-09-25";"2021-01-01";"";"";"";"Berlin";"active";1001;"2020-09-25"
24697;"energy";"gas";8800;9014;"2019-04-28";"2019-07-01";"";"";"";"Marienberg";"indelivery";2000;"2020-02-09"
24698;"energy";"electricity";2800;2871;"2018-06-19";"2018-08-01";"";"";"";"Berlin";"indelivery";1000;"2020-05-17"
24699;"energy";"electricity";2800;2724;"2020-01-14";"2020-06-01";"2020-10-31";"2020-09-30";"fristgerecht durch Kunde";"Hamburg";"cancelled";1000;"2020-06-11"
24700;"energy";"electricity";2400;2433;"2019-03-17";"2019-10-01";"";"";"";"Berlin";"indelivery";1000;"2019-07-23"
24701;"energy";"electricity";2300;2337;"2019-07-11";"2019-08-01";"";"";"";"Augsburg";"indelivery";1002;"2020-04-10"
24702;"energy";"gas";9600;10034;"2020-01-24";"2020-06-01";"";"";"";"Braunschweig";"indelivery";2000;"2020-04-27"
24703;"energy";"gas";9200;9913;"2018-01-20";"2018-03-01";"";"";"";"Berlin";"indelivery";2000;"2020-02-16"
24704;"energy";"gas";8500;9099;"2019-08-22";"2019-11-01";"";"";"";"Berlin";"indelivery";2000;"2019-11-12"
24705;"energy";"electricity";2400;2549;"2019-09-17";"2019-10-01";"";"";"";"Duisburg";"indelivery";1001;"2020-06-04"
24706;"energy";"electricity";2900;2941;"2018-05-31";"2018-06-01";"";"";"";"Hannover";"indelivery";1001;"2020-02-24"
24707;"energy";"electricity";2500;2386;"2020-04-27";"2020-06-01";"";"";"";"Braunschweig";"indelivery";1002;"2020-08-28"
24708;"energy";"electricity";2600;2511;"2018-01-29";"2018-04-01";"2020-05-31";"2020-04-28";"fristgerecht durch Kunde";"Bremen";"terminated";1000;"2019-11-14"
24709;"energy";"electricity";2900;2939;"2018-09-15";"2018-11-01";"";"";"";"Würzburg";"indelivery";1001;"2020-05-30"
24710;"energy";"electricity";2800;3039;"2020-07-17";"2020-08-01";"";"";"";"Bremen";"indelivery";1000;"2020-09-16"
24711;"energy";"electricity";2800;2644;"2019-05-19";"2019-07-01";"";"";"";"Saarbrücken";"indelivery";1001;"2020-09-06"
24712;"energy";"electricity";2300;2452;"2019-07-01";"2019-07-01";"";"";"";"Donauwörth";"indelivery";1002;"2019-07-04"
24713;"energy";"electricity";2400;2394;"2018-12-08";"2019-02-01";"";"";"";"Stuttgart";"indelivery";1001;"2019-11-30"
24714;"energy";"electricity";2300;2360;"2018-12-19";"2019-06-01";"";"";"";"Marienberg";"indelivery";1000;"2020-06-12"
24715;"energy";"electricity";1900;2075;"2018-08-28";"2018-12-01";"";"";"";"Hamburg";"indelivery";1000;"2019-07-16"
24716;"energy";"electricity";2700;"";"2019-08-23";"2020-01-01";"2020-01-01";"2020-08-03";"Wiederruf";"Kiel";"terminated";1000;"2019-10-19"
24717;"energy";"electricity";2000;2171;"2020-04-06";"2021-01-01";"";"";"";"Frankfurt";"active";1002;"2020-06-12"
24718;"energy";"electricity";2100;2007;"2020-05-11";"2021-01-01";"";"";"";"Bremen";"active";1001;"2020-09-20"
24719;"energy";"gas";9500;9400;"2020-04-18";"2020-10-01";"";"";"";"Dresden";"indelivery";2001;"2020-09-17"
24720;"energy";"electricity";2600;2746;"2018-02-22";"2018-04-01";"2020-06-30";"2020-06-02";"fristgerecht durch LichtBlick";"Düsseldorf";"terminated";1002;"2018-07-27"
24721;"energy";"gas";9400;9095;"2020-01-12";"2020-03-01";"";"";"";"Marienberg";"indelivery";2000;"2020-03-12"
24722;"energy";"electricity";2800;2811;"2018-01-02";"2018-06-01";"2020-12-31";"2020-11-18";"fristgerecht durch LichtBlick";"Berlin";"cancelled";1000;"2020-02-04"
24723;"energy";"electricity";2600;2517;"2019-03-03";"2019-06-01";"";"";"";"Magdeburg";"indelivery";1001;"2019-04-16"
24724;"energy";"electricity";3000;2833;"2018-04-27";"2018-12-01";"";"";"";"Kiel";"indelivery";1001;"2019-03-05"
24725;"energy";"electricity";2000;2083;"2020-02-14";"2020-10-01";"";"";"";"Hamburg";"indelivery";1001;"2020-08-31"
24726;"energy";"electricity";2900;2856;"2020-08-24";"2020-12-01";"";"";"";"Leipzig";"active";1001;"2020-09-30"
24727;"energy";"electricity";2600;2764;"2019-09-16";"2019-11-01";"";"";"";"Berlin";"indelivery";1000;"2020-04-15"
24728;"energy";"electricity";2500;"";"2020-04-03";"2020-08-01";"2020-10-31";"2020-09-15";"Umzug";"Hannover";"cancelled";1000;"2020-05-27"
24729;"energy";"electricity";3000;"";"2018-07-26";"2018-08-01";"2018-08-01";"2020-04-02";"Wiederruf";"Saarbrücken";"terminated";1001;"2019-06-14"
24730;"energy";"electricity";2200;2216;"2020-08-13";"2020-09-01";"";"";"";"Munich";"indelivery";1002;"2020-09-28"
24731;"energy";"electricity";2500;2344;"2018-02-11";"2018-08-01";"";"";"";"Munich";"indelivery";1002;"2020-09-27"
24732;"energy";"electricity";2900;2943;"2019-10-16";"2020-01-01";"";"";"";"Wuppertal";"indelivery";1002;"2020-07-11"
24733;"energy";"electricity";2800;2744;"2020-08-30";"2021-02-01";"";"";"";"Hamburg";"active";1002;"2020-09-07"
24734;"energy";"gas";11800;12062;"2019-03-13";"2020-01-01";"";"";"";"Herford";"indelivery";2000;"2020-04-15"
24735;"energy";"electricity";2600;2665;"2020-05-27";"2020-11-01";"";"";"";"Hamburg";"active";1000;"2020-07-31"
24736;"energy";"electricity";2400;2368;"2019-10-08";"2019-12-01";"";"";"";"Hannover";"indelivery";1002;"2020-03-06"
24737;"energy";"electricity";2200;2089;"2019-10-09";"2020-04-01";"";"";"";"Bremen";"indelivery";1002;"2020-05-25"
24738;"energy";"electricity";3000;3151;"2018-01-11";"2018-05-01";"";"";"";"Ingolstadt";"indelivery";1001;"2018-10-01"
24739;"energy";"electricity";2000;2008;"2019-04-04";"2019-06-01";"";"";"";"Hamburg";"indelivery";1000;"2020-04-28"
24740;"energy";"electricity";2700;2625;"2019-08-21";"2019-12-01";"2020-01-31";"2019-12-31";"fristgerecht durch Kunde";"Oldenburg";"terminated";1000;"2019-12-31"
24741;"energy";"gas";10800;11224;"2018-09-24";"2019-04-01";"";"";"";"Berlin";"indelivery";2001;"2018-11-09"
24742;"energy";"electricity";2900;3083;"2019-09-16";"2020-04-01";"";"";"";"Essen";"indelivery";1000;"2020-04-02"
24743;"energy";"electricity";2900;2925;"2018-03-28";"2018-08-01";"";"";"";"Hofeck";"indelivery";1001;"2019-10-18"
24744;"energy";"electricity";2000;"";"2018-02-26";"2018-03-01";"";"";"";"Hamburg";"indelivery";1001;"2020-04-25"
24745;"energy";"gas";9100;9592;"2019-01-25";"2019-04-01";"2019-11-30";"2019-10-31";"Umzug";"Wuppertal";"terminated";2001;"2019-09-30"
24746;"energy";"electricity";2100;2211;"2018-07-28";"2018-09-01";"";"";"";"Braunschweig";"indelivery";1001;"2019-06-27"
24747;"energy";"electricity";2200;2245;"2020-02-27";"2020-04-01";"";"";"";"Bremen";"indelivery";1002;"2020-05-03"
24748;"energy";"gas";11200;10636;"2018-01-30";"2018-07-01";"";"";"";"Waiblingen";"indelivery";2001;"2019-07-28"
24749;"energy";"gas";9300;8859;"2018-06-30";"2018-08-01";"";"";"";"Hamburg";"indelivery";2001;"2020-06-05"
24750;"energy";"gas";9500;"";"2019-07-21";"2020-03-01";"";"";"";"Hamburg";"indelivery";2000;"2020-08-16"
24751;"energy";"electricity";2900;2736;"2018-12-01";"2018-12-01";"";"";"";"Mannheim";"indelivery";1002;"2020-03-08"
24752;"energy";"electricity";2800;2708;"2018-12-23";"2019-01-01";"2019-07-31";"2019-07-01";"Umzug";"Dortmund";"terminated";1002;"2019-07-01"
24753;"energy";"electricity";2400;2433;"2020-09-17";"2020-10-01";"";"";"";"Leipzig";"indelivery";1002;"2020-09-19"
24754;"energy";"electricity";2100;2032;"2019-05-20";"2019-09-01";"";"";"";"Dresden";"indelivery";1000;"2019-12-17"
24755;"energy";"electricity";2200;2242;"2020-01-15";"2020-04-01";"";"";"";"Hamburg";"indelivery";1001;"2020-03-01"
24756;"energy";"electricity";2200;2147;"2020-04-01";"2020-05-01";"";"";"";"Hamburg";"indelivery";1002;"2020-07-18"
24757;"energy";"electricity";2800;2759;"2018-08-14";"2018-09-01";"";"";"";"Wuppertal";"indelivery";1002;"2019-08-16"
24758;"energy";"electricity";3000;2931;"2019-08-18";"2020-08-01";"";"";"";"Cologne";"indelivery";1001;"2019-10-31"
24759;"energy";"electricity";2100;2012;"2018-12-13";"2019-10-01";"";"";"";"Bremerhaven";"indelivery";1000;"2020-01-23"
24760;"energy";"gas";10800;10431;"2018-03-22";"2018-08-01";"";"";"";"Hannover";"indelivery";2001;"2020-03-17"
24761;"energy";"electricity";3000;2974;"2020-02-07";"2020-04-01";"";"";"";"Essen";"indelivery";1001;"2020-04-12"
24762;"energy";"gas";10900;11480;"2019-08-13";"2020-02-01";"";"";"";"Freiburg";"indelivery";2001;"2020-06-03"
24763;"energy";"electricity";2800;2859;"2018-03-22";"2018-05-01";"";"";"";"Augsburg";"indelivery";1001;"2019-03-11"
24764;"energy";"electricity";2100;2226;"2019-02-14";"2019-06-01";"";"";"";"Jena";"indelivery";1000;"2019-06-17"
24765;"energy";"electricity";2900;2864;"2019-08-07";"2019-12-01";"2019-12-01";"2020-09-01";"Wiederruf";"Kempten";"terminated";1001;"2019-08-27"
24766;"energy";"electricity";2600;2558;"2020-07-27";"2020-11-01";"";"";"";"Hamburg";"active";1000;"2020-07-29"
24767;"energy";"electricity";2800;2998;"2020-08-18";"2020-09-01";"";"";"";"Stuttgart";"indelivery";1000;"2020-09-01"
24768;"energy";"electricity";2900;2960;"2019-04-03";"2019-08-01";"";"";"";"Berlin";"indelivery";1001;"2020-06-08"
24769;"energy";"electricity";2300;2302;"2019-09-11";"2019-11-01";"";"";"";"Essen";"indelivery";1002;"2019-12-18"
24770;"energy";"electricity";2400;2546;"2019-10-15";"2020-03-01";"";"";"";"Hamburg";"indelivery";1002;"2019-11-27"
24771;"energy";"electricity";2600;2686;"2018-06-14";"2018-08-01";"";"";"";"Magdeburg";"indelivery";1000;"2019-10-13"
24772;"energy";"electricity";2100;2029;"2020-05-17";"2020-07-01";"";"";"";"Kiel";"indelivery";1002;"2020-05-19"
24773;"energy";"gas";8800;9495;"2018-01-18";"2018-06-01";"2018-08-31";"2018-07-30";"fristgerecht durch Kunde";"Stuttgart";"terminated";2000;"2018-06-04"
24774;"energy";"electricity";2000;2014;"2019-05-11";"2019-08-01";"2020-01-31";"2019-12-29";"fristgerecht durch Kunde";"Hamburg";"terminated";1001;"2019-12-29"
24775;"energy";"electricity";2700;2869;"2020-08-08";"2020-12-01";"";"";"";"Braunschweig";"active";1000;"2020-09-13"
24776;"energy";"electricity";2800;2963;"2020-01-22";"2020-03-01";"";"";"";"Leipzig";"indelivery";1000;"2020-07-25"
24777;"energy";"electricity";2500;2677;"2018-12-17";"2019-08-01";"";"";"";"Hamburg";"indelivery";1000;"2019-12-16"
24778;"energy";"electricity";2200;"";"2019-06-21";"2019-11-01";"";"";"";"Göttingen";"indelivery";1000;"2020-07-30"
24779;"energy";"gas";11200;11824;"2018-05-03";"2018-08-01";"";"";"";"Berlin";"indelivery";2001;"2018-11-29"
24780;"energy";"electricity";2300;2440;"2020-07-19";"2020-11-01";"";"";"";"Fürth";"active";1001;"2020-07-28"
24781;"energy";"electricity";2200;2240;"2018-01-19";"2018-02-01";"";"";"";"Münster";"indelivery";1000;"2019-07-08"
24782;"energy";"gas";10500;10275;"2019-06-11";"2019-08-01";"";"";"";"Hamburg";"indelivery";2001;"2020-04-11"
24783;"energy";"electricity";2800;2919;"2020-03-06";"2020-11-01";"";"";"";"Berlin";"active";1000;"2020-08-12"
24784;"energy";"electricity";2300;2429;"2019-05-17";"2019-07-01";"2020-04-30";"2020-04-02";"fristgerecht durch Kunde";"Berlin";"terminated";1002;"2020-04-02"
24785;"energy";"electricity";2500;2399;"2019-05-25";"2019-08-01";"";"";"";"Jena";"indelivery";1000;"2019-07-22"
24786;"energy";"electricity";2900;2804;"2020-02-03";"2020-04-01";"";"";"";"Meschede";"indelivery";1000;"2020-03-11"
24787;"energy";"electricity";2000;2159;"2019-03-02";"2019-07-01";"";"";"";"Hannover";"indelivery";1001;"2019-11-11"
24788;"energy";"gas";11500;11941;"2018-02-11";"2018-04-01";"";"";"";"Marienberg";"indelivery";2000;"2020-09-10"
24789;"energy";"gas";9200;9043;"2018-10-30";"2018-11-01";"";"";"";"Bremen";"indelivery";2001;"2019-03-28"
24790;"energy";"electricity";3000;3146;"2019-08-20";"2019-10-01";"";"";"";"Regensburg";"indelivery";1001;"2020-08-20"
24791;"energy";"electricity";2400;2568;"2019-04-19";"2019-08-01";"";"";"";"Regensburg";"indelivery";1002;"2019-11-03"
24792;"energy";"electricity";2600;2685;"2019-09-27";"2019-12-01";"";"";"";"Berlin";"indelivery";1001;"2019-10-13"
24793;"energy";"electricity";2900;2906;"2019-02-23";"2019-06-01";"";"";"";"Kassel";"indelivery";1000;"2019-02-24"
24794;"energy";"electricity";2300;2304;"2019-11-17";"2020-02-01";"";"";"";"Berlin";"indelivery";1000;"2020-06-18"
24795;"energy";"electricity";2600;2501;"2018-03-22";"2018-12-01";"2020-02-29";"2020-01-31";"fristgerecht durch LichtBlick";"Essen";"terminated";1002;"2020-01-31"
24796;"energy";"electricity";2300;2194;"2019-05-20";"2019-07-01";"2019-07-01";"2019-12-29";"Wiederruf";"Düsseldorf";"terminated";1002;"2019-12-29"
24797;"energy";"electricity";2900;2910;"2018-03-21";"2018-08-01";"2019-03-31";"2019-02-25";"fristgerecht durch Kunde";"Bonn";"terminated";1001;"2019-02-25"
24798;"energy";"electricity";2000;2119;"2018-08-15";"2019-04-01";"";"";"";"Bremen";"indelivery";1000;"2020-08-29"
24799;"energy";"electricity";2900;2803;"2018-09-02";"2018-11-01";"";"";"";"Marienberg";"indelivery";1001;"2019-08-10"
24800;"energy";"electricity";2500;2513;"2020-03-25";"2020-05-01";"";"";"";"Munich";"indelivery";1000;"2020-06-24"
24801;"energy";"electricity";2500;2545;"2019-12-12";"2020-07-01";"";"";"";"Bonn";"indelivery";1000;"2020-09-01"
24802;"energy";"electricity";2500;2576;"2020-05-22";"2020-07-01";"";"";"";"Hannover";"indelivery";1002;"2020-09-01"
24803;"energy";"electricity";2900;2746;"2018-07-28";"2018-09-01";"2020-07-31";"2020-07-03";"Umzug";"Wuppertal";"terminated";1000;"2018-10-20"
24804;"energy";"electricity";2900;2784;"2018-11-05";"2019-01-01";"2019-08-31";"2019-08-02";"Umzug";"Münster";"terminated";1000;"2019-04-20"
24805;"energy";"electricity";2300;"";"2018-03-01";"2018-04-01";"2019-02-28";"2019-01-25";"Umzug";"Wuppertal";"terminated";1001;"2018-10-03"
24806;"energy";"electricity";2100;2098;"2018-06-05";"2018-10-01";"";"";"";"Kiel";"indelivery";1001;"2019-11-23"
24807;"energy";"electricity";2100;2056;"2020-02-23";"2021-03-01";"";"";"";"Münster";"active";1001;"2020-06-15"
24808;"energy";"electricity";2100;2150;"2020-05-06";"2020-07-01";"";"";"";"Berlin";"indelivery";1000;"2020-05-17"
24809;"energy";"gas";9400;9757;"2019-07-17";"2020-01-01";"";"";"";"Marienberg";"indelivery";2001;"2019-12-24"
24810;"energy";"electricity";2800;2756;"2018-05-02";"2018-07-01";"2020-07-31";"2020-07-02";"Umzug";"Braunschweig";"terminated";1002;"2019-06-05"
24811;"energy";"electricity";2500;2661;"2018-07-25";"2018-09-01";"";"";"";"Düsseldorf";"indelivery";1002;"2020-07-29"
24812;"energy";"electricity";2100;2137;"2019-11-05";"2020-02-01";"2020-02-01";"2020-10-01";"Wiederruf";"Berlin";"terminated";1002;"2020-04-04"
24813;"energy";"electricity";2300;2281;"2019-03-24";"2019-09-01";"";"";"";"Berlin";"indelivery";1001;"2020-06-09"
24814;"energy";"gas";8900;9589;"2018-08-23";"2018-11-01";"2018-11-01";"2019-04-28";"Wiederruf";"Kassel";"terminated";2001;"2019-04-28"
24815;"energy";"electricity";2600;2572;"2018-08-09";"2019-01-01";"";"";"";"Munich";"indelivery";1001;"2020-09-24"
24816;"energy";"gas";10700;11132;"2018-02-27";"2018-05-01";"";"";"";"Hannover";"indelivery";2000;"2018-07-27"
24817;"energy";"electricity";2200;2177;"2019-08-25";"2019-10-01";"2020-01-31";"2020-01-01";"fristgerecht durch Kunde";"Koblenz";"terminated";1002;"2020-01-01"
24818;"energy";"electricity";2400;2344;"2019-08-16";"2019-10-01";"";"";"";"Berlin";"indelivery";1001;"2020-02-23"
24819;"energy";"electricity";2000;2069;"2018-03-18";"2018-04-01";"2018-05-31";"2018-05-02";"Umzug";"Hamburg";"terminated";1002;"2018-05-02"
24820;"energy";"electricity";2100;2237;"2020-05-11";"2020-06-01";"";"";"";"Berlin";"indelivery";1001;"2020-08-17"
24821;"energy";"electricity";2500;2685;"2020-01-24";"2020-06-01";"";"";"";"Hamburg";"indelivery";1002;"2020-05-04"
24822;"energy";"gas";8000;7955;"2018-06-09";"2018-10-01";"";"";"";"Berlin";"indelivery";2000;"2019-01-18"
24823;"energy";"gas";11300;11107;"2019-03-26";"2019-05-01";"";"";"";"Holzminden";"indelivery";2001;"2020-03-03"
24824;"energy";"gas";10600;"";"2018-12-13";"2019-09-01";"2019-09-01";"2019-11-26";"Wiederruf";"Haldensleben";"terminated";2000;"2019-05-01"
24825;"energy";"electricity";2700;2603;"2018-07-16";"2018-10-01";"";"";"";"Bremen";"indelivery";1002;"2020-09-12"
24826;"energy";"electricity";3000;3121;"2019-11-19";"2020-01-01";"2020-12-31";"2020-12-02";"fristgerecht durch Kunde";"Bielefeld";"cancelled";1000;"2020-04-21"
24827;"energy";"electricity";3000;2998;"2020-07-19";"2020-09-01";"";"";"";"Essen";"indelivery";1000;"2020-07-30"
24828;"energy";"electricity";2600;2631;"2020-09-09";"2021-05-01";"";"";"";"Hamburg";"active";1002;"2020-09-16"
24829;"energy";"electricity";2200;2237;"2020-04-27";"2020-05-01";"";"";"";"Essen";"indelivery";1002;"2020-09-26"
24830;"energy";"electricity";3200;3398;"2020-05-24";"2020-11-01";"";"";"";"Delmenhorst";"active";1000;"2020-09-08"
24831;"energy";"electricity";2100;2195;"2020-05-21";"2020-12-01";"";"";"";"Bielefeld";"active";1000;"2020-07-04"
24832;"energy";"gas";10300;10388;"2020-05-08";"2020-06-01";"";"";"";"Duisburg";"indelivery";2000;"2020-07-10"
24833;"energy";"electricity";2500;2612;"2019-05-22";"2019-08-01";"2020-01-31";"2020-01-03";"fristgerecht durch LichtBlick";"Baden-Baden";"terminated";1001;"2019-12-18"
24834;"energy";"electricity";2900;"";"2019-04-17";"2019-08-01";"";"";"";"Braunschweig";"indelivery";1000;"2019-11-23"
24835;"energy";"electricity";2500;2527;"2019-09-14";"2019-11-01";"";"";"";"Friedberg";"indelivery";1000;"2020-02-04"
24836;"energy";"electricity";2900;2784;"2018-03-10";"2018-05-01";"";"";"";"Bad Kissingen";"indelivery";1002;"2019-03-03"
24837;"energy";"electricity";2200;2277;"2020-05-23";"2020-11-01";"";"";"";"Duisburg";"active";1000;"2020-08-22"
24838;"energy";"electricity";2200;2233;"2019-04-05";"2019-12-01";"";"";"";"Berlin";"indelivery";1002;"2019-11-11"
24839;"energy";"electricity";2700;2789;"2019-08-20";"2019-11-01";"";"";"";"Magdeburg";"indelivery";1000;"2020-04-01"
24840;"energy";"gas";11000;10957;"2020-05-06";"2020-07-01";"";"";"";"Hamburg";"indelivery";2001;"2020-08-24"
24841;"energy";"electricity";2900;3058;"2018-05-23";"2018-07-01";"";"";"";"Karlsruhe";"indelivery";1001;"2019-01-10"
24842;"energy";"electricity";2200;2314;"2019-01-06";"2020-06-01";"";"";"";"Cologne";"indelivery";1000;"2019-10-19"
24843;"energy";"electricity";2200;2298;"2019-07-10";"2019-10-01";"2020-05-31";"2020-05-03";"fristgerecht durch LichtBlick";"Duisburg";"terminated";1001;"2020-05-03"
24844;"energy";"electricity";2000;2093;"2018-05-05";"2019-03-01";"";"";"";"Dresden";"indelivery";1001;"2018-07-27"
24845;"energy";"gas";11300;11491;"2018-03-15";"2018-05-01";"2019-02-28";"2019-01-26";"Umzug";"Osnabrück";"terminated";2001;"2019-01-26"
24846;"energy";"electricity";2100;2053;"2018-09-16";"2019-02-01";"";"";"";"Saarbrücken";"indelivery";1002;"2020-01-31"
24847;"energy";"gas";8900;9400;"2018-08-16";"2018-10-01";"";"";"";"Berlin";"indelivery";2000;"2019-01-12"
24848;"energy";"electricity";2200;2220;"2018-12-12";"2019-02-01";"";"";"";"Munich";"indelivery";1002;"2020-04-04"
24849;"energy";"electricity";2900;2761;"2018-11-05";"2019-08-01";"";"";"";"Hamburg";"indelivery";1001;"2020-07-01"
24850;"energy";"electricity";2500;2584;"2018-02-02";"2018-04-01";"";"";"";"Wuppertal";"indelivery";1002;"2020-01-16"
24851;"energy";"electricity";2900;2800;"2018-06-02";"2018-08-01";"";"";"";"Wuppertal";"indelivery";1002;"2019-10-27"
24852;"energy";"electricity";2600;2807;"2020-08-10";"2021-02-01";"";"";"";"Karlsruhe";"active";1002;"2020-08-27"
24853;"energy";"electricity";2900;3118;"2018-07-14";"2019-02-01";"2020-04-30";"2020-03-30";"fristgerecht durch LichtBlick";"Höxter";"terminated";1001;"2018-09-19"
24854;"energy";"electricity";2500;2400;"2020-06-19";"2021-02-01";"";"";"";"Marienberg";"active";1002;"2020-06-26"
24855;"energy";"electricity";2700;2656;"2018-06-06";"2018-08-01";"";"";"";"Berlin";"indelivery";1001;"2019-08-05"
24856;"energy";"electricity";2800;2750;"2018-11-08";"2019-05-01";"";"";"";"Dortmund";"indelivery";1001;"2020-07-26"
24857;"energy";"electricity";2600;2649;"2018-02-16";"2018-03-01";"";"";"";"Marienberg";"indelivery";1002;"2019-10-18"
24858;"energy";"electricity";2700;2752;"2020-05-31";"2020-08-01";"";"";"";"Munich";"indelivery";1001;"2020-07-09"
24859;"energy";"electricity";2400;2439;"2019-12-03";"2020-02-01";"";"";"";"Bremen";"indelivery";1000;"2020-09-27"
24860;"energy";"electricity";2400;2321;"2020-03-25";"2020-04-01";"";"";"";"Hamburg";"indelivery";1000;"2020-07-11"
24861;"energy";"electricity";2600;2569;"2020-01-06";"2020-03-01";"";"";"";"Lübeck";"indelivery";1001;"2020-05-29"
24862;"energy";"electricity";2500;2685;"2020-05-08";"2020-06-01";"";"";"";"Kulmbach";"indelivery";1000;"2020-06-09"
24863;"energy";"electricity";2900;3100;"2018-09-22";"2018-12-01";"";"";"";"Cologne";"indelivery";1001;"2020-03-28"
24864;"energy";"electricity";2400;2356;"2018-03-18";"2018-07-01";"";"";"";"Munich";"indelivery";1001;"2020-02-01"
24865;"energy";"electricity";2700;2812;"2019-11-24";"2020-03-01";"";"";"";"Remscheid";"indelivery";1001;"2020-02-26"
24866;"energy";"electricity";2600;2718;"2020-02-29";"2020-06-01";"";"";"";"Marienberg";"indelivery";1000;"2020-08-25"
24867;"energy";"electricity";2300;2410;"2019-11-23";"2020-01-01";"";"";"";"Augsburg";"indelivery";1000;"2020-06-19"
24868;"energy";"electricity";2400;2504;"2018-10-13";"2019-02-01";"";"";"";"Herne";"indelivery";1001;"2020-01-27"
24869;"energy";"electricity";2800;2945;"2019-02-12";"2019-08-01";"2019-11-30";"2019-10-31";"Umzug";"Göttingen";"terminated";1000;"2019-10-31"
24870;"energy";"gas";10900;"";"2018-12-30";"2019-04-01";"2019-04-01";"2019-10-31";"Wiederruf";"Bremen";"terminated";2000;"2019-10-31"
24871;"energy";"electricity";3100;2942;"2020-03-02";"2021-02-01";"";"";"";"Heinsberg";"active";1002;"2020-04-29"
24872;"energy";"gas";9900;10505;"2018-03-13";"2018-07-01";"";"";"";"Dresden";"indelivery";2000;"2019-09-28"
24873;"energy";"electricity";2700;2891;"2019-07-29";"2019-10-01";"";"";"";"Dortmund";"indelivery";1000;"2020-02-15"
24874;"energy";"gas";10700;11423;"2019-05-22";"2019-10-01";"";"";"";"Bielefeld";"indelivery";2000;"2019-06-28"
24875;"energy";"gas";9200;9076;"2019-03-19";"2019-07-01";"";"";"";"Hamburg";"indelivery";2000;"2019-07-02"
24876;"energy";"gas";8000;8425;"2019-09-19";"2019-10-01";"2020-04-30";"2020-03-30";"fristgerecht durch LichtBlick";"Cologne";"terminated";2000;"2020-03-30"
24877;"energy";"electricity";2700;2651;"2020-02-29";"2020-04-01";"";"";"";"Munich";"indelivery";1002;"2020-06-10"
24878;"energy";"electricity";2200;2237;"2020-04-05";"2020-05-01";"";"";"";"Marienberg";"indelivery";1000;"2020-08-17"
24879;"energy";"electricity";2300;2472;"2018-01-31";"2018-05-01";"";"";"";"Lübeck";"indelivery";1000;"2019-12-12"
24880;"energy";"electricity";2400;2503;"2018-08-29";"2019-03-01";"";"";"";"Braunschweig";"indelivery";1002;"2019-08-06"
24881;"energy";"electricity";2000;1919;"2020-04-19";"2020-06-01";"";"";"";"Hamburg";"indelivery";1002;"2020-06-15"
24882;"energy";"electricity";2100;2257;"2019-07-07";"2019-09-01";"2020-08-31";"2020-08-03";"fristgerecht durch LichtBlick";"Karlsruhe";"terminated";1001;"2020-05-15"
24883;"energy";"electricity";2600;2585;"2020-08-16";"2021-01-01";"";"";"";"Düsseldorf";"active";1002;"2020-08-18"
24884;"energy";"electricity";2700;2760;"2020-01-08";"2020-06-01";"";"";"";"Wuppertal";"indelivery";1002;"2020-03-10"
24885;"energy";"electricity";2300;2361;"2019-08-02";"2019-10-01";"";"";"";"Karlsruhe";"indelivery";1000;"2019-09-15"
24886;"energy";"gas";8200;8458;"2018-09-24";"2019-01-01";"";"";"";"Essen";"indelivery";2001;"2019-02-13"
24887;"energy";"electricity";2900;3055;"2019-11-26";"2019-12-01";"";"";"";"Dresden";"indelivery";1001;"2020-06-06"
24888;"energy";"electricity";3000;3052;"2019-12-22";"2020-08-01";"";"";"";"Gütersloh";"indelivery";1002;"2020-02-11"
24889;"energy";"electricity";2300;2273;"2019-09-14";"2019-12-01";"";"";"";"Leipzig";"indelivery";1001;"2020-03-21"
24890;"energy";"gas";11400;11817;"2020-09-03";"2021-01-01";"";"";"";"Hameln";"active";2001;"2020-09-04"
24891;"energy";"electricity";2200;2255;"2018-02-05";"2018-04-01";"";"";"";"Hamburg";"indelivery";1001;"2020-05-18"
24892;"energy";"gas";10200;9709;"2020-03-13";"2020-04-01";"";"";"";"Hamburg";"indelivery";2000;"2020-09-19"
24893;"energy";"electricity";2800;2856;"2018-05-17";"2018-09-01";"";"";"";"Munich";"indelivery";1001;"2020-04-21"
24894;"energy";"electricity";2600;"";"2018-06-12";"2018-08-01";"2019-07-31";"2019-06-27";"fristgerecht durch Kunde";"Duisburg";"terminated";1002;"2019-06-27"
24895;"energy";"electricity";2400;2563;"2018-01-13";"2018-03-01";"";"";"";"Munich";"indelivery";1000;"2019-01-27"
24896;"energy";"electricity";2700;2785;"2018-06-13";"2018-07-01";"";"";"";"Munich";"indelivery";1002;"2019-09-15"
24897;"energy";"electricity";2800;3062;"2019-07-14";"2020-03-01";"";"";"";"Hamburg";"indelivery";1001;"2019-12-19"
24898;"energy";"gas";11600;"";"2018-09-01";"2018-10-01";"2018-10-01";"2020-03-02";"Wiederruf";"Kiel";"terminated";2001;"2019-02-07"
24899;"energy";"electricity";2700;2881;"2020-01-05";"2020-03-01";"";"";"";"Kiel";"indelivery";1000;"2020-04-24"
24900;"energy";"electricity";3000;2955;"2020-08-12";"2021-08-01";"";"";"";"Dresden";"active";1002;"2020-09-20"
24901;"energy";"electricity";2000;"";"2020-05-14";"2020-06-01";"";"";"";"Berlin";"indelivery";1002;"2020-07-08"
24902;"energy";"electricity";2000;2176;"2018-06-09";"2018-10-01";"2020-06-30";"2020-05-27";"fristgerecht durch LichtBlick";"Hannover";"terminated";1000;"2020-05-27"
24903;"energy";"gas";11300;11186;"2018-09-20";"2019-03-01";"";"";"";"Marienberg";"indelivery";2001;"2020-04-23"
24904;"energy";"electricity";2600;"";"2020-08-30";"2021-02-01";"";"";"";"Karlsruhe";"active";1002;"2020-09-17"
24905;"energy";"electricity";2500;2464;"2020-09-11";"2020-10-01";"";"";"";"Munich";"indelivery";1002;"2020-09-22"
24906;"energy";"electricity";2200;2240;"2019-06-24";"2020-04-01";"";"";"";"Coburg";"indelivery";1002;"2020-09-18"
24907;"energy";"electricity";2500;2497;"2018-07-31";"2019-02-01";"";"";"";"Osnabrück";"indelivery";1001;"2019-03-11"
24908;"energy";"electricity";2400;2556;"2020-03-28";"2020-05-01";"";"";"";"Hamburg";"indelivery";1001;"2020-09-27"
24909;"energy";"electricity";2400;2435;"2019-11-30";"2020-03-01";"";"";"";"Potsdam";"indelivery";1002;"2020-09-17"
24910;"energy";"electricity";2400;2585;"2018-04-24";"2018-08-01";"";"";"";"Hamburg";"indelivery";1000;"2018-11-22"
24911;"energy";"electricity";2000;2098;"2019-08-23";"2019-12-01";"2020-02-29";"2020-01-28";"fristgerecht durch Kunde";"Berlin";"terminated";1002;"2019-10-02"
24912;"energy";"electricity";2600;"";"2019-07-06";"2020-01-01";"";"";"";"Frankfurt";"indelivery";1000;"2019-12-04"
24913;"energy";"electricity";2300;2365;"2020-08-21";"2020-11-01";"";"";"";"Wiesbaden";"active";1001;"2020-09-14"
24914;"energy";"electricity";2300;2461;"2018-07-19";"2019-01-01";"2019-10-31";"2019-10-02";"fristgerecht durch LichtBlick";"Oldenburg";"terminated";1000;"2019-10-02"
24915;"energy";"electricity";2700;2904;"2020-02-14";"2020-05-01";"";"";"";"Schwabach";"indelivery";1000;"2020-05-27"
24916;"energy";"electricity";2800;2714;"2018-08-14";"2019-03-01";"2020-09-30";"2020-08-27";"fristgerecht durch Kunde";"Berlin";"terminated";1000;"2018-09-16"
24917;"energy";"electricity";2100;2100;"2018-06-15";"2018-08-01";"";"";"";"Oldenburg";"indelivery";1002;"2019-05-29"
24918;"energy";"electricity";2300;2321;"2019-03-14";"2019-05-01";"";"";"";"Kelheim";"indelivery";1002;"2019-04-18"
24919;"energy";"electricity";2000;2019;"2019-01-21";"2019-03-01";"";"";"";"Hamburg";"indelivery";1001;"2019-05-21"
24920;"energy";"electricity";2400;2581;"2019-10-25";"2019-11-01";"2019-12-31";"2019-12-03";"Umzug";"Berlin";"terminated";1001;"2019-11-15"
24921;"energy";"gas";10900;10874;"2019-01-08";"2019-02-01";"";"";"";"Cologne";"indelivery";2001;"2020-03-29"
24922;"energy";"electricity";2600;2653;"2019-10-05";"2020-03-01";"";"";"";"Osterode";"indelivery";1002;"2020-04-21"
24923;"energy";"electricity";2900;3070;"2018-10-08";"2019-05-01";"";"";"";"Leipzig";"indelivery";1001;"2019-06-06"
24924;"energy";"electricity";2600;2738;"2019-02-03";"2019-07-01";"";"";"";"Berlin";"indelivery";1001;"2020-03-02"
24925;"energy";"electricity";2600;2691;"2019-12-28";"2020-10-01";"";"";"";"Cologne";"indelivery";1000;"2020-02-25"
24926;"energy";"electricity";2600;2544;"2018-05-15";"2018-08-01";"";"";"";"Oldenburg";"indelivery";1000;"2019-12-31"
24927;"energy";"electricity";2800;2848;"2020-03-18";"2020-07-01";"";"";"";"Kassel";"indelivery";1000;"2020-06-08"
24928;"energy";"electricity";2700;2850;"2019-01-13";"2019-04-01";"";"";"";"Dortmund";"indelivery";1001;"2020-05-11"
24929;"energy";"electricity";2600;2770;"2020-09-02";"2020-12-01";"";"";"";"Munich";"active";1002;"2020-09-11"
24930;"energy";"electricity";2600;2505;"2020-08-01";"2021-04-01";"";"";"";"Bonn";"active";1000;"2020-09-24"
24931;"energy";"electricity";2900;2799;"2018-10-02";"2018-11-01";"2020-06-30";"2020-05-28";"fristgerecht durch LichtBlick";"Essen";"terminated";1001;"2018-10-16"
24932;"energy";"electricity";2500;"";"2019-09-24";"2019-11-01";"";"";"";"Munich";"indelivery";1000;"2020-04-01"
24933;"energy";"electricity";2600;2770;"2018-09-26";"2019-03-01";"";"";"";"Berlin";"indelivery";1002;"2020-07-17"
24934;"energy";"electricity";2100;2186;"2018-07-03";"2018-09-01";"2020-10-31";"2020-10-02";"fristgerecht durch Kunde";"Leipzig";"cancelled";1002;"2019-09-29"
24935;"energy";"electricity";2500;2446;"2018-05-31";"2018-08-01";"";"";"";"Jena";"indelivery";1002;"2019-12-17"
24936;"energy";"electricity";2600;2533;"2019-12-05";"2020-08-01";"";"";"";"Calw";"indelivery";1000;"2020-08-03"
24937;"energy";"electricity";2300;2316;"2020-01-26";"2020-03-01";"";"";"";"Ingolstadt";"indelivery";1000;"2020-03-11"
24938;"energy";"gas";9800;10370;"2019-05-18";"2019-06-01";"";"";"";"Braunschweig";"indelivery";2001;"2019-06-02"
24939;"energy";"electricity";2600;2640;"2018-03-31";"2018-09-01";"";"";"";"Hamburg";"indelivery";1002;"2019-03-18"
24940;"energy";"gas";11200;11439;"2019-10-05";"2020-04-01";"";"";"";"Leipzig";"indelivery";2000;"2020-09-01"
24941;"energy";"electricity";2600;2555;"2019-11-29";"2020-02-01";"";"";"";"Karlsruhe";"indelivery";1001;"2020-04-07"
24942;"energy";"electricity";2900;3010;"2019-01-21";"2019-05-01";"";"";"";"Ludwigshafen";"indelivery";1001;"2019-04-19"
24943;"energy";"electricity";2500;2693;"2020-02-08";"2020-04-01";"";"";"";"Cochem";"indelivery";1000;"2020-09-12"
24944;"energy";"electricity";2000;1912;"2019-06-10";"2019-11-01";"";"";"";"Düsseldorf";"indelivery";1002;"2019-10-01"
24945;"energy";"electricity";2300;2443;"2019-02-18";"2019-06-01";"2019-06-01";"2020-03-03";"Wiederruf";"Hamburg";"terminated";1000;"2020-03-03"
24946;"energy";"electricity";2800;"";"2018-11-02";"2019-01-01";"";"";"";"Düsseldorf";"indelivery";1001;"2019-07-10"
24947;"energy";"electricity";2200;2289;"2018-08-18";"2018-10-01";"";"";"";"Cologne";"indelivery";1001;"2019-11-26"
24948;"energy";"electricity";2000;2083;"2020-02-28";"2020-12-01";"";"";"";"Hamburg";"active";1000;"2020-07-05"
24949;"energy";"electricity";2800;2723;"2019-02-26";"2019-04-01";"";"";"";"Marienberg";"indelivery";1001;"2020-09-15"
24950;"energy";"electricity";2200;2272;"2019-10-10";"2019-12-01";"2019-12-01";"2020-01-02";"Wiederruf";"Dortmund";"terminated";1001;"2020-01-02"
24951;"energy";"electricity";2900;3011;"2019-05-14";"2019-06-01";"";"";"";"Düsseldorf";"indelivery";1001;"2020-04-23"
24952;"energy";"electricity";2900;2884;"2018-11-11";"2019-01-01";"";"";"";"Bonn";"indelivery";1002;"2019-09-04"
24953;"energy";"gas";8500;8317;"2018-06-30";"2018-09-01";"2019-03-31";"2019-03-02";"Umzug";"Berlin";"terminated";2000;"2018-07-27"
24954;"energy";"electricity";2200;"";"2020-01-13";"2020-04-01";"";"";"";"Hannover";"indelivery";1002;"2020-05-24"
24955;"energy";"electricity";2300;2384;"2019-05-23";"2020-02-01";"";"";"";"Göttingen";"indelivery";1001;"2019-08-25"
24956;"energy";"electricity";2000;2072;"2020-09-06";"2020-12-01";"";"";"";"Bonn";"active";1002;"2020-09-23"
24957;"energy";"electricity";2000;1989;"2019-07-06";"2019-10-01";"2020-01-31";"2019-12-31";"Umzug";"Frankfurt";"terminated";1002;"2019-12-30"
24958;"energy";"electricity";2300;2206;"2018-12-26";"2019-01-01";"";"";"";"Cologne";"indelivery";1000;"2019-03-15"
24959;"energy";"gas";10300;10283;"2020-09-21";"2020-10-01";"";"";"";"Berlin";"indelivery";2000;"2020-09-27"
24960;"energy";"gas";8400;8473;"2018-05-30";"2018-06-01";"2018-11-30";"2018-11-02";"Umzug";"Düsseldorf";"terminated";2001;"2018-11-02"
24961;"energy";"electricity";2500;2639;"2018-09-26";"2018-10-01";"";"";"";"Munich";"indelivery";1000;"2019-01-04"
24962;"energy";"electricity";2500;2496;"2020-08-10";"2020-12-01";"";"";"";"Hamburg";"active";1002;"2020-09-09"
24963;"energy";"electricity";2800;2872;"2018-12-09";"2019-01-01";"";"";"";"Essen";"indelivery";1002;"2020-03-08"
24964;"energy";"electricity";2300;2328;"2020-03-14";"2020-06-01";"";"";"";"Frankfurt";"indelivery";1002;"2020-08-19"
24965;"energy";"electricity";2100;2209;"2020-02-07";"2020-05-01";"";"";"";"Saarbrücken";"indelivery";1001;"2020-06-24"
24966;"energy";"electricity";2400;"";"2018-06-07";"2018-11-01";"2019-04-30";"2019-03-27";"Umzug";"Munich";"terminated";1002;"2019-03-27"
24967;"energy";"electricity";2500;2438;"2020-02-08";"2020-03-01";"";"";"";"Erfurt";"indelivery";1002;"2020-03-12"
24968;"energy";"electricity";2400;2569;"2020-02-22";"2020-05-01";"";"";"";"Heidelberg";"indelivery";1000;"2020-07-09"
24969;"energy";"electricity";2100;2046;"2018-05-16";"2018-11-01";"";"";"";"Berlin";"indelivery";1002;"2019-04-30"
24970;"energy";"gas";9500;9254;"2018-04-16";"2018-06-01";"2018-11-30";"2018-11-02";"fristgerecht durch Kunde";"Hamburg";"terminated";2001;"2018-11-02"
24971;"energy";"electricity";2300;2389;"2019-05-04";"2019-10-01";"";"";"";"Meppen";"indelivery";1002;"2019-07-20"
24972;"energy";"electricity";2800;2787;"2019-12-11";"2020-01-01";"";"";"";"Gießen";"indelivery";1002;"2020-05-08"
24973;"energy";"electricity";2900;2794;"2019-05-19";"2019-07-01";"";"";"";"Goslar";"indelivery";1001;"2020-09-13"
24974;"energy";"electricity";2200;2241;"2019-02-11";"2019-06-01";"";"";"";"Düsseldorf";"indelivery";1000;"2019-10-27"
24975;"energy";"electricity";2900;2817;"2019-01-31";"2019-05-01";"2019-05-01";"2019-08-29";"Wiederruf";"Dresden";"terminated";1001;"2019-08-29"
24976;"energy";"electricity";2200;2115;"2020-02-16";"2020-07-01";"";"";"";"Hofeck";"indelivery";1001;"2020-03-28"
24977;"energy";"electricity";2200;2326;"2020-05-09";"2020-08-01";"";"";"";"Munich";"indelivery";1000;"2020-08-13"
24978;"energy";"electricity";2400;"";"2018-08-13";"2019-07-01";"";"";"";"Munich";"indelivery";1002;"2019-02-20"
24979;"energy";"electricity";2100;2050;"2018-12-29";"2019-09-01";"";"";"";"Kiel";"indelivery";1000;"2019-03-26"
24980;"energy";"electricity";2700;2641;"2020-08-20";"2021-02-01";"";"";"";"Bremen";"active";1002;"2020-09-07"
24981;"energy";"electricity";2200;2082;"2020-01-02";"2020-04-01";"";"";"";"Berlin";"indelivery";1001;"2020-05-20"
24982;"energy";"electricity";2500;2442;"2018-01-01";"2018-01-01";"2020-03-31";"2020-03-03";"fristgerecht durch Kunde";"Hamburg";"terminated";1002;"2019-08-30"
24983;"energy";"electricity";2400;2264;"2019-06-05";"2019-11-01";"";"";"";"Altchemnitz";"indelivery";1000;"2019-11-14"
24984;"energy";"electricity";3000;2938;"2019-03-16";"2019-06-01";"";"";"";"Bonn";"indelivery";1002;"2020-01-25"
24985;"energy";"electricity";2900;2753;"2018-06-18";"2018-10-01";"";"";"";"Jena";"indelivery";1001;"2019-11-25"
24986;"energy";"gas";9600;9695;"2019-02-01";"2019-09-01";"2019-10-31";"2019-10-02";"fristgerecht durch Kunde";"Frankfurt";"terminated";2001;"2019-10-02"
24987;"energy";"electricity";2900;3074;"2018-08-13";"2019-03-01";"";"";"";"Hannover";"indelivery";1002;"2018-09-06"
24988;"energy";"electricity";2200;2226;"2019-03-23";"2019-06-01";"";"";"";"Offenbach";"indelivery";1001;"2020-09-16"
24989;"energy";"electricity";2100;2100;"2019-03-29";"2019-07-01";"";"";"";"Jena";"indelivery";1000;"2020-06-25"
24990;"energy";"electricity";2200;2261;"2018-06-23";"2018-07-01";"";"";"";"Munich";"indelivery";1001;"2018-11-02"
24991;"energy";"electricity";2900;2815;"2018-11-28";"2018-12-01";"";"";"";"Essen";"indelivery";1000;"2020-01-14"
24992;"energy";"electricity";2900;2958;"2018-07-13";"2018-09-01";"";"";"";"Berlin";"indelivery";1001;"2020-06-09"
24993;"energy";"electricity";3000;2964;"2018-05-23";"2018-06-01";"2018-08-31";"2018-08-02";"Umzug";"Leipzig";"terminated";1002;"2018-08-02"
24994;"energy";"electricity";2700;2646;"2018-03-06";"2018-04-01";"2018-04-01";"2018-07-03";"Wiederruf";"Stuttgart";"terminated";1000;"2018-07-03"
24995;"energy";"electricity";2100;2199;"2019-01-20";"2019-02-01";"2019-02-01";"2020-05-31";"Wiederruf";"Frankfurt";"terminated";1000;"2019-12-28"
24996;"energy";"electricity";2300;2481;"2018-04-14";"2018-06-01";"";"";"";"Sigmaringen";"indelivery";1002;"2018-08-27"
24997;"energy";"electricity";2800;2678;"2020-04-18";"2020-05-01";"";"";"";"Berlin";"indelivery";1000;"2020-09-12"
24998;"energy";"electricity";2900;3157;"2020-07-16";"2020-10-01";"";"";"";"Freiburg";"indelivery";1001;"2020-09-20"
24999;"energy";"electricity";2900;3081;"2020-06-06";"2020-07-01";"";"";"";"Hamburg";"indelivery";1001;"2020-09-05"
25000;"energy";"gas";9200;"";"2020-06-01";"2020-08-01";"";"";"";"Hannover";"indelivery";2000;"2020-08-28"
25001;"energy";"gas";11500;12105;"2019-08-16";"2019-09-01";"2019-09-01";"2020-07-01";"Wiederruf";"Bremen";"terminated";2001;"2020-06-10"
25002;"energy";"electricity";2300;2494;"2019-04-07";"2019-06-01";"";"";"";"Heide";"indelivery";1000;"2019-09-26"
25003;"energy";"electricity";2400;2514;"2019-10-09";"2020-01-01";"";"";"";"Frankfurt";"indelivery";1002;"2020-01-02"
25004;"energy";"electricity";2500;"";"2019-08-04";"2019-11-01";"";"";"";"Munich";"indelivery";1002;"2020-04-02"
25005;"energy";"electricity";2700;2784;"2020-05-09";"2020-11-01";"";"";"";"Leipzig";"active";1000;"2020-08-28"
25006;"energy";"electricity";2000;"";"2018-11-01";"2018-12-01";"2018-12-01";"2019-08-02";"Wiederruf";"Berlin";"terminated";1002;"2019-08-02"
25007;"energy";"electricity";2200;2079;"2020-04-08";"2020-06-01";"";"";"";"Emden";"indelivery";1000;"2020-07-28"
25008;"energy";"electricity";2200;2136;"2019-01-16";"2019-03-01";"2019-12-31";"2019-11-30";"fristgerecht durch Kunde";"Lauf";"terminated";1000;"2019-06-12"
25009;"energy";"electricity";2700;2703;"2019-02-13";"2019-08-01";"";"";"";"Augsburg";"indelivery";1001;"2019-05-24"
25010;"energy";"electricity";2600;2749;"2020-09-07";"2020-11-01";"";"";"";"Bielefeld";"active";1001;"2020-09-16"
25011;"energy";"gas";9300;9423;"2019-12-02";"2020-01-01";"";"";"";"Hamburg";"indelivery";2001;"2020-09-01"
25012;"energy";"electricity";2000;1884;"2020-05-01";"2020-05-01";"";"";"";"Frankfurt";"indelivery";1001;"2020-09-07"
25013;"energy";"electricity";2300;2229;"2018-11-08";"2019-01-01";"";"";"";"Leipzig";"indelivery";1000;"2020-03-25"
25014;"energy";"electricity";2100;2030;"2019-06-07";"2019-08-01";"";"";"";"Dortmund";"indelivery";1001;"2019-07-21"
25015;"energy";"electricity";2800;2674;"2019-01-06";"2019-02-01";"2019-06-30";"2019-06-02";"fristgerecht durch Kunde";"Munich";"terminated";1001;"2019-06-02"
25016;"energy";"gas";8300;8611;"2020-01-18";"2020-05-01";"";"";"";"Mainz";"indelivery";2001;"2020-05-16"
25017;"energy";"electricity";2000;2050;"2020-01-30";"2020-12-01";"";"";"";"Berlin";"active";1000;"2020-08-12"
25018;"energy";"electricity";2500;2658;"2019-03-11";"2019-09-01";"";"";"";"Berlin";"indelivery";1001;"2019-07-10"
25019;"energy";"electricity";2600;2509;"2020-07-13";"2020-09-01";"";"";"";"Dortmund";"indelivery";1000;"2020-08-07"
25020;"energy";"gas";11800;12652;"2020-01-16";"2020-02-01";"";"";"";"Göttingen";"indelivery";2000;"2020-08-21"
25021;"energy";"gas";8500;8381;"2019-03-29";"2019-05-01";"2019-05-01";"2019-08-02";"Wiederruf";"Cologne";"terminated";2000;"2019-08-02"
25022;"energy";"electricity";2000;2178;"2019-05-05";"2019-08-01";"";"";"";"Hamburg";"indelivery";1000;"2019-10-23"
25023;"energy";"electricity";2500;2526;"2019-06-27";"2020-04-01";"";"";"";"Berlin";"indelivery";1001;"2020-02-10"
25024;"energy";"electricity";2600;2650;"2018-10-18";"2019-02-01";"";"";"";"Dresden";"indelivery";1001;"2020-05-25"
25025;"energy";"electricity";2500;2699;"2018-10-06";"2018-12-01";"";"";"";"Hamburg";"indelivery";1002;"2020-06-14"
25026;"energy";"gas";8300;8569;"2019-07-05";"2019-08-01";"";"";"";"Ulm";"indelivery";2001;"2020-08-14"
25027;"energy";"electricity";2600;2675;"2018-09-04";"2018-12-01";"2018-12-01";"2020-06-02";"Wiederruf";"Freiburg";"terminated";1001;"2020-06-02"
25028;"energy";"gas";8600;8714;"2018-01-01";"2018-05-01";"2020-05-31";"2020-04-27";"fristgerecht durch LichtBlick";"Altchemnitz";"terminated";2001;"2020-04-27"
25029;"energy";"electricity";2800;2928;"2019-02-26";"2019-04-01";"";"";"";"Erfurt";"indelivery";1000;"2019-05-08"
25030;"energy";"electricity";2500;2575;"2020-02-26";"2020-06-01";"";"";"";"Leipzig";"indelivery";1002;"2020-04-30"
25031;"energy";"electricity";3000;3095;"2020-05-01";"2020-07-01";"";"";"";"Münster";"indelivery";1001;"2020-09-28"
25032;"energy";"electricity";3000;2960;"2019-01-28";"2019-03-01";"2019-03-01";"2019-07-22";"Wiederruf";"Dortmund";"terminated";1001;"2019-05-03"
25033;"energy";"electricity";2600;2682;"2018-11-04";"2019-09-01";"";"";"";"Heide";"indelivery";1002;"2019-06-23"
25034;"energy";"electricity";2700;2763;"2018-03-13";"2018-12-01";"";"";"";"Kassel";"indelivery";1000;"2019-10-08"
25035;"energy";"electricity";2800;2732;"2020-09-17";"2020-11-01";"";"";"";"Hamburg";"active";1002;"2020-09-28"
25036;"energy";"gas";9500;10054;"2018-12-03";"2019-02-01";"";"";"";"Mannheim";"indelivery";2001;"2019-04-29"
25037;"energy";"electricity";2800;2859;"2018-06-30";"2018-08-01";"";"";"";"Dresden";"indelivery";1000;"2020-07-13"
25038;"energy";"electricity";2100;2021;"2020-01-14";"2020-03-01";"";"";"";"Wuppertal";"indelivery";1000;"2020-06-01"
25039;"energy";"electricity";2400;2391;"2020-02-24";"2020-04-01";"";"";"";"Berlin";"indelivery";1000;"2020-03-12"
25040;"energy";"electricity";2600;2527;"2018-06-09";"2018-08-01";"";"";"";"Berlin";"indelivery";1000;"2019-11-09"
25041;"energy";"electricity";2200;2314;"2018-10-24";"2019-02-01";"";"";"";"Lörrach";"indelivery";1000;"2019-07-30"
25042;"energy";"gas";10000;10390;"2018-03-25";"2018-05-01";"2020-01-31";"2019-12-30";"fristgerecht durch LichtBlick";"Schwerin";"terminated";2001;"2018-07-01"
25043;"energy";"electricity";2100;1968;"2018-11-04";"2019-05-01";"2020-12-31";"2020-12-03";"fristgerecht durch Kunde";"Dresden";"cancelled";1000;"2020-08-21"
25044;"energy";"electricity";2700;2744;"2020-02-09";"2020-08-01";"";"";"";"Stuttgart";"indelivery";1001;"2020-09-19"
25045;"energy";"electricity";2900;2875;"2019-01-06";"2019-04-01";"";"";"";"Münster";"indelivery";1002;"2019-10-28"
25046;"energy";"electricity";2000;2129;"2018-02-28";"2018-08-01";"";"";"";"Berlin";"indelivery";1001;"2018-05-27"
25047;"energy";"electricity";2800;2715;"2018-02-23";"2018-04-01";"";"";"";"Mannheim";"indelivery";1001;"2018-06-21"
25048;"energy";"electricity";2300;2246;"2019-11-06";"2020-01-01";"";"";"";"Cologne";"indelivery";1000;"2020-05-06"
25049;"energy";"electricity";2200;2134;"2020-04-16";"2020-06-01";"";"";"";"Dortmund";"indelivery";1001;"2020-07-24"
25050;"energy";"electricity";2700;2696;"2020-09-13";"2020-11-01";"";"";"";"Leipzig";"active";1000;"2020-09-21"
25051;"energy";"electricity";2500;2484;"2018-11-02";"2018-12-01";"";"";"";"Kiel";"indelivery";1002;"2019-09-06"
25052;"energy";"gas";10600;"";"2018-04-13";"2018-07-01";"";"";"";"Bremen";"indelivery";2001;"2018-07-21"
25053;"energy";"gas";10900;10840;"2018-12-14";"2019-03-01";"";"";"";"Berlin";"indelivery";2000;"2020-01-22"
25054;"energy";"electricity";2200;2130;"2019-06-19";"2020-02-01";"";"";"";"Saarbrücken";"indelivery";1002;"2019-11-04"
25055;"energy";"electricity";2200;2295;"2018-01-17";"2018-03-01";"2018-03-01";"2018-05-01";"Wiederruf";"Frankfurt";"terminated";1001;"2018-05-01"
25056;"energy";"gas";8800;8747;"2019-04-22";"2019-06-01";"2020-01-31";"2020-01-03";"fristgerecht durch Kunde";"Berlin";"terminated";2001;"2020-01-03"
25057;"energy";"gas";9500;9144;"2020-09-01";"2020-12-01";"";"";"";"Dortmund";"active";2000;"2020-09-07"
25058;"energy";"electricity";2800;2947;"2019-11-06";"2020-01-01";"";"";"";"Hannover";"indelivery";1002;"2020-07-24"
25059;"energy";"electricity";2300;2373;"2019-07-15";"2019-09-01";"";"";"";"Cologne";"indelivery";1000;"2020-02-14"
25060;"energy";"electricity";2700;2861;"2018-09-26";"2018-11-01";"";"";"";"Wiesbaden";"indelivery";1002;"2018-11-15"
25061;"energy";"electricity";2100;2052;"2019-06-18";"2019-09-01";"2020-11-30";"2020-11-02";"fristgerecht durch LichtBlick";"Hamburg";"cancelled";1000;"2020-03-10"
25062;"energy";"gas";10700;10943;"2020-03-27";"2020-10-01";"";"";"";"Berlin";"indelivery";2001;"2020-04-19"
25063;"energy";"electricity";2800;2704;"2019-01-25";"2019-03-01";"";"";"";"Augsburg";"indelivery";1002;"2019-03-09"
25064;"energy";"electricity";1900;1883;"2018-07-26";"2018-08-01";"2020-07-31";"2020-07-03";"fristgerecht durch Kunde";"Cologne";"terminated";1002;"2019-11-04"
25065;"energy";"electricity";1900;2037;"2020-09-13";"2020-10-01";"";"";"";"Berlin";"indelivery";1001;"2020-09-30"
25066;"energy";"electricity";3000;2922;"2018-01-05";"2018-03-01";"2019-05-31";"2019-05-03";"fristgerecht durch Kunde";"Bad Neuenahr-Ahrweiler";"terminated";1000;"2018-11-30"
25067;"energy";"electricity";2200;2145;"2019-12-23";"2020-01-01";"";"";"";"Dortmund";"indelivery";1002;"2020-05-29"
25068;"energy";"electricity";2500;2516;"2018-11-28";"2019-07-01";"";"";"";"Augsburg";"indelivery";1000;"2018-12-10"
25069;"energy";"electricity";2600;2550;"2019-12-19";"2020-02-01";"";"";"";"Düsseldorf";"indelivery";1000;"2020-03-11"
25070;"energy";"electricity";2300;2299;"2020-08-25";"2020-10-01";"";"";"";"Bottrop";"indelivery";1001;"2020-08-25"
25071;"energy";"electricity";1900;1945;"2019-08-13";"2019-10-01";"";"";"";"Berlin";"indelivery";1000;"2019-08-18"
25072;"energy";"electricity";2400;2341;"2018-12-28";"2019-01-01";"2020-05-31";"2020-05-01";"fristgerecht durch LichtBlick";"Marienberg";"terminated";1000;"2019-12-10"
25073;"energy";"electricity";3000;2836;"2019-05-24";"2019-10-01";"";"";"";"Essen";"indelivery";1002;"2019-12-12"
25074;"energy";"electricity";2500;2477;"2020-05-29";"2020-07-01";"";"";"";"Berlin";"indelivery";1001;"2020-07-25"
25075;"energy";"electricity";2800;"";"2020-05-01";"2020-10-01";"";"";"";"Jena";"indelivery";1001;"2020-07-06"
25076;"energy";"electricity";2500;2613;"2018-04-14";"2018-10-01";"2020-12-31";"2020-12-01";"fristgerecht durch Kunde";"Karlsruhe";"cancelled";1002;"2020-06-06"
25077;"energy";"electricity";2700;2829;"2019-11-18";"2020-06-01";"";"";"";"Wuppertal";"indelivery";1002;"2020-06-25"
25078;"energy";"electricity";2500;"";"2019-03-26";"2019-04-01";"";"";"";"Hamburg";"indelivery";1000;"2020-06-30"
25079;"energy";"electricity";3000;3026;"2020-01-23";"2020-02-01";"";"";"";"Hamburg";"indelivery";1001;"2020-07-25"
25080;"energy";"electricity";3000;2954;"2020-09-21";"2021-01-01";"";"";"";"Landshut";"active";1001;"2020-09-27"
25081;"energy";"electricity";2400;2561;"2019-01-15";"2019-06-01";"2020-09-30";"2020-09-02";"fristgerecht durch LichtBlick";"Berlin";"terminated";1000;"2020-01-07"
25082;"energy";"gas";10100;10212;"2020-06-08";"2020-09-01";"";"";"";"Bonn";"indelivery";2000;"2020-08-13"
25083;"energy";"electricity";2900;2936;"2019-06-17";"2020-01-01";"";"";"";"Flensburg";"indelivery";1000;"2019-09-30"
25084;"energy";"electricity";2600;2635;"2018-07-15";"2018-10-01";"";"";"";"Magdeburg";"indelivery";1002;"2020-03-21"
25085;"energy";"electricity";3000;2978;"2018-12-26";"2019-03-01";"2019-03-01";"2020-06-27";"Wiederruf";"Bremerhaven";"terminated";1002;"2020-01-04"
25086;"energy";"electricity";2300;2331;"2020-04-10";"2020-06-01";"";"";"";"Rostock";"indelivery";1002;"2020-04-29"
25087;"energy";"gas";11800;"";"2019-06-05";"2020-01-01";"";"";"";"Düsseldorf";"indelivery";2001;"2020-02-19"
25088;"energy";"gas";10400;10225;"2019-02-17";"2019-05-01";"";"";"";"Freiburg";"indelivery";2000;"2019-09-02"
25089;"energy";"electricity";2000;2121;"2019-10-08";"2020-02-01";"";"";"";"Frankfurt";"indelivery";1000;"2020-05-09"
25090;"energy";"gas";9800;10302;"2018-11-11";"2018-12-01";"";"";"";"Flensburg";"indelivery";2000;"2019-05-18"
25091;"energy";"electricity";2900;3104;"2019-11-26";"2020-01-01";"";"";"";"Karlsruhe";"indelivery";1001;"2020-08-16"
25092;"energy";"electricity";2300;2419;"2019-04-22";"2019-06-01";"";"";"";"Lübeck";"indelivery";1002;"2019-10-16"
25093;"energy";"electricity";2600;2758;"2019-07-09";"2019-11-01";"";"";"";"Emden";"indelivery";1000;"2019-08-01"
25094;"energy";"electricity";2000;2035;"2018-09-26";"2018-12-01";"";"";"";"Augsburg";"indelivery";1001;"2020-01-29"
25095;"energy";"electricity";2300;2319;"2020-03-19";"2020-06-01";"";"";"";"Berlin";"indelivery";1001;"2020-06-11"
25096;"energy";"electricity";2500;2533;"2019-09-20";"2020-02-01";"";"";"";"Stuttgart";"indelivery";1002;"2020-03-23"
25097;"energy";"electricity";2400;2594;"2019-05-04";"2019-12-01";"";"";"";"Berlin";"indelivery";1001;"2020-05-14"
25098;"energy";"electricity";2800;2811;"2019-05-12";"2020-01-01";"";"";"";"Bremen";"indelivery";1001;"2019-12-18"
25099;"energy";"electricity";2700;2802;"2020-06-29";"2020-08-01";"";"";"";"Göttingen";"indelivery";1001;"2020-08-27"
25100;"energy";"electricity";2500;2528;"2020-08-18";"2021-02-01";"";"";"";"Cologne";"active";1001;"2020-09-17"
25101;"energy";"electricity";2600;2616;"2020-06-08";"2020-11-01";"";"";"";"Bremen";"active";1000;"2020-07-11"
25102;"energy";"electricity";2900;3008;"2018-05-10";"2018-08-01";"2020-01-31";"2019-12-31";"fristgerecht durch Kunde";"Magdeburg";"terminated";1000;"2019-12-31"
25103;"energy";"electricity";2100;2140;"2019-08-12";"2020-04-01";"";"";"";"Dresden";"indelivery";1001;"2020-07-09"
25104;"energy";"electricity";2500;2730;"2018-11-29";"2019-05-01";"";"";"";"Bremen";"indelivery";1000;"2020-05-29"
25105;"energy";"gas";11200;11971;"2019-08-03";"2019-09-01";"";"";"";"Dortmund";"indelivery";2001;"2019-10-31"
25106;"energy";"gas";9100;9426;"2018-08-01";"2019-06-01";"2020-02-29";"2020-01-31";"Umzug";"Würzburg";"terminated";2001;"2020-01-31"
25107;"energy";"electricity";2900;2912;"2018-09-01";"2018-11-01";"2019-03-31";"2019-03-01";"fristgerecht durch Kunde";"Lübeck";"terminated";1002;"2019-03-01"
25108;"energy";"electricity";2200;"";"2018-02-03";"2018-03-01";"";"";"";"Altchemnitz";"indelivery";1000;"2019-05-16"
25109;"energy";"electricity";2300;2266;"2018-04-06";"2018-09-01";"";"";"";"Saarbrücken";"indelivery";1001;"2020-09-13"
25110;"energy";"gas";9500;9306;"2020-01-25";"2020-07-01";"";"";"";"Munich";"indelivery";2001;"2020-05-13"
25111;"energy";"electricity";2600;2652;"2020-01-31";"2020-04-01";"";"";"";"Duisburg";"indelivery";1002;"2020-04-24"
25112;"energy";"electricity";2700;2733;"2020-08-16";"2020-11-01";"";"";"";"Berlin";"active";1002;"2020-08-26"
25113;"energy";"electricity";2200;2242;"2019-06-17";"2020-02-01";"";"";"";"Hamburg";"indelivery";1000;"2019-06-18"
25114;"energy";"electricity";2600;"";"2019-06-19";"2019-08-01";"";"";"";"Dortmund";"indelivery";1001;"2019-09-01"
25115;"energy";"electricity";2200;2201;"2020-05-18";"2020-09-01";"";"";"";"Münster";"indelivery";1000;"2020-06-29"
25116;"energy";"gas";11600;11320;"2020-06-29";"2020-09-01";"";"";"";"Freiburg";"indelivery";2001;"2020-09-24"
25117;"energy";"electricity";2900;2780;"2019-08-25";"2019-09-01";"2019-10-31";"2019-10-03";"fristgerecht durch LichtBlick";"Hamburg";"terminated";1001;"2019-10-03"
25118;"energy";"gas";8100;7736;"2020-09-28";"2021-08-01";"";"";"";"Heidelberg";"active";2000;"2020-09-29"
25119;"energy";"electricity";3000;3024;"2020-01-26";"2020-03-01";"";"";"";"Halle";"indelivery";1000;"2020-09-01"
25120;"energy";"electricity";2100;2222;"2020-04-28";"2020-08-01";"";"";"";"Göttingen";"indelivery";1000;"2020-09-05"
25121;"energy";"electricity";2000;1990;"2019-05-28";"2019-12-01";"";"";"";"Osnabrück";"indelivery";1001;"2020-07-06"
25122;"energy";"electricity";2600;2726;"2018-08-19";"2019-12-01";"";"";"";"Hamburg";"indelivery";1000;"2019-07-05"
25123;"energy";"electricity";2600;2492;"2019-11-03";"2020-01-01";"2020-06-30";"2020-05-30";"Umzug";"Augsburg";"terminated";1000;"2020-02-01"
25124;"energy";"electricity";2700;2873;"2019-12-15";"2020-03-01";"2020-12-31";"2020-12-03";"fristgerecht durch Kunde";"Bremen";"cancelled";1000;"2020-09-30"
25125;"energy";"electricity";2300;2481;"2018-11-14";"2019-03-01";"";"";"";"Berlin";"indelivery";1001;"2020-06-13"
25126;"energy";"electricity";2900;3032;"2020-04-13";"2020-06-01";"";"";"";"Leipzig";"indelivery";1002;"2020-09-05"
25127;"energy";"electricity";2500;2611;"2020-09-11";"2020-12-01";"";"";"";"Frankfurt";"active";1002;"2020-09-22"
25128;"energy";"electricity";2600;2608;"2020-08-13";"2020-10-01";"";"";"";"Wuppertal";"indelivery";1000;"2020-09-07"
25129;"energy";"electricity";2200;2328;"2018-03-26";"2018-11-01";"2019-06-30";"2019-06-02";"fristgerecht durch LichtBlick";"Stuttgart";"terminated";1002;"2019-06-02"
25130;"energy";"electricity";2600;2579;"2018-08-02";"2018-12-01";"";"";"";"Dresden";"indelivery";1002;"2018-12-11"
25131;"energy";"electricity";2300;2416;"2019-11-13";"2020-05-01";"";"";"";"Frankfurt";"indelivery";1001;"2020-07-20"
25132;"energy";"electricity";2200;2215;"2019-10-17";"2019-12-01";"";"";"";"Magdeburg";"indelivery";1002;"2020-04-13"
25133;"energy";"electricity";2800;2830;"2018-10-04";"2020-01-01";"2020-11-30";"2020-10-26";"fristgerecht durch Kunde";"Berlin";"cancelled";1000;"2020-02-11"
25134;"energy";"gas";11600;11432;"2018-09-26";"2019-03-01";"2019-08-31";"2019-08-03";"fristgerecht durch Kunde";"Mainz";"terminated";2000;"2019-08-03"
25135;"energy";"electricity";2500;2394;"2018-01-22";"2018-05-01";"";"";"";"Hamburg";"indelivery";1001;"2020-01-22"
25136;"energy";"electricity";2900;3067;"2019-09-24";"2019-12-01";"";"";"";"Altchemnitz";"indelivery";1002;"2020-02-12"
25137;"energy";"electricity";2600;2530;"2019-10-16";"2019-11-01";"";"";"";"Münster";"indelivery";1001;"2020-07-31"
25138;"energy";"electricity";2100;2032;"2020-03-17";"2020-05-01";"";"";"";"Düsseldorf";"indelivery";1000;"2020-08-02"
25139;"energy";"electricity";2800;2740;"2020-08-22";"2020-10-01";"";"";"";"Erfurt";"indelivery";1000;"2020-09-10"
25140;"energy";"electricity";2600;2568;"2018-12-01";"2019-01-01";"";"";"";"Augsburg";"indelivery";1000;"2020-07-01"
25141;"energy";"electricity";2300;2497;"2018-11-23";"2019-01-01";"2019-02-28";"2019-01-31";"Umzug";"Potsdam";"terminated";1000;"2019-01-31"
25142;"energy";"electricity";2700;2614;"2018-11-30";"2019-06-01";"2019-09-30";"2019-08-31";"Umzug";"Münster";"terminated";1000;"2019-08-31"
25143;"energy";"electricity";2700;2639;"2018-03-31";"2018-05-01";"";"";"";"Regensburg";"indelivery";1000;"2018-07-03"
25144;"energy";"electricity";2300;2372;"2019-05-18";"2019-12-01";"";"";"";"Berlin";"indelivery";1000;"2020-04-23"
25145;"energy";"electricity";2900;3091;"2018-03-23";"2018-04-01";"2018-04-01";"2020-03-31";"Wiederruf";"Hamburg";"terminated";1000;"2020-03-31"
25146;"energy";"electricity";2900;3055;"2018-05-12";"2019-04-01";"";"";"";"Frankfurt";"indelivery";1002;"2019-10-09"
25147;"energy";"gas";11000;11474;"2018-05-17";"2018-07-01";"";"";"";"Wiesbaden";"indelivery";2001;"2018-09-10"
25148;"energy";"electricity";2300;2209;"2019-04-24";"2019-06-01";"";"";"";"Hamburg";"indelivery";1001;"2020-01-29"
25149;"energy";"gas";10700;11500;"2020-07-17";"2020-09-01";"";"";"";"Wuppertal";"indelivery";2001;"2020-08-06"
25150;"energy";"electricity";2400;2506;"2020-05-26";"2021-03-01";"";"";"";"Essen";"active";1002;"2020-08-13"
25151;"energy";"electricity";2100;2045;"2018-08-07";"2018-11-01";"2019-05-31";"2019-04-27";"fristgerecht durch LichtBlick";"Schwerin";"terminated";1000;"2019-04-27"
25152;"energy";"electricity";2200;2367;"2018-01-09";"2018-05-01";"";"";"";"Cologne";"indelivery";1002;"2019-10-18"
25153;"energy";"gas";10400;10331;"2019-08-13";"2019-12-01";"";"";"";"Marienberg";"indelivery";2000;"2019-08-14"
25154;"energy";"electricity";2100;2298;"2019-05-14";"2020-06-01";"";"";"";"Berlin";"indelivery";1000;"2020-06-03"
25155;"energy";"electricity";2600;2640;"2018-12-27";"2019-04-01";"2019-06-30";"2019-05-30";"Umzug";"Marienberg";"terminated";1002;"2019-05-15"
25156;"energy";"gas";11800;12324;"2020-09-14";"2020-12-01";"";"";"";"Apolda";"active";2001;"2020-09-15"
25157;"energy";"electricity";2100;2014;"2019-03-05";"2019-05-01";"";"";"";"Hannover";"indelivery";1001;"2020-01-12"
25158;"energy";"electricity";2200;2060;"2018-12-22";"2019-04-01";"";"";"";"Duisburg";"indelivery";1000;"2019-12-19"
25159;"energy";"electricity";2500;2626;"2018-08-23";"2019-05-01";"";"";"";"Bielefeld";"indelivery";1000;"2020-01-04"
25160;"energy";"electricity";2800;2664;"2018-05-12";"2018-08-01";"2018-08-01";"2020-09-02";"Wiederruf";"Essen";"terminated";1001;"2019-04-16"
25161;"energy";"electricity";2600;2603;"2018-02-04";"2018-05-01";"";"";"";"Dortmund";"indelivery";1001;"2020-03-22"
25162;"energy";"electricity";2400;2494;"2018-10-05";"2019-04-01";"";"";"";"Karlsruhe";"indelivery";1000;"2019-07-19"
25163;"energy";"electricity";2000;"";"2018-01-17";"2018-06-01";"";"";"";"Munich";"indelivery";1000;"2020-07-16"
25164;"energy";"electricity";2700;2544;"2018-07-24";"2019-02-01";"";"";"";"Altchemnitz";"indelivery";1000;"2019-06-11"
25165;"energy";"electricity";2200;2121;"2020-06-11";"2020-08-01";"";"";"";"Hofeck";"indelivery";1001;"2020-06-20"
25166;"energy";"electricity";2600;2464;"2018-05-04";"2019-06-01";"2020-11-30";"2020-10-31";"Umzug";"Fürth";"cancelled";1001;"2018-10-15"
25167;"energy";"electricity";2600;2724;"2019-09-16";"2020-01-01";"";"";"";"Bergheim";"indelivery";1001;"2020-04-06"
25168;"energy";"electricity";2500;2574;"2018-10-10";"2019-11-01";"";"";"";"Cologne";"indelivery";1002;"2020-01-07"
25169;"energy";"electricity";2900;3115;"2018-03-14";"2018-05-01";"";"";"";"Frankfurt";"indelivery";1002;"2019-02-06"
25170;"energy";"electricity";2300;2520;"2018-03-27";"2018-11-01";"";"";"";"Cologne";"indelivery";1001;"2019-10-21"
25171;"energy";"gas";10000;10350;"2020-09-30";"2021-02-01";"";"";"";"Potsdam";"active";2000;"2020-09-30"
25172;"energy";"electricity";2400;2428;"2019-08-26";"2019-10-01";"";"";"";"Berlin";"indelivery";1001;"2019-09-19"
25173;"energy";"electricity";2900;2781;"2018-12-17";"2019-04-01";"";"";"";"Calw";"indelivery";1002;"2019-10-26"
25174;"energy";"gas";8700;8906;"2019-09-29";"2020-04-01";"";"";"";"Dortmund";"indelivery";2000;"2020-08-02"
25175;"energy";"electricity";2200;2112;"2018-06-28";"2018-10-01";"";"";"";"Bremen";"indelivery";1001;"2020-04-28"
25176;"energy";"electricity";2400;2486;"2019-02-26";"2020-02-01";"";"";"";"Magdeburg";"indelivery";1000;"2020-08-22"
25177;"energy";"gas";8900;9276;"2019-01-09";"2019-02-01";"";"";"";"Hamburg";"indelivery";2001;"2020-09-28"
25178;"energy";"electricity";2000;2017;"2018-05-22";"2018-10-01";"";"";"";"Stralsund";"indelivery";1002;"2019-03-22"
25179;"energy";"electricity";2500;2493;"2018-03-17";"2018-05-01";"";"";"";"Munich";"indelivery";1000;"2020-08-04"
25180;"energy";"electricity";2000;1919;"2018-11-01";"2018-12-01";"";"";"";"Berlin";"indelivery";1002;"2020-02-27"
25181;"energy";"electricity";2500;2613;"2020-01-26";"2020-03-01";"";"";"";"Essen";"indelivery";1000;"2020-05-25"
25182;"energy";"electricity";2000;2065;"2019-03-08";"2019-04-01";"";"";"";"Bremen";"indelivery";1001;"2019-04-29"
25183;"energy";"electricity";2100;2239;"2019-01-11";"2019-07-01";"";"";"";"Frankfurt";"indelivery";1001;"2019-11-10"
25184;"energy";"electricity";2600;2611;"2018-04-12";"2018-05-01";"2020-11-30";"2020-10-20";"fristgerecht durch LichtBlick";"Dingolfing";"cancelled";1002;"2019-04-13"
25185;"energy";"electricity";2400;2274;"2020-04-07";"2020-09-01";"";"";"";"Cologne";"indelivery";1000;"2020-07-16"
25186;"energy";"electricity";2600;2639;"2020-09-15";"2020-10-01";"";"";"";"Munich";"indelivery";1001;"2020-09-27"
25187;"energy";"electricity";2800;2972;"2019-01-06";"2019-09-01";"";"";"";"Cologne";"indelivery";1002;"2019-09-08"
25188;"energy";"electricity";2400;2324;"2019-12-23";"2020-04-01";"";"";"";"Wuppertal";"indelivery";1001;"2020-03-11"
25189;"energy";"electricity";3000;2858;"2018-10-19";"2018-12-01";"";"";"";"Karlsruhe";"indelivery";1002;"2018-11-02"
25190;"energy";"electricity";2100;2223;"2020-04-16";"2021-08-01";"";"";"";"Bremerhaven";"active";1000;"2020-09-13"
25191;"energy";"gas";10000;10316;"2018-09-05";"2018-11-01";"";"";"";"Dortmund";"indelivery";2000;"2019-03-09"
25192;"energy";"electricity";2300;2372;"2019-03-21";"2019-05-01";"";"";"";"Coburg";"indelivery";1002;"2020-06-02"
25193;"energy";"electricity";2100;2156;"2019-07-19";"2020-07-01";"";"";"";"Hamburg";"indelivery";1000;"2020-04-07"
25194;"energy";"electricity";2700;2631;"2020-05-21";"2020-06-01";"";"";"";"Berlin";"indelivery";1001;"2020-08-19"
25195;"energy";"electricity";2800;2828;"2018-09-18";"2019-01-01";"";"";"";"Berlin";"indelivery";1002;"2019-03-11"
25196;"energy";"gas";10700;10977;"2019-06-14";"2019-08-01";"";"";"";"Stralsund";"indelivery";2001;"2019-12-28"
25197;"energy";"electricity";2500;2515;"2018-11-20";"2019-02-01";"2020-08-31";"2020-08-03";"fristgerecht durch Kunde";"Neumünster";"terminated";1002;"2018-11-26"
25198;"energy";"gas";11200;11276;"2019-03-25";"2019-10-01";"2020-01-31";"2019-12-31";"Umzug";"Munich";"terminated";2000;"2019-04-25"
25199;"energy";"electricity";2100;2192;"2018-04-26";"2018-10-01";"";"";"";"Munich";"indelivery";1001;"2019-09-30"
25200;"energy";"electricity";2600;2582;"2019-05-06";"2019-10-01";"";"";"";"Marienberg";"indelivery";1000;"2020-04-16"
25201;"energy";"electricity";2800;3046;"2019-12-18";"2020-05-01";"";"";"";"Berlin";"indelivery";1002;"2020-03-22"
25202;"energy";"electricity";2000;2208;"2019-02-20";"2019-06-01";"2020-09-30";"2020-08-29";"fristgerecht durch LichtBlick";"Bremen";"terminated";1000;"2020-02-02"
25203;"energy";"electricity";2200;2145;"2019-11-07";"2020-01-01";"";"";"";"Bremerhaven";"indelivery";1002;"2019-12-24"
25204;"energy";"electricity";2600;2472;"2019-03-31";"2019-08-01";"2020-04-30";"2020-04-01";"fristgerecht durch Kunde";"Oldenburg";"terminated";1001;"2020-04-01"
25205;"energy";"electricity";2800;2925;"2019-04-01";"2019-06-01";"2019-06-01";"2019-09-02";"Wiederruf";"Oldenburg";"terminated";1001;"2019-09-02"
25206;"energy";"electricity";2500;2583;"2019-03-30";"2019-05-01";"";"";"";"Celle";"indelivery";1000;"2020-08-17"
25207;"energy";"electricity";2600;2479;"2019-09-13";"2019-11-01";"";"";"";"Düsseldorf";"indelivery";1002;"2019-12-08"
25208;"energy";"gas";10500;10719;"2018-11-17";"2019-02-01";"";"";"";"Berlin";"indelivery";2001;"2019-05-16"
25209;"energy";"electricity";2900;3048;"2018-06-24";"2018-07-01";"";"";"";"Leipzig";"indelivery";1002;"2019-01-11"
25210;"energy";"electricity";2200;2208;"2018-08-13";"2018-11-01";"";"";"";"Essen";"indelivery";1001;"2020-01-23"
25211;"energy";"electricity";2400;2471;"2020-04-19";"2020-06-01";"";"";"";"Gießen";"indelivery";1002;"2020-09-07"
25212;"energy";"electricity";2700;2704;"2020-08-05";"2021-07-01";"";"";"";"Mainz";"active";1001;"2020-08-09"
25213;"energy";"electricity";2100;2035;"2020-04-17";"2020-07-01";"";"";"";"Munich";"indelivery";1000;"2020-08-11"
25214;"energy";"electricity";2600;2440;"2020-07-08";"2020-09-01";"";"";"";"Cologne";"indelivery";1000;"2020-09-11"
25215;"energy";"electricity";2400;2583;"2019-11-24";"2020-04-01";"";"";"";"Munich";"indelivery";1002;"2020-04-15"
25216;"energy";"electricity";3000;3076;"2019-03-26";"2019-11-01";"";"";"";"Marienberg";"indelivery";1002;"2019-11-08"
25217;"energy";"electricity";2900;2943;"2019-12-18";"2020-01-01";"2020-04-30";"2020-03-26";"fristgerecht durch LichtBlick";"Sigmaringen";"terminated";1002;"2020-03-26"
25218;"energy";"electricity";2400;2469;"2020-04-27";"2020-05-01";"";"";"";"Bremen";"indelivery";1000;"2020-09-11"
25219;"energy";"electricity";2100;2231;"2018-02-04";"2018-05-01";"";"";"";"Chemnitz";"indelivery";1002;"2020-06-17"
25220;"energy";"electricity";2300;2483;"2018-06-21";"2018-09-01";"";"";"";"Meschede";"indelivery";1001;"2019-10-13"
25221;"energy";"electricity";2200;2237;"2019-11-24";"2020-05-01";"";"";"";"Frankfurt";"indelivery";1001;"2020-01-24"
25222;"energy";"electricity";2900;2849;"2018-07-08";"2018-09-01";"2020-11-30";"2020-11-01";"Umzug";"Bielefeld";"cancelled";1000;"2018-07-27"
25223;"energy";"electricity";2700;2932;"2019-12-01";"2020-05-01";"";"";"";"Karlsruhe";"indelivery";1001;"2020-06-18"
25224;"energy";"electricity";2700;"";"2020-03-25";"2020-06-01";"";"";"";"Berlin";"indelivery";1002;"2020-08-10"
25225;"energy";"electricity";2700;2563;"2018-06-07";"2018-11-01";"";"";"";"Hannover";"indelivery";1000;"2019-09-06"
25226;"energy";"electricity";2400;2291;"2018-03-01";"2018-08-01";"";"";"";"Hannover";"indelivery";1002;"2019-12-12"
25227;"energy";"gas";9500;9748;"2019-11-23";"2020-09-01";"";"";"";"Hamburg";"indelivery";2001;"2020-02-01"
25228;"energy";"gas";10000;9458;"2018-01-09";"2018-02-01";"";"";"";"Frankfurt";"indelivery";2000;"2019-03-13"
25229;"energy";"electricity";2300;2483;"2019-11-17";"2020-01-01";"";"";"";"Sondershausen";"indelivery";1002;"2020-05-21"
25230;"energy";"electricity";2500;2404;"2018-02-25";"2018-05-01";"";"";"";"Berlin";"indelivery";1000;"2019-07-16"
25231;"energy";"gas";10200;10534;"2020-04-20";"2020-07-01";"2020-08-31";"2020-07-27";"fristgerecht durch Kunde";"Heidelberg";"terminated";2001;"2020-05-28"
25232;"energy";"electricity";2200;2219;"2019-11-25";"2020-01-01";"";"";"";"Augsburg";"indelivery";1002;"2020-04-03"
25233;"energy";"gas";10000;9932;"2019-03-28";"2019-05-01";"";"";"";"Berlin";"indelivery";2001;"2020-05-19"
25234;"energy";"electricity";2600;2555;"2020-08-22";"2020-12-01";"";"";"";"Duisburg";"active";1002;"2020-09-08"
25235;"energy";"electricity";2300;2506;"2019-10-28";"2020-01-01";"";"";"";"Dresden";"indelivery";1001;"2020-09-16"
25236;"energy";"electricity";2500;2649;"2019-09-08";"2019-11-01";"";"";"";"Munich";"indelivery";1002;"2020-05-08"
25237;"energy";"electricity";2600;2834;"2020-04-14";"2020-09-01";"";"";"";"Frankfurt";"indelivery";1002;"2020-04-24"
25238;"energy";"electricity";2400;2401;"2020-03-06";"2021-04-01";"";"";"";"Berlin";"active";1001;"2020-05-09"
25239;"energy";"electricity";1900;"";"2018-11-01";"2019-06-01";"";"";"";"Cologne";"indelivery";1002;"2020-06-17"
25240;"energy";"electricity";2000;2088;"2018-04-25";"2019-01-01";"";"";"";"Frankfurt";"indelivery";1000;"2019-11-19"
25241;"energy";"electricity";2800;2671;"2018-02-20";"2018-09-01";"";"";"";"Mannheim";"indelivery";1002;"2019-07-25"
25242;"energy";"electricity";2800;2800;"2019-11-07";"2020-01-01";"";"";"";"Munich";"indelivery";1002;"2020-05-06"
25243;"energy";"electricity";2600;2563;"2019-03-14";"2019-05-01";"";"";"";"Hamburg";"indelivery";1000;"2020-01-21"
25244;"energy";"electricity";2900;3070;"2020-06-26";"2020-07-01";"";"";"";"Magdeburg";"indelivery";1001;"2020-08-06"
25245;"energy";"electricity";2200;2246;"2019-05-29";"2019-09-01";"";"";"";"Berlin";"indelivery";1000;"2020-06-07"
25246;"energy";"electricity";2900;2798;"2018-12-30";"2019-07-01";"";"";"";"Berlin";"indelivery";1000;"2019-11-14"
25247;"energy";"electricity";2800;2822;"2019-02-19";"2019-09-01";"";"";"";"Hannover";"indelivery";1001;"2020-08-29"
25248;"energy";"electricity";2900;2784;"2020-09-14";"2020-11-01";"";"";"";"Düsseldorf";"active";1001;"2020-09-15"
25249;"energy";"electricity";2600;2812;"2019-05-16";"2019-06-01";"";"";"";"Frankfurt";"indelivery";1001;"2020-05-24"
25250;"energy";"electricity";2000;1999;"2019-08-31";"2020-02-01";"2020-02-01";"2020-10-30";"Wiederruf";"Berlin";"terminated";1002;"2020-03-10"
25251;"energy";"electricity";2900;3063;"2020-09-20";"2020-12-01";"";"";"";"Stuttgart";"active";1001;"2020-09-29"
25252;"energy";"electricity";2800;"";"2020-02-28";"2020-04-01";"2020-06-30";"2020-06-02";"fristgerecht durch LichtBlick";"Heidelberg";"terminated";1000;"2020-06-02"
25253;"energy";"electricity";2200;2252;"2019-09-03";"2020-05-01";"";"";"";"Wuppertal";"indelivery";1001;"2020-07-04"
25254;"energy";"electricity";2200;2198;"2019-09-24";"2020-02-01";"2020-09-30";"2020-08-29";"fristgerecht durch LichtBlick";"Berlin";"terminated";1000;"2019-12-13"
25255;"energy";"electricity";2500;2402;"2018-10-20";"2019-03-01";"";"";"";"Fulda";"indelivery";1001;"2019-11-02"
25256;"energy";"electricity";2700;2688;"2018-06-25";"2019-01-01";"";"";"";"Braunschweig";"indelivery";1002;"2020-07-20"
25257;"energy";"electricity";2800;2816;"2019-09-27";"2019-12-01";"";"";"";"Mannheim";"indelivery";1000;"2020-07-28"
25258;"energy";"electricity";2500;2460;"2018-03-24";"2018-05-01";"";"";"";"Cologne";"indelivery";1000;"2018-04-14"
25259;"energy";"electricity";2000;1975;"2018-06-05";"2018-12-01";"2019-01-31";"2018-12-29";"fristgerecht durch Kunde";"Berlin";"terminated";1001;"2018-06-05"
25260;"energy";"electricity";2000;"";"2020-07-27";"2020-08-01";"2020-09-30";"2020-08-31";"fristgerecht durch LichtBlick";"Marienberg";"terminated";1001;"2020-08-18"
25261;"energy";"gas";8500;"";"2020-07-16";"2020-09-01";"";"";"";"Bielefeld";"indelivery";2000;"2020-09-16"
25262;"energy";"gas";10600;10072;"2019-03-21";"2019-09-01";"";"";"";"Göttingen";"indelivery";2001;"2019-04-29"
25263;"energy";"electricity";2400;2449;"2020-02-07";"2020-04-01";"";"";"";"Rostock";"indelivery";1002;"2020-06-07"
25264;"energy";"gas";10000;9696;"2019-07-21";"2019-08-01";"";"";"";"Frankfurt";"indelivery";2001;"2019-08-29"
25265;"energy";"electricity";2500;2439;"2018-06-03";"2018-08-01";"2020-08-31";"2020-08-01";"fristgerecht durch Kunde";"Munich";"terminated";1001;"2019-08-25"
25266;"energy";"electricity";2700;2892;"2020-05-18";"2020-08-01";"";"";"";"Oldenburg";"indelivery";1001;"2020-09-16"
25267;"energy";"electricity";2200;2247;"2020-05-14";"2020-09-01";"";"";"";"Essen";"indelivery";1002;"2020-06-19"
25268;"energy";"gas";8900;8556;"2019-01-06";"2019-06-01";"";"";"";"Cologne";"indelivery";2001;"2020-08-22"
25269;"energy";"electricity";2700;2903;"2018-04-08";"2018-09-01";"2018-09-01";"2019-06-27";"Wiederruf";"Augsburg";"terminated";1000;"2018-06-27"
25270;"energy";"electricity";2900;3031;"2019-06-17";"2020-07-01";"";"";"";"Wuppertal";"indelivery";1002;"2020-05-14"
25271;"energy";"gas";11000;"";"2019-08-18";"2019-10-01";"";"";"";"Bielefeld";"indelivery";2001;"2020-08-13"
25272;"energy";"electricity";2100;2127;"2018-08-12";"2018-09-01";"";"";"";"Wuppertal";"indelivery";1000;"2018-08-29"
25273;"energy";"electricity";2500;2384;"2018-07-15";"2019-01-01";"";"";"";"Essen";"indelivery";1001;"2019-07-28"
25274;"energy";"electricity";2300;2370;"2018-01-07";"2019-07-01";"2020-10-31";"2020-09-25";"Umzug";"Berlin";"cancelled";1001;"2019-03-04"
25275;"energy";"electricity";2600;2596;"2020-05-12";"2020-06-01";"";"";"";"Mönchengladbach";"indelivery";1001;"2020-06-04"
25276;"energy";"electricity";3000;3069;"2020-06-28";"2020-08-01";"";"";"";"Saarbrücken";"indelivery";1000;"2020-08-13"
25277;"energy";"electricity";2700;2632;"2020-07-18";"2020-11-01";"";"";"";"Marienberg";"active";1000;"2020-08-02"
25278;"energy";"electricity";2000;2068;"2018-06-03";"2018-09-01";"";"";"";"Augsburg";"indelivery";1000;"2018-11-11"
25279;"energy";"electricity";2800;2910;"2020-03-30";"2020-08-01";"";"";"";"Rostock";"indelivery";1000;"2020-06-17"
25280;"energy";"electricity";2500;"";"2018-06-21";"2018-12-01";"2018-12-01";"2020-11-02";"Wiederruf";"Würzburg";"terminated";1002;"2020-04-22"
25281;"energy";"electricity";2700;2921;"2020-09-29";"2020-10-01";"";"";"";"Munich";"indelivery";1000;"2020-09-30"
25282;"energy";"electricity";2100;"";"2020-08-04";"2020-09-01";"";"";"";"Wiesbaden";"indelivery";1001;"2020-08-12"
25283;"energy";"electricity";2300;2389;"2019-12-04";"2020-02-01";"";"";"";"Berlin";"indelivery";1002;"2020-04-06"
25284;"energy";"electricity";2700;2824;"2018-07-14";"2018-09-01";"";"";"";"Oranienburg";"indelivery";1000;"2020-04-05"
25285;"energy";"electricity";2200;2178;"2019-09-03";"2020-12-01";"";"";"";"Hannover";"active";1001;"2019-10-25"
25286;"energy";"electricity";2200;2257;"2019-02-07";"2019-04-01";"2019-04-01";"2020-08-02";"Wiederruf";"Würzburg";"terminated";1002;"2019-04-12"
25287;"energy";"electricity";2200;2052;"2020-07-02";"2021-03-01";"";"";"";"Berlin";"active";1002;"2020-07-28"
25288;"energy";"electricity";2400;2290;"2020-03-28";"2020-10-01";"";"";"";"Kassel";"indelivery";1002;"2020-05-02"
25289;"energy";"electricity";2200;2253;"2018-09-05";"2019-04-01";"";"";"";"Schwerin";"indelivery";1000;"2020-07-25"
25290;"energy";"gas";8700;9221;"2019-04-23";"2019-09-01";"";"";"";"Hamburg";"indelivery";2001;"2020-06-08"
25291;"energy";"electricity";2700;2567;"2020-06-11";"2021-08-01";"";"";"";"Bonn";"active";1002;"2020-08-25"
25292;"energy";"electricity";2000;1956;"2020-03-27";"2020-04-01";"";"";"";"Oldenburg";"indelivery";1000;"2020-05-02"
25293;"energy";"gas";9000;9255;"2018-03-24";"2018-04-01";"2018-04-01";"2019-04-26";"Wiederruf";"Hamburg";"terminated";2001;"2019-03-25"
25294;"energy";"electricity";2400;2308;"2020-09-19";"2021-03-01";"";"";"";"Stuttgart";"active";1001;"2020-09-27"
25295;"energy";"electricity";2300;2483;"2020-04-27";"2020-07-01";"";"";"";"Hamburg";"indelivery";1002;"2020-06-22"
25296;"energy";"electricity";2400;2319;"2018-05-24";"2018-07-01";"";"";"";"Emden";"indelivery";1002;"2018-06-29"
25297;"energy";"electricity";2200;2323;"2018-02-26";"2018-04-01";"2018-10-31";"2018-10-02";"fristgerecht durch Kunde";"Potsdam";"terminated";1000;"2018-04-06"
25298;"energy";"electricity";2700;2689;"2019-03-27";"2019-07-01";"";"";"";"Potsdam";"indelivery";1000;"2020-08-01"
25299;"energy";"electricity";2800;2671;"2020-03-02";"2021-02-01";"";"";"";"Hamburg";"active";1000;"2020-03-23"
25300;"energy";"electricity";2600;2664;"2019-03-24";"2020-06-01";"";"";"";"Bad Reichenhall";"indelivery";1002;"2020-05-25"
25301;"energy";"electricity";3100;3232;"2019-01-04";"2019-03-01";"";"";"";"Coburg";"indelivery";1001;"2019-06-04"
25302;"energy";"electricity";2800;2845;"2018-04-15";"2018-06-01";"";"";"";"Essen";"indelivery";1000;"2020-02-03"
25303;"energy";"electricity";3000;3104;"2018-12-30";"2019-03-01";"2019-12-31";"2019-12-02";"fristgerecht durch Kunde";"Bergisch Gladbach";"terminated";1002;"2019-11-19"
25304;"energy";"electricity";2900;3151;"2020-08-01";"2020-09-01";"";"";"";"Berlin";"indelivery";1001;"2020-08-19"
25305;"energy";"electricity";2800;2757;"2018-06-19";"2018-08-01";"2018-12-31";"2018-11-30";"Umzug";"Paderborn";"terminated";1001;"2018-11-30"
25306;"energy";"electricity";2400;2610;"2018-05-09";"2018-06-01";"";"";"";"Rostock";"indelivery";1001;"2019-04-18"
25307;"energy";"electricity";2100;2081;"2019-03-10";"2020-03-01";"";"";"";"Hamburg";"indelivery";1001;"2019-07-02"
25308;"energy";"electricity";2500;2421;"2020-06-13";"2020-07-01";"";"";"";"Wuppertal";"indelivery";1001;"2020-09-01"
25309;"energy";"electricity";2400;2321;"2019-11-17";"2019-12-01";"";"";"";"Fürth";"indelivery";1001;"2020-07-17"
25310;"energy";"gas";8100;8347;"2019-02-05";"2019-04-01";"2019-09-30";"2019-08-21";"fristgerecht durch Kunde";"Berlin";"terminated";2000;"2019-08-21"
25311;"energy";"electricity";2700;2683;"2020-06-11";"2020-09-01";"";"";"";"Hamburg";"indelivery";1001;"2020-09-06"
25312;"energy";"electricity";2100;2248;"2020-04-13";"2020-06-01";"";"";"";"Dresden";"indelivery";1002;"2020-04-15"
25313;"energy";"electricity";2800;2660;"2019-03-30";"2019-04-01";"2019-05-31";"2019-05-03";"fristgerecht durch LichtBlick";"Hannover";"terminated";1001;"2019-05-03"
25314;"energy";"electricity";2400;2520;"2018-09-24";"2019-03-01";"";"";"";"Cologne";"indelivery";1001;"2020-06-15"
25315;"energy";"electricity";2300;2418;"2020-06-21";"2020-08-01";"";"";"";"Ulm";"indelivery";1002;"2020-09-16"
25316;"energy";"electricity";2000;2034;"2020-05-23";"2020-06-01";"";"";"";"Oldenburg";"indelivery";1000;"2020-09-28"
25317;"energy";"electricity";2200;2095;"2019-08-27";"2019-12-01";"2020-02-29";"2020-02-01";"fristgerecht durch Kunde";"Cologne";"terminated";1000;"2020-02-01"
25318;"energy";"electricity";2900;3053;"2019-10-30";"2020-05-01";"";"";"";"Osnabrück";"indelivery";1002;"2020-08-29"
25319;"energy";"electricity";2400;2563;"2019-02-08";"2019-07-01";"";"";"";"Coburg";"indelivery";1000;"2019-10-12"
25320;"energy";"electricity";2700;2614;"2018-09-15";"2018-11-01";"";"";"";"Frankfurt";"indelivery";1001;"2020-01-21"
25321;"energy";"electricity";2500;2621;"2019-06-17";"2019-09-01";"";"";"";"Meppen";"indelivery";1001;"2020-09-25"
25322;"energy";"electricity";2400;2554;"2019-04-01";"2019-07-01";"2020-01-31";"2020-01-01";"fristgerecht durch LichtBlick";"Dortmund";"terminated";1001;"2020-01-01"
25323;"energy";"electricity";2800;2960;"2019-03-03";"2019-05-01";"";"";"";"Munich";"indelivery";1002;"2020-08-18"
25324;"energy";"electricity";2000;2088;"2018-05-27";"2018-09-01";"";"";"";"Cologne";"indelivery";1001;"2019-12-16"
25325;"energy";"gas";11400;11704;"2020-07-18";"2021-05-01";"";"";"";"Rosenheim";"active";2001;"2020-08-19"
25326;"energy";"electricity";2300;2448;"2019-10-01";"2019-12-01";"";"";"";"Bremen";"indelivery";1001;"2019-11-18"
25327;"energy";"electricity";2700;2770;"2019-10-04";"2019-12-01";"";"";"";"Munich";"indelivery";1000;"2019-11-25"
25328;"energy";"electricity";2300;2316;"2019-07-27";"2020-01-01";"2020-09-30";"2020-09-02";"fristgerecht durch Kunde";"Munich";"terminated";1000;"2020-04-23"
25329;"energy";"electricity";2000;"";"2018-10-12";"2018-11-01";"";"";"";"Hannover";"indelivery";1000;"2020-04-23"
25330;"energy";"electricity";2900;3048;"2020-06-19";"2020-07-01";"";"";"";"Marienberg";"indelivery";1001;"2020-07-22"
25331;"energy";"electricity";2600;2590;"2019-06-11";"2020-07-01";"";"";"";"Fürth";"indelivery";1000;"2019-07-01"
25332;"energy";"gas";11600;12252;"2019-09-07";"2020-03-01";"";"";"";"Mainz";"indelivery";2001;"2020-06-30"
25333;"energy";"electricity";2200;2188;"2019-08-12";"2019-10-01";"";"";"";"Dortmund";"indelivery";1002;"2020-08-21"
25334;"energy";"electricity";2500;2395;"2020-03-17";"2020-06-01";"";"";"";"Erfurt";"indelivery";1000;"2020-04-07"
25335;"energy";"gas";11500;12255;"2019-01-02";"2019-02-01";"";"";"";"Berlin";"indelivery";2000;"2019-05-16"
25336;"energy";"gas";11400;11989;"2020-01-29";"2020-08-01";"";"";"";"Ulm";"indelivery";2001;"2020-07-17"
25337;"energy";"gas";11200;11896;"2018-04-03";"2018-06-01";"2020-03-31";"2020-03-03";"Umzug";"Karlsruhe";"terminated";2000;"2018-10-08"
25338;"energy";"gas";11300;11548;"2020-08-18";"2020-12-01";"";"";"";"Hamburg";"active";2001;"2020-09-18"
25339;"energy";"electricity";2100;2033;"2018-02-23";"2018-03-01";"2018-06-30";"2018-05-29";"fristgerecht durch Kunde";"Mannheim";"terminated";1001;"2018-05-29"
25340;"energy";"electricity";2500;2551;"2019-04-30";"2019-08-01";"";"";"";"Munich";"indelivery";1002;"2020-07-19"
25341;"energy";"electricity";2900;2894;"2018-10-16";"2019-06-01";"";"";"";"Bielefeld";"indelivery";1000;"2019-11-13"
25342;"energy";"electricity";2400;2597;"2018-04-24";"2018-08-01";"";"";"";"Wuppertal";"indelivery";1000;"2020-09-22"
25343;"energy";"electricity";2100;2074;"2020-07-26";"2020-10-01";"";"";"";"Forchheim";"indelivery";1000;"2020-08-05"
25344;"energy";"electricity";2500;2665;"2020-02-04";"2020-03-01";"";"";"";"Hannover";"indelivery";1001;"2020-05-27"
25345;"energy";"electricity";2700;2856;"2019-08-18";"2020-01-01";"";"";"";"Berlin";"indelivery";1001;"2019-09-15"
25346;"energy";"electricity";2700;2810;"2020-01-28";"2020-03-01";"";"";"";"Marienberg";"indelivery";1001;"2020-06-22"
25347;"energy";"gas";9000;8534;"2020-02-08";"2020-06-01";"2020-10-31";"2020-09-25";"fristgerecht durch Kunde";"Berlin";"cancelled";2000;"2020-04-15"
25348;"energy";"electricity";2900;2857;"2019-12-09";"2020-07-01";"";"";"";"Dresden";"indelivery";1001;"2020-09-17"
25349;"energy";"electricity";2200;2099;"2018-11-27";"2018-12-01";"";"";"";"Berlin";"indelivery";1001;"2020-07-21"
25350;"energy";"electricity";2000;1928;"2020-02-16";"2020-06-01";"";"";"";"Coburg";"indelivery";1002;"2020-06-26"
25351;"energy";"electricity";2800;2723;"2018-12-18";"2019-04-01";"";"";"";"Waiblingen";"indelivery";1000;"2018-12-30"
25352;"energy";"gas";11900;12614;"2018-02-08";"2018-04-01";"2020-02-29";"2020-01-31";"fristgerecht durch Kunde";"Bonn";"terminated";2000;"2019-12-20"
25353;"energy";"electricity";2500;2585;"2019-08-17";"2020-04-01";"";"";"";"Rostock";"indelivery";1000;"2020-02-06"
25354;"energy";"electricity";2200;2206;"2018-09-09";"2018-11-01";"";"";"";"Berlin";"indelivery";1000;"2019-01-21"
25355;"energy";"electricity";2400;2582;"2019-11-04";"2020-01-01";"";"";"";"Essen";"indelivery";1002;"2020-03-30"
25356;"energy";"electricity";2600;2734;"2018-07-21";"2018-09-01";"";"";"";"Bonn";"indelivery";1002;"2019-05-25"
25357;"energy";"electricity";2300;2296;"2020-09-13";"2020-10-01";"";"";"";"Fürth";"indelivery";1001;"2020-09-23"
25358;"energy";"electricity";2000;1968;"2020-08-02";"2020-10-01";"";"";"";"Kiel";"indelivery";1000;"2020-08-06"
25359;"energy";"electricity";2200;2224;"2020-05-08";"2020-06-01";"";"";"";"Berlin";"indelivery";1001;"2020-07-21"
25360;"energy";"electricity";2000;2091;"2018-09-26";"2018-11-01";"2020-06-30";"2020-06-01";"fristgerecht durch Kunde";"Berlin";"terminated";1001;"2019-10-08"
25361;"energy";"electricity";2900;3090;"2018-03-05";"2018-05-01";"";"";"";"Hamburg";"indelivery";1001;"2019-09-04"
25362;"energy";"electricity";2100;1974;"2019-04-08";"2019-08-01";"";"";"";"Altchemnitz";"indelivery";1001;"2019-08-09"
25363;"energy";"gas";8300;8390;"2020-07-22";"2021-03-01";"";"";"";"Lübeck";"active";2000;"2020-08-08"
25364;"energy";"electricity";2900;2965;"2019-04-19";"2019-09-01";"";"";"";"Heidelberg";"indelivery";1001;"2020-04-07"
25365;"energy";"electricity";2900;2885;"2020-05-09";"2021-04-01";"";"";"";"Essen";"active";1002;"2020-07-14"
25366;"energy";"electricity";2900;3066;"2020-09-11";"2021-05-01";"";"";"";"Marienberg";"active";1002;"2020-09-27"
25367;"energy";"electricity";2100;2040;"2019-09-03";"2019-11-01";"2020-12-31";"2020-12-02";"fristgerecht durch LichtBlick";"Magdeburg";"cancelled";1001;"2020-03-02"
25368;"energy";"electricity";2700;2847;"2018-06-15";"2018-07-01";"";"";"";"Hamburg";"indelivery";1000;"2020-02-15"
25369;"energy";"electricity";2300;2393;"2019-01-21";"2019-03-01";"2020-12-31";"2020-12-03";"fristgerecht durch Kunde";"Altchemnitz";"cancelled";1001;"2020-09-22"
25370;"energy";"electricity";2200;2292;"2020-03-10";"2020-05-01";"";"";"";"Fürth";"indelivery";1000;"2020-06-25"
25371;"energy";"electricity";2900;2987;"2020-02-01";"2020-06-01";"";"";"";"Günzburg";"indelivery";1000;"2020-08-15"
25372;"energy";"electricity";2500;2457;"2018-02-06";"2018-04-01";"2019-03-31";"2019-03-03";"fristgerecht durch LichtBlick";"Dortmund";"terminated";1002;"2019-02-05"
25373;"energy";"electricity";2000;2123;"2020-03-02";"2020-05-01";"";"";"";"Berlin";"indelivery";1001;"2020-06-25"
25374;"energy";"electricity";2900;2961;"2020-03-30";"2020-05-01";"";"";"";"Wuppertal";"indelivery";1002;"2020-06-25"
25375;"energy";"electricity";2400;2339;"2019-12-22";"2020-06-01";"";"";"";"Münster";"indelivery";1001;"2020-04-16"
25376;"energy";"electricity";2000;2081;"2019-04-30";"2019-09-01";"";"";"";"Freiburg";"indelivery";1002;"2020-01-23"
25377;"energy";"gas";9100;9639;"2020-05-19";"2020-11-01";"";"";"";"Bremen";"active";2000;"2020-07-28"
25378;"energy";"electricity";2600;"";"2018-01-01";"2018-05-01";"";"";"";"Berlin";"indelivery";1000;"2019-05-21"
25379;"energy";"electricity";2100;2045;"2020-03-26";"2020-04-01";"";"";"";"Hannover";"indelivery";1002;"2020-03-28"
25380;"energy";"electricity";2800;3023;"2018-07-31";"2018-08-01";"";"";"";"Bonn";"indelivery";1000;"2019-05-17"
25381;"energy";"electricity";2600;2618;"2020-02-24";"2020-05-01";"";"";"";"Rostock";"indelivery";1000;"2020-05-11"
25382;"energy";"electricity";2400;2461;"2018-09-05";"2019-01-01";"";"";"";"Bielefeld";"indelivery";1002;"2019-03-20"
25383;"energy";"electricity";2200;2313;"2018-09-22";"2018-11-01";"2019-09-30";"2019-09-01";"fristgerecht durch Kunde";"Augsburg";"terminated";1000;"2018-12-06"
25384;"energy";"gas";10400;10817;"2018-09-03";"2018-10-01";"2018-10-01";"2020-01-28";"Wiederruf";"Hamburg";"terminated";2001;"2019-07-27"
25385;"energy";"gas";10700;11113;"2018-07-19";"2019-02-01";"";"";"";"Essen";"indelivery";2000;"2019-06-03"
25386;"energy";"electricity";2300;2338;"2018-09-23";"2019-01-01";"2019-02-28";"2019-01-29";"Umzug";"Munich";"terminated";1001;"2019-01-29"
25387;"energy";"electricity";2300;2204;"2018-08-07";"2018-10-01";"";"";"";"Hamburg";"indelivery";1000;"2019-02-17"
25388;"energy";"electricity";2700;2674;"2019-02-15";"2019-03-01";"";"";"";"Ulm";"indelivery";1002;"2020-01-26"
25389;"energy";"electricity";2800;"";"2019-01-26";"2019-03-01";"2019-03-01";"2019-05-01";"Wiederruf";"Osnabrück";"terminated";1002;"2019-04-17"
25390;"energy";"electricity";2300;2307;"2018-08-20";"2018-12-01";"";"";"";"Hamburg";"indelivery";1001;"2018-10-03"
25391;"energy";"electricity";2900;3081;"2020-09-30";"2020-10-01";"";"";"";"Wiesbaden";"indelivery";1001;"2020-09-30"
25392;"energy";"electricity";2300;2369;"2018-06-09";"2019-07-01";"2019-07-01";"2020-05-01";"Wiederruf";"Leipzig";"terminated";1002;"2019-08-05"
25393;"energy";"electricity";2200;2156;"2018-11-09";"2019-06-01";"2019-09-30";"2019-09-02";"fristgerecht durch Kunde";"Marienberg";"terminated";1001;"2019-01-31"
25394;"energy";"electricity";2900;3031;"2020-07-17";"2020-08-01";"";"";"";"Berlin";"indelivery";1001;"2020-08-12"
25395;"energy";"gas";10700;11554;"2018-11-12";"2018-12-01";"2020-09-30";"2020-08-27";"fristgerecht durch Kunde";"Wuppertal";"terminated";2000;"2018-12-08"
25396;"energy";"electricity";2900;2964;"2019-11-25";"2020-01-01";"";"";"";"Munich";"indelivery";1001;"2020-09-30"
25397;"energy";"electricity";2600;"";"2020-05-30";"2020-12-01";"";"";"";"Dresden";"active";1002;"2020-08-04"
25398;"energy";"gas";11100;10696;"2020-04-16";"2020-07-01";"";"";"";"Ingolstadt";"indelivery";2000;"2020-05-11"
25399;"energy";"gas";12000;12598;"2020-07-22";"2021-10-01";"";"";"";"Duisburg";"active";2000;"2020-08-29"
25400;"energy";"electricity";2500;2498;"2019-06-25";"2019-09-01";"";"";"";"Essen";"indelivery";1002;"2020-03-21"
25401;"energy";"electricity";2100;2103;"2019-09-30";"2019-12-01";"";"";"";"Hamburg";"indelivery";1000;"2020-07-02"
25402;"energy";"electricity";2300;2393;"2019-06-19";"2019-09-01";"";"";"";"Berlin";"indelivery";1002;"2019-11-21"
25403;"energy";"electricity";2400;2364;"2019-04-12";"2019-06-01";"";"";"";"Stuttgart";"indelivery";1002;"2020-07-30"
25404;"energy";"electricity";2500;2676;"2019-01-31";"2019-04-01";"";"";"";"Hamburg";"indelivery";1002;"2020-05-15"
25405;"energy";"electricity";2700;2633;"2020-06-05";"2020-08-01";"";"";"";"Stuttgart";"indelivery";1001;"2020-09-21"
25406;"energy";"electricity";2900;2748;"2018-07-02";"2018-08-01";"";"";"";"Münster";"indelivery";1000;"2020-08-15"
25407;"energy";"electricity";2300;2400;"2019-10-03";"2019-11-01";"2020-11-30";"2020-10-28";"fristgerecht durch LichtBlick";"Frankfurt";"cancelled";1001;"2019-10-07"
25408;"energy";"electricity";2600;2507;"2018-04-27";"2018-08-01";"";"";"";"Magdeburg";"indelivery";1002;"2020-04-13"
25409;"energy";"electricity";2400;2455;"2018-05-29";"2018-07-01";"";"";"";"Frankfurt";"indelivery";1002;"2018-12-25"
25410;"energy";"electricity";3000;3018;"2018-04-08";"2018-07-01";"";"";"";"Karlsruhe";"indelivery";1000;"2019-07-12"
25411;"energy";"electricity";2500;2625;"2020-09-26";"2021-01-01";"";"";"";"Augsburg";"active";1001;"2020-09-26"
25412;"energy";"gas";9400;9384;"2018-11-15";"2019-07-01";"";"";"";"Pirmasens";"indelivery";2001;"2020-09-19"
25413;"energy";"electricity";2500;2533;"2018-07-06";"2018-08-01";"";"";"";"Munich";"indelivery";1002;"2018-09-21"
25414;"energy";"electricity";2900;3019;"2019-09-24";"2019-11-01";"2019-12-31";"2019-11-23";"fristgerecht durch Kunde";"Bonn";"terminated";1000;"2019-11-23"
25415;"energy";"electricity";2700;2842;"2019-03-26";"2019-06-01";"";"";"";"Essen";"indelivery";1002;"2019-10-22"
25416;"energy";"electricity";2000;1942;"2019-04-20";"2019-05-01";"2020-01-31";"2020-01-03";"fristgerecht durch Kunde";"Oldenburg";"terminated";1002;"2020-01-03"
25417;"energy";"gas";8900;8791;"2020-07-20";"2020-11-01";"";"";"";"Frankfurt";"active";2001;"2020-09-08"
25418;"energy";"electricity";2000;2056;"2020-01-09";"2020-03-01";"";"";"";"Hofeck";"indelivery";1000;"2020-06-18"
25419;"energy";"electricity";2300;"";"2019-05-09";"2019-08-01";"";"";"";"Wuppertal";"indelivery";1001;"2020-07-21"
25420;"energy";"electricity";2300;2473;"2018-06-23";"2018-09-01";"";"";"";"Berlin";"indelivery";1000;"2020-03-17"
25421;"energy";"gas";8700;8982;"2018-01-17";"2018-03-01";"2019-11-30";"2019-11-01";"Umzug";"Dortmund";"terminated";2000;"2018-03-28"
25422;"energy";"electricity";2900;3018;"2018-03-10";"2018-05-01";"";"";"";"Lübeck";"indelivery";1000;"2019-10-28"
25423;"energy";"electricity";2200;2376;"2019-11-04";"2020-02-01";"";"";"";"Dortmund";"indelivery";1001;"2020-01-01"
25424;"energy";"electricity";2800;2860;"2019-02-19";"2019-06-01";"";"";"";"Wiesbaden";"indelivery";1000;"2020-08-26"
25425;"energy";"electricity";2700;2926;"2018-02-24";"2018-04-01";"";"";"";"Düsseldorf";"indelivery";1000;"2018-06-09"
25426;"energy";"electricity";2900;2820;"2020-05-31";"2020-12-01";"";"";"";"Freiburg";"active";1002;"2020-06-07"
25427;"energy";"gas";11400;11179;"2020-07-25";"2020-09-01";"";"";"";"Mainz";"indelivery";2001;"2020-08-24"
25428;"energy";"electricity";3000;3161;"2019-07-10";"2019-11-01";"";"";"";"Hannover";"indelivery";1000;"2020-03-30"
25429;"energy";"electricity";2700;2666;"2020-06-04";"2020-07-01";"";"";"";"Rostock";"indelivery";1001;"2020-06-22"
25430;"energy";"electricity";2200;2079;"2020-01-31";"2020-08-01";"";"";"";"Berlin";"indelivery";1000;"2020-04-27"
25431;"energy";"electricity";2300;2311;"2019-10-01";"2019-10-01";"2020-12-31";"2020-11-28";"fristgerecht durch Kunde";"Marienberg";"cancelled";1000;"2020-01-31"
25432;"energy";"electricity";2600;2683;"2019-03-06";"2020-05-01";"";"";"";"Bremerhaven";"indelivery";1002;"2019-07-05"
25433;"energy";"electricity";2900;3117;"2019-08-22";"2019-11-01";"";"";"";"Bonn";"indelivery";1000;"2019-08-23"
25434;"energy";"electricity";2800;2656;"2020-04-14";"2020-07-01";"";"";"";"Mainz";"indelivery";1002;"2020-04-21"
25435;"energy";"electricity";2200;2246;"2020-09-04";"2020-11-01";"2020-12-31";"2020-12-03";"fristgerecht durch Kunde";"Cologne";"cancelled";1000;"2020-09-06"
25436;"energy";"electricity";2400;2574;"2018-08-26";"2019-03-01";"";"";"";"Frankfurt";"indelivery";1002;"2018-11-26"
25437;"energy";"electricity";2900;2916;"2018-12-28";"2019-09-01";"2019-09-01";"2020-11-02";"Wiederruf";"Berlin";"terminated";1001;"2019-12-09"
25438;"energy";"electricity";2200;2234;"2019-09-13";"2020-02-01";"";"";"";"Kassel";"indelivery";1002;"2019-11-10"
25439;"energy";"electricity";2700;2580;"2018-10-19";"2019-01-01";"";"";"";"Ingolstadt";"indelivery";1000;"2019-07-20"
25440;"energy";"electricity";2600;2826;"2020-09-27";"2021-03-01";"";"";"";"Regensburg";"active";1001;"2020-09-27"
25441;"energy";"electricity";2600;2801;"2018-01-17";"2019-02-01";"";"";"";"Pinneberg";"indelivery";1001;"2018-09-03"
25442;"energy";"electricity";2000;1865;"2019-08-08";"2020-02-01";"";"";"";"Hamburg";"indelivery";1001;"2020-03-02"
25443;"energy";"gas";11000;10720;"2020-09-04";"2021-01-01";"";"";"";"Dortmund";"active";2000;"2020-09-26"
25444;"energy";"electricity";2400;2462;"2019-11-11";"2020-05-01";"";"";"";"Berlin";"indelivery";1002;"2020-05-19"
25445;"energy";"electricity";2700;2864;"2020-07-04";"2020-12-01";"";"";"";"Duisburg";"active";1000;"2020-08-11"
25446;"energy";"electricity";2300;2393;"2019-10-25";"2020-04-01";"2020-04-01";"2020-10-01";"Wiederruf";"Berlin";"terminated";1002;"2020-05-26"
25447;"energy";"electricity";2800;2694;"2019-03-05";"2019-07-01";"";"";"";"Hamburg";"indelivery";1002;"2019-04-18"
25448;"energy";"electricity";2600;2544;"2018-02-09";"2018-10-01";"2019-11-30";"2019-10-30";"fristgerecht durch LichtBlick";"Lübeck";"terminated";1002;"2018-06-13"
25449;"energy";"electricity";2300;2223;"2020-06-12";"2020-07-01";"";"";"";"Leipzig";"indelivery";1002;"2020-08-23"
25450;"energy";"electricity";2200;2064;"2018-10-05";"2019-03-01";"";"";"";"Erfurt";"indelivery";1001;"2020-05-19"
25451;"energy";"electricity";3000;3003;"2019-10-09";"2019-12-01";"";"";"";"Karlsruhe";"indelivery";1000;"2020-04-13"
25452;"energy";"electricity";2100;2087;"2020-03-12";"2020-08-01";"";"";"";"Hamburg";"indelivery";1001;"2020-05-21"
25453;"energy";"electricity";2200;2268;"2019-11-22";"2020-07-01";"";"";"";"Frankfurt";"indelivery";1000;"2020-05-02"
25454;"energy";"electricity";3000;3237;"2020-02-18";"2020-04-01";"";"";"";"Rottweil";"indelivery";1000;"2020-05-16"
25455;"energy";"electricity";2600;2779;"2019-09-11";"2019-10-01";"";"";"";"Hamburg";"indelivery";1000;"2020-03-23"
25456;"energy";"electricity";2900;2817;"2018-08-17";"2018-10-01";"";"";"";"Frankfurt";"indelivery";1000;"2018-09-25"
25457;"energy";"electricity";2100;2232;"2018-03-11";"2018-08-01";"2020-12-31";"2020-12-02";"fristgerecht durch Kunde";"Berlin";"cancelled";1001;"2018-10-08"
25458;"energy";"electricity";2600;2674;"2018-03-14";"2018-06-01";"";"";"";"Hannover";"indelivery";1002;"2018-04-20"
25459;"energy";"electricity";2800;2856;"2019-04-04";"2019-06-01";"";"";"";"Cologne";"indelivery";1000;"2019-11-14"
25460;"energy";"gas";9500;9836;"2020-04-22";"2020-08-01";"";"";"";"Bonn";"indelivery";2000;"2020-04-29"
25461;"energy";"electricity";1900;1952;"2020-01-15";"2020-02-01";"2020-02-01";"2020-03-03";"Wiederruf";"Hamburg";"terminated";1002;"2020-03-03"
25462;"energy";"electricity";2300;2431;"2020-02-25";"2020-06-01";"";"";"";"Berlin";"indelivery";1002;"2020-05-15"
25463;"energy";"electricity";2800;2987;"2018-06-13";"2018-08-01";"";"";"";"Stuttgart";"indelivery";1000;"2019-09-10"
25464;"energy";"electricity";2600;2746;"2019-05-08";"2019-08-01";"";"";"";"Mannheim";"indelivery";1000;"2020-05-07"
25465;"energy";"electricity";2600;2602;"2018-05-18";"2018-12-01";"";"";"";"Munich";"indelivery";1000;"2020-08-23"
25466;"energy";"electricity";2700;2765;"2019-03-26";"2020-02-01";"";"";"";"Essen";"indelivery";1000;"2019-11-28"
25467;"energy";"electricity";2800;2826;"2019-04-17";"2019-06-01";"";"";"";"Osnabrück";"indelivery";1001;"2020-02-22"
25468;"energy";"electricity";2200;2109;"2018-10-23";"2019-02-01";"";"";"";"Berlin";"indelivery";1000;"2019-11-23"
25469;"energy";"electricity";2600;2721;"2020-07-09";"2021-07-01";"";"";"";"Berlin";"active";1001;"2020-08-11"
25470;"energy";"electricity";2400;2345;"2020-05-16";"2020-12-01";"";"";"";"Kassel";"active";1002;"2020-09-04"
25471;"energy";"gas";9600;10039;"2020-09-15";"2020-11-01";"";"";"";"Cologne";"active";2001;"2020-09-30"
25472;"energy";"electricity";2300;2279;"2018-12-14";"2019-01-01";"";"";"";"Marienberg";"indelivery";1001;"2019-02-01"
25473;"energy";"electricity";2900;2986;"2019-08-04";"2019-11-01";"";"";"";"Berlin";"indelivery";1000;"2020-07-25"
25474;"energy";"electricity";3000;3049;"2019-03-14";"2019-05-01";"";"";"";"Mannheim";"indelivery";1002;"2020-01-21"
25475;"energy";"electricity";2200;"";"2019-06-04";"2019-11-01";"";"";"";"Berlin";"indelivery";1001;"2019-11-22"
25476;"energy";"gas";11500;12185;"2018-03-26";"2018-09-01";"2020-09-30";"2020-09-01";"fristgerecht durch Kunde";"Kiel";"terminated";2001;"2019-10-28"
25477;"energy";"electricity";2300;2435;"2019-04-05";"2019-10-01";"";"";"";"Hamburg";"indelivery";1002;"2019-07-16"
25478;"energy";"electricity";2400;2280;"2018-06-23";"2018-08-01";"2019-08-31";"2019-08-01";"fristgerecht durch Kunde";"Hannover";"terminated";1001;"2018-09-15"
25479;"energy";"electricity";2500;"";"2018-03-27";"2018-07-01";"2018-09-30";"2018-09-01";"fristgerecht durch Kunde";"Lübeck";"terminated";1002;"2018-09-01"
25480;"energy";"electricity";2600;2832;"2018-05-05";"2018-06-01";"";"";"";"Karlsruhe";"indelivery";1002;"2019-05-25"
25481;"energy";"electricity";2200;2228;"2020-09-30";"2021-01-01";"";"";"";"Karlsruhe";"active";1000;"2020-09-30"
25482;"energy";"electricity";2700;2853;"2018-10-17";"2019-04-01";"";"";"";"Augsburg";"indelivery";1002;"2020-05-11"
25483;"energy";"electricity";2500;2530;"2019-08-13";"2019-12-01";"2020-09-30";"2020-08-30";"fristgerecht durch LichtBlick";"Bremen";"terminated";1000;"2020-02-26"
25484;"energy";"electricity";2100;2227;"2019-07-20";"2020-06-01";"";"";"";"Berlin";"indelivery";1002;"2019-11-13"
25485;"energy";"electricity";2700;2618;"2018-01-01";"2018-03-01";"2018-03-01";"2018-09-30";"Wiederruf";"Hannover";"terminated";1002;"2018-06-30"
25486;"energy";"electricity";2700;2565;"2019-06-28";"2019-08-01";"";"";"";"Ingolstadt";"indelivery";1000;"2019-09-21"
25487;"energy";"electricity";2000;2095;"2019-02-27";"2019-05-01";"";"";"";"Leipzig";"indelivery";1002;"2020-03-12"
25488;"energy";"electricity";2900;3035;"2019-05-02";"2019-07-01";"";"";"";"Augsburg";"indelivery";1001;"2020-02-22"
25489;"energy";"electricity";2700;2822;"2018-04-01";"2018-11-01";"2019-09-30";"2019-09-02";"fristgerecht durch LichtBlick";"Cologne";"terminated";1000;"2019-09-02"
25490;"energy";"electricity";2500;2643;"2018-01-02";"2018-06-01";"";"";"";"Essen";"indelivery";1002;"2020-04-26"
25491;"energy";"electricity";2100;2072;"2018-03-03";"2018-10-01";"";"";"";"Erlangen";"indelivery";1001;"2018-08-23"
25492;"energy";"electricity";2800;2737;"2020-07-23";"2020-10-01";"";"";"";"Marienberg";"indelivery";1002;"2020-09-13"
25493;"energy";"electricity";2900;2974;"2019-02-20";"2019-05-01";"";"";"";"Halle";"indelivery";1001;"2019-07-20"
25494;"energy";"electricity";2500;2542;"2019-02-16";"2019-03-01";"2020-09-30";"2020-08-24";"fristgerecht durch Kunde";"Munich";"terminated";1001;"2019-02-22"
25495;"energy";"electricity";2500;2372;"2020-04-21";"2020-06-01";"";"";"";"Hannover";"indelivery";1000;"2020-06-23"
25496;"energy";"electricity";2900;"";"2020-07-02";"2020-12-01";"";"";"";"Düsseldorf";"active";1002;"2020-08-27"
25497;"energy";"electricity";2800;"";"2019-09-11";"2019-10-01";"";"";"";"Kiel";"indelivery";1000;"2020-07-12"
25498;"energy";"gas";10700;10443;"2020-03-10";"2020-04-01";"2020-05-31";"2020-05-03";"Umzug";"Dortmund";"terminated";2000;"2020-04-12"
25499;"energy";"electricity";2500;2583;"2020-09-12";"2021-02-01";"";"";"";"Hamburg";"active";1001;"2020-09-28"
25500;"energy";"electricity";2300;2273;"2019-04-02";"2019-07-01";"";"";"";"Marienberg";"indelivery";1001;"2019-04-09"
25501;"energy";"electricity";2300;"";"2020-02-05";"2020-08-01";"2020-10-31";"2020-09-26";"Umzug";"Essen";"cancelled";1001;"2020-05-04"
25502;"energy";"electricity";2200;2150;"2018-07-26";"2018-09-01";"2020-10-31";"2020-10-01";"fristgerecht durch Kunde";"Wuppertal";"cancelled";1002;"2020-02-24"
25503;"energy";"electricity";2800;2977;"2019-07-08";"2019-11-01";"";"";"";"Dortmund";"indelivery";1001;"2020-09-27"
25504;"energy";"electricity";2300;"";"2020-06-25";"2020-08-01";"";"";"";"Freiburg";"indelivery";1002;"2020-08-04"
25505;"energy";"electricity";2800;2965;"2019-06-09";"2020-05-01";"";"";"";"Kempten";"indelivery";1000;"2020-08-21"
25506;"energy";"electricity";2400;2297;"2020-03-26";"2020-08-01";"";"";"";"Stuttgart";"indelivery";1001;"2020-09-19"
25507;"energy";"electricity";2600;2636;"2020-04-14";"2020-09-01";"2020-09-01";"2020-09-25";"Wiederruf";"Marienberg";"terminated";1002;"2020-07-23"
25508;"energy";"gas";8700;9404;"2018-06-14";"2018-09-01";"";"";"";"Dresden";"indelivery";2000;"2019-09-13"
25509;"energy";"electricity";2300;2258;"2020-07-21";"2020-09-01";"";"";"";"Bremen";"indelivery";1001;"2020-09-04"
25510;"energy";"gas";11900;11357;"2020-08-08";"2020-09-01";"";"";"";"Saarbrücken";"indelivery";2001;"2020-09-09"
25511;"energy";"electricity";2700;2693;"2020-08-06";"2021-01-01";"";"";"";"Wiesbaden";"active";1001;"2020-09-18"
25512;"energy";"electricity";2300;2326;"2020-06-30";"2020-08-01";"";"";"";"Frankfurt";"indelivery";1001;"2020-09-09"
25513;"energy";"electricity";2200;2113;"2018-10-26";"2018-11-01";"";"";"";"Duisburg";"indelivery";1002;"2019-09-01"
25514;"energy";"electricity";2100;2120;"2020-09-07";"2020-12-01";"";"";"";"Augsburg";"active";1000;"2020-09-25"
25515;"energy";"electricity";2000;2102;"2019-11-05";"2020-05-01";"";"";"";"Hamburg";"indelivery";1002;"2020-08-08"
25516;"energy";"electricity";2300;2250;"2019-09-03";"2019-10-01";"2019-11-30";"2019-10-30";"fristgerecht durch Kunde";"Jena";"terminated";1002;"2019-10-30"
25517;"energy";"electricity";2400;2469;"2018-08-24";"2018-11-01";"";"";"";"Berlin";"indelivery";1000;"2020-01-18"
25518;"energy";"electricity";2300;2360;"2020-05-25";"2020-07-01";"";"";"";"Cottbus";"indelivery";1000;"2020-06-24"
25519;"energy";"electricity";3000;2864;"2019-04-03";"2019-08-01";"";"";"";"Essen";"indelivery";1000;"2019-07-21"
25520;"energy";"electricity";2000;1948;"2019-11-03";"2019-12-01";"";"";"";"Bielefeld";"indelivery";1000;"2020-09-26"
25521;"energy";"electricity";2800;2902;"2018-08-25";"2018-10-01";"";"";"";"Braunschweig";"indelivery";1000;"2019-08-16"
25522;"energy";"electricity";2900;2973;"2018-01-18";"2018-04-01";"2020-03-31";"2020-03-01";"Umzug";"Würzburg";"terminated";1000;"2019-04-04"
25523;"energy";"electricity";2600;2569;"2020-09-09";"2021-02-01";"";"";"";"Munich";"active";1002;"2020-09-17"
25524;"energy";"electricity";2600;"";"2019-05-08";"2019-08-01";"";"";"";"Gera";"indelivery";1000;"2019-11-17"
25525;"energy";"electricity";2700;2580;"2018-06-19";"2019-07-01";"";"";"";"Tirschenreuth";"indelivery";1001;"2019-09-08"
25526;"energy";"gas";7800;8308;"2019-09-20";"2020-01-01";"";"";"";"Berlin";"indelivery";2000;"2020-06-26"
25527;"energy";"electricity";2200;2159;"2020-09-24";"2021-01-01";"";"";"";"Frankfurt";"active";1001;"2020-09-30"
25528;"energy";"electricity";1900;1901;"2019-12-22";"2021-02-01";"";"";"";"Hamburg";"active";1001;"2020-08-05"
25529;"energy";"electricity";2800;"";"2018-11-20";"2019-03-01";"";"";"";"Düsseldorf";"indelivery";1002;"2019-05-16"
25530;"energy";"electricity";2800;2864;"2020-02-29";"2020-07-01";"";"";"";"Berlin";"indelivery";1001;"2020-08-17"
25531;"energy";"gas";9600;9693;"2019-02-12";"2019-04-01";"";"";"";"Braunschweig";"indelivery";2001;"2019-02-26"
25532;"energy";"electricity";2400;"";"2018-03-14";"2018-05-01";"";"";"";"Augsburg";"indelivery";1000;"2018-09-05"
25533;"energy";"gas";10300;11029;"2019-04-03";"2019-05-01";"";"";"";"Hamburg";"indelivery";2000;"2020-08-30"
25534;"energy";"electricity";2600;2524;"2018-12-01";"2019-03-01";"";"";"";"Berlin";"indelivery";1001;"2019-05-02"
25535;"energy";"electricity";2300;2413;"2019-03-07";"2019-09-01";"";"";"";"Hannover";"indelivery";1002;"2019-11-20"
25536;"energy";"electricity";2400;2541;"2018-09-19";"2018-11-01";"2018-11-01";"2019-12-30";"Wiederruf";"Düsseldorf";"terminated";1001;"2019-12-30"
25537;"energy";"electricity";2400;2410;"2020-09-12";"2021-07-01";"";"";"";"Hamburg";"active";1001;"2020-09-30"
25538;"energy";"electricity";2900;2881;"2018-07-16";"2018-10-01";"";"";"";"Berlin";"indelivery";1000;"2020-07-27"
25539;"energy";"gas";8500;8815;"2020-07-13";"2020-11-01";"";"";"";"Cottbus";"active";2001;"2020-09-06"
25540;"energy";"electricity";2200;2211;"2020-02-14";"2020-06-01";"";"";"";"Bremerhaven";"indelivery";1000;"2020-06-12"
25541;"energy";"electricity";2900;3063;"2020-02-19";"2020-04-01";"";"";"";"Leipzig";"indelivery";1001;"2020-04-29"
25542;"energy";"electricity";2600;2829;"2020-08-12";"2020-10-01";"";"";"";"Berlin";"indelivery";1002;"2020-09-08"
25543;"energy";"electricity";2500;2645;"2019-08-14";"2020-03-01";"";"";"";"Berlin";"indelivery";1000;"2019-10-23"
25544;"energy";"electricity";2300;2395;"2020-06-21";"2020-10-01";"";"";"";"Munich";"indelivery";1000;"2020-08-12"
25545;"energy";"electricity";2900;2886;"2020-03-02";"2020-05-01";"";"";"";"Dresden";"indelivery";1001;"2020-06-20"
25546;"energy";"electricity";2300;2272;"2020-05-29";"2020-10-01";"";"";"";"Mannheim";"indelivery";1002;"2020-06-23"
25547;"energy";"electricity";2300;2182;"2018-07-05";"2018-12-01";"";"";"";"Zweibrücken";"indelivery";1001;"2018-11-28"
25548;"energy";"electricity";1900;2018;"2018-01-02";"2018-08-01";"";"";"";"Cologne";"indelivery";1001;"2019-03-12"
25549;"energy";"electricity";2100;2230;"2019-07-24";"2019-10-01";"";"";"";"Gera";"indelivery";1002;"2020-07-23"
25550;"energy";"gas";8000;8458;"2018-06-21";"2018-07-01";"";"";"";"Munich";"indelivery";2000;"2019-08-27"
25551;"energy";"electricity";2500;2576;"2019-06-25";"2019-09-01";"2020-03-31";"2020-02-28";"fristgerecht durch LichtBlick";"Jena";"terminated";1002;"2020-02-28"
25552;"energy";"electricity";2000;2074;"2020-06-07";"2020-07-01";"";"";"";"Berlin";"indelivery";1001;"2020-09-09"
25553;"energy";"electricity";2500;2391;"2018-08-07";"2018-10-01";"2018-11-30";"2018-11-01";"Umzug";"Mainz";"terminated";1001;"2018-11-01"
25554;"energy";"electricity";2600;2705;"2019-11-19";"2020-01-01";"";"";"";"Munich";"indelivery";1000;"2020-06-18"
25555;"energy";"electricity";2700;"";"2020-05-22";"2020-10-01";"";"";"";"Leipzig";"indelivery";1000;"2020-09-05"
25556;"energy";"electricity";2000;"";"2019-10-02";"2019-11-01";"";"";"";"Hamburg";"indelivery";1001;"2020-06-13"
25557;"energy";"electricity";2500;2610;"2020-05-06";"2020-10-01";"";"";"";"Dresden";"indelivery";1002;"2020-05-17"
25558;"energy";"electricity";2700;2775;"2019-04-16";"2020-04-01";"2020-06-30";"2020-06-01";"fristgerecht durch Kunde";"Munich";"terminated";1002;"2019-07-17"
25559;"energy";"electricity";2400;2251;"2019-11-10";"2020-05-01";"";"";"";"Saarbrücken";"indelivery";1001;"2020-09-19"
25560;"energy";"electricity";2500;2592;"2019-09-17";"2020-01-01";"";"";"";"Berlin";"indelivery";1002;"2020-03-09"
25561;"energy";"electricity";2300;2282;"2020-08-20";"2020-09-01";"";"";"";"Saarbrücken";"indelivery";1000;"2020-09-29"
25562;"energy";"electricity";2400;2528;"2018-08-19";"2018-09-01";"2020-01-31";"2020-01-03";"fristgerecht durch LichtBlick";"Dresden";"terminated";1000;"2020-01-03"
25563;"energy";"electricity";2500;2482;"2019-12-28";"2020-11-01";"";"";"";"Berlin";"active";1000;"2020-03-17"
25564;"energy";"electricity";2700;2792;"2018-07-22";"2019-01-01";"";"";"";"Altchemnitz";"indelivery";1000;"2019-06-14"
25565;"energy";"electricity";2700;2850;"2018-10-16";"2019-02-01";"";"";"";"Düsseldorf";"indelivery";1001;"2019-11-23"
25566;"energy";"electricity";3000;2845;"2019-08-10";"2019-09-01";"";"";"";"Göttingen";"indelivery";1002;"2019-11-26"
25567;"energy";"electricity";2200;2228;"2019-12-05";"2020-02-01";"";"";"";"Hannover";"indelivery";1001;"2019-12-18"
25568;"energy";"electricity";2600;2646;"2019-10-21";"2020-02-01";"";"";"";"Berlin";"indelivery";1002;"2020-09-06"
25569;"energy";"electricity";2800;2761;"2018-11-22";"2019-01-01";"";"";"";"Berlin";"indelivery";1002;"2019-12-21"
25570;"energy";"gas";9800;10059;"2019-10-12";"2020-08-01";"";"";"";"Berlin";"indelivery";2000;"2020-03-05"
25571;"energy";"gas";8700;9318;"2019-05-08";"2019-06-01";"";"";"";"Leipzig";"indelivery";2000;"2019-12-18"
25572;"energy";"electricity";2600;2756;"2020-04-17";"2020-08-01";"";"";"";"Haßfurt";"indelivery";1002;"2020-08-07"
25573;"energy";"electricity";2600;2674;"2019-03-18";"2019-05-01";"";"";"";"Bremen";"indelivery";1001;"2019-09-12"
25574;"energy";"electricity";2900;2949;"2018-01-06";"2018-02-01";"2020-02-29";"2020-01-29";"fristgerecht durch Kunde";"Karlsruhe";"terminated";1002;"2018-03-27"
25575;"energy";"electricity";2200;2105;"2018-03-22";"2018-04-01";"2019-12-31";"2019-11-29";"Umzug";"Rostock";"terminated";1001;"2018-05-18"
25576;"energy";"electricity";2400;2515;"2020-06-24";"2020-07-01";"";"";"";"Berlin";"indelivery";1002;"2020-07-22"
25577;"energy";"gas";8500;"";"2018-02-05";"2018-06-01";"";"";"";"Munich";"indelivery";2000;"2019-03-11"
25578;"energy";"electricity";2400;2310;"2018-01-12";"2018-02-01";"";"";"";"Bremerhaven";"indelivery";1002;"2018-07-13"
25579;"energy";"electricity";2200;2324;"2020-04-29";"2021-05-01";"";"";"";"Hamburg";"active";1000;"2020-08-20"
25580;"energy";"electricity";2700;2788;"2019-12-29";"2020-06-01";"";"";"";"Magdeburg";"indelivery";1001;"2020-06-13"
25581;"energy";"electricity";2800;2995;"2019-02-08";"2019-03-01";"";"";"";"Leipzig";"indelivery";1002;"2020-02-25"
25582;"energy";"electricity";2100;2123;"2018-06-24";"2018-12-01";"";"";"";"Hamburg";"indelivery";1000;"2019-02-08"
25583;"energy";"electricity";2600;"";"2020-01-06";"2020-02-01";"";"";"";"Duisburg";"indelivery";1000;"2020-07-02"
25584;"energy";"electricity";2100;"";"2019-08-25";"2019-10-01";"";"";"";"Berlin";"indelivery";1002;"2020-02-20"
25585;"energy";"gas";10800;10692;"2020-07-12";"2020-09-01";"";"";"";"Cologne";"indelivery";2001;"2020-08-10"
25586;"energy";"electricity";2800;2801;"2019-08-12";"2020-02-01";"";"";"";"Düsseldorf";"indelivery";1002;"2019-09-16"
25587;"energy";"gas";10400;10013;"2020-04-07";"2020-05-01";"2020-07-31";"2020-07-01";"fristgerecht durch LichtBlick";"Hamburg";"terminated";2001;"2020-07-01"
25588;"energy";"electricity";3000;2951;"2019-03-09";"2019-06-01";"";"";"";"Mannheim";"indelivery";1001;"2019-11-21"
25589;"energy";"electricity";2600;2466;"2019-03-06";"2019-10-01";"";"";"";"Hofeck";"indelivery";1001;"2019-06-09"
25590;"energy";"electricity";2600;2669;"2020-07-09";"2021-03-01";"";"";"";"Stuttgart";"active";1001;"2020-08-20"
25591;"energy";"gas";9600;10168;"2019-01-21";"2019-04-01";"";"";"";"Hamburg";"indelivery";2000;"2020-01-28"
25592;"energy";"electricity";2700;2770;"2018-02-13";"2018-08-01";"";"";"";"Hamburg";"indelivery";1002;"2020-09-23"
25593;"energy";"electricity";2300;2312;"2019-02-23";"2020-01-01";"";"";"";"Mannheim";"indelivery";1000;"2019-07-18"
25594;"energy";"electricity";2100;2070;"2019-11-02";"2020-01-01";"";"";"";"Kassel";"indelivery";1002;"2020-07-01"
25595;"energy";"electricity";2500;2377;"2019-05-15";"2019-07-01";"";"";"";"Frankfurt";"indelivery";1002;"2020-06-06"
25596;"energy";"electricity";2600;2491;"2019-11-20";"2020-05-01";"";"";"";"Berlin";"indelivery";1000;"2020-06-04"
25597;"energy";"electricity";3000;2887;"2019-07-29";"2019-09-01";"";"";"";"Cologne";"indelivery";1001;"2020-04-24"
25598;"energy";"electricity";2100;2021;"2020-05-05";"2020-07-01";"";"";"";"Düsseldorf";"indelivery";1002;"2020-08-30"
25599;"energy";"electricity";2200;2074;"2019-02-25";"2019-04-01";"";"";"";"Hannover";"indelivery";1002;"2019-12-03"
25600;"energy";"electricity";2300;2388;"2018-03-26";"2018-04-01";"2020-07-31";"2020-06-30";"fristgerecht durch Kunde";"Hamburg";"terminated";1000;"2019-07-16"
25601;"energy";"electricity";2600;2529;"2020-08-09";"2020-10-01";"";"";"";"Cologne";"indelivery";1001;"2020-09-06"
25602;"energy";"electricity";2600;2504;"2019-04-20";"2019-05-01";"";"";"";"Stuttgart";"indelivery";1001;"2019-09-07"
25603;"energy";"electricity";2900;2959;"2019-02-19";"2019-04-01";"";"";"";"Berlin";"indelivery";1002;"2019-12-15"
25604;"energy";"electricity";2300;2336;"2019-06-24";"2019-12-01";"";"";"";"Berlin";"indelivery";1001;"2019-09-11"
25605;"energy";"electricity";2400;2598;"2020-06-18";"2020-11-01";"";"";"";"Bremen";"active";1001;"2020-08-24"
25606;"energy";"electricity";2500;2386;"2019-01-31";"2019-06-01";"";"";"";"Heidelberg";"indelivery";1001;"2019-10-11"
25607;"energy";"electricity";2300;"";"2019-06-20";"2020-03-01";"";"";"";"Hamburg";"indelivery";1002;"2020-09-01"
25608;"energy";"electricity";2400;2534;"2019-01-15";"2019-05-01";"";"";"";"Stuttgart";"indelivery";1000;"2019-09-20"
25609;"energy";"gas";11400;11809;"2019-11-30";"2020-02-01";"";"";"";"Rostock";"indelivery";2000;"2020-01-14"
25610;"energy";"electricity";3000;2876;"2018-06-05";"2018-08-01";"";"";"";"Dortmund";"indelivery";1002;"2020-04-12"
25611;"energy";"electricity";2700;2789;"2019-09-27";"2020-05-01";"";"";"";"Leipzig";"indelivery";1000;"2020-08-16"
25612;"energy";"electricity";2700;2594;"2018-10-24";"2018-12-01";"2019-11-30";"2019-10-29";"fristgerecht durch Kunde";"Cologne";"terminated";1002;"2019-10-29"
25613;"energy";"electricity";2300;2403;"2018-10-31";"2018-12-01";"";"";"";"Potsdam";"indelivery";1002;"2020-07-11"
25614;"energy";"electricity";2000;2117;"2020-06-11";"2021-03-01";"";"";"";"Bielefeld";"active";1000;"2020-09-10"
25615;"energy";"electricity";2600;2637;"2019-02-16";"2019-10-01";"";"";"";"Bonn";"indelivery";1000;"2019-11-18"
25616;"energy";"gas";9800;"";"2018-07-27";"2018-08-01";"2019-09-30";"2019-09-02";"Umzug";"Wiesbaden";"terminated";2000;"2018-09-28"
25617;"energy";"electricity";3000;2808;"2019-05-29";"2019-08-01";"2020-08-31";"2020-07-30";"fristgerecht durch LichtBlick";"Duisburg";"terminated";1001;"2019-12-22"
25618;"energy";"electricity";2600;2496;"2018-01-27";"2018-03-01";"2018-03-01";"2019-02-28";"Wiederruf";"Bonn";"terminated";1002;"2019-02-28"
25619;"energy";"electricity";2800;2736;"2019-08-15";"2019-11-01";"";"";"";"Berlin";"indelivery";1000;"2019-11-03"
25620;"energy";"gas";10200;9858;"2019-05-01";"2019-12-01";"";"";"";"Osterholz-Scharmbeck";"indelivery";2001;"2020-03-07"
25621;"energy";"electricity";2400;2336;"2020-06-21";"2020-12-01";"";"";"";"Bremen";"active";1000;"2020-08-02"
25622;"energy";"electricity";2800;2837;"2018-05-21";"2018-09-01";"";"";"";"Miesbach";"indelivery";1000;"2019-06-20"
25623;"energy";"electricity";2200;2384;"2020-07-19";"2021-01-01";"";"";"";"Wuppertal";"active";1000;"2020-07-23"
25624;"energy";"electricity";3000;2946;"2018-06-17";"2018-07-01";"";"";"";"Essen";"indelivery";1000;"2018-10-05"
25625;"energy";"electricity";3000;2834;"2020-01-04";"2020-04-01";"";"";"";"Freiburg";"indelivery";1000;"2020-04-12"
25626;"energy";"electricity";2200;"";"2018-12-04";"2019-03-01";"";"";"";"Rosenheim";"indelivery";1000;"2018-12-26"
25627;"energy";"gas";10500;11162;"2018-11-12";"2019-04-01";"";"";"";"Saarbrücken";"indelivery";2001;"2020-02-15"
25628;"energy";"electricity";2800;2814;"2019-06-06";"2020-06-01";"";"";"";"Wuppertal";"indelivery";1001;"2020-07-19"
25629;"energy";"electricity";2100;"";"2020-05-09";"2020-09-01";"";"";"";"Freiburg";"indelivery";1000;"2020-06-12"
25630;"energy";"gas";10400;10429;"2018-01-27";"2018-02-01";"2019-08-31";"2019-08-03";"Umzug";"Cologne";"terminated";2000;"2019-08-03"
25631;"energy";"gas";10500;11319;"2018-04-27";"2018-06-01";"";"";"";"Dresden";"indelivery";2000;"2019-02-20"
25632;"energy";"electricity";2100;2121;"2020-06-27";"2020-08-01";"";"";"";"Munich";"indelivery";1001;"2020-09-05"
25633;"energy";"electricity";2700;2865;"2019-08-27";"2020-01-01";"";"";"";"Haßfurt";"indelivery";1002;"2020-04-15"
25634;"energy";"electricity";2300;2456;"2020-03-03";"2020-08-01";"2020-12-31";"2020-12-03";"Umzug";"Köthen";"cancelled";1000;"2020-07-31"
25635;"energy";"electricity";2500;2742;"2018-10-07";"2019-02-01";"";"";"";"Kempten";"indelivery";1000;"2019-07-07"
25636;"energy";"electricity";2400;2441;"2020-01-27";"2020-02-01";"";"";"";"Braunschweig";"indelivery";1001;"2020-06-30"
25637;"energy";"electricity";2300;2215;"2020-01-15";"2020-02-01";"";"";"";"Lübeck";"indelivery";1002;"2020-09-18"
25638;"energy";"electricity";2100;1990;"2019-12-12";"2020-02-01";"";"";"";"Erfurt";"indelivery";1000;"2020-06-25"
25639;"energy";"electricity";2300;2366;"2019-03-22";"2019-05-01";"";"";"";"Marienberg";"indelivery";1000;"2019-05-08"
25640;"energy";"gas";8700;9029;"2018-12-16";"2019-01-01";"";"";"";"Marienberg";"indelivery";2000;"2019-12-07"
25641;"energy";"electricity";2700;2603;"2020-03-08";"2020-04-01";"2020-09-30";"2020-09-02";"fristgerecht durch Kunde";"Braunschweig";"terminated";1001;"2020-09-02"
25642;"energy";"electricity";2900;2902;"2018-08-01";"2019-04-01";"";"";"";"Dortmund";"indelivery";1001;"2020-03-21"
25643;"energy";"electricity";2100;2215;"2018-06-05";"2018-08-01";"2018-08-01";"2020-07-02";"Wiederruf";"Karlsruhe";"terminated";1000;"2019-01-16"
25644;"energy";"electricity";3000;3187;"2020-07-19";"2021-10-01";"";"";"";"Parchim";"active";1001;"2020-08-19"
25645;"energy";"electricity";2700;"";"2018-03-05";"2019-06-01";"2020-03-31";"2020-03-01";"fristgerecht durch Kunde";"Cologne";"terminated";1002;"2019-11-10"
25646;"energy";"electricity";2700;2854;"2020-03-02";"2020-05-01";"";"";"";"Salzgitter";"indelivery";1000;"2020-06-27"
25647;"energy";"electricity";2900;2917;"2019-09-09";"2020-03-01";"";"";"";"Cologne";"indelivery";1000;"2020-06-19"
25648;"energy";"electricity";1900;1943;"2019-06-01";"2019-08-01";"";"";"";"Stuttgart";"indelivery";1002;"2019-10-28"
25649;"energy";"electricity";3000;3121;"2018-06-26";"2018-09-01";"";"";"";"Leipzig";"indelivery";1000;"2019-12-11"
25650;"energy";"electricity";2700;2785;"2019-07-20";"2019-11-01";"";"";"";"Göttingen";"indelivery";1000;"2020-01-07"
25651;"energy";"electricity";2600;"";"2018-12-01";"2019-04-01";"";"";"";"Berlin";"indelivery";1000;"2020-08-22"
25652;"energy";"electricity";2000;2087;"2019-12-22";"2020-03-01";"";"";"";"Berlin";"indelivery";1002;"2020-01-23"
25653;"energy";"gas";10700;11285;"2019-11-11";"2020-03-01";"";"";"";"Altchemnitz";"indelivery";2000;"2020-06-12"
25654;"energy";"gas";8300;8878;"2019-08-03";"2019-11-01";"";"";"";"Wiesbaden";"indelivery";2000;"2019-10-16"
25655;"energy";"electricity";2200;2109;"2018-10-30";"2019-04-01";"2019-04-01";"2020-10-30";"Wiederruf";"Bremen";"terminated";1000;"2018-12-15"
25656;"energy";"gas";9900;"";"2018-10-24";"2018-11-01";"";"";"";"Essen";"indelivery";2001;"2019-02-27"
25657;"energy";"electricity";2400;2467;"2019-10-07";"2020-04-01";"";"";"";"Mannheim";"indelivery";1000;"2020-06-25"
25658;"energy";"electricity";2000;1990;"2018-10-17";"2018-11-01";"";"";"";"Munich";"indelivery";1002;"2019-08-29"
25659;"energy";"gas";8800;"";"2018-06-04";"2018-08-01";"";"";"";"Hamburg";"indelivery";2001;"2019-02-27"
25660;"energy";"gas";9100;8724;"2018-03-20";"2018-06-01";"";"";"";"Regensburg";"indelivery";2000;"2020-08-20"
25661;"energy";"electricity";2200;2146;"2020-04-02";"2020-07-01";"";"";"";"Ulm";"indelivery";1002;"2020-06-06"
25662;"energy";"electricity";2300;2434;"2020-06-02";"2020-10-01";"";"";"";"Marienberg";"indelivery";1002;"2020-08-04"
25663;"energy";"electricity";2600;"";"2018-09-04";"2018-11-01";"";"";"";"Dresden";"indelivery";1000;"2020-07-10"
25664;"energy";"electricity";2100;2026;"2019-05-11";"2019-10-01";"";"";"";"Altchemnitz";"indelivery";1000;"2019-06-30"
25665;"energy";"electricity";2600;2657;"2019-12-21";"2020-02-01";"";"";"";"Düsseldorf";"indelivery";1001;"2020-06-19"
25666;"energy";"gas";8500;8102;"2020-09-20";"2020-11-01";"";"";"";"Essen";"active";2000;"2020-09-30"
25667;"energy";"electricity";3000;3018;"2018-10-19";"2019-06-01";"";"";"";"Dortmund";"indelivery";1000;"2019-02-12"
25668;"energy";"electricity";2300;2429;"2018-12-10";"2019-07-01";"2020-10-31";"2020-10-02";"Umzug";"Hamburg";"cancelled";1002;"2019-02-23"
25669;"energy";"electricity";2100;2012;"2020-05-09";"2020-07-01";"";"";"";"Berlin";"indelivery";1002;"2020-09-16"
25670;"energy";"electricity";2200;"";"2019-11-12";"2020-02-01";"";"";"";"Rostock";"indelivery";1002;"2020-08-08"
25671;"energy";"electricity";2500;2406;"2020-05-27";"2020-06-01";"";"";"";"Karlsruhe";"indelivery";1001;"2020-08-05"
25672;"energy";"gas";10000;10419;"2019-04-11";"2019-06-01";"";"";"";"Stuttgart";"indelivery";2000;"2019-12-25"
25673;"energy";"electricity";2800;2786;"2019-04-02";"2019-06-01";"";"";"";"Dresden";"indelivery";1001;"2020-08-11"
25674;"energy";"electricity";3000;2968;"2018-10-15";"2019-04-01";"";"";"";"Leipzig";"indelivery";1002;"2019-08-07"
25675;"energy";"electricity";2600;2519;"2019-12-26";"2020-04-01";"";"";"";"Stuttgart";"indelivery";1002;"2020-08-05"
25676;"energy";"electricity";2100;"";"2019-03-18";"2019-06-01";"";"";"";"Kiel";"indelivery";1001;"2020-05-25"
25677;"energy";"electricity";2200;2162;"2018-06-02";"2019-03-01";"";"";"";"Frankfurt";"indelivery";1001;"2019-07-22"
25678;"energy";"electricity";2600;2771;"2018-01-13";"2018-02-01";"";"";"";"Leipzig";"indelivery";1002;"2020-01-17"
25679;"energy";"gas";10000;9783;"2020-04-16";"2020-06-01";"";"";"";"Dresden";"indelivery";2000;"2020-06-13"
25680;"energy";"electricity";2000;2081;"2020-03-04";"2020-04-01";"";"";"";"Heidelberg";"indelivery";1002;"2020-03-11"
25681;"energy";"gas";10400;10090;"2018-11-26";"2019-05-01";"";"";"";"Stuttgart";"indelivery";2001;"2019-10-08"
25682;"energy";"electricity";2100;2189;"2018-01-20";"2018-03-01";"2019-05-31";"2019-04-28";"fristgerecht durch LichtBlick";"Stuttgart";"terminated";1000;"2019-04-28"
25683;"energy";"electricity";2200;2312;"2020-02-04";"2020-06-01";"";"";"";"Karlsruhe";"indelivery";1002;"2020-07-19"
25684;"energy";"electricity";2500;2480;"2018-03-21";"2018-04-01";"";"";"";"Berlin";"indelivery";1000;"2020-06-21"
25685;"energy";"gas";11300;"";"2018-10-12";"2018-12-01";"";"";"";"Cologne";"indelivery";2001;"2018-10-30"
25686;"energy";"electricity";2000;"";"2019-12-16";"2020-09-01";"";"";"";"Berlin";"indelivery";1001;"2020-02-15"
25687;"energy";"electricity";2500;2629;"2019-02-02";"2019-04-01";"";"";"";"Rostock";"indelivery";1001;"2019-10-27"
25688;"energy";"electricity";2300;2424;"2018-06-20";"2018-07-01";"";"";"";"Berlin";"indelivery";1002;"2018-11-13"
25689;"energy";"electricity";2700;"";"2019-08-14";"2019-09-01";"";"";"";"Berlin";"indelivery";1002;"2019-12-02"
25690;"energy";"gas";9400;10062;"2019-04-28";"2019-06-01";"";"";"";"Bremen";"indelivery";2000;"2020-08-09"
25691;"energy";"electricity";2800;2889;"2019-02-08";"2019-06-01";"";"";"";"Stuttgart";"indelivery";1000;"2019-11-21"
25692;"energy";"electricity";2200;"";"2019-06-17";"2020-02-01";"";"";"";"Dortmund";"indelivery";1000;"2020-06-18"
25693;"energy";"gas";9000;8657;"2019-07-03";"2019-09-01";"";"";"";"Hamburg";"indelivery";2000;"2020-04-22"
25694;"energy";"gas";9400;9258;"2018-11-05";"2018-12-01";"2019-12-31";"2019-12-02";"Umzug";"Göttingen";"terminated";2000;"2018-12-15"
25695;"energy";"electricity";2700;2607;"2019-04-04";"2019-07-01";"2020-09-30";"2020-08-29";"fristgerecht durch LichtBlick";"Kassel";"terminated";1001;"2019-08-12"
25696;"energy";"electricity";2800;2926;"2018-11-23";"2019-07-01";"2019-08-31";"2019-08-01";"fristgerecht durch Kunde";"Offenburg";"terminated";1002;"2018-12-26"
25697;"energy";"electricity";2600;2742;"2020-02-03";"2020-11-01";"";"";"";"Munich";"active";1000;"2020-08-12"
25698;"energy";"electricity";2300;2266;"2019-09-05";"2019-12-01";"";"";"";"Hamburg";"indelivery";1001;"2020-09-05"
25699;"energy";"electricity";2200;2201;"2020-01-01";"2020-03-01";"";"";"";"Hamburg";"indelivery";1001;"2020-07-20"
25700;"energy";"electricity";2700;"";"2019-01-31";"2019-11-01";"2020-07-31";"2020-07-03";"fristgerecht durch Kunde";"Bremen";"terminated";1000;"2020-06-22"
25701;"energy";"gas";9900;9462;"2019-08-14";"2019-11-01";"";"";"";"Altchemnitz";"indelivery";2001;"2020-04-30"
25702;"energy";"electricity";2500;2668;"2018-02-01";"2018-12-01";"2018-12-01";"2020-05-03";"Wiederruf";"Gera";"terminated";1001;"2020-05-03"
25703;"energy";"electricity";2300;2232;"2020-08-07";"2021-01-01";"";"";"";"Hofeck";"active";1002;"2020-09-19"
25704;"energy";"electricity";2000;2015;"2018-12-31";"2019-01-01";"2019-12-31";"2019-12-03";"fristgerecht durch Kunde";"Hamburg";"terminated";1000;"2019-12-03"
25705;"energy";"electricity";2800;2743;"2018-10-22";"2018-12-01";"";"";"";"Essen";"indelivery";1001;"2019-12-02"
25706;"energy";"electricity";2100;2018;"2020-07-11";"2020-08-01";"";"";"";"Hamburg";"indelivery";1000;"2020-08-22"
25707;"energy";"electricity";2300;2304;"2019-06-21";"2019-08-01";"";"";"";"Dresden";"indelivery";1000;"2020-02-06"
25708;"energy";"electricity";2300;2267;"2020-09-02";"2020-10-01";"";"";"";"Hamburg";"indelivery";1000;"2020-09-02"
25709;"energy";"electricity";2200;2206;"2018-08-15";"2018-11-01";"";"";"";"Freiburg";"indelivery";1001;"2019-05-02"
25710;"energy";"electricity";2500;"";"2018-06-06";"2018-10-01";"";"";"";"Berlin";"indelivery";1000;"2018-08-25"
25711;"energy";"gas";8700;9400;"2018-12-15";"2019-05-01";"2019-07-31";"2019-07-01";"fristgerecht durch LichtBlick";"Munich";"terminated";2000;"2019-07-01"
25712;"energy";"electricity";2600;2796;"2019-06-04";"2019-09-01";"2020-04-30";"2020-04-02";"fristgerecht durch Kunde";"Leipzig";"terminated";1001;"2019-08-22"
25713;"energy";"electricity";2100;2167;"2019-03-25";"2019-06-01";"";"";"";"Wuppertal";"indelivery";1001;"2020-01-09"
25714;"energy";"electricity";2900;2833;"2018-07-08";"2018-10-01";"";"";"";"Heidelberg";"indelivery";1001;"2019-01-19"
25715;"energy";"gas";11400;11088;"2019-12-20";"2020-09-01";"";"";"";"Berlin";"indelivery";2000;"2020-02-24"
25716;"energy";"electricity";3000;2997;"2018-09-10";"2018-11-01";"2018-11-01";"2018-11-30";"Wiederruf";"Bonn";"terminated";1000;"2018-11-30"
25717;"energy";"electricity";2400;2313;"2020-04-19";"2020-06-01";"";"";"";"Berlin";"indelivery";1002;"2020-09-25"
25718;"energy";"electricity";2700;2722;"2018-08-18";"2018-10-01";"";"";"";"Berlin";"indelivery";1000;"2020-06-13"
25719;"energy";"electricity";2600;2673;"2018-09-11";"2018-11-01";"";"";"";"Potsdam";"indelivery";1000;"2020-07-22"
25720;"energy";"electricity";1900;1869;"2020-07-12";"2020-09-01";"";"";"";"Munich";"indelivery";1002;"2020-09-28"
25721;"energy";"electricity";2500;"";"2019-01-01";"2019-03-01";"";"";"";"Berlin";"indelivery";1001;"2020-06-19"
25722;"energy";"electricity";2000;2162;"2019-03-09";"2019-04-01";"2020-03-31";"2020-02-28";"fristgerecht durch LichtBlick";"Dresden";"terminated";1001;"2020-02-28"
25723;"energy";"electricity";2200;2263;"2018-02-15";"2018-05-01";"";"";"";"Dresden";"indelivery";1002;"2018-05-08"
25724;"energy";"electricity";2100;2150;"2020-05-06";"2020-07-01";"";"";"";"Heidelberg";"indelivery";1002;"2020-06-03"
25725;"energy";"electricity";2600;2610;"2018-02-26";"2018-04-01";"2018-04-01";"2020-07-02";"Wiederruf";"Hamburg";"terminated";1002;"2020-01-13"
25726;"energy";"electricity";2800;2982;"2020-07-07";"2021-03-01";"";"";"";"Bremen";"active";1001;"2020-09-29"
25727;"energy";"gas";11800;11919;"2018-11-11";"2019-02-01";"";"";"";"Dresden";"indelivery";2000;"2020-02-27"
25728;"energy";"gas";8800;8882;"2018-11-04";"2018-12-01";"2018-12-01";"2019-03-26";"Wiederruf";"Münster";"terminated";2001;"2019-03-26"
25729;"energy";"electricity";1900;1908;"2020-09-04";"2021-03-01";"";"";"";"Berlin";"active";1000;"2020-09-05"
25730;"energy";"electricity";2800;2726;"2018-01-06";"2018-03-01";"2020-12-31";"2020-11-29";"fristgerecht durch LichtBlick";"Leipzig";"cancelled";1001;"2018-08-29"
25731;"energy";"gas";10100;10656;"2018-09-07";"2018-11-01";"";"";"";"Hofeck";"indelivery";2000;"2019-12-07"
25732;"energy";"electricity";2100;2192;"2018-08-11";"2019-06-01";"";"";"";"Duisburg";"indelivery";1000;"2020-06-13"
25733;"energy";"electricity";2900;2992;"2019-07-07";"2020-01-01";"";"";"";"Berlin";"indelivery";1000;"2020-05-17"
25734;"energy";"gas";10200;10305;"2020-06-08";"2020-11-01";"";"";"";"Duisburg";"active";2001;"2020-07-08"
25735;"energy";"electricity";2300;2282;"2020-01-20";"2020-06-01";"2020-12-31";"2020-12-02";"fristgerecht durch Kunde";"Duisburg";"cancelled";1000;"2020-05-10"
25736;"energy";"electricity";2300;2334;"2018-02-09";"2018-04-01";"2018-04-01";"2019-03-02";"Wiederruf";"Münster";"terminated";1000;"2019-03-02"
25737;"energy";"electricity";2200;2295;"2020-04-21";"2020-06-01";"";"";"";"Regensburg";"indelivery";1000;"2020-05-06"
25738;"energy";"electricity";2200;2137;"2018-01-17";"2018-07-01";"2019-05-31";"2019-04-29";"fristgerecht durch LichtBlick";"Hamburg";"terminated";1001;"2019-04-29"
25739;"energy";"electricity";2600;2724;"2020-04-27";"2020-12-01";"";"";"";"Karlsruhe";"active";1000;"2020-08-08"
25740;"energy";"electricity";2500;2415;"2020-05-12";"2020-06-01";"";"";"";"Schwerin";"indelivery";1001;"2020-08-03"
25741;"energy";"electricity";2300;2505;"2020-06-01";"2020-07-01";"";"";"";"Duisburg";"indelivery";1002;"2020-06-17"
25742;"energy";"electricity";2600;2575;"2019-07-10";"2019-12-01";"";"";"";"Heidelberg";"indelivery";1000;"2020-02-17"
25743;"energy";"electricity";2300;"";"2020-03-06";"2020-07-01";"";"";"";"Erfurt";"indelivery";1001;"2020-09-06"
25744;"energy";"electricity";2000;1995;"2020-09-09";"2021-01-01";"";"";"";"Münster";"active";1002;"2020-09-13"
25745;"energy";"electricity";2500;2614;"2019-06-15";"2019-11-01";"";"";"";"Bielefeld";"indelivery";1000;"2020-08-04"
25746;"energy";"electricity";2000;2008;"2018-12-05";"2019-08-01";"";"";"";"Dresden";"indelivery";1000;"2019-07-02"
25747;"energy";"electricity";2700;2582;"2018-02-01";"2018-06-01";"";"";"";"Regensburg";"indelivery";1000;"2018-08-01"
25748;"energy";"electricity";2800;2768;"2019-07-12";"2019-08-01";"";"";"";"Stuttgart";"indelivery";1000;"2019-09-25"
25749;"energy";"electricity";2500;2633;"2019-06-26";"2019-08-01";"2019-08-01";"2020-07-02";"Wiederruf";"Stuttgart";"terminated";1001;"2019-12-25"
25750;"energy";"electricity";2900;2967;"2019-06-13";"2019-08-01";"2020-01-31";"2020-01-03";"fristgerecht durch LichtBlick";"Flensburg";"terminated";1002;"2020-01-03"
25751;"energy";"electricity";2700;2609;"2020-08-25";"2020-12-01";"";"";"";"Karlsruhe";"active";1001;"2020-09-26"
25752;"energy";"electricity";2400;2286;"2020-05-28";"2020-12-01";"";"";"";"Augsburg";"active";1001;"2020-08-27"
25753;"energy";"electricity";2200;2190;"2020-09-19";"2021-03-01";"";"";"";"Berlin";"active";1002;"2020-09-29"
25754;"energy";"electricity";2800;2830;"2020-09-12";"2021-06-01";"";"";"";"Munich";"active";1002;"2020-09-18"
25755;"energy";"electricity";2900;2928;"2020-05-28";"2020-08-01";"";"";"";"Mainz";"indelivery";1002;"2020-09-17"
25756;"energy";"electricity";2000;2078;"2018-03-06";"2018-09-01";"";"";"";"Berlin";"indelivery";1002;"2019-08-17"
25757;"energy";"electricity";2600;2539;"2020-03-30";"2020-05-01";"";"";"";"Hamburg";"indelivery";1002;"2020-04-22"
25758;"energy";"electricity";1900;1868;"2020-06-22";"2020-09-01";"";"";"";"Stuttgart";"indelivery";1000;"2020-07-27"
25759;"energy";"electricity";2200;2193;"2020-01-24";"2020-02-01";"";"";"";"Duisburg";"indelivery";1000;"2020-05-28"
25760;"energy";"electricity";2700;2742;"2020-08-14";"2020-11-01";"";"";"";"Homburg";"active";1001;"2020-08-20"
25761;"energy";"electricity";2000;2036;"2018-01-23";"2018-02-01";"";"";"";"Dortmund";"indelivery";1000;"2018-06-03"
25762;"energy";"electricity";2900;2938;"2018-03-22";"2018-08-01";"";"";"";"Siegburg";"indelivery";1000;"2020-01-05"
25763;"energy";"electricity";2300;2343;"2020-08-10";"2020-11-01";"";"";"";"Berlin";"active";1000;"2020-08-20"
25764;"energy";"electricity";2500;"";"2019-10-22";"2019-12-01";"";"";"";"Regensburg";"indelivery";1001;"2020-02-11"
25765;"energy";"electricity";2700;2655;"2018-01-24";"2018-02-01";"";"";"";"Greiz";"indelivery";1001;"2019-09-29"
25766;"energy";"electricity";2800;2655;"2018-09-27";"2018-12-01";"";"";"";"Dresden";"indelivery";1001;"2020-02-24"
25767;"energy";"electricity";2500;2461;"2019-09-16";"2019-10-01";"";"";"";"Munich";"indelivery";1001;"2020-05-07"
25768;"energy";"electricity";2000;1948;"2020-08-02";"2021-02-01";"";"";"";"Berlin";"active";1002;"2020-09-16"
25769;"energy";"electricity";2200;2072;"2019-02-10";"2019-10-01";"";"";"";"Stuttgart";"indelivery";1002;"2019-08-27"
25770;"energy";"electricity";2500;2562;"2018-03-18";"2018-05-01";"";"";"";"Munich";"indelivery";1000;"2019-10-07"
25771;"energy";"electricity";2200;2097;"2019-10-06";"2019-12-01";"";"";"";"Dortmund";"indelivery";1002;"2020-06-07"
25772;"energy";"electricity";2500;2553;"2019-04-28";"2019-06-01";"2019-09-30";"2019-08-30";"Umzug";"Bonn";"terminated";1002;"2019-08-30"
25773;"energy";"electricity";2300;2451;"2020-06-18";"2020-11-01";"";"";"";"Marienberg";"active";1002;"2020-09-22"
25774;"energy";"electricity";2400;2538;"2019-03-25";"2019-05-01";"";"";"";"Hamburg";"indelivery";1001;"2019-05-03"
25775;"energy";"electricity";2900;"";"2018-08-11";"2018-10-01";"2018-10-01";"2019-05-31";"Wiederruf";"Altchemnitz";"terminated";1000;"2019-05-31"
25776;"energy";"electricity";2900;2765;"2018-01-31";"2018-10-01";"2020-07-31";"2020-06-26";"Umzug";"Duisburg";"terminated";1001;"2020-06-26"
25777;"energy";"electricity";2700;2734;"2019-07-19";"2019-09-01";"2020-12-31";"2020-11-29";"fristgerecht durch LichtBlick";"Dresden";"cancelled";1002;"2020-01-30"
25778;"energy";"electricity";2300;2258;"2019-05-01";"2019-05-01";"";"";"";"Leipzig";"indelivery";1000;"2020-03-19"
25779;"energy";"gas";10600;10147;"2019-07-18";"2020-02-01";"";"";"";"Berlin";"indelivery";2001;"2020-05-03"
25780;"energy";"electricity";2500;2477;"2020-08-23";"2020-11-01";"";"";"";"Hamburg";"active";1002;"2020-09-04"
25781;"energy";"electricity";3000;2999;"2020-03-25";"2020-07-01";"";"";"";"Potsdam";"indelivery";1001;"2020-09-15"
25782;"energy";"electricity";2400;2486;"2020-06-08";"2020-12-01";"";"";"";"Stuttgart";"active";1000;"2020-09-25"
25783;"energy";"electricity";2400;2286;"2019-10-02";"2020-03-01";"";"";"";"Meppen";"indelivery";1002;"2019-12-18"
25784;"energy";"electricity";2500;2435;"2018-08-31";"2019-03-01";"2020-06-30";"2020-05-29";"fristgerecht durch LichtBlick";"Berlin";"terminated";1001;"2020-02-23"
25785;"energy";"electricity";2800;2975;"2019-11-14";"2020-03-01";"2020-12-31";"2020-11-29";"Umzug";"Kronach";"cancelled";1000;"2020-06-23"
25786;"energy";"electricity";2700;2551;"2020-09-23";"2020-12-01";"";"";"";"Duisburg";"active";1001;"2020-09-29"
25787;"energy";"electricity";2700;2672;"2019-10-14";"2019-12-01";"";"";"";"Regensburg";"indelivery";1002;"2020-06-07"
25788;"energy";"electricity";2900;2995;"2019-06-29";"2019-08-01";"2019-11-30";"2019-11-02";"Umzug";"Essen";"terminated";1000;"2019-11-02"
25789;"energy";"electricity";2800;2957;"2019-09-16";"2019-11-01";"";"";"";"Berlin";"indelivery";1002;"2019-10-10"
25790;"energy";"electricity";2100;2287;"2018-01-18";"2018-02-01";"";"";"";"Hamburg";"indelivery";1000;"2020-09-08"
25791;"energy";"electricity";2100;2073;"2019-07-11";"2019-08-01";"";"";"";"Cologne";"indelivery";1001;"2020-01-17"
25792;"energy";"electricity";3000;3102;"2018-03-26";"2019-01-01";"2020-12-31";"2020-11-26";"fristgerecht durch Kunde";"Freiburg";"cancelled";1001;"2018-07-03"
25793;"energy";"gas";10800;11419;"2020-06-07";"2021-01-01";"";"";"";"Altötting";"active";2000;"2020-08-22"
25794;"energy";"electricity";2100;2205;"2018-06-05";"2019-01-01";"";"";"";"Berlin";"indelivery";1000;"2018-12-10"
25795;"energy";"electricity";2800;3049;"2019-10-09";"2020-02-01";"";"";"";"Gießen";"indelivery";1000;"2020-06-13"
25796;"energy";"gas";11000;10730;"2018-02-25";"2018-03-01";"2018-07-31";"2018-07-01";"fristgerecht durch Kunde";"Munich";"terminated";2000;"2018-07-01"
25797;"energy";"electricity";2400;2397;"2020-02-16";"2020-04-01";"";"";"";"Stuttgart";"indelivery";1001;"2020-05-12"
25798;"energy";"electricity";2600;2598;"2019-02-26";"2019-08-01";"";"";"";"Dortmund";"indelivery";1000;"2019-08-20"
25799;"energy";"electricity";3000;3055;"2018-04-19";"2018-12-01";"";"";"";"Augsburg";"indelivery";1000;"2020-05-24"
25800;"energy";"electricity";2500;2349;"2018-05-03";"2018-08-01";"";"";"";"Bremen";"indelivery";1002;"2018-11-03"
25801;"energy";"electricity";2400;2586;"2020-09-20";"2020-11-01";"";"";"";"Berlin";"active";1000;"2020-09-27"
25802;"energy";"electricity";2700;2677;"2018-07-16";"2018-10-01";"";"";"";"Berlin";"indelivery";1002;"2020-05-11"
25803;"energy";"electricity";2700;2649;"2019-10-31";"2020-02-01";"";"";"";"Berlin";"indelivery";1001;"2020-09-04"
25804;"energy";"electricity";2400;2422;"2018-06-12";"2018-07-01";"2019-08-31";"2019-08-02";"fristgerecht durch Kunde";"Leipzig";"terminated";1001;"2018-11-30"
25805;"energy";"electricity";2500;2549;"2020-01-26";"2020-03-01";"2020-10-31";"2020-10-02";"fristgerecht durch Kunde";"Bremen";"cancelled";1001;"2020-04-23"
25806;"energy";"electricity";2500;2389;"2020-07-20";"2020-11-01";"";"";"";"Karlsruhe";"active";1000;"2020-09-29"
25807;"energy";"electricity";2700;2775;"2018-12-04";"2019-04-01";"";"";"";"Essen";"indelivery";1001;"2020-06-02"
25808;"energy";"electricity";2700;2769;"2019-11-11";"2020-06-01";"";"";"";"Braunschweig";"indelivery";1001;"2020-06-03"
25809;"energy";"electricity";2800;2937;"2020-05-10";"2020-06-01";"";"";"";"Berlin";"indelivery";1000;"2020-09-04"
25810;"energy";"gas";8100;7910;"2020-05-27";"2020-09-01";"";"";"";"Hannover";"indelivery";2001;"2020-07-28"
25811;"energy";"electricity";2700;"";"2018-03-04";"2018-05-01";"";"";"";"Weißenburg";"indelivery";1002;"2018-04-28"
25812;"energy";"electricity";2200;2318;"2020-04-11";"2020-05-01";"";"";"";"Gera";"indelivery";1001;"2020-04-24"
25813;"energy";"electricity";3000;2813;"2018-05-25";"2019-01-01";"2019-01-01";"2019-08-30";"Wiederruf";"Wiesbaden";"terminated";1002;"2019-08-30"
25814;"energy";"electricity";2700;"";"2018-04-13";"2018-08-01";"";"";"";"Marienberg";"indelivery";1002;"2018-04-13"
25815;"energy";"electricity";2500;2698;"2018-04-11";"2018-12-01";"";"";"";"Braunschweig";"indelivery";1001;"2019-09-25"
25816;"energy";"electricity";2100;2196;"2018-07-15";"2019-07-01";"";"";"";"Kiel";"indelivery";1001;"2020-08-26"
25817;"energy";"electricity";2800;"";"2020-03-01";"2020-07-01";"";"";"";"Berlin";"indelivery";1000;"2020-03-24"
25818;"energy";"electricity";2000;1994;"2018-12-28";"2019-01-01";"";"";"";"Cologne";"indelivery";1000;"2019-01-04"
25819;"energy";"electricity";2600;2461;"2018-02-06";"2018-03-01";"2019-07-31";"2019-07-01";"fristgerecht durch LichtBlick";"Berlin";"terminated";1000;"2019-07-01"
25820;"energy";"electricity";2400;2554;"2019-08-13";"2019-09-01";"";"";"";"Munich";"indelivery";1002;"2020-06-22"
25821;"energy";"electricity";2800;2700;"2019-02-21";"2019-09-01";"";"";"";"Sankt Wendel";"indelivery";1001;"2019-05-09"
25822;"energy";"electricity";2300;2438;"2019-08-13";"2020-01-01";"";"";"";"Dortmund";"indelivery";1002;"2020-05-16"
25823;"energy";"electricity";2600;2688;"2020-08-22";"2020-10-01";"";"";"";"Essen";"indelivery";1002;"2020-09-01"
25824;"energy";"electricity";2400;"";"2018-06-14";"2018-10-01";"";"";"";"Berlin";"indelivery";1002;"2019-04-20"
25825;"energy";"electricity";2600;2494;"2019-04-23";"2019-06-01";"";"";"";"Gießen";"indelivery";1001;"2020-06-22"
25826;"energy";"electricity";2100;2202;"2019-10-19";"2019-12-01";"";"";"";"Regensburg";"indelivery";1000;"2020-08-02"
25827;"energy";"electricity";2400;2587;"2018-03-04";"2018-04-01";"";"";"";"Berlin";"indelivery";1002;"2018-05-20"
25828;"energy";"electricity";2700;2772;"2019-09-17";"2019-10-01";"";"";"";"Rostock";"indelivery";1000;"2019-09-27"
25829;"energy";"electricity";2600;2692;"2018-08-13";"2018-10-01";"";"";"";"Aachen";"indelivery";1001;"2018-11-08"
25830;"energy";"electricity";2200;2085;"2019-10-07";"2020-01-01";"";"";"";"Berlin";"indelivery";1002;"2020-05-06"
25831;"energy";"gas";9400;9539;"2020-05-05";"2020-06-01";"";"";"";"Berlin";"indelivery";2001;"2020-06-25"
25832;"energy";"electricity";2700;2627;"2020-03-07";"2020-04-01";"";"";"";"Frankfurt";"indelivery";1000;"2020-09-13"
25833;"energy";"gas";10300;9881;"2019-06-08";"2019-08-01";"2019-10-31";"2019-09-29";"fristgerecht durch LichtBlick";"Cologne";"terminated";2001;"2019-06-13"
25834;"energy";"electricity";2300;2254;"2020-01-20";"2020-07-01";"";"";"";"Wuppertal";"indelivery";1002;"2020-06-01"
25835;"energy";"electricity";2400;2293;"2018-07-01";"2019-04-01";"";"";"";"Saarbrücken";"indelivery";1000;"2019-07-24"
25836;"energy";"electricity";3000;3168;"2018-01-05";"2018-03-01";"";"";"";"Kiel";"indelivery";1002;"2020-07-05"
25837;"energy";"electricity";2500;2577;"2018-11-27";"2019-05-01";"";"";"";"Heide";"indelivery";1002;"2020-06-01"
25838;"energy";"electricity";2700;2675;"2019-11-03";"2020-02-01";"";"";"";"Berlin";"indelivery";1000;"2019-12-23"
25839;"energy";"electricity";2100;2115;"2019-08-12";"2020-01-01";"";"";"";"Munich";"indelivery";1000;"2020-05-22"
25840;"energy";"electricity";2500;2554;"2018-11-09";"2019-06-01";"";"";"";"Mettmann";"indelivery";1001;"2019-10-22"
25841;"energy";"electricity";2300;2418;"2020-02-05";"2020-03-01";"";"";"";"Frankfurt";"indelivery";1001;"2020-07-07"
25842;"energy";"electricity";2900;2877;"2020-02-24";"2020-03-01";"";"";"";"Regensburg";"indelivery";1000;"2020-04-25"
25843;"energy";"electricity";2400;2392;"2019-02-21";"2019-03-01";"";"";"";"Stuttgart";"indelivery";1002;"2020-08-31"
25844;"energy";"gas";10900;10517;"2019-10-03";"2019-12-01";"2020-03-31";"2020-03-02";"fristgerecht durch Kunde";"Dortmund";"terminated";2001;"2020-03-02"
25845;"energy";"electricity";2400;2420;"2019-10-16";"2020-04-01";"";"";"";"Münster";"indelivery";1000;"2020-09-29"
25846;"energy";"electricity";2300;2340;"2020-02-12";"2020-09-01";"";"";"";"Hamburg";"indelivery";1002;"2020-07-18"
25847;"energy";"electricity";2300;2435;"2019-02-14";"2020-02-01";"2020-03-31";"2020-02-25";"fristgerecht durch LichtBlick";"Frankfurt";"terminated";1002;"2019-08-11"
25848;"energy";"electricity";2800;2693;"2019-08-11";"2019-11-01";"";"";"";"Berlin";"indelivery";1001;"2020-04-13"
25849;"energy";"gas";9800;"";"2020-02-08";"2020-06-01";"";"";"";"Hamburg";"indelivery";2000;"2020-05-06"
25850;"energy";"electricity";2500;2658;"2018-03-14";"2018-05-01";"";"";"";"Hannover";"indelivery";1001;"2019-10-11"
25851;"energy";"electricity";2500;2415;"2019-02-24";"2019-12-01";"2020-02-29";"2020-01-30";"Umzug";"Berlin";"terminated";1002;"2020-01-30"
25852;"energy";"electricity";2200;"";"2020-06-23";"2021-04-01";"";"";"";"Hamburg";"active";1001;"2020-07-19"
25853;"energy";"electricity";2500;2616;"2019-06-27";"2019-10-01";"";"";"";"Munich";"indelivery";1001;"2020-07-13"
25854;"energy";"electricity";2700;2820;"2018-11-09";"2019-02-01";"";"";"";"Dresden";"indelivery";1000;"2018-11-18"
25855;"energy";"gas";8600;8566;"2020-08-12";"2021-01-01";"";"";"";"Altchemnitz";"active";2001;"2020-08-13"
25856;"energy";"electricity";2700;2646;"2020-03-31";"2020-08-01";"";"";"";"Stuttgart";"indelivery";1002;"2020-04-20"
25857;"energy";"electricity";3000;2857;"2019-06-01";"2019-07-01";"";"";"";"Dresden";"indelivery";1002;"2020-04-29"
25858;"energy";"electricity";2200;2211;"2018-05-12";"2018-06-01";"2019-02-28";"2019-01-31";"fristgerecht durch Kunde";"Kassel";"terminated";1000;"2019-01-31"
25859;"energy";"gas";10100;10637;"2020-06-12";"2020-10-01";"";"";"";"Berlin";"indelivery";2000;"2020-06-29"
25860;"energy";"electricity";2700;2836;"2019-11-11";"2020-03-01";"";"";"";"Bonn";"indelivery";1002;"2020-08-20"
25861;"energy";"electricity";2100;2153;"2019-03-15";"2019-08-01";"";"";"";"Leipzig";"indelivery";1000;"2019-05-14"
25862;"energy";"electricity";2500;2636;"2018-01-22";"2018-12-01";"";"";"";"Hamburg";"indelivery";1000;"2020-04-21"
25863;"energy";"gas";9100;8648;"2019-08-30";"2019-11-01";"";"";"";"Essen";"indelivery";2000;"2019-10-01"
25864;"energy";"electricity";2800;2716;"2018-03-10";"2018-05-01";"2018-05-01";"2019-07-03";"Wiederruf";"Bremerhaven";"terminated";1000;"2019-05-08"
25865;"energy";"electricity";3000;3040;"2019-04-04";"2019-09-01";"2020-08-31";"2020-07-31";"fristgerecht durch Kunde";"Dortmund";"terminated";1001;"2019-07-27"
25866;"energy";"electricity";2400;"";"2019-06-16";"2019-08-01";"";"";"";"Dortmund";"indelivery";1001;"2020-09-18"
25867;"energy";"electricity";3000;3132;"2020-03-23";"2020-04-01";"";"";"";"Duisburg";"indelivery";1002;"2020-08-21"
25868;"energy";"gas";11700;11708;"2020-08-07";"2020-10-01";"";"";"";"Duisburg";"indelivery";2000;"2020-08-29"
25869;"energy";"electricity";2700;2866;"2019-01-06";"2019-02-01";"";"";"";"Dresden";"indelivery";1000;"2019-04-22"
25870;"energy";"electricity";2100;"";"2020-05-24";"2020-07-01";"";"";"";"Frankfurt";"indelivery";1001;"2020-09-30"
25871;"energy";"electricity";2800;2816;"2018-02-10";"2018-05-01";"";"";"";"Erfurt";"indelivery";1001;"2020-04-07"
25872;"energy";"electricity";2300;2456;"2019-08-17";"2020-02-01";"2020-09-30";"2020-09-02";"fristgerecht durch Kunde";"Munich";"terminated";1001;"2020-04-06"
25873;"energy";"electricity";2500;2540;"2018-01-15";"2019-01-01";"";"";"";"Dortmund";"indelivery";1001;"2020-02-18"
25874;"energy";"electricity";2000;2008;"2018-11-04";"2019-01-01";"";"";"";"Hamburg";"indelivery";1000;"2020-09-25"
25875;"energy";"gas";9900;"";"2020-08-16";"2021-01-01";"";"";"";"Cottbus";"active";2000;"2020-09-14"
25876;"energy";"electricity";2100;2026;"2018-07-30";"2018-09-01";"";"";"";"Hamburg";"indelivery";1002;"2020-01-18"
25877;"energy";"electricity";2900;3003;"2019-05-22";"2019-07-01";"";"";"";"Dresden";"indelivery";1000;"2020-04-14"
25878;"energy";"electricity";2800;2836;"2018-08-07";"2018-09-01";"";"";"";"Bonn";"indelivery";1001;"2019-10-29"
25879;"energy";"electricity";2600;2454;"2020-01-17";"2020-03-01";"";"";"";"Frankfurt";"indelivery";1000;"2020-02-24"
25880;"energy";"electricity";3000;2859;"2019-02-18";"2019-07-01";"";"";"";"Jena";"indelivery";1000;"2020-07-04"
25881;"energy";"electricity";2300;2329;"2018-08-25";"2018-09-01";"";"";"";"Arnstadt";"indelivery";1000;"2019-02-07"
25882;"energy";"electricity";2900;3087;"2018-12-18";"2019-07-01";"";"";"";"Berlin";"indelivery";1000;"2019-06-07"
25883;"energy";"electricity";2300;2231;"2020-02-17";"2020-04-01";"";"";"";"Hamburg";"indelivery";1000;"2020-03-21"
25884;"energy";"electricity";2800;"";"2019-10-06";"2020-03-01";"";"";"";"Munich";"indelivery";1001;"2020-05-31"
25885;"energy";"gas";10600;11049;"2019-09-07";"2020-05-01";"";"";"";"Osnabrück";"indelivery";2000;"2019-12-13"
25886;"energy";"electricity";2200;2195;"2019-11-23";"2020-08-01";"2020-09-30";"2020-09-01";"fristgerecht durch Kunde";"Munich";"terminated";1001;"2019-12-30"
25887;"energy";"electricity";2100;2175;"2019-07-18";"2019-09-01";"";"";"";"Dortmund";"indelivery";1001;"2020-06-09"
25888;"energy";"gas";11600;11849;"2020-04-21";"2020-05-01";"";"";"";"Hamburg";"indelivery";2000;"2020-09-05"
25889;"energy";"electricity";2400;2497;"2019-10-29";"2019-12-01";"";"";"";"Koblenz";"indelivery";1001;"2019-11-12"
25890;"energy";"electricity";2600;2548;"2020-02-19";"2020-05-01";"";"";"";"Wiesbaden";"indelivery";1002;"2020-08-18"
25891;"energy";"electricity";2500;2412;"2019-09-12";"2020-06-01";"";"";"";"Augsburg";"indelivery";1001;"2019-10-15"
25892;"energy";"electricity";3000;2884;"2020-04-04";"2020-08-01";"";"";"";"Oldenburg";"indelivery";1000;"2020-08-10"
25893;"energy";"electricity";2400;2395;"2020-01-20";"2020-06-01";"";"";"";"Mannheim";"indelivery";1001;"2020-04-22"
25894;"energy";"electricity";2700;2639;"2019-08-09";"2019-11-01";"";"";"";"Berlin";"indelivery";1002;"2020-06-24"
25895;"energy";"electricity";2400;2404;"2019-10-24";"2020-02-01";"";"";"";"Ingolstadt";"indelivery";1001;"2020-09-03"
25896;"energy";"electricity";2200;2165;"2018-03-02";"2018-12-01";"";"";"";"Münster";"indelivery";1000;"2020-05-16"
25897;"energy";"electricity";2600;2735;"2018-04-21";"2018-08-01";"2020-11-30";"2020-11-02";"Umzug";"Siegen";"cancelled";1001;"2020-09-04"
25898;"energy";"electricity";2200;2169;"2018-10-24";"2018-12-01";"";"";"";"Berlin";"indelivery";1000;"2019-06-01"
25899;"energy";"electricity";2800;2717;"2019-08-17";"2019-11-01";"";"";"";"Frankfurt";"indelivery";1002;"2020-01-24"
25900;"energy";"gas";8700;9378;"2018-12-07";"2019-02-01";"";"";"";"Hamburg";"indelivery";2001;"2019-07-21"
25901;"energy";"electricity";3100;3287;"2019-01-30";"2019-08-01";"";"";"";"Fürstenfeldbruck";"indelivery";1001;"2020-09-22"
25902;"energy";"electricity";2100;"";"2019-01-04";"2019-08-01";"";"";"";"Munich";"indelivery";1000;"2020-04-16"
25903;"energy";"electricity";2200;2090;"2020-03-15";"2020-04-01";"";"";"";"Ulm";"indelivery";1000;"2020-03-16"
25904;"energy";"electricity";2100;2098;"2019-03-27";"2019-11-01";"";"";"";"Hamburg";"indelivery";1002;"2020-01-18"
25905;"energy";"electricity";2100;2047;"2019-10-07";"2019-11-01";"";"";"";"Berlin";"indelivery";1000;"2020-04-15"
25906;"energy";"electricity";2200;2264;"2019-05-30";"2020-01-01";"";"";"";"Mainz";"indelivery";1001;"2020-05-09"
25907;"energy";"electricity";2600;2477;"2020-09-18";"2021-07-01";"";"";"";"Marienberg";"active";1001;"2020-09-27"
25908;"energy";"electricity";2100;2179;"2018-01-25";"2018-03-01";"";"";"";"Gießen";"indelivery";1001;"2020-07-06"
25909;"energy";"electricity";2500;2513;"2020-04-25";"2020-07-01";"";"";"";"Dortmund";"indelivery";1000;"2020-07-03"
25910;"energy";"electricity";2200;2119;"2020-07-21";"2020-09-01";"";"";"";"Munich";"indelivery";1000;"2020-09-16"
25911;"energy";"electricity";2400;2383;"2018-05-01";"2018-05-01";"2018-05-01";"2018-09-02";"Wiederruf";"Leipzig";"terminated";1001;"2018-09-02"
25912;"energy";"electricity";2100;2124;"2018-11-20";"2019-03-01";"";"";"";"Dresden";"indelivery";1002;"2020-04-22"
25913;"energy";"electricity";2700;2887;"2019-06-11";"2020-06-01";"";"";"";"Augsburg";"indelivery";1000;"2019-10-07"
25914;"energy";"electricity";1900;2004;"2018-03-16";"2018-11-01";"";"";"";"Stuttgart";"indelivery";1001;"2020-08-17"
25915;"energy";"electricity";2800;2780;"2018-07-02";"2018-09-01";"";"";"";"Cologne";"indelivery";1001;"2020-09-28"
25916;"energy";"electricity";2700;2717;"2019-09-18";"2020-08-01";"";"";"";"Weiden";"indelivery";1001;"2020-04-27"
25917;"energy";"electricity";2100;2188;"2020-07-13";"2020-09-01";"";"";"";"Lübeck";"indelivery";1001;"2020-09-03"
25918;"energy";"electricity";2700;2702;"2020-08-29";"2021-03-01";"";"";"";"Wolfenbüttel";"active";1002;"2020-09-19"
25919;"energy";"electricity";2400;2549;"2018-03-26";"2018-09-01";"";"";"";"Lübeck";"indelivery";1002;"2018-08-24"
25920;"energy";"electricity";2900;"";"2019-05-05";"2019-06-01";"";"";"";"Wuppertal";"indelivery";1002;"2020-09-06"
25921;"energy";"electricity";2300;2226;"2019-01-04";"2019-02-01";"2019-05-31";"2019-05-01";"Umzug";"Saarbrücken";"terminated";1002;"2019-05-01"
25922;"energy";"electricity";2800;2915;"2018-03-28";"2018-09-01";"2020-09-30";"2020-09-02";"fristgerecht durch Kunde";"Jena";"terminated";1000;"2019-07-30"
25923;"energy";"electricity";2600;2731;"2019-02-18";"2019-05-01";"2019-05-01";"2020-11-02";"Wiederruf";"Altchemnitz";"terminated";1001;"2020-03-01"
25924;"energy";"gas";8600;8965;"2019-01-22";"2019-03-01";"";"";"";"Marienberg";"indelivery";2001;"2019-12-20"
25925;"energy";"gas";9300;9966;"2019-11-18";"2020-04-01";"";"";"";"Heidelberg";"indelivery";2000;"2020-07-27"
25926;"energy";"electricity";2600;"";"2018-12-17";"2019-03-01";"";"";"";"Essen";"indelivery";1001;"2019-03-22"
25927;"energy";"electricity";2000;1960;"2019-01-09";"2019-11-01";"";"";"";"Berlin";"indelivery";1002;"2020-07-13"
25928;"energy";"electricity";2700;2720;"2018-03-25";"2018-05-01";"";"";"";"Bremen";"indelivery";1000;"2020-04-26"
25929;"energy";"electricity";2300;2348;"2020-03-29";"2021-09-01";"";"";"";"Halberstadt";"active";1002;"2020-09-03"
25930;"energy";"electricity";2900;2880;"2018-09-20";"2018-11-01";"";"";"";"Kassel";"indelivery";1000;"2019-06-30"
25931;"energy";"electricity";2500;"";"2019-06-07";"2019-07-01";"";"";"";"Berlin";"indelivery";1000;"2020-06-10"
25932;"energy";"gas";8500;8391;"2019-12-22";"2020-11-01";"";"";"";"Augsburg";"active";2001;"2020-06-16"
25933;"energy";"electricity";2200;2355;"2020-08-23";"2020-12-01";"";"";"";"Kiel";"active";1001;"2020-09-23"
25934;"energy";"electricity";2100;2024;"2018-01-29";"2018-12-01";"";"";"";"Frankfurt";"indelivery";1001;"2020-04-21"
25935;"energy";"electricity";2300;2238;"2019-11-08";"2020-01-01";"";"";"";"Dortmund";"indelivery";1001;"2020-09-18"
25936;"energy";"electricity";2700;2663;"2018-10-24";"2019-05-01";"";"";"";"Rostock";"indelivery";1000;"2019-05-26"
25937;"energy";"electricity";2700;2679;"2019-03-11";"2019-05-01";"";"";"";"Cologne";"indelivery";1001;"2019-07-19"
25938;"energy";"electricity";2200;2245;"2018-01-12";"2018-03-01";"";"";"";"Hamburg";"indelivery";1001;"2020-05-12"
25939;"energy";"electricity";2300;2220;"2020-01-13";"2020-12-01";"";"";"";"Wuppertal";"active";1001;"2020-08-14"
25940;"energy";"electricity";2000;2181;"2020-01-15";"2020-03-01";"";"";"";"Duisburg";"indelivery";1002;"2020-01-29"
25941;"energy";"electricity";2900;"";"2020-07-31";"2020-08-01";"";"";"";"Ludwigshafen";"indelivery";1001;"2020-08-28"
25942;"energy";"electricity";2700;2603;"2019-06-04";"2019-08-01";"";"";"";"Berlin";"indelivery";1002;"2020-09-30"
25943;"energy";"electricity";2700;"";"2020-07-16";"2021-04-01";"";"";"";"Hamburg";"active";1000;"2020-09-10"
25944;"energy";"electricity";2400;2354;"2020-09-24";"2020-12-01";"";"";"";"Berlin";"active";1000;"2020-09-30"
25945;"energy";"electricity";2500;2669;"2019-12-14";"2020-04-01";"2020-05-31";"2020-05-01";"fristgerecht durch LichtBlick";"Dortmund";"terminated";1001;"2020-05-01"
25946;"energy";"electricity";2600;2699;"2018-02-23";"2018-03-01";"2019-11-30";"2019-11-02";"Umzug";"Hannover";"terminated";1002;"2018-05-07"
25947;"energy";"electricity";2600;2768;"2019-11-12";"2020-08-01";"";"";"";"Mannheim";"indelivery";1000;"2020-05-04"
25948;"energy";"gas";10900;11333;"2020-02-28";"2020-03-01";"";"";"";"Stuttgart";"indelivery";2001;"2020-06-25"
25949;"energy";"electricity";2700;2776;"2018-06-29";"2018-08-01";"";"";"";"Berlin";"indelivery";1002;"2020-03-15"
25950;"energy";"electricity";2000;2198;"2019-10-09";"2020-03-01";"";"";"";"Düren";"indelivery";1002;"2020-07-24"
25951;"energy";"gas";11500;10932;"2018-12-19";"2019-02-01";"";"";"";"Marienberg";"indelivery";2000;"2019-11-02"
25952;"energy";"electricity";2600;2652;"2019-05-29";"2019-06-01";"";"";"";"Cologne";"indelivery";1002;"2019-07-18"
25953;"energy";"electricity";2000;2088;"2020-02-09";"2020-10-01";"";"";"";"Essen";"indelivery";1002;"2020-09-18"
25954;"energy";"electricity";2300;2316;"2018-05-23";"2018-12-01";"";"";"";"Bremen";"indelivery";1001;"2020-05-31"
25955;"energy";"electricity";2500;"";"2018-05-05";"2018-09-01";"";"";"";"Kassel";"indelivery";1000;"2020-01-17"
25956;"energy";"electricity";2200;2282;"2018-12-03";"2019-01-01";"";"";"";"Wiesbaden";"indelivery";1000;"2020-04-27"
25957;"energy";"electricity";2900;3105;"2019-06-21";"2019-11-01";"";"";"";"Berlin";"indelivery";1002;"2020-08-13"
25958;"energy";"electricity";2500;2617;"2019-09-15";"2019-10-01";"";"";"";"Ulm";"indelivery";1002;"2019-12-08"
25959;"energy";"electricity";2900;2950;"2020-03-26";"2020-09-01";"";"";"";"Marienberg";"indelivery";1001;"2020-06-28"
25960;"energy";"electricity";2100;2029;"2018-03-06";"2018-05-01";"2018-05-01";"2018-08-01";"Wiederruf";"Berlin";"terminated";1000;"2018-08-01"
25961;"energy";"electricity";2600;2757;"2019-08-12";"2020-01-01";"";"";"";"Hamburg";"indelivery";1002;"2020-09-12"
25962;"energy";"gas";10200;10726;"2020-01-09";"2020-04-01";"";"";"";"Essen";"indelivery";2001;"2020-05-14"
25963;"energy";"electricity";2800;2775;"2020-09-16";"2021-12-01";"";"";"";"Karlsruhe";"active";1001;"2020-09-18"
25964;"energy";"electricity";2100;2243;"2020-07-30";"2020-12-01";"";"";"";"Gera";"active";1001;"2020-08-25"
25965;"energy";"electricity";2100;1991;"2018-11-29";"2019-02-01";"2020-07-31";"2020-07-03";"Umzug";"Düsseldorf";"terminated";1000;"2020-06-29"
25966;"energy";"electricity";2000;1961;"2019-11-26";"2020-07-01";"";"";"";"Mainz";"indelivery";1001;"2020-03-25"
25967;"energy";"gas";11500;11496;"2019-08-13";"2020-01-01";"";"";"";"Bautzen";"indelivery";2001;"2020-02-17"
25968;"energy";"electricity";2200;2147;"2019-03-05";"2019-07-01";"";"";"";"Düsseldorf";"indelivery";1002;"2019-09-19"
25969;"energy";"electricity";2400;2393;"2020-04-27";"2021-02-01";"";"";"";"Berlin";"active";1001;"2020-09-03"
25970;"energy";"gas";11700;11227;"2020-04-10";"2020-08-01";"";"";"";"Bielefeld";"indelivery";2001;"2020-04-25"
25971;"energy";"electricity";2100;2265;"2020-07-25";"2020-09-01";"";"";"";"Düsseldorf";"indelivery";1000;"2020-08-14"
25972;"energy";"electricity";2300;2334;"2018-11-13";"2019-06-01";"";"";"";"Wiesbaden";"indelivery";1002;"2019-01-17"
25973;"energy";"electricity";2600;2629;"2019-02-26";"2019-04-01";"";"";"";"Stuttgart";"indelivery";1002;"2019-10-13"
25974;"energy";"electricity";2700;2787;"2020-04-22";"2020-07-01";"";"";"";"Calw";"indelivery";1000;"2020-06-16"
25975;"energy";"electricity";2600;"";"2018-11-28";"2019-01-01";"";"";"";"Berlin";"indelivery";1001;"2020-08-07"
25976;"energy";"electricity";2500;2662;"2018-04-22";"2018-06-01";"";"";"";"Rostock";"indelivery";1001;"2020-07-23"
25977;"energy";"electricity";2900;3034;"2018-04-26";"2018-10-01";"";"";"";"Düsseldorf";"indelivery";1002;"2019-05-20"
25978;"energy";"electricity";2400;2522;"2018-03-17";"2018-05-01";"2020-02-29";"2020-01-31";"fristgerecht durch Kunde";"Berlin";"terminated";1002;"2020-01-16"
25979;"energy";"electricity";2700;2650;"2018-09-01";"2018-10-01";"";"";"";"Berlin";"indelivery";1000;"2020-09-07"
25980;"energy";"electricity";2700;"";"2018-06-27";"2018-11-01";"";"";"";"Bielefeld";"indelivery";1001;"2019-07-15"
25981;"energy";"electricity";3000;"";"2019-09-16";"2020-03-01";"";"";"";"Karlsruhe";"indelivery";1000;"2019-11-08"
25982;"energy";"electricity";3000;2970;"2019-07-18";"2019-08-01";"";"";"";"Ingolstadt";"indelivery";1000;"2020-07-15"
25983;"energy";"electricity";2900;2862;"2019-06-19";"2019-07-01";"";"";"";"Duisburg";"indelivery";1001;"2020-08-06"
25984;"energy";"electricity";2500;2581;"2020-01-17";"2020-06-01";"";"";"";"Frankfurt";"indelivery";1001;"2020-05-24"
25985;"energy";"electricity";2800;2793;"2018-12-06";"2019-10-01";"";"";"";"Essen";"indelivery";1001;"2019-08-05"
25986;"energy";"electricity";2100;2159;"2020-02-15";"2020-04-01";"";"";"";"Düsseldorf";"indelivery";1001;"2020-03-18"
25987;"energy";"electricity";2200;"";"2019-04-10";"2019-11-01";"2019-11-01";"2020-10-27";"Wiederruf";"Marienberg";"terminated";1002;"2019-05-27"
25988;"energy";"electricity";2700;2658;"2019-01-24";"2019-09-01";"";"";"";"Kassel";"indelivery";1000;"2020-06-06"
25989;"energy";"gas";10600;10327;"2020-02-20";"2020-04-01";"";"";"";"Bremen";"indelivery";2000;"2020-05-06"
25990;"energy";"electricity";2100;2210;"2020-09-28";"2020-12-01";"";"";"";"Berlin";"active";1001;"2020-09-29"
25991;"energy";"electricity";2600;2584;"2019-03-02";"2019-05-01";"2019-05-01";"2019-11-30";"Wiederruf";"Berlin";"terminated";1002;"2019-10-14"
25992;"energy";"electricity";2800;2866;"2019-08-04";"2019-12-01";"";"";"";"Leipzig";"indelivery";1000;"2020-07-03"
25993;"energy";"gas";12900;12988;"2020-07-23";"2021-01-01";"";"";"";"Korbach";"active";2000;"2020-08-01"
25994;"energy";"electricity";2800;2688;"2018-10-07";"2019-06-01";"";"";"";"Duisburg";"indelivery";1000;"2020-02-16"
25995;"energy";"electricity";2100;2206;"2020-08-27";"2020-09-01";"";"";"";"Cologne";"indelivery";1002;"2020-09-29"
25996;"energy";"gas";9700;10275;"2020-05-18";"2020-06-01";"";"";"";"Hamburg";"indelivery";2000;"2020-09-14"
25997;"energy";"electricity";2700;2951;"2018-06-28";"2018-09-01";"";"";"";"Jena";"indelivery";1000;"2019-05-09"
25998;"energy";"electricity";2000;1960;"2020-08-22";"2020-10-01";"";"";"";"Duisburg";"indelivery";1000;"2020-09-07"
25999;"energy";"electricity";2700;2577;"2020-02-22";"2020-06-01";"";"";"";"Germersheim";"indelivery";1002;"2020-06-28"
26000;"energy";"electricity";2500;2486;"2018-09-19";"2018-12-01";"";"";"";"Bielefeld";"indelivery";1001;"2019-07-05"
26001;"energy";"gas";8600;8370;"2018-06-12";"2019-02-01";"2020-05-31";"2020-05-02";"fristgerecht durch LichtBlick";"Karlsruhe";"terminated";2000;"2020-05-02"
26002;"energy";"electricity";2900;3072;"2019-03-18";"2019-09-01";"";"";"";"Dresden";"indelivery";1002;"2019-10-09"
26003;"energy";"electricity";2900;3119;"2020-04-14";"2020-12-01";"";"";"";"Frankfurt";"active";1001;"2020-08-16"
26004;"energy";"electricity";2400;2586;"2019-02-28";"2019-05-01";"";"";"";"Berlin";"indelivery";1001;"2020-07-27"
26005;"energy";"electricity";3100;3005;"2018-09-22";"2018-11-01";"";"";"";"Wittenberg";"indelivery";1000;"2020-07-18"
26006;"energy";"electricity";2400;2470;"2019-03-28";"2019-04-01";"";"";"";"Frankfurt";"indelivery";1001;"2020-05-08"
26007;"energy";"electricity";2800;"";"2018-04-26";"2018-12-01";"";"";"";"Dortmund";"indelivery";1002;"2018-09-07"
26008;"energy";"gas";10000;"";"2019-07-08";"2019-09-01";"";"";"";"Fürth";"indelivery";2001;"2019-09-21"
26009;"energy";"electricity";2800;2686;"2018-04-21";"2018-12-01";"";"";"";"Mannheim";"indelivery";1002;"2020-04-09"
26010;"energy";"electricity";2500;2456;"2019-07-13";"2019-09-01";"";"";"";"Leipzig";"indelivery";1002;"2019-08-17"
26011;"energy";"gas";12100;12390;"2019-01-05";"2019-03-01";"2020-11-30";"2020-11-02";"Umzug";"Donauwörth";"cancelled";2001;"2019-11-16"
26012;"energy";"electricity";2300;2268;"2018-11-14";"2019-01-01";"";"";"";"Stuttgart";"indelivery";1002;"2019-01-09"
26013;"energy";"electricity";2200;"";"2019-12-22";"2020-02-01";"";"";"";"Göttingen";"indelivery";1001;"2020-04-22"
26014;"energy";"electricity";2200;2058;"2019-11-15";"2019-12-01";"";"";"";"Cologne";"indelivery";1000;"2019-12-05"
26015;"energy";"electricity";2800;2707;"2020-04-27";"2020-10-01";"";"";"";"Hannover";"indelivery";1000;"2020-08-29"
26016;"energy";"electricity";2900;3061;"2018-03-17";"2018-05-01";"";"";"";"Duisburg";"indelivery";1002;"2018-06-16"
26017;"energy";"electricity";2700;"";"2018-04-19";"2018-08-01";"";"";"";"Stuttgart";"indelivery";1002;"2018-05-19"
26018;"energy";"gas";9300;9223;"2019-08-28";"2020-01-01";"";"";"";"Stuttgart";"indelivery";2000;"2020-08-05"
26019;"energy";"electricity";2500;2586;"2020-07-19";"2020-08-01";"";"";"";"Braunschweig";"indelivery";1001;"2020-08-30"
26020;"energy";"electricity";2500;2429;"2018-11-14";"2019-01-01";"";"";"";"Berlin";"indelivery";1002;"2019-04-24"
26021;"energy";"electricity";2700;2576;"2019-04-15";"2019-07-01";"";"";"";"Berlin";"indelivery";1002;"2019-09-18"
26022;"energy";"electricity";2600;2629;"2018-11-17";"2019-05-01";"";"";"";"Karlsruhe";"indelivery";1000;"2019-03-03"
26023;"energy";"electricity";2500;2683;"2018-09-27";"2018-11-01";"";"";"";"Düsseldorf";"indelivery";1000;"2019-07-28"
26024;"energy";"electricity";2000;1969;"2020-02-17";"2020-07-01";"";"";"";"Stuttgart";"indelivery";1001;"2020-07-05"
26025;"energy";"electricity";2400;2351;"2020-03-18";"2020-05-01";"";"";"";"Bonn";"indelivery";1001;"2020-08-30"
26026;"energy";"electricity";2400;2276;"2018-07-25";"2018-09-01";"";"";"";"Cologne";"indelivery";1001;"2019-08-12"
26027;"energy";"electricity";2800;2998;"2018-02-24";"2018-04-01";"2018-04-01";"2018-10-31";"Wiederruf";"Berlin";"terminated";1001;"2018-10-31"
26028;"energy";"electricity";2800;2890;"2018-07-30";"2018-08-01";"";"";"";"Düsseldorf";"indelivery";1001;"2020-04-11"
26029;"energy";"electricity";2400;2355;"2018-02-09";"2018-03-01";"2018-03-01";"2018-07-31";"Wiederruf";"Essen";"terminated";1001;"2018-07-31"
26030;"energy";"electricity";2500;2574;"2020-01-26";"2020-03-01";"";"";"";"Altchemnitz";"indelivery";1000;"2020-08-24"
26031;"energy";"electricity";2200;2233;"2019-07-07";"2019-08-01";"2020-11-30";"2020-11-02";"fristgerecht durch LichtBlick";"Bonn";"cancelled";1002;"2019-08-10"
26032;"energy";"electricity";2300;2478;"2019-11-12";"2020-01-01";"";"";"";"Hamburg";"indelivery";1002;"2020-08-11"
26033;"energy";"electricity";2000;2073;"2019-06-29";"2019-07-01";"";"";"";"Essen";"indelivery";1002;"2020-04-02"
26034;"energy";"electricity";2700;2647;"2020-07-14";"2021-02-01";"";"";"";"Berlin";"active";1001;"2020-07-15"
26035;"energy";"electricity";2500;2464;"2020-01-03";"2020-07-01";"";"";"";"Marienberg";"indelivery";1001;"2020-04-02"
26036;"energy";"electricity";2900;3017;"2018-08-04";"2019-04-01";"";"";"";"Jena";"indelivery";1001;"2018-12-25"
26037;"energy";"electricity";2200;2169;"2020-02-13";"2020-07-01";"";"";"";"Freiburg";"indelivery";1001;"2020-06-15"
26038;"energy";"electricity";2700;2832;"2020-01-29";"2020-02-01";"2020-11-30";"2020-10-29";"fristgerecht durch Kunde";"Marienberg";"cancelled";1001;"2020-04-14"
26039;"energy";"electricity";2300;2393;"2019-07-06";"2019-09-01";"";"";"";"Cologne";"indelivery";1002;"2019-11-12"
26040;"energy";"electricity";2800;2673;"2018-05-12";"2018-08-01";"2019-08-31";"2019-07-31";"fristgerecht durch LichtBlick";"Berlin";"terminated";1002;"2018-05-17"
26041;"energy";"electricity";3000;3113;"2018-01-14";"2018-03-01";"";"";"";"Bad Neustadt";"indelivery";1001;"2019-11-28"
26042;"energy";"electricity";2100;2247;"2020-08-26";"2021-10-01";"";"";"";"Altchemnitz";"active";1001;"2020-09-16"
26043;"energy";"electricity";2100;2086;"2020-01-01";"2020-06-01";"";"";"";"Stuttgart";"indelivery";1000;"2020-03-02"
26044;"energy";"electricity";2300;2206;"2018-03-17";"2018-04-01";"2020-12-31";"2020-12-01";"fristgerecht durch LichtBlick";"Munich";"cancelled";1000;"2019-07-16"
26045;"energy";"electricity";2800;"";"2019-09-10";"2019-11-01";"";"";"";"Leipzig";"indelivery";1002;"2020-02-02"
26046;"energy";"electricity";2400;2379;"2020-09-04";"2020-12-01";"";"";"";"Berlin";"active";1000;"2020-09-21"
26047;"energy";"gas";8500;8375;"2018-07-04";"2019-01-01";"";"";"";"Munich";"indelivery";2001;"2019-04-25"
26048;"energy";"gas";10900;11334;"2020-06-21";"2021-07-01";"";"";"";"Bielefeld";"active";2000;"2020-09-23"
26049;"energy";"electricity";2200;2079;"2019-12-23";"2020-06-01";"";"";"";"Berlin";"indelivery";1002;"2020-01-22"
26050;"energy";"electricity";2700;2857;"2019-07-23";"2019-10-01";"";"";"";"Eberswalde";"indelivery";1000;"2019-11-07"
26051;"energy";"electricity";2500;2430;"2019-04-22";"2019-11-01";"";"";"";"Ingolstadt";"indelivery";1000;"2019-12-16"
26052;"energy";"electricity";2700;2872;"2019-01-18";"2019-03-01";"2019-03-01";"2019-06-28";"Wiederruf";"Essen";"terminated";1002;"2019-06-28"
26053;"energy";"electricity";2100;2018;"2018-04-02";"2018-06-01";"2019-03-31";"2019-03-01";"fristgerecht durch Kunde";"Munich";"terminated";1001;"2019-02-01"
26054;"energy";"electricity";2800;"";"2019-01-15";"2019-08-01";"";"";"";"Hamburg";"indelivery";1001;"2019-04-03"
26055;"energy";"electricity";2200;2118;"2019-09-15";"2019-11-01";"";"";"";"Hamburg";"indelivery";1002;"2020-04-05"
26056;"energy";"electricity";2000;1914;"2020-03-07";"2020-07-01";"";"";"";"Hamburg";"indelivery";1001;"2020-03-18"
26057;"energy";"electricity";2400;"";"2018-05-02";"2019-04-01";"";"";"";"Altchemnitz";"indelivery";1002;"2020-01-26"
26058;"energy";"electricity";2500;2459;"2020-06-14";"2020-07-01";"";"";"";"Essen";"indelivery";1001;"2020-06-26"
26059;"energy";"electricity";2800;2753;"2019-05-27";"2019-06-01";"";"";"";"Wuppertal";"indelivery";1001;"2019-12-11"
26060;"energy";"electricity";2800;2782;"2019-02-05";"2020-01-01";"";"";"";"Ratzeburg";"indelivery";1000;"2020-04-12"
26061;"energy";"electricity";2400;2374;"2020-05-28";"2021-03-01";"";"";"";"Stralsund";"active";1002;"2020-05-31"
26062;"energy";"electricity";2800;"";"2019-11-07";"2020-05-01";"";"";"";"Frankfurt";"indelivery";1000;"2019-12-08"
26063;"energy";"electricity";2600;2809;"2019-01-01";"2019-01-01";"";"";"";"Marienberg";"indelivery";1002;"2019-02-13"
26064;"energy";"electricity";2400;2545;"2019-04-17";"2019-06-01";"";"";"";"Essen";"indelivery";1002;"2019-12-01"
26065;"energy";"electricity";2600;2642;"2019-12-23";"2020-01-01";"";"";"";"Kirchheimbolanden";"indelivery";1001;"2020-09-21"
26066;"energy";"electricity";2100;"";"2019-11-08";"2020-05-01";"";"";"";"Munich";"indelivery";1002;"2020-01-19"
26067;"energy";"gas";11800;12179;"2019-06-25";"2020-01-01";"";"";"";"Cologne";"indelivery";2000;"2019-12-13"
26068;"energy";"electricity";2200;"";"2020-03-05";"2020-04-01";"";"";"";"Wiesbaden";"indelivery";1002;"2020-06-13"
26069;"energy";"gas";11900;"";"2020-05-12";"2020-08-01";"";"";"";"Schwandorf";"indelivery";2001;"2020-08-02"
26070;"energy";"electricity";2400;2521;"2018-04-04";"2018-07-01";"";"";"";"Erfurt";"indelivery";1002;"2018-11-21"
26071;"energy";"electricity";2900;3071;"2020-07-05";"2020-09-01";"";"";"";"Hamburg";"indelivery";1000;"2020-09-29"
26072;"energy";"electricity";2000;2090;"2019-04-20";"2019-09-01";"2020-06-30";"2020-06-02";"fristgerecht durch Kunde";"Berlin";"terminated";1002;"2019-04-30"
26073;"energy";"electricity";1900;2082;"2020-07-24";"2020-12-01";"";"";"";"Cologne";"active";1001;"2020-09-08"
26074;"energy";"electricity";2800;"";"2018-05-29";"2018-08-01";"";"";"";"Jena";"indelivery";1002;"2019-04-22"
26075;"energy";"electricity";2500;2505;"2019-10-07";"2020-01-01";"2020-04-30";"2020-04-02";"fristgerecht durch LichtBlick";"Düsseldorf";"terminated";1000;"2020-03-04"
26076;"energy";"electricity";2100;2208;"2019-02-12";"2019-07-01";"2020-12-31";"2020-12-02";"fristgerecht durch Kunde";"Gera";"cancelled";1000;"2019-03-08"
26077;"energy";"electricity";2100;2078;"2018-03-18";"2018-06-01";"2020-09-30";"2020-09-01";"fristgerecht durch Kunde";"Kassel";"terminated";1000;"2019-06-28"
26078;"energy";"electricity";2300;2294;"2020-02-27";"2020-05-01";"2020-12-31";"2020-12-02";"fristgerecht durch Kunde";"Wiesbaden";"cancelled";1000;"2020-09-18"
26079;"energy";"electricity";2200;2312;"2020-05-11";"2020-07-01";"";"";"";"Heidelberg";"indelivery";1000;"2020-07-27"
26080;"energy";"electricity";2900;3092;"2019-05-30";"2019-06-01";"";"";"";"Ingolstadt";"indelivery";1002;"2020-06-14"
26081;"energy";"electricity";2100;2285;"2018-04-23";"2019-01-01";"2019-07-31";"2019-07-01";"Umzug";"Halle";"terminated";1000;"2019-07-01"
26082;"energy";"electricity";2500;2518;"2019-04-11";"2019-05-01";"";"";"";"Bielefeld";"indelivery";1002;"2019-08-27"
26083;"energy";"electricity";2800;3052;"2018-01-02";"2018-12-01";"";"";"";"Hamburg";"indelivery";1000;"2018-05-19"
26084;"energy";"electricity";2200;2285;"2019-04-18";"2019-07-01";"";"";"";"Munich";"indelivery";1000;"2020-07-24"
26085;"energy";"electricity";2400;2360;"2018-02-13";"2018-04-01";"";"";"";"Kiel";"indelivery";1000;"2018-07-13"
26086;"energy";"electricity";2400;2348;"2018-04-07";"2019-03-01";"2019-09-30";"2019-08-30";"fristgerecht durch LichtBlick";"Coburg";"terminated";1001;"2019-02-13"
26087;"energy";"electricity";2200;"";"2020-05-25";"2020-12-01";"";"";"";"Cologne";"active";1002;"2020-09-11"
26088;"energy";"gas";7400;7726;"2019-06-26";"2019-07-01";"";"";"";"Hamburg";"indelivery";2000;"2019-12-07"
26089;"energy";"gas";8700;8445;"2018-07-26";"2018-09-01";"2019-06-30";"2019-05-31";"fristgerecht durch Kunde";"Augsburg";"terminated";2000;"2019-05-31"
26090;"energy";"gas";10100;10800;"2019-11-09";"2020-04-01";"";"";"";"Bremen";"indelivery";2001;"2020-02-18"
26091;"energy";"electricity";2300;"";"2019-12-30";"2020-07-01";"";"";"";"Hamburg";"indelivery";1002;"2020-09-11"
26092;"energy";"electricity";2200;2103;"2020-07-18";"2020-10-01";"";"";"";"Saarbrücken";"indelivery";1002;"2020-08-09"
26093;"energy";"electricity";2700;2804;"2019-11-08";"2020-05-01";"";"";"";"Leipzig";"indelivery";1000;"2020-06-16"
26094;"energy";"gas";9000;9678;"2019-09-15";"2019-10-01";"";"";"";"Frankfurt";"indelivery";2000;"2020-02-29"
26095;"energy";"electricity";2700;2848;"2020-06-02";"2020-08-01";"";"";"";"Munich";"indelivery";1002;"2020-09-28"
26096;"energy";"electricity";2800;2794;"2020-05-23";"2020-10-01";"";"";"";"Berlin";"indelivery";1000;"2020-07-10"
26097;"energy";"electricity";2800;2723;"2019-03-09";"2019-10-01";"";"";"";"Stuttgart";"indelivery";1000;"2020-05-09"
26098;"energy";"electricity";2400;2245;"2018-07-14";"2018-12-01";"";"";"";"Frankfurt";"indelivery";1002;"2019-06-08"
26099;"energy";"gas";8400;8882;"2020-07-31";"2020-10-01";"";"";"";"Stuttgart";"indelivery";2000;"2020-09-24"
26100;"energy";"electricity";2700;2722;"2019-05-15";"2020-01-01";"";"";"";"Frankfurt";"indelivery";1002;"2019-08-08"
26101;"energy";"electricity";2700;"";"2020-04-07";"2020-07-01";"";"";"";"Oldenburg";"indelivery";1002;"2020-08-08"
26102;"energy";"electricity";2600;2479;"2018-08-04";"2018-10-01";"";"";"";"Augsburg";"indelivery";1002;"2020-07-30"
26103;"energy";"electricity";2100;2113;"2018-05-25";"2018-08-01";"";"";"";"Gifhorn";"indelivery";1002;"2019-06-20"
26104;"energy";"electricity";2100;2237;"2019-10-18";"2020-01-01";"2020-01-01";"2020-09-02";"Wiederruf";"Heppenheim";"terminated";1000;"2020-08-06"
26105;"energy";"electricity";2700;"";"2019-01-27";"2019-02-01";"2020-06-30";"2020-06-02";"Umzug";"Berlin";"terminated";1000;"2020-04-15"
26106;"energy";"electricity";2100;2105;"2018-02-15";"2018-08-01";"";"";"";"Gießen";"indelivery";1000;"2018-03-13"
26107;"energy";"electricity";2300;2329;"2018-11-25";"2018-12-01";"2019-06-30";"2019-06-02";"Umzug";"Cologne";"terminated";1002;"2019-06-02"
26108;"energy";"electricity";2700;"";"2018-04-11";"2018-09-01";"";"";"";"Bremen";"indelivery";1002;"2018-08-21"
26109;"energy";"gas";9500;9155;"2020-01-08";"2020-07-01";"";"";"";"Hamburg";"indelivery";2001;"2020-02-15"
26110;"energy";"electricity";2400;2361;"2019-08-10";"2019-11-01";"";"";"";"Saarbrücken";"indelivery";1000;"2020-09-14"
26111;"energy";"electricity";2000;1958;"2020-03-01";"2020-04-01";"";"";"";"Berlin";"indelivery";1001;"2020-08-02"
26112;"energy";"electricity";2900;2833;"2018-12-06";"2019-01-01";"";"";"";"Meppen";"indelivery";1002;"2020-09-17"
26113;"energy";"electricity";2800;2927;"2020-06-03";"2020-08-01";"";"";"";"Frankfurt";"indelivery";1000;"2020-08-24"
26114;"energy";"electricity";2100;2150;"2018-08-19";"2018-12-01";"";"";"";"Bremen";"indelivery";1000;"2019-10-10"
26115;"energy";"electricity";2800;2770;"2018-01-05";"2018-07-01";"";"";"";"Mainz";"indelivery";1002;"2018-09-16"
26116;"energy";"electricity";2300;2396;"2020-07-22";"2020-08-01";"";"";"";"Leipzig";"indelivery";1000;"2020-09-20"
26117;"energy";"electricity";2600;2547;"2019-05-30";"2019-07-01";"";"";"";"Munich";"indelivery";1002;"2020-02-28"
26118;"energy";"electricity";3000;3001;"2019-05-12";"2019-07-01";"";"";"";"Kelheim";"indelivery";1000;"2020-04-10"
26119;"energy";"electricity";2000;2141;"2019-01-15";"2019-03-01";"";"";"";"Braunschweig";"indelivery";1000;"2019-11-14"
26120;"energy";"electricity";2400;2454;"2019-03-23";"2019-08-01";"2020-01-31";"2020-01-02";"fristgerecht durch Kunde";"Munich";"terminated";1000;"2019-05-30"
26121;"energy";"electricity";2600;2732;"2019-04-18";"2019-09-01";"2020-12-31";"2020-12-03";"Umzug";"Marienberg";"cancelled";1001;"2019-12-02"
26122;"energy";"electricity";2500;2584;"2020-03-03";"2020-07-01";"";"";"";"Braunschweig";"indelivery";1002;"2020-09-08"
26123;"energy";"electricity";2000;2196;"2019-07-05";"2020-01-01";"";"";"";"Berlin";"indelivery";1002;"2020-07-19"
26124;"energy";"electricity";2300;2420;"2018-01-01";"2018-05-01";"2020-07-31";"2020-07-02";"Umzug";"Essen";"terminated";1000;"2019-12-10"
26125;"energy";"gas";10800;11110;"2019-12-02";"2020-01-01";"";"";"";"Mindelheim";"indelivery";2001;"2020-06-11"
26126;"energy";"electricity";2100;2021;"2018-03-07";"2018-09-01";"";"";"";"Leipzig";"indelivery";1002;"2020-08-18"
26127;"energy";"electricity";2100;2275;"2020-07-08";"2020-09-01";"";"";"";"Gera";"indelivery";1000;"2020-09-27"
26128;"energy";"gas";9700;9366;"2020-04-23";"2020-06-01";"";"";"";"Hannover";"indelivery";2000;"2020-07-03"
26129;"energy";"electricity";2500;2549;"2019-05-11";"2020-02-01";"";"";"";"Leipzig";"indelivery";1000;"2019-08-06"
26130;"energy";"electricity";3000;"";"2019-04-20";"2019-07-01";"";"";"";"Rostock";"indelivery";1002;"2020-07-01"
26131;"energy";"electricity";2400;2496;"2018-03-03";"2018-05-01";"";"";"";"Hamburg";"indelivery";1001;"2018-03-26"
26132;"energy";"electricity";2400;"";"2020-01-22";"2020-09-01";"";"";"";"Cologne";"indelivery";1002;"2020-07-18"
26133;"energy";"electricity";2800;2855;"2020-09-25";"2020-11-01";"";"";"";"Marienberg";"active";1000;"2020-09-27"
26134;"energy";"electricity";2000;2159;"2020-09-17";"2020-12-01";"";"";"";"Munich";"active";1002;"2020-09-21"
26135;"energy";"electricity";3000;3188;"2019-11-19";"2020-02-01";"";"";"";"Bremen";"indelivery";1001;"2020-03-05"
26136;"energy";"gas";8600;8649;"2018-04-13";"2018-05-01";"2019-12-31";"2019-11-30";"Umzug";"Bonn";"terminated";2000;"2019-09-24"
26137;"energy";"electricity";2400;2545;"2018-11-23";"2019-10-01";"";"";"";"Cloppenburg";"indelivery";1001;"2020-05-28"
26138;"energy";"gas";11500;12070;"2019-01-07";"2019-11-01";"";"";"";"Wuppertal";"indelivery";2000;"2020-09-24"
26139;"energy";"electricity";2500;2725;"2019-09-02";"2019-11-01";"2019-12-31";"2019-11-30";"fristgerecht durch LichtBlick";"Hamburg";"terminated";1001;"2019-11-30"
26140;"energy";"electricity";2600;2550;"2020-06-19";"2020-08-01";"";"";"";"Kiel";"indelivery";1002;"2020-08-03"
26141;"energy";"electricity";3000;3128;"2019-02-28";"2019-04-01";"";"";"";"Essen";"indelivery";1001;"2019-09-07"
26142;"energy";"gas";9200;8884;"2018-03-07";"2018-06-01";"";"";"";"Leipzig";"indelivery";2000;"2020-06-21"
26143;"energy";"gas";9200;8878;"2018-08-18";"2019-10-01";"";"";"";"Düsseldorf";"indelivery";2000;"2018-12-21"
26144;"energy";"electricity";2600;2541;"2018-02-09";"2018-05-01";"";"";"";"Karlsruhe";"indelivery";1001;"2018-03-26"
26145;"energy";"electricity";2800;2786;"2020-08-13";"2021-02-01";"";"";"";"Altchemnitz";"active";1002;"2020-09-23"
26146;"energy";"electricity";2500;2645;"2020-09-24";"2021-05-01";"";"";"";"Bremen";"active";1001;"2020-09-25"
26147;"energy";"electricity";2100;2122;"2019-06-29";"2019-07-01";"";"";"";"Dresden";"indelivery";1002;"2019-12-18"
26148;"energy";"electricity";2500;2502;"2019-12-12";"2020-01-01";"";"";"";"Koblenz";"indelivery";1000;"2019-12-13"
26149;"energy";"electricity";2800;2639;"2020-08-05";"2020-11-01";"";"";"";"Munich";"active";1000;"2020-08-13"
26150;"energy";"electricity";2200;2290;"2019-07-02";"2019-08-01";"";"";"";"Braunschweig";"indelivery";1000;"2020-07-26"
26151;"energy";"electricity";2900;2992;"2019-08-25";"2019-10-01";"";"";"";"Flensburg";"indelivery";1001;"2020-06-24"
26152;"energy";"gas";9500;9804;"2018-08-11";"2018-11-01";"";"";"";"Bremen";"indelivery";2000;"2019-08-02"
26153;"energy";"electricity";2300;2389;"2019-01-21";"2019-07-01";"2020-05-31";"2020-05-02";"Umzug";"Kiel";"terminated";1001;"2020-05-02"
26154;"energy";"electricity";2200;2253;"2019-01-01";"2019-08-01";"";"";"";"Ingolstadt";"indelivery";1000;"2020-03-18"
26155;"energy";"electricity";2600;"";"2019-09-06";"2020-01-01";"";"";"";"Munich";"indelivery";1001;"2020-06-03"
26156;"energy";"electricity";2500;2431;"2018-10-19";"2019-05-01";"";"";"";"Hamburg";"indelivery";1000;"2018-11-12"
26157;"energy";"electricity";2300;2232;"2018-04-17";"2019-03-01";"2020-09-30";"2020-09-02";"Umzug";"Leipzig";"terminated";1001;"2020-04-20"
26158;"energy";"electricity";2100;2039;"2019-07-16";"2019-08-01";"";"";"";"Frankfurt";"indelivery";1001;"2020-06-23"
26159;"energy";"electricity";2600;2639;"2020-02-04";"2020-04-01";"";"";"";"Braunschweig";"indelivery";1002;"2020-05-25"
26160;"energy";"electricity";2900;2972;"2019-12-22";"2020-03-01";"";"";"";"Essen";"indelivery";1002;"2020-01-10"
26161;"energy";"electricity";2400;2460;"2018-08-14";"2018-09-01";"";"";"";"Berlin";"indelivery";1001;"2020-06-21"
26162;"energy";"gas";10800;10559;"2020-07-30";"2021-01-01";"";"";"";"Munich";"active";2001;"2020-09-28"
26163;"energy";"electricity";2200;2308;"2020-04-19";"2020-09-01";"";"";"";"Stuttgart";"indelivery";1000;"2020-04-20"
26164;"energy";"electricity";2700;2695;"2018-08-15";"2018-10-01";"";"";"";"Münster";"indelivery";1002;"2020-04-25"
26165;"energy";"electricity";2100;2024;"2018-05-21";"2018-06-01";"2020-05-31";"2020-04-29";"fristgerecht durch Kunde";"Stuttgart";"terminated";1001;"2020-04-29"
26166;"energy";"electricity";2100;2067;"2019-03-10";"2019-05-01";"";"";"";"Munich";"indelivery";1002;"2019-11-19"
26167;"energy";"electricity";3000;3046;"2018-03-16";"2018-05-01";"";"";"";"Mannheim";"indelivery";1002;"2020-01-08"
26168;"energy";"electricity";2600;2779;"2019-10-19";"2019-12-01";"";"";"";"Ingelheim";"indelivery";1000;"2020-01-01"
26169;"energy";"electricity";2800;2827;"2018-01-04";"2018-05-01";"";"";"";"Essen";"indelivery";1000;"2018-02-19"
26170;"energy";"electricity";2700;"";"2019-08-27";"2019-11-01";"";"";"";"Berlin";"indelivery";1001;"2019-10-22"
26171;"energy";"electricity";2100;2174;"2019-12-18";"2020-05-01";"2020-12-31";"2020-12-03";"fristgerecht durch LichtBlick";"Karlsruhe";"cancelled";1001;"2020-02-24"
26172;"energy";"electricity";2400;2501;"2018-09-24";"2018-11-01";"";"";"";"Cologne";"indelivery";1001;"2019-04-23"
26173;"energy";"electricity";2800;"";"2020-07-02";"2020-10-01";"";"";"";"Leipzig";"indelivery";1000;"2020-08-21"
26174;"energy";"electricity";2600;2829;"2020-06-07";"2020-08-01";"";"";"";"Münster";"indelivery";1000;"2020-08-12"
26175;"energy";"electricity";2300;2357;"2020-07-11";"2021-02-01";"";"";"";"Munich";"active";1002;"2020-09-30"
26176;"energy";"electricity";2300;2490;"2020-05-06";"2021-04-01";"";"";"";"Jena";"active";1001;"2020-05-08"
26177;"energy";"electricity";2100;2060;"2018-05-18";"2019-05-01";"";"";"";"Ulm";"indelivery";1001;"2018-09-30"
26178;"energy";"gas";12000;"";"2018-10-12";"2020-03-01";"2020-11-30";"2020-10-31";"fristgerecht durch Kunde";"Düsseldorf";"cancelled";2000;"2019-09-28"
26179;"energy";"electricity";2600;2693;"2019-05-05";"2019-08-01";"";"";"";"Cologne";"indelivery";1000;"2020-06-19"
26180;"energy";"electricity";2700;2828;"2020-09-08";"2021-02-01";"";"";"";"Kiel";"active";1000;"2020-09-16"
26181;"energy";"electricity";2500;2457;"2018-10-14";"2019-07-01";"";"";"";"Düsseldorf";"indelivery";1001;"2019-09-04"
26182;"energy";"electricity";2300;2400;"2020-06-07";"2020-08-01";"";"";"";"Kassel";"indelivery";1002;"2020-07-04"
26183;"energy";"gas";9400;9962;"2020-02-07";"2020-04-01";"";"";"";"Altchemnitz";"indelivery";2001;"2020-03-05"
26184;"energy";"gas";11700;12236;"2019-12-22";"2020-02-01";"2020-02-01";"2020-03-03";"Wiederruf";"Altchemnitz";"terminated";2000;"2019-12-25"
26185;"energy";"electricity";2100;2093;"2019-06-13";"2019-12-01";"";"";"";"Bremen";"indelivery";1001;"2020-09-16"
26186;"energy";"electricity";2500;2653;"2019-07-02";"2019-09-01";"";"";"";"Hamburg";"indelivery";1000;"2020-02-26"
26187;"energy";"electricity";2100;2054;"2018-06-23";"2018-08-01";"";"";"";"Düsseldorf";"indelivery";1001;"2019-04-18"
26188;"energy";"electricity";2400;2380;"2019-10-25";"2020-06-01";"2020-07-31";"2020-06-29";"Umzug";"Dresden";"terminated";1000;"2019-12-21"
26189;"energy";"electricity";2900;2872;"2018-11-28";"2019-10-01";"";"";"";"Hamburg";"indelivery";1002;"2019-07-13"
26190;"energy";"electricity";2000;"";"2019-10-31";"2020-09-01";"";"";"";"Berlin";"indelivery";1002;"2020-08-08"
26191;"energy";"electricity";2800;2784;"2019-07-20";"2020-05-01";"";"";"";"Koblenz";"indelivery";1000;"2020-05-02"
26192;"energy";"electricity";2600;2688;"2019-08-08";"2019-10-01";"";"";"";"Essen";"indelivery";1002;"2020-09-30"
26193;"energy";"electricity";2200;2333;"2018-03-07";"2018-05-01";"";"";"";"Frankfurt";"indelivery";1002;"2019-01-06"
26194;"energy";"electricity";2500;2387;"2019-08-05";"2019-09-01";"";"";"";"Cologne";"indelivery";1002;"2019-12-17"
26195;"energy";"electricity";2600;"";"2019-10-03";"2020-07-01";"";"";"";"Hamburg";"indelivery";1002;"2020-06-02"
26196;"energy";"electricity";3000;2906;"2018-03-31";"2018-09-01";"";"";"";"Wiesbaden";"indelivery";1002;"2018-04-08"
26197;"energy";"electricity";2000;2016;"2018-01-04";"2018-06-01";"";"";"";"Cologne";"indelivery";1000;"2018-12-04"
26198;"energy";"gas";11500;11255;"2018-05-19";"2018-09-01";"2018-09-01";"2018-12-02";"Wiederruf";"Saarbrücken";"terminated";2000;"2018-12-02"
26199;"energy";"electricity";2300;2310;"2019-12-09";"2020-02-01";"";"";"";"Marienberg";"indelivery";1000;"2020-09-15"
26200;"energy";"gas";9300;9011;"2020-07-21";"2020-11-01";"";"";"";"Munich";"active";2000;"2020-07-28"
26201;"energy";"electricity";2800;2935;"2020-09-15";"2021-08-01";"";"";"";"Hannover";"active";1000;"2020-09-17"
26202;"energy";"electricity";2200;2283;"2018-06-09";"2018-07-01";"";"";"";"Berlin";"indelivery";1002;"2019-10-21"
26203;"energy";"electricity";2800;2808;"2019-07-27";"2020-05-01";"";"";"";"Dortmund";"indelivery";1002;"2020-09-18"
26204;"energy";"electricity";2300;2330;"2019-06-08";"2019-11-01";"";"";"";"Munich";"indelivery";1001;"2020-04-11"
26205;"energy";"electricity";2400;2304;"2018-11-15";"2019-01-01";"2020-12-31";"2020-11-21";"fristgerecht durch LichtBlick";"Hamm";"cancelled";1001;"2019-07-21"
26206;"energy";"electricity";2300;2384;"2018-10-05";"2019-02-01";"";"";"";"Marienberg";"indelivery";1001;"2020-02-02"
26207;"energy";"electricity";2100;2034;"2018-10-24";"2018-12-01";"";"";"";"Munich";"indelivery";1002;"2019-06-28"
26208;"energy";"electricity";2600;2706;"2018-08-12";"2018-10-01";"";"";"";"Duisburg";"indelivery";1000;"2019-07-17"
26209;"energy";"electricity";2500;2421;"2018-06-20";"2018-10-01";"2020-03-31";"2020-03-03";"fristgerecht durch Kunde";"Hamburg";"terminated";1001;"2018-08-05"
26210;"energy";"electricity";2100;2194;"2019-09-09";"2020-01-01";"";"";"";"Wetzlar";"indelivery";1002;"2020-07-29"
26211;"energy";"electricity";2600;2697;"2019-05-11";"2020-01-01";"";"";"";"Bremen";"indelivery";1001;"2019-08-14"
26212;"energy";"electricity";2100;2144;"2018-05-07";"2019-04-01";"";"";"";"Freiburg";"indelivery";1001;"2020-07-08"
26213;"energy";"electricity";2300;2322;"2019-01-28";"2019-03-01";"";"";"";"Wuppertal";"indelivery";1002;"2019-05-12"
26214;"energy";"electricity";3000;"";"2019-05-08";"2019-08-01";"";"";"";"Marienberg";"indelivery";1000;"2020-04-29"
26215;"energy";"electricity";2100;2168;"2019-08-01";"2019-09-01";"";"";"";"Berlin";"indelivery";1002;"2020-01-05"
26216;"energy";"electricity";2200;2386;"2020-03-20";"2020-09-01";"";"";"";"Berlin";"indelivery";1001;"2020-05-02"
26217;"energy";"electricity";2500;2454;"2020-04-17";"2020-06-01";"";"";"";"Hamburg";"indelivery";1001;"2020-07-23"
26218;"energy";"electricity";2600;2664;"2018-07-21";"2019-03-01";"";"";"";"Berlin";"indelivery";1000;"2019-12-01"
26219;"energy";"electricity";1900;1872;"2018-01-19";"2018-04-01";"";"";"";"Munich";"indelivery";1002;"2020-06-07"
26220;"energy";"gas";9500;9514;"2020-09-12";"2021-02-01";"";"";"";"Cologne";"active";2000;"2020-09-23"
26221;"energy";"electricity";2000;2062;"2018-07-11";"2019-01-01";"";"";"";"Kiel";"indelivery";1000;"2019-10-31"
26222;"energy";"electricity";2400;2520;"2019-12-22";"2020-11-01";"";"";"";"Hamburg";"active";1002;"2020-02-28"
26223;"energy";"electricity";2000;2074;"2019-01-26";"2019-09-01";"";"";"";"Marienberg";"indelivery";1002;"2019-02-22"
26224;"energy";"electricity";2600;2691;"2018-08-06";"2019-03-01";"";"";"";"Berlin";"indelivery";1001;"2018-09-10"
26225;"energy";"gas";11400;11420;"2019-07-28";"2019-10-01";"";"";"";"Magdeburg";"indelivery";2000;"2020-07-29"
26226;"energy";"electricity";2600;2769;"2018-04-29";"2018-10-01";"";"";"";"Frankfurt";"indelivery";1000;"2018-07-16"
26227;"energy";"electricity";2800;2706;"2018-03-19";"2018-05-01";"";"";"";"Dresden";"indelivery";1001;"2018-09-06"
26228;"energy";"electricity";2500;2394;"2020-08-27";"2020-10-01";"";"";"";"Germersheim";"indelivery";1000;"2020-08-30"
26229;"energy";"electricity";2700;"";"2020-02-28";"2020-08-01";"";"";"";"Hamburg";"indelivery";1001;"2020-04-18"
26230;"energy";"electricity";2900;3112;"2019-01-19";"2019-04-01";"";"";"";"Mannheim";"indelivery";1001;"2020-03-06"
26231;"energy";"electricity";2600;2611;"2018-11-05";"2020-04-01";"";"";"";"Wiesbaden";"indelivery";1001;"2019-12-24"
26232;"energy";"electricity";2000;2087;"2018-11-25";"2019-02-01";"2019-02-01";"2020-04-30";"Wiederruf";"Dresden";"terminated";1002;"2019-07-01"
26233;"energy";"electricity";2000;1974;"2019-03-13";"2019-10-01";"";"";"";"Berlin";"indelivery";1001;"2019-11-20"
26234;"energy";"electricity";2900;2855;"2018-04-15";"2018-06-01";"";"";"";"Hannover";"indelivery";1001;"2020-07-13"
26235;"energy";"electricity";2200;2276;"2020-03-29";"2021-02-01";"";"";"";"Stuttgart";"active";1001;"2020-06-23"
26236;"energy";"gas";8700;9209;"2018-09-29";"2019-06-01";"";"";"";"Karlsruhe";"indelivery";2001;"2019-02-13"
26237;"energy";"electricity";2800;2987;"2020-07-04";"2020-08-01";"";"";"";"Würzburg";"indelivery";1002;"2020-07-21"
26238;"energy";"electricity";2500;2501;"2020-05-02";"2020-07-01";"2020-12-31";"2020-12-03";"fristgerecht durch Kunde";"Marienberg";"cancelled";1002;"2020-05-12"
26239;"energy";"electricity";2300;2212;"2020-04-05";"2020-07-01";"";"";"";"Hamburg";"indelivery";1001;"2020-07-27"
26240;"energy";"electricity";2300;2230;"2019-07-15";"2020-05-01";"";"";"";"Ingolstadt";"indelivery";1001;"2020-04-25"
26241;"energy";"electricity";2700;2862;"2019-01-31";"2019-05-01";"";"";"";"Hamburg";"indelivery";1001;"2019-04-22"
26242;"energy";"gas";8500;8342;"2019-02-18";"2019-08-01";"";"";"";"Cologne";"indelivery";2000;"2020-06-28"
26243;"energy";"electricity";2700;2859;"2020-05-07";"2020-11-01";"";"";"";"Euskirchen";"active";1002;"2020-08-02"
26244;"energy";"electricity";2700;2612;"2018-03-25";"2018-05-01";"";"";"";"Essen";"indelivery";1001;"2018-04-06"
26245;"energy";"gas";8700;8586;"2018-04-14";"2018-09-01";"";"";"";"Leipzig";"indelivery";2001;"2020-06-04"
26246;"energy";"electricity";2200;2308;"2018-11-12";"2019-01-01";"";"";"";"Koblenz";"indelivery";1001;"2020-07-03"
26247;"energy";"electricity";2500;2400;"2019-07-09";"2019-09-01";"";"";"";"Frankfurt";"indelivery";1001;"2019-09-22"
26248;"energy";"electricity";2400;2600;"2019-08-07";"2020-02-01";"";"";"";"Bielefeld";"indelivery";1001;"2020-09-15"
26249;"energy";"electricity";2200;2129;"2020-06-07";"2020-07-01";"";"";"";"Cologne";"indelivery";1000;"2020-06-27"
26250;"energy";"electricity";2500;2485;"2019-11-18";"2020-03-01";"";"";"";"Freiburg";"indelivery";1002;"2020-03-21"
26251;"energy";"electricity";2700;2683;"2019-11-06";"2019-12-01";"2020-09-30";"2020-09-01";"fristgerecht durch Kunde";"Saarbrücken";"terminated";1000;"2020-09-01"
26252;"energy";"gas";9600;9194;"2018-05-29";"2018-11-01";"";"";"";"Berlin";"indelivery";2001;"2018-11-24"
26253;"energy";"electricity";2700;"";"2018-10-08";"2018-12-01";"2019-12-31";"2019-12-01";"Umzug";"Munich";"terminated";1001;"2019-06-29"
26254;"energy";"electricity";2200;2149;"2018-02-22";"2018-04-01";"";"";"";"Ingolstadt";"indelivery";1002;"2020-07-05"
26255;"energy";"electricity";2100;1957;"2018-08-22";"2018-12-01";"2020-05-31";"2020-05-03";"Umzug";"Frankfurt";"terminated";1002;"2020-05-03"
26256;"energy";"gas";9600;9529;"2019-08-20";"2020-04-01";"";"";"";"Dresden";"indelivery";2000;"2019-11-30"
26257;"energy";"electricity";2200;2329;"2019-08-28";"2020-01-01";"";"";"";"Koblenz";"indelivery";1002;"2019-09-25"
26258;"energy";"electricity";2900;2855;"2019-02-24";"2019-04-01";"";"";"";"Bielefeld";"indelivery";1002;"2020-01-21"
26259;"energy";"gas";10700;"";"2019-07-07";"2020-01-01";"2020-09-30";"2020-09-01";"fristgerecht durch Kunde";"Kiel";"terminated";2000;"2019-11-15"
26260;"energy";"electricity";2300;2461;"2019-11-09";"2020-03-01";"";"";"";"Reutlingen";"indelivery";1002;"2020-06-05"
26261;"energy";"electricity";2500;2476;"2019-03-10";"2019-04-01";"";"";"";"Gera";"indelivery";1000;"2019-04-02"
26262;"energy";"electricity";2400;2449;"2018-04-20";"2018-08-01";"";"";"";"Traunstein";"indelivery";1001;"2019-12-17"
26263;"energy";"electricity";2400;2377;"2019-01-08";"2019-02-01";"";"";"";"Dresden";"indelivery";1001;"2020-05-27"
26264;"energy";"gas";9900;10617;"2019-12-21";"2020-02-01";"";"";"";"Cologne";"indelivery";2001;"2020-07-20"
26265;"energy";"electricity";2200;2330;"2018-02-03";"2018-03-01";"";"";"";"Berlin";"indelivery";1000;"2020-09-13"
26266;"energy";"electricity";3000;"";"2020-09-08";"2020-12-01";"";"";"";"Duisburg";"active";1001;"2020-09-27"
26267;"energy";"electricity";2700;2630;"2018-01-10";"2018-03-01";"";"";"";"Saarbrücken";"indelivery";1001;"2018-04-09"
26268;"energy";"electricity";2100;2169;"2018-10-28";"2019-03-01";"";"";"";"Hamburg";"indelivery";1000;"2019-04-20"
26269;"energy";"electricity";2800;2969;"2020-06-09";"2020-08-01";"";"";"";"Augsburg";"indelivery";1000;"2020-07-14"
26270;"energy";"electricity";2100;"";"2019-01-08";"2019-08-01";"";"";"";"Hamburg";"indelivery";1001;"2020-03-09"
26271;"energy";"gas";7700;8233;"2019-09-07";"2019-10-01";"";"";"";"Stuttgart";"indelivery";2000;"2020-06-21"
26272;"energy";"electricity";2200;2252;"2019-08-04";"2019-09-01";"2020-01-31";"2019-12-28";"fristgerecht durch Kunde";"Duisburg";"terminated";1000;"2019-12-28"
26273;"energy";"electricity";2100;2071;"2020-09-14";"2020-11-01";"";"";"";"Osnabrück";"active";1000;"2020-09-14"
26274;"energy";"electricity";2500;2594;"2019-04-15";"2019-09-01";"";"";"";"Cologne";"indelivery";1001;"2019-09-08"
26275;"energy";"gas";9300;9881;"2020-09-16";"2020-11-01";"";"";"";"Bremerhaven";"active";2000;"2020-09-23"
26276;"energy";"electricity";2200;2367;"2019-09-01";"2019-10-01";"";"";"";"Freiburg";"indelivery";1002;"2019-12-19"
26277;"energy";"electricity";2300;"";"2018-05-17";"2018-10-01";"";"";"";"Bielefeld";"indelivery";1000;"2020-06-14"
26278;"energy";"electricity";2300;2480;"2018-05-06";"2018-11-01";"";"";"";"Wuppertal";"indelivery";1002;"2019-11-04"
26279;"energy";"electricity";2500;2462;"2019-04-17";"2019-07-01";"";"";"";"Berlin";"indelivery";1000;"2020-07-31"
26280;"energy";"electricity";2500;2631;"2020-07-13";"2020-12-01";"";"";"";"Frankfurt";"active";1001;"2020-07-21"
26281;"energy";"electricity";2900;2826;"2020-08-03";"2020-11-01";"";"";"";"Stuttgart";"active";1000;"2020-08-15"
26282;"energy";"electricity";2600;2606;"2020-03-13";"2020-09-01";"";"";"";"Berlin";"indelivery";1002;"2020-04-30"
26283;"energy";"electricity";2900;2759;"2018-03-15";"2018-10-01";"2020-07-31";"2020-06-29";"fristgerecht durch Kunde";"Schwerin";"terminated";1001;"2018-09-12"
26284;"energy";"gas";8500;"";"2018-03-15";"2018-05-01";"";"";"";"Berlin";"indelivery";2000;"2020-06-29"
26285;"energy";"electricity";2400;2467;"2020-07-16";"2020-09-01";"";"";"";"Berlin";"indelivery";1000;"2020-09-03"
26286;"energy";"electricity";2100;2197;"2020-01-10";"2020-02-01";"";"";"";"Leipzig";"indelivery";1001;"2020-07-08"
26287;"energy";"electricity";2500;2595;"2020-07-07";"2020-09-01";"";"";"";"Frankfurt";"indelivery";1001;"2020-07-26"
26288;"energy";"electricity";2400;2258;"2018-02-23";"2018-03-01";"";"";"";"Munich";"indelivery";1002;"2019-12-03"
26289;"energy";"electricity";2700;2770;"2019-12-21";"2020-04-01";"2020-08-31";"2020-08-02";"Umzug";"Dresden";"terminated";1000;"2020-03-24"
26290;"energy";"electricity";2800;"";"2019-02-14";"2019-03-01";"";"";"";"Wuppertal";"indelivery";1000;"2019-12-17"
26291;"energy";"electricity";3000;3090;"2018-12-08";"2019-07-01";"";"";"";"Bremen";"indelivery";1002;"2019-07-14"
26292;"energy";"electricity";2500;2458;"2019-02-24";"2019-06-01";"";"";"";"Duisburg";"indelivery";1002;"2019-03-13"
26293;"energy";"electricity";2800;2960;"2018-08-19";"2018-12-01";"";"";"";"Freiburg";"indelivery";1001;"2020-04-22"
26294;"energy";"gas";9300;9871;"2018-03-10";"2018-08-01";"";"";"";"Cologne";"indelivery";2000;"2020-09-17"
26295;"energy";"electricity";2100;2076;"2020-05-15";"2020-09-01";"";"";"";"Düsseldorf";"indelivery";1000;"2020-08-05"
26296;"energy";"electricity";2600;2693;"2018-08-21";"2018-11-01";"";"";"";"Düsseldorf";"indelivery";1002;"2019-03-18"
26297;"energy";"electricity";2100;2115;"2018-05-11";"2018-10-01";"2019-01-31";"2019-01-01";"fristgerecht durch Kunde";"Kassel";"terminated";1000;"2019-01-01"
26298;"energy";"electricity";2500;"";"2018-02-07";"2018-04-01";"";"";"";"Hannover";"indelivery";1000;"2020-03-02"
26299;"energy";"electricity";2100;"";"2018-03-08";"2018-06-01";"2018-11-30";"2018-10-31";"fristgerecht durch LichtBlick";"Kassel";"terminated";1001;"2018-10-31"
26300;"energy";"electricity";2300;2199;"2019-01-13";"2019-08-01";"";"";"";"Rosenheim";"indelivery";1002;"2019-02-21"
26301;"energy";"electricity";3000;2990;"2020-01-22";"2020-07-01";"";"";"";"Münster";"indelivery";1000;"2020-08-19"
26302;"energy";"electricity";2500;2389;"2018-05-13";"2018-09-01";"";"";"";"Bonn";"indelivery";1001;"2020-08-11"
26303;"energy";"electricity";2600;2665;"2020-08-29";"2021-11-01";"";"";"";"Bad Dürkheim";"active";1000;"2020-09-27"
26304;"energy";"electricity";3000;"";"2019-01-24";"2019-06-01";"2020-09-30";"2020-08-31";"fristgerecht durch LichtBlick";"Magdeburg";"terminated";1001;"2019-07-25"
26305;"energy";"electricity";2200;2167;"2019-12-06";"2020-05-01";"";"";"";"Hamburg";"indelivery";1002;"2020-05-26"
26306;"energy";"gas";8800;8400;"2018-07-29";"2018-08-01";"";"";"";"Bielefeld";"indelivery";2000;"2020-01-11"
26307;"energy";"electricity";2600;2684;"2019-08-28";"2020-06-01";"";"";"";"Bonn";"indelivery";1000;"2020-05-26"
26308;"energy";"electricity";2500;2592;"2020-03-24";"2020-05-01";"";"";"";"Hamburg";"indelivery";1002;"2020-04-27"
26309;"energy";"electricity";2300;2318;"2018-11-02";"2020-04-01";"";"";"";"Munich";"indelivery";1001;"2018-12-20"
26310;"energy";"electricity";2700;"";"2019-11-13";"2019-12-01";"";"";"";"Munich";"indelivery";1000;"2020-05-24"
26311;"energy";"electricity";2900;2822;"2020-03-15";"2020-09-01";"";"";"";"Ulm";"indelivery";1001;"2020-05-09"
26312;"energy";"electricity";2400;2317;"2019-06-26";"2019-10-01";"";"";"";"Berlin";"indelivery";1000;"2020-07-28"
26313;"energy";"electricity";2500;2666;"2019-12-22";"2020-03-01";"2020-07-31";"2020-07-03";"fristgerecht durch LichtBlick";"Berlin";"terminated";1001;"2020-01-10"
26314;"energy";"gas";8700;8967;"2018-12-05";"2019-01-01";"2019-08-31";"2019-08-01";"fristgerecht durch LichtBlick";"Berlin";"terminated";2000;"2019-04-05"
26315;"energy";"electricity";3000;2942;"2019-06-10";"2019-09-01";"";"";"";"Bremen";"indelivery";1002;"2020-09-04"
26316;"energy";"electricity";2600;2722;"2019-02-15";"2019-12-01";"2020-06-30";"2020-05-31";"fristgerecht durch Kunde";"Berlin";"terminated";1000;"2020-03-14"
26317;"energy";"electricity";2600;2641;"2020-05-19";"2020-10-01";"";"";"";"Wiesbaden";"indelivery";1002;"2020-07-08"
26318;"energy";"electricity";2000;2173;"2019-01-08";"2019-04-01";"2019-04-01";"2019-09-02";"Wiederruf";"Leipzig";"terminated";1002;"2019-09-02"
26319;"energy";"gas";7800;8309;"2018-09-28";"2018-11-01";"";"";"";"Hamburg";"indelivery";2000;"2018-10-16"
26320;"energy";"gas";8800;8553;"2018-06-17";"2018-07-01";"";"";"";"Würzburg";"indelivery";2001;"2018-07-30"
26321;"energy";"electricity";2200;2235;"2019-06-27";"2019-07-01";"";"";"";"Berlin";"indelivery";1002;"2019-10-12"
26322;"energy";"electricity";2300;2311;"2018-03-12";"2018-05-01";"2018-05-01";"2019-10-03";"Wiederruf";"Göttingen";"terminated";1001;"2019-07-10"
26323;"energy";"electricity";2900;2791;"2019-06-15";"2020-04-01";"";"";"";"Bielefeld";"indelivery";1002;"2019-07-07"
26324;"energy";"electricity";2500;2447;"2019-10-03";"2020-01-01";"2020-12-31";"2020-11-30";"fristgerecht durch Kunde";"Düsseldorf";"cancelled";1002;"2020-09-03"
26325;"energy";"electricity";2700;2594;"2020-08-06";"2021-04-01";"";"";"";"Duisburg";"active";1002;"2020-08-12"
26326;"energy";"electricity";2100;2278;"2020-05-19";"2021-03-01";"";"";"";"Munich";"active";1002;"2020-07-12"
26327;"energy";"electricity";2700;2694;"2019-06-17";"2020-07-01";"";"";"";"Essen";"indelivery";1002;"2020-04-17"
26328;"energy";"electricity";2700;2891;"2019-08-20";"2020-03-01";"2020-03-01";"2020-05-03";"Wiederruf";"Bielefeld";"terminated";1001;"2019-08-26"
26329;"energy";"electricity";2500;2475;"2020-02-12";"2020-03-01";"2020-05-31";"2020-04-26";"Umzug";"Düsseldorf";"terminated";1002;"2020-04-26"
26330;"energy";"electricity";2500;2409;"2019-05-11";"2019-09-01";"";"";"";"Düsseldorf";"indelivery";1000;"2020-01-24"
26331;"energy";"electricity";2400;2336;"2018-02-11";"2018-05-01";"2018-05-01";"2020-02-01";"Wiederruf";"Fürth";"terminated";1001;"2019-03-17"
26332;"energy";"electricity";2300;2410;"2020-01-18";"2020-03-01";"";"";"";"Fürth";"indelivery";1001;"2020-02-13"
26333;"energy";"electricity";2300;2443;"2018-04-17";"2018-09-01";"";"";"";"Cologne";"indelivery";1001;"2019-01-03"
26334;"energy";"electricity";2100;2197;"2020-06-13";"2021-03-01";"";"";"";"Stuttgart";"active";1000;"2020-06-18"
26335;"energy";"electricity";2600;2757;"2020-05-29";"2020-07-01";"";"";"";"Oldenburg";"indelivery";1001;"2020-07-24"
26336;"energy";"electricity";2600;2484;"2019-09-26";"2019-11-01";"";"";"";"Hamburg";"indelivery";1002;"2020-05-12"
26337;"energy";"electricity";2500;2631;"2018-02-17";"2018-05-01";"";"";"";"Hamburg";"indelivery";1001;"2020-05-21"
26338;"energy";"electricity";2300;2281;"2019-07-24";"2019-11-01";"";"";"";"Bielefeld";"indelivery";1002;"2020-06-01"
26339;"energy";"electricity";2100;2270;"2020-09-17";"2021-02-01";"";"";"";"Frankfurt";"active";1000;"2020-09-17"
26340;"energy";"gas";11300;11958;"2020-03-10";"2020-06-01";"";"";"";"Hannover";"indelivery";2000;"2020-06-14"
26341;"energy";"electricity";2800;2707;"2019-12-30";"2020-06-01";"";"";"";"Berlin";"indelivery";1000;"2020-04-19"
26342;"energy";"electricity";2400;2472;"2019-03-26";"2019-05-01";"";"";"";"Flensburg";"indelivery";1002;"2020-03-07"
26343;"energy";"electricity";2600;2639;"2020-05-28";"2020-07-01";"";"";"";"Hannover";"indelivery";1000;"2020-08-31"
26344;"energy";"electricity";2800;2704;"2018-09-16";"2019-03-01";"";"";"";"Berlin";"indelivery";1001;"2020-03-27"
26345;"energy";"electricity";2200;2300;"2018-03-03";"2018-06-01";"";"";"";"Berlin";"indelivery";1002;"2020-09-11"
26346;"energy";"electricity";2300;2439;"2018-08-09";"2018-09-01";"";"";"";"Bielefeld";"indelivery";1000;"2019-06-21"
26347;"energy";"gas";9600;9780;"2020-07-25";"2020-10-01";"";"";"";"Hamburg";"indelivery";2001;"2020-08-17"
26348;"energy";"electricity";2100;2015;"2020-05-30";"2020-07-01";"";"";"";"Cologne";"indelivery";1001;"2020-07-28"
26349;"energy";"electricity";2800;2906;"2018-10-04";"2019-02-01";"";"";"";"Saarbrücken";"indelivery";1002;"2019-08-25"
26350;"energy";"electricity";2500;2702;"2019-08-14";"2019-10-01";"";"";"";"Frankfurt";"indelivery";1001;"2020-04-02"
26351;"energy";"electricity";2400;2381;"2020-09-04";"2021-02-01";"";"";"";"Dresden";"active";1000;"2020-09-05"
26352;"energy";"electricity";2100;2136;"2018-08-03";"2018-10-01";"";"";"";"Hamburg";"indelivery";1002;"2019-11-20"
26353;"energy";"electricity";2100;2114;"2018-06-20";"2019-06-01";"";"";"";"Munich";"indelivery";1002;"2019-05-07"
26354;"energy";"electricity";2400;2342;"2020-08-10";"2020-11-01";"";"";"";"Marienberg";"active";1000;"2020-08-24"
26355;"energy";"electricity";2700;2840;"2018-05-13";"2018-11-01";"";"";"";"Wuppertal";"indelivery";1000;"2020-06-22"
26356;"energy";"electricity";2300;2444;"2020-01-05";"2020-02-01";"2020-03-31";"2020-03-03";"fristgerecht durch LichtBlick";"Kiel";"terminated";1000;"2020-03-03"
26357;"energy";"gas";10300;9895;"2019-09-25";"2019-11-01";"2020-03-31";"2020-02-23";"Umzug";"Augsburg";"terminated";2001;"2020-02-23"
26358;"energy";"gas";10000;10128;"2019-05-13";"2020-01-01";"2020-10-31";"2020-10-03";"fristgerecht durch LichtBlick";"Munich";"cancelled";2000;"2019-06-18"
26359;"energy";"electricity";2400;2252;"2020-07-16";"2020-08-01";"2020-11-30";"2020-11-02";"fristgerecht durch Kunde";"Dresden";"cancelled";1001;"2020-07-26"
26360;"energy";"electricity";2200;2246;"2020-05-09";"2020-08-01";"";"";"";"Cologne";"indelivery";1001;"2020-09-27"
26361;"energy";"electricity";2400;"";"2018-11-12";"2019-04-01";"";"";"";"Fürth";"indelivery";1001;"2019-08-15"
26362;"energy";"electricity";2500;2448;"2019-09-14";"2019-11-01";"";"";"";"Bonn";"indelivery";1002;"2020-07-23"
26363;"energy";"electricity";2400;2496;"2019-12-17";"2020-02-01";"";"";"";"Bielefeld";"indelivery";1002;"2020-07-05"
26364;"energy";"electricity";2400;2522;"2020-05-02";"2020-10-01";"";"";"";"Hamburg";"indelivery";1001;"2020-09-21"
26365;"energy";"electricity";3000;3013;"2019-10-02";"2020-01-01";"";"";"";"Berlin";"indelivery";1001;"2020-05-20"
26366;"energy";"electricity";2700;2595;"2019-07-27";"2020-01-01";"2020-07-31";"2020-06-25";"fristgerecht durch Kunde";"Munich";"terminated";1002;"2019-12-14"
26367;"energy";"electricity";2900;2825;"2019-03-15";"2019-06-01";"";"";"";"Hagen";"indelivery";1002;"2020-06-10"
26368;"energy";"electricity";2400;2385;"2019-12-17";"2020-03-01";"";"";"";"Schwandorf";"indelivery";1001;"2020-03-21"
26369;"energy";"gas";11000;"";"2019-02-07";"2019-05-01";"";"";"";"Marienberg";"indelivery";2001;"2019-09-01"
26370;"energy";"gas";11700;11532;"2019-10-28";"2020-06-01";"";"";"";"Altchemnitz";"indelivery";2001;"2019-12-18"
26371;"energy";"electricity";2500;2395;"2018-03-07";"2018-05-01";"2018-12-31";"2018-12-03";"fristgerecht durch Kunde";"Münster";"terminated";1002;"2018-12-03"
26372;"energy";"electricity";2400;2405;"2020-03-09";"2021-05-01";"";"";"";"Berlin";"active";1000;"2020-03-28"
26373;"energy";"electricity";2400;2441;"2020-06-09";"2021-02-01";"";"";"";"Munich";"active";1000;"2020-08-02"
26374;"energy";"electricity";2500;"";"2020-03-16";"2020-11-01";"";"";"";"Dresden";"active";1000;"2020-05-26"
26375;"energy";"gas";9300;9517;"2019-08-11";"2019-11-01";"2020-02-29";"2020-01-26";"fristgerecht durch Kunde";"Dresden";"terminated";2000;"2020-01-26"
26376;"energy";"gas";11600;11286;"2020-01-07";"2020-04-01";"";"";"";"Dresden";"indelivery";2000;"2020-02-14"
26377;"energy";"electricity";2900;3065;"2019-05-13";"2019-06-01";"";"";"";"Potsdam";"indelivery";1000;"2019-10-20"
26378;"energy";"gas";11700;11274;"2020-02-23";"2020-08-01";"";"";"";"Duisburg";"indelivery";2001;"2020-08-26"
26379;"energy";"electricity";2200;"";"2019-06-05";"2019-08-01";"";"";"";"Daun";"indelivery";1001;"2020-09-07"
26380;"energy";"electricity";2500;2533;"2020-06-18";"2020-11-01";"";"";"";"Karlsruhe";"active";1001;"2020-08-26"
26381;"energy";"gas";9100;"";"2019-10-08";"2019-11-01";"";"";"";"Germersheim";"indelivery";2001;"2020-04-27"
26382;"energy";"electricity";2400;2426;"2019-11-29";"2020-02-01";"";"";"";"Frankfurt";"indelivery";1002;"2020-07-27"
26383;"energy";"gas";8700;8740;"2018-02-09";"2018-10-01";"";"";"";"Hannover";"indelivery";2001;"2019-08-05"
26384;"energy";"electricity";2500;2489;"2020-08-20";"2020-09-01";"";"";"";"Wiesbaden";"indelivery";1001;"2020-09-21"
26385;"energy";"electricity";2600;2489;"2019-03-30";"2019-07-01";"2020-02-29";"2020-01-31";"fristgerecht durch Kunde";"Hamburg";"terminated";1000;"2019-08-30"
26386;"energy";"electricity";2200;2391;"2018-11-21";"2019-01-01";"";"";"";"Leipzig";"indelivery";1002;"2020-08-03"
26387;"energy";"electricity";2000;2072;"2019-10-09";"2020-02-01";"";"";"";"Munich";"indelivery";1002;"2020-04-13"
26388;"energy";"gas";11400;11961;"2018-05-21";"2018-07-01";"";"";"";"Trier";"indelivery";2001;"2018-10-11"
26389;"energy";"electricity";2500;2486;"2020-04-19";"2020-09-01";"";"";"";"Würzburg";"indelivery";1000;"2020-08-12"
26390;"energy";"electricity";2100;2224;"2018-10-02";"2019-05-01";"";"";"";"Kiel";"indelivery";1000;"2019-05-26"
26391;"energy";"electricity";2900;3070;"2019-06-30";"2019-07-01";"";"";"";"Wuppertal";"indelivery";1002;"2020-04-06"
26392;"energy";"electricity";2400;2541;"2019-05-25";"2020-06-01";"";"";"";"Berlin";"indelivery";1001;"2019-08-24"
26393;"energy";"electricity";2700;2798;"2018-02-05";"2018-03-01";"2018-03-01";"2020-07-30";"Wiederruf";"Hamburg";"terminated";1002;"2020-06-07"
26394;"energy";"electricity";2300;2340;"2018-12-04";"2019-01-01";"2019-01-01";"2020-08-03";"Wiederruf";"Frankfurt";"terminated";1002;"2019-02-23"
26395;"energy";"electricity";2100;2266;"2020-02-08";"2020-09-01";"";"";"";"Frankfurt";"indelivery";1002;"2020-07-31"
26396;"energy";"electricity";2700;2701;"2019-10-21";"2020-02-01";"";"";"";"Frankfurt";"indelivery";1002;"2020-07-24"
26397;"energy";"electricity";2500;2559;"2019-12-27";"2020-02-01";"";"";"";"Kiel";"indelivery";1000;"2020-08-21"
26398;"energy";"electricity";2200;2218;"2018-11-27";"2019-04-01";"2020-07-31";"2020-06-29";"fristgerecht durch Kunde";"Wiesbaden";"terminated";1002;"2020-06-29"
26399;"energy";"electricity";2600;2477;"2018-07-14";"2019-01-01";"";"";"";"Fürth";"indelivery";1000;"2020-04-20"
26400;"energy";"gas";9600;9978;"2019-12-04";"2020-05-01";"";"";"";"Cottbus";"indelivery";2001;"2020-07-11"
26401;"energy";"electricity";2600;2592;"2020-01-25";"2020-07-01";"";"";"";"Wuppertal";"indelivery";1002;"2020-03-07"
26402;"energy";"electricity";2500;2645;"2018-09-18";"2019-02-01";"";"";"";"Munich";"indelivery";1001;"2019-03-10"
26403;"energy";"electricity";2400;2507;"2020-08-03";"2020-09-01";"";"";"";"Ingolstadt";"indelivery";1000;"2020-09-13"
26404;"energy";"electricity";2600;2792;"2018-05-31";"2018-09-01";"2018-09-01";"2019-05-26";"Wiederruf";"Leipzig";"terminated";1000;"2019-05-26"
26405;"energy";"electricity";2200;2289;"2019-12-30";"2021-04-01";"";"";"";"Kiel";"active";1001;"2020-07-23"
26406;"energy";"electricity";2700;2783;"2020-02-20";"2020-06-01";"2020-09-30";"2020-09-01";"fristgerecht durch Kunde";"Mannheim";"terminated";1000;"2020-06-04"
26407;"energy";"electricity";2900;2888;"2019-09-19";"2019-11-01";"2019-11-01";"2020-10-28";"Wiederruf";"Hannover";"terminated";1000;"2020-01-31"
26408;"energy";"electricity";2500;2437;"2019-10-08";"2020-01-01";"";"";"";"Stuttgart";"indelivery";1001;"2020-08-26"
26409;"energy";"electricity";2700;2700;"2019-11-17";"2020-01-01";"";"";"";"Perleberg";"indelivery";1001;"2020-05-02"
26410;"energy";"electricity";2700;2771;"2019-04-09";"2020-03-01";"";"";"";"Münster";"indelivery";1002;"2020-01-31"
26411;"energy";"electricity";2700;2650;"2019-06-24";"2019-07-01";"";"";"";"Augsburg";"indelivery";1000;"2020-06-10"
26412;"energy";"electricity";2300;2485;"2019-02-18";"2019-04-01";"2019-04-01";"2020-06-02";"Wiederruf";"Berlin";"terminated";1002;"2020-06-02"
26413;"energy";"electricity";2200;"";"2019-01-14";"2019-03-01";"2019-05-31";"2019-04-30";"fristgerecht durch LichtBlick";"Regensburg";"terminated";1001;"2019-04-30"
26414;"energy";"electricity";2700;2811;"2019-12-01";"2020-07-01";"";"";"";"Rostock";"indelivery";1001;"2020-01-18"
26415;"energy";"electricity";2300;2325;"2019-05-15";"2019-10-01";"2019-10-01";"2020-01-02";"Wiederruf";"Berlin";"terminated";1002;"2020-01-02"
26416;"energy";"electricity";2200;2255;"2018-09-01";"2018-10-01";"2020-11-30";"2020-11-01";"fristgerecht durch Kunde";"Freiburg";"cancelled";1000;"2019-06-12"
26417;"energy";"electricity";2300;2319;"2018-08-15";"2019-03-01";"";"";"";"Bottrop";"indelivery";1001;"2018-09-24"
26418;"energy";"electricity";2200;2244;"2018-08-28";"2018-09-01";"2019-07-31";"2019-07-03";"Umzug";"Munich";"terminated";1001;"2019-06-04"
26419;"energy";"electricity";2600;2594;"2019-04-21";"2019-06-01";"";"";"";"Bremen";"indelivery";1002;"2020-06-18"
26420;"energy";"electricity";2400;2417;"2019-03-14";"2019-04-01";"";"";"";"Berlin";"indelivery";1002;"2019-08-13"
26421;"energy";"electricity";2300;2226;"2018-03-29";"2018-07-01";"2018-09-30";"2018-08-28";"fristgerecht durch Kunde";"Berlin";"terminated";1000;"2018-08-28"
26422;"energy";"gas";9300;9032;"2019-03-02";"2019-08-01";"";"";"";"Coburg";"indelivery";2000;"2019-03-25"
26423;"energy";"gas";10700;10363;"2019-02-17";"2019-03-01";"";"";"";"Bonn";"indelivery";2001;"2020-09-14"
26424;"energy";"electricity";2100;2092;"2020-07-10";"2020-11-01";"";"";"";"Marienberg";"active";1000;"2020-09-18"
26425;"energy";"electricity";2500;2649;"2018-02-16";"2018-04-01";"";"";"";"Hamburg";"indelivery";1001;"2018-11-30"
26426;"energy";"electricity";3000;3019;"2019-01-30";"2019-03-01";"";"";"";"Bremen";"indelivery";1002;"2019-10-09"
26427;"energy";"electricity";2400;2538;"2018-07-26";"2018-09-01";"";"";"";"Marienberg";"indelivery";1002;"2019-05-26"
26428;"energy";"gas";9600;9783;"2018-01-13";"2018-11-01";"";"";"";"Stuttgart";"indelivery";2000;"2019-07-25"
26429;"energy";"electricity";2000;1950;"2018-09-07";"2018-10-01";"";"";"";"Marienberg";"indelivery";1000;"2019-09-28"
26430;"energy";"electricity";2900;2819;"2019-12-27";"2020-03-01";"";"";"";"Hamburg";"indelivery";1000;"2020-01-03"
26431;"energy";"gas";11800;12084;"2020-08-01";"2021-09-01";"";"";"";"Calw";"active";2001;"2020-08-27"
26432;"energy";"electricity";2900;3067;"2020-05-15";"2020-07-01";"";"";"";"Wuppertal";"indelivery";1000;"2020-08-30"
26433;"energy";"electricity";2600;2671;"2018-04-21";"2018-07-01";"";"";"";"Hamburg";"indelivery";1000;"2019-10-24"
26434;"energy";"electricity";2600;2522;"2020-04-24";"2020-07-01";"";"";"";"Kiel";"indelivery";1001;"2020-06-08"
26435;"energy";"gas";9800;10013;"2020-03-06";"2020-08-01";"";"";"";"Düsseldorf";"indelivery";2001;"2020-07-19"
26436;"energy";"electricity";2000;2026;"2018-02-21";"2018-06-01";"";"";"";"Berlin";"indelivery";1001;"2019-07-31"
26437;"energy";"gas";9200;9656;"2019-04-18";"2019-06-01";"2020-03-31";"2020-02-26";"fristgerecht durch LichtBlick";"Cologne";"terminated";2000;"2020-02-26"
26438;"energy";"electricity";2900;2932;"2018-06-19";"2018-11-01";"";"";"";"Mannheim";"indelivery";1000;"2019-08-08"
26439;"energy";"electricity";2100;2134;"2018-02-25";"2018-03-01";"";"";"";"Munich";"indelivery";1002;"2019-11-26"
26440;"energy";"electricity";2400;2443;"2019-10-15";"2019-12-01";"";"";"";"Bremen";"indelivery";1001;"2019-11-14"
26441;"energy";"gas";10400;10693;"2019-11-25";"2019-12-01";"";"";"";"Hannover";"indelivery";2000;"2020-02-25"
26442;"energy";"electricity";2200;2167;"2018-08-25";"2019-07-01";"";"";"";"Düsseldorf";"indelivery";1000;"2019-12-08"
26443;"energy";"electricity";2900;3031;"2019-02-06";"2019-11-01";"2020-02-29";"2020-01-31";"Umzug";"Frankfurt";"terminated";1001;"2020-01-31"
26444;"energy";"electricity";2400;2485;"2019-12-20";"2020-04-01";"";"";"";"Cottbus";"indelivery";1000;"2020-09-09"
26445;"energy";"electricity";2800;2792;"2020-09-08";"2020-11-01";"";"";"";"Bremen";"active";1001;"2020-09-14"
26446;"energy";"electricity";2100;1979;"2020-03-08";"2020-05-01";"";"";"";"Munich";"indelivery";1002;"2020-09-19"
26447;"energy";"electricity";2100;2217;"2018-04-19";"2018-09-01";"";"";"";"Stuttgart";"indelivery";1002;"2020-09-20"
26448;"energy";"electricity";2900;2795;"2018-04-28";"2018-11-01";"";"";"";"Kassel";"indelivery";1001;"2019-05-12"
26449;"energy";"electricity";2300;2259;"2018-10-23";"2019-01-01";"";"";"";"Hamburg";"indelivery";1000;"2019-05-28"
26450;"energy";"electricity";2200;2384;"2018-01-29";"2018-03-01";"";"";"";"Berlin";"indelivery";1000;"2020-04-16"
26451;"energy";"electricity";2700;2730;"2020-05-04";"2020-06-01";"";"";"";"Cologne";"indelivery";1000;"2020-06-13"
26452;"energy";"electricity";3000;2895;"2020-05-11";"2020-11-01";"";"";"";"Berlin";"active";1000;"2020-08-16"
26453;"energy";"electricity";2200;"";"2019-12-14";"2020-08-01";"";"";"";"Hamburg";"indelivery";1000;"2020-08-05"
26454;"energy";"electricity";2800;2864;"2018-10-21";"2019-02-01";"";"";"";"Lübeck";"indelivery";1001;"2020-09-03"
26455;"energy";"electricity";2400;2572;"2019-03-02";"2019-06-01";"";"";"";"Duisburg";"indelivery";1000;"2020-01-01"
26456;"energy";"electricity";2100;2082;"2019-10-11";"2019-11-01";"";"";"";"Schwerin";"indelivery";1001;"2020-05-26"
26457;"energy";"gas";10300;10368;"2018-09-22";"2018-12-01";"";"";"";"Hamburg";"indelivery";2001;"2020-08-02"
26458;"energy";"electricity";2800;2716;"2019-10-10";"2019-11-01";"2020-09-30";"2020-08-29";"Umzug";"Dresden";"terminated";1000;"2020-08-18"
26459;"energy";"gas";10600;10821;"2018-04-05";"2018-05-01";"";"";"";"Braunschweig";"indelivery";2000;"2018-05-20"
26460;"energy";"electricity";2100;2018;"2019-01-10";"2019-06-01";"2020-12-31";"2020-12-02";"fristgerecht durch Kunde";"Hamburg";"cancelled";1001;"2019-10-01"
26461;"energy";"electricity";2500;2428;"2018-01-05";"2018-02-01";"2018-11-30";"2018-11-02";"fristgerecht durch LichtBlick";"Hamburg";"terminated";1001;"2018-11-02"
26462;"energy";"electricity";2500;2625;"2019-01-20";"2019-04-01";"";"";"";"Mannheim";"indelivery";1001;"2019-12-01"
26463;"energy";"electricity";2800;2981;"2020-01-02";"2020-05-01";"";"";"";"Hamburg";"indelivery";1002;"2020-03-21"
26464;"energy";"electricity";2300;2497;"2018-11-08";"2019-05-01";"2020-01-31";"2019-12-30";"fristgerecht durch Kunde";"Cologne";"terminated";1002;"2019-10-16"
26465;"energy";"electricity";2600;2790;"2019-11-10";"2020-04-01";"";"";"";"Berlin";"indelivery";1002;"2020-01-24"
26466;"energy";"electricity";2300;2299;"2019-02-18";"2019-06-01";"";"";"";"Rastatt";"indelivery";1000;"2019-02-25"
26467;"energy";"electricity";2700;2673;"2018-10-07";"2019-02-01";"";"";"";"Munich";"indelivery";1000;"2020-08-04"
26468;"energy";"gas";10200;10591;"2018-02-05";"2018-06-01";"";"";"";"Cologne";"indelivery";2000;"2018-11-05"
26469;"energy";"gas";9900;9947;"2018-12-21";"2019-02-01";"";"";"";"Frankfurt";"indelivery";2001;"2019-10-16"
26470;"energy";"electricity";2800;"";"2020-05-08";"2020-07-01";"";"";"";"Stuttgart";"indelivery";1001;"2020-08-10"
26471;"energy";"electricity";2000;2164;"2018-09-11";"2019-05-01";"2020-11-30";"2020-10-28";"fristgerecht durch Kunde";"Berlin";"cancelled";1000;"2020-08-25"
26472;"energy";"electricity";2200;2167;"2019-10-02";"2019-12-01";"";"";"";"Dresden";"indelivery";1002;"2019-12-29"
26473;"energy";"gas";11800;12254;"2020-03-12";"2020-07-01";"";"";"";"Marienberg";"indelivery";2000;"2020-08-03"
26474;"energy";"electricity";2700;"";"2019-12-04";"2020-03-01";"";"";"";"Fürth";"indelivery";1001;"2020-09-02"
26475;"energy";"electricity";2400;2306;"2020-05-03";"2020-07-01";"";"";"";"Kempten";"indelivery";1000;"2020-05-04"
26476;"energy";"electricity";2000;"";"2019-11-27";"2020-05-01";"";"";"";"Frankfurt";"indelivery";1002;"2020-04-21"
26477;"energy";"electricity";2500;2378;"2019-10-19";"2019-12-01";"";"";"";"Berlin";"indelivery";1002;"2020-05-03"
26478;"energy";"electricity";2000;1863;"2020-07-22";"2020-08-01";"";"";"";"Hamburg";"indelivery";1001;"2020-09-17"
26479;"energy";"electricity";2100;2041;"2019-01-15";"2019-03-01";"";"";"";"Dortmund";"indelivery";1000;"2019-10-30"
26480;"energy";"electricity";2600;"";"2018-07-15";"2018-09-01";"";"";"";"Bad Hersfeld";"indelivery";1000;"2019-09-15"
26481;"energy";"electricity";2200;2082;"2018-07-04";"2019-03-01";"";"";"";"Augsburg";"indelivery";1002;"2019-09-29"
26482;"energy";"electricity";2900;3156;"2018-09-22";"2018-12-01";"2020-08-31";"2020-07-31";"Umzug";"Dortmund";"terminated";1000;"2019-01-15"
26483;"energy";"electricity";2100;2037;"2018-08-01";"2018-10-01";"2020-12-31";"2020-12-01";"fristgerecht durch Kunde";"Münster";"cancelled";1000;"2019-08-30"
26484;"energy";"electricity";2200;2136;"2020-04-25";"2020-08-01";"";"";"";"Bremen";"indelivery";1000;"2020-07-10"
26485;"energy";"electricity";2000;1988;"2019-03-10";"2019-05-01";"";"";"";"Munich";"indelivery";1002;"2020-03-06"
26486;"energy";"electricity";2800;2712;"2018-02-21";"2018-06-01";"";"";"";"Leipzig";"indelivery";1002;"2018-05-10"
26487;"energy";"electricity";2100;2050;"2019-02-01";"2019-10-01";"";"";"";"Berlin";"indelivery";1002;"2019-02-06"
26488;"energy";"electricity";2300;2230;"2018-02-19";"2018-03-01";"";"";"";"Hamburg";"indelivery";1002;"2019-06-16"
26489;"energy";"electricity";2100;2195;"2019-06-24";"2019-08-01";"";"";"";"Osterode";"indelivery";1000;"2020-06-25"
26490;"energy";"electricity";2300;2305;"2020-01-10";"2020-09-01";"";"";"";"Düsseldorf";"indelivery";1001;"2020-07-02"
26491;"energy";"electricity";2700;2644;"2020-08-01";"2021-05-01";"";"";"";"Frankfurt";"active";1000;"2020-09-03"
26492;"energy";"electricity";2800;3006;"2018-12-12";"2019-12-01";"";"";"";"Oldenburg";"indelivery";1001;"2019-12-16"
26493;"energy";"gas";8200;8264;"2019-04-28";"2019-08-01";"";"";"";"Munich";"indelivery";2001;"2020-04-27"
26494;"energy";"electricity";2600;2583;"2020-09-28";"2020-10-01";"";"";"";"Düsseldorf";"indelivery";1001;"2020-09-30"
26495;"energy";"electricity";2000;1979;"2019-12-23";"2020-01-01";"";"";"";"Frankfurt";"indelivery";1000;"2020-08-22"
26496;"energy";"electricity";2700;2864;"2018-02-05";"2019-04-01";"";"";"";"Cologne";"indelivery";1002;"2019-11-15"
26497;"energy";"electricity";2900;2756;"2019-04-18";"2019-05-01";"";"";"";"Marienberg";"indelivery";1002;"2020-08-14"
26498;"energy";"electricity";2800;2685;"2018-04-30";"2018-08-01";"";"";"";"Stuttgart";"indelivery";1000;"2018-09-19"
26499;"energy";"electricity";2800;2711;"2018-04-22";"2018-08-01";"";"";"";"Essen";"indelivery";1002;"2020-08-22"
26500;"energy";"electricity";2800;"";"2019-09-17";"2020-01-01";"";"";"";"Freiburg";"indelivery";1000;"2019-11-19"
26501;"energy";"electricity";2900;2853;"2020-08-27";"2021-01-01";"";"";"";"Bielefeld";"active";1000;"2020-08-29"
26502;"energy";"electricity";2900;2889;"2019-09-24";"2019-10-01";"";"";"";"Bremen";"indelivery";1000;"2020-02-08"
26503;"energy";"gas";11800;11905;"2019-09-22";"2020-07-01";"";"";"";"Altchemnitz";"indelivery";2000;"2020-06-10"
26504;"energy";"electricity";2800;2634;"2020-06-11";"2021-04-01";"";"";"";"Stuttgart";"active";1002;"2020-09-02"
26505;"energy";"gas";11700;11901;"2019-08-18";"2020-03-01";"";"";"";"Bremen";"indelivery";2001;"2020-02-19"
26506;"energy";"gas";10600;11345;"2018-10-05";"2018-11-01";"2019-04-30";"2019-04-01";"fristgerecht durch LichtBlick";"Groß-Gerau";"terminated";2000;"2019-04-01"
26507;"energy";"electricity";2500;2533;"2020-06-29";"2020-08-01";"";"";"";"Münster";"indelivery";1001;"2020-09-26"
26508;"energy";"electricity";2500;2638;"2018-05-21";"2018-07-01";"2018-07-01";"2019-10-03";"Wiederruf";"Duisburg";"terminated";1002;"2019-07-23"
26509;"energy";"electricity";2900;2922;"2020-09-20";"2021-01-01";"";"";"";"Essen";"active";1002;"2020-09-24"
26510;"energy";"electricity";2800;2755;"2020-05-19";"2020-10-01";"";"";"";"Lübeck";"indelivery";1002;"2020-07-06"
26511;"energy";"electricity";2800;2821;"2018-07-06";"2018-10-01";"";"";"";"Hannover";"indelivery";1002;"2019-10-17"
26512;"energy";"electricity";2100;2094;"2020-02-15";"2020-07-01";"";"";"";"Saarbrücken";"indelivery";1001;"2020-07-23"
26513;"energy";"gas";9000;9318;"2018-05-16";"2018-06-01";"2018-06-01";"2020-08-30";"Wiederruf";"Berlin";"terminated";2000;"2018-08-21"
26514;"energy";"electricity";2500;2577;"2019-09-26";"2019-11-01";"";"";"";"Emden";"indelivery";1000;"2020-06-15"
26515;"energy";"electricity";2200;2420;"2019-07-15";"2019-10-01";"";"";"";"Cologne";"indelivery";1001;"2019-08-20"
26516;"energy";"electricity";2000;1977;"2020-06-13";"2020-09-01";"";"";"";"Hamburg";"indelivery";1001;"2020-07-20"
26517;"energy";"electricity";2100;2228;"2020-03-18";"2020-12-01";"";"";"";"Leipzig";"active";1000;"2020-08-05"
26518;"energy";"electricity";2300;2282;"2018-10-17";"2018-12-01";"";"";"";"Magdeburg";"indelivery";1001;"2019-10-10"
26519;"energy";"electricity";2400;2268;"2019-12-19";"2020-01-01";"";"";"";"Duisburg";"indelivery";1002;"2019-12-21"
26520;"energy";"electricity";2800;2988;"2018-09-29";"2018-11-01";"2019-03-31";"2019-03-03";"fristgerecht durch LichtBlick";"Hamburg";"terminated";1000;"2019-03-03"
26521;"energy";"electricity";2900;2879;"2018-05-29";"2018-11-01";"";"";"";"Marienberg";"indelivery";1001;"2020-04-03"
26522;"energy";"electricity";2400;2557;"2019-12-25";"2020-07-01";"2020-08-31";"2020-08-03";"fristgerecht durch Kunde";"Leipzig";"terminated";1000;"2020-08-03"
26523;"energy";"electricity";2700;2834;"2018-10-18";"2019-08-01";"";"";"";"Berlin";"indelivery";1001;"2020-07-27"
26524;"energy";"gas";11700;12395;"2019-05-28";"2019-12-01";"";"";"";"Essen";"indelivery";2001;"2020-01-14"
26525;"energy";"electricity";2400;2391;"2019-04-06";"2019-09-01";"";"";"";"Würzburg";"indelivery";1000;"2020-02-28"
26526;"energy";"electricity";2300;2375;"2019-04-22";"2019-06-01";"2020-07-31";"2020-07-02";"fristgerecht durch Kunde";"Ulm";"terminated";1002;"2020-07-02"
26527;"energy";"gas";12000;11963;"2018-08-07";"2018-12-01";"2020-03-31";"2020-03-02";"Umzug";"Düsseldorf";"terminated";2000;"2018-12-08"
26528;"energy";"electricity";2600;2585;"2018-06-12";"2018-08-01";"";"";"";"Cologne";"indelivery";1001;"2019-01-30"
26529;"energy";"electricity";2100;2016;"2020-02-14";"2020-05-01";"";"";"";"Munich";"indelivery";1001;"2020-07-09"
26530;"energy";"electricity";2400;2345;"2019-02-23";"2019-12-01";"2019-12-01";"2020-10-02";"Wiederruf";"Berlin";"terminated";1002;"2020-03-06"
26531;"energy";"gas";8300;8611;"2020-07-13";"2021-06-01";"";"";"";"Berlin";"active";2000;"2020-07-27"
26532;"energy";"electricity";2300;2198;"2020-08-05";"2020-10-01";"";"";"";"Marienberg";"indelivery";1001;"2020-08-28"
26533;"energy";"electricity";2000;2015;"2019-01-26";"2019-12-01";"";"";"";"Hamburg";"indelivery";1002;"2019-07-27"
26534;"energy";"electricity";2000;2099;"2020-04-27";"2020-09-01";"";"";"";"Frankfurt";"indelivery";1001;"2020-07-12"
26535;"energy";"electricity";2000;2009;"2019-05-25";"2019-10-01";"";"";"";"Bremerhaven";"indelivery";1001;"2020-02-02"
26536;"energy";"electricity";2800;2991;"2020-06-06";"2020-07-01";"";"";"";"Hamburg";"indelivery";1001;"2020-07-30"
26537;"energy";"electricity";2500;2618;"2019-06-30";"2019-08-01";"";"";"";"Berlin";"indelivery";1000;"2020-01-22"
26538;"energy";"gas";11500;11886;"2019-03-02";"2019-05-01";"2019-11-30";"2019-11-01";"fristgerecht durch Kunde";"Düsseldorf";"terminated";2000;"2019-08-26"
26539;"energy";"electricity";2100;2232;"2018-07-22";"2018-11-01";"";"";"";"Düsseldorf";"indelivery";1001;"2018-09-26"
26540;"energy";"electricity";2600;2726;"2018-01-04";"2018-03-01";"2019-01-31";"2018-12-28";"fristgerecht durch Kunde";"Cologne";"terminated";1001;"2018-12-28"
26541;"energy";"electricity";2100;2075;"2019-11-12";"2019-12-01";"";"";"";"Frankfurt";"indelivery";1001;"2020-06-17"
26542;"energy";"gas";11700;11232;"2018-06-15";"2018-09-01";"";"";"";"Stuttgart";"indelivery";2001;"2019-04-17"
26543;"energy";"electricity";2800;2971;"2018-05-07";"2018-12-01";"";"";"";"Berlin";"indelivery";1000;"2019-10-16"
26544;"energy";"gas";10400;10358;"2018-02-13";"2018-10-01";"";"";"";"Hamburg";"indelivery";2000;"2019-12-24"
26545;"energy";"gas";9200;8932;"2018-06-01";"2018-07-01";"2019-09-30";"2019-08-29";"Umzug";"Cologne";"terminated";2000;"2019-06-28"
26546;"energy";"gas";9500;9410;"2018-10-17";"2018-12-01";"";"";"";"Potsdam";"indelivery";2000;"2019-02-26"
26547;"energy";"electricity";2900;3151;"2020-04-13";"2021-06-01";"";"";"";"Stuttgart";"active";1002;"2020-05-14"
26548;"energy";"electricity";2200;2189;"2019-04-27";"2019-05-01";"";"";"";"Frankfurt";"indelivery";1000;"2020-05-25"
26549;"energy";"electricity";2800;3019;"2020-09-13";"2020-12-01";"";"";"";"Düsseldorf";"active";1002;"2020-09-27"
26550;"energy";"electricity";2000;2069;"2018-05-22";"2018-11-01";"";"";"";"Erfurt";"indelivery";1000;"2019-06-07"
26551;"energy";"electricity";3000;2847;"2019-07-19";"2019-10-01";"";"";"";"Rostock";"indelivery";1001;"2019-09-17"
26552;"energy";"electricity";2800;2731;"2018-03-04";"2018-11-01";"";"";"";"Hannover";"indelivery";1002;"2019-01-27"
26553;"energy";"electricity";2000;1946;"2018-11-21";"2019-03-01";"";"";"";"Düsseldorf";"indelivery";1002;"2019-03-09"
26554;"energy";"electricity";2600;2569;"2019-03-02";"2019-05-01";"";"";"";"Munich";"indelivery";1001;"2019-09-08"
26555;"energy";"electricity";2900;2862;"2019-12-25";"2020-03-01";"";"";"";"Munich";"indelivery";1001;"2020-01-11"
26556;"energy";"electricity";2300;2250;"2019-05-09";"2019-08-01";"";"";"";"Düsseldorf";"indelivery";1001;"2020-03-09"
26557;"energy";"electricity";2500;2384;"2020-03-29";"2020-04-01";"";"";"";"Hamburg";"indelivery";1001;"2020-07-13"
26558;"energy";"gas";10400;10670;"2018-10-24";"2018-12-01";"";"";"";"Lübeck";"indelivery";2001;"2018-12-23"
26559;"energy";"electricity";2200;2197;"2020-06-05";"2021-01-01";"";"";"";"Mindelheim";"active";1001;"2020-06-24"
26560;"energy";"electricity";2000;"";"2020-01-14";"2020-05-01";"";"";"";"Wuppertal";"indelivery";1001;"2020-04-23"
26561;"energy";"electricity";2500;2587;"2019-08-23";"2019-11-01";"";"";"";"Dortmund";"indelivery";1001;"2019-10-23"
26562;"energy";"gas";11900;"";"2018-04-06";"2018-05-01";"";"";"";"Freiburg";"indelivery";2001;"2019-12-24"
26563;"energy";"gas";8200;"";"2020-08-22";"2020-11-01";"";"";"";"Marienberg";"active";2001;"2020-08-23"
26564;"energy";"electricity";2100;2240;"2020-01-25";"2020-11-01";"";"";"";"Berlin";"active";1001;"2020-05-24"
26565;"energy";"electricity";2500;2512;"2018-11-09";"2019-01-01";"";"";"";"Saarbrücken";"indelivery";1000;"2019-11-12"
26566;"energy";"electricity";2500;2563;"2020-07-09";"2020-09-01";"2020-09-01";"2020-11-02";"Wiederruf";"Berlin";"terminated";1001;"2020-09-21"
26567;"energy";"electricity";2900;2813;"2018-04-22";"2018-08-01";"";"";"";"Leipzig";"indelivery";1001;"2018-09-25"
26568;"energy";"electricity";2300;2423;"2018-09-01";"2019-04-01";"2020-07-31";"2020-07-02";"fristgerecht durch LichtBlick";"Bielefeld";"terminated";1001;"2019-11-02"
26569;"energy";"electricity";2800;2662;"2018-11-25";"2019-04-01";"";"";"";"Dresden";"indelivery";1002;"2019-06-20"
26570;"energy";"electricity";2700;2824;"2018-05-09";"2018-07-01";"2018-07-01";"2020-07-01";"Wiederruf";"Baden-Baden";"terminated";1000;"2020-05-13"
26571;"energy";"electricity";2000;2082;"2019-06-04";"2020-02-01";"";"";"";"Rostock";"indelivery";1001;"2019-12-01"
26572;"energy";"electricity";2300;2213;"2020-02-18";"2020-03-01";"2020-12-31";"2020-12-03";"fristgerecht durch Kunde";"Wiesbaden";"cancelled";1002;"2020-08-15"
26573;"energy";"electricity";2400;2338;"2018-12-10";"2019-07-01";"";"";"";"Viersen";"indelivery";1002;"2019-11-17"
26574;"energy";"electricity";2800;"";"2020-01-27";"2020-03-01";"";"";"";"Magdeburg";"indelivery";1002;"2020-09-13"
26575;"energy";"electricity";2800;2877;"2018-12-05";"2019-05-01";"";"";"";"Dresden";"indelivery";1002;"2018-12-15"
26576;"energy";"electricity";2700;2875;"2020-08-17";"2021-03-01";"";"";"";"Dresden";"active";1001;"2020-09-08"
26577;"energy";"electricity";2600;2593;"2018-05-10";"2018-07-01";"";"";"";"Frankfurt";"indelivery";1002;"2018-12-30"
26578;"energy";"electricity";2200;2204;"2019-12-14";"2020-02-01";"";"";"";"Bremen";"indelivery";1001;"2020-06-12"
26579;"energy";"electricity";2400;2424;"2020-04-22";"2020-06-01";"";"";"";"Berlin";"indelivery";1000;"2020-07-17"
26580;"energy";"electricity";2300;2202;"2018-10-24";"2019-05-01";"";"";"";"Frankfurt";"indelivery";1002;"2018-12-11"
26581;"energy";"electricity";2000;2068;"2018-05-30";"2018-07-01";"2020-05-31";"2020-05-01";"fristgerecht durch LichtBlick";"Berlin";"terminated";1000;"2019-10-31"
26582;"energy";"electricity";2200;2126;"2020-09-04";"2020-12-01";"";"";"";"Cologne";"active";1001;"2020-09-28"
26583;"energy";"electricity";2500;2593;"2018-11-22";"2019-02-01";"2020-08-31";"2020-08-02";"fristgerecht durch Kunde";"Düsseldorf";"terminated";1002;"2019-09-11"
26584;"energy";"electricity";2200;"";"2018-06-01";"2018-12-01";"";"";"";"Essen";"indelivery";1002;"2018-10-22"
26585;"energy";"electricity";2300;2518;"2018-04-22";"2018-11-01";"";"";"";"Karlsruhe";"indelivery";1000;"2018-07-26"
26586;"energy";"electricity";2300;2210;"2018-01-21";"2018-03-01";"";"";"";"Frankfurt";"indelivery";1001;"2019-03-14"
26587;"energy";"electricity";2200;2205;"2019-09-06";"2019-11-01";"";"";"";"Munich";"indelivery";1001;"2020-07-19"
26588;"energy";"electricity";2800;2968;"2018-05-30";"2018-07-01";"2018-10-31";"2018-09-26";"fristgerecht durch Kunde";"Saarbrücken";"terminated";1002;"2018-09-26"
26589;"energy";"electricity";2200;2346;"2018-04-17";"2018-06-01";"";"";"";"Braunschweig";"indelivery";1001;"2018-05-24"
26590;"energy";"electricity";2300;2300;"2018-01-16";"2018-10-01";"";"";"";"Hamburg";"indelivery";1001;"2020-05-25"
26591;"energy";"electricity";2900;2792;"2020-04-26";"2020-09-01";"";"";"";"Bad Salzungen";"indelivery";1000;"2020-09-12"
26592;"energy";"electricity";2700;2801;"2020-05-13";"2020-07-01";"";"";"";"Würzburg";"indelivery";1002;"2020-06-06"
26593;"energy";"electricity";2500;2559;"2018-08-05";"2019-01-01";"2019-01-01";"2019-05-28";"Wiederruf";"Hannover";"terminated";1002;"2019-05-28"
26594;"energy";"electricity";2600;2543;"2018-04-14";"2018-08-01";"";"";"";"Ulm";"indelivery";1000;"2020-04-30"
26595;"energy";"electricity";2100;2165;"2019-01-16";"2019-04-01";"";"";"";"Frankfurt";"indelivery";1002;"2019-04-26"
26596;"energy";"electricity";2600;2557;"2018-01-16";"2018-02-01";"";"";"";"Mannheim";"indelivery";1000;"2020-08-11"
26597;"energy";"electricity";2400;2306;"2020-01-13";"2020-10-01";"";"";"";"Bremen";"indelivery";1000;"2020-03-19"
26598;"energy";"gas";8800;8417;"2018-10-10";"2019-04-01";"";"";"";"Hamburg";"indelivery";2000;"2020-03-08"
26599;"energy";"electricity";2600;2636;"2019-09-12";"2019-10-01";"";"";"";"Cologne";"indelivery";1002;"2019-10-03"
26600;"energy";"electricity";2700;2733;"2018-08-03";"2018-10-01";"2019-07-31";"2019-07-01";"fristgerecht durch LichtBlick";"Düsseldorf";"terminated";1001;"2019-07-01"
26601;"energy";"electricity";2100;2190;"2019-08-12";"2019-09-01";"";"";"";"Lübeck";"indelivery";1001;"2020-07-25"
26602;"energy";"electricity";2700;2920;"2018-06-07";"2019-01-01";"";"";"";"Altchemnitz";"indelivery";1001;"2020-05-19"
26603;"energy";"electricity";2000;2196;"2019-03-13";"2019-04-01";"";"";"";"Berlin";"indelivery";1001;"2019-10-26"
26604;"energy";"gas";10900;11634;"2019-10-28";"2019-11-01";"";"";"";"Berlin";"indelivery";2000;"2020-06-02"
26605;"energy";"gas";10500;11280;"2019-11-05";"2020-01-01";"";"";"";"Hamburg";"indelivery";2001;"2020-09-19"
26606;"energy";"electricity";3100;3190;"2020-02-13";"2020-05-01";"";"";"";"Freiberg";"indelivery";1001;"2020-06-18"
26607;"energy";"electricity";2800;2844;"2019-05-03";"2019-08-01";"";"";"";"Kassel";"indelivery";1002;"2020-09-18"
26608;"energy";"gas";9700;10323;"2018-10-16";"2019-02-01";"";"";"";"Munich";"indelivery";2001;"2020-04-22"
26609;"energy";"electricity";2300;2464;"2020-04-12";"2021-03-01";"";"";"";"Essen";"active";1002;"2020-07-19"
26610;"energy";"electricity";2000;"";"2019-01-07";"2019-02-01";"";"";"";"Hamburg";"indelivery";1000;"2019-08-28"
26611;"energy";"electricity";2400;2253;"2018-02-10";"2018-03-01";"2018-03-01";"2019-01-31";"Wiederruf";"Dortmund";"terminated";1001;"2018-02-11"
26612;"energy";"electricity";2800;2648;"2018-02-17";"2018-06-01";"";"";"";"Munich";"indelivery";1001;"2018-06-24"
26613;"energy";"electricity";2400;2602;"2019-06-11";"2019-08-01";"2020-07-31";"2020-06-30";"Umzug";"Freising";"terminated";1001;"2020-02-26"
26614;"energy";"electricity";2300;2278;"2018-07-13";"2019-01-01";"";"";"";"Berlin";"indelivery";1000;"2020-03-30"
26615;"energy";"electricity";2200;2213;"2018-01-23";"2018-05-01";"";"";"";"Braunschweig";"indelivery";1001;"2018-01-26"
26616;"energy";"electricity";2500;2468;"2019-05-08";"2019-07-01";"";"";"";"Rottweil";"indelivery";1001;"2020-02-22"
26617;"energy";"gas";8200;8232;"2020-09-20";"2020-10-01";"";"";"";"Hofeck";"indelivery";2000;"2020-09-30"
26618;"energy";"electricity";2300;2199;"2019-03-11";"2019-06-01";"";"";"";"Berlin";"indelivery";1002;"2019-11-16"
26619;"energy";"electricity";2500;2412;"2019-12-07";"2020-03-01";"";"";"";"Munich";"indelivery";1001;"2020-02-16"
26620;"energy";"electricity";2900;3011;"2020-02-15";"2020-05-01";"";"";"";"Berlin";"indelivery";1002;"2020-07-19"
26621;"energy";"electricity";2900;2794;"2020-08-19";"2020-12-01";"";"";"";"Rostock";"active";1002;"2020-09-24"
26622;"energy";"electricity";2800;2771;"2018-12-01";"2019-05-01";"2020-10-31";"2020-09-29";"fristgerecht durch LichtBlick";"Bielefeld";"cancelled";1000;"2019-03-29"
26623;"energy";"electricity";2000;1957;"2020-02-20";"2020-05-01";"";"";"";"Flensburg";"indelivery";1000;"2020-07-18"
26624;"energy";"electricity";2800;2924;"2020-07-04";"2020-09-01";"";"";"";"Soest";"indelivery";1001;"2020-08-29"
26625;"energy";"electricity";2700;2562;"2018-01-18";"2018-09-01";"";"";"";"Cologne";"indelivery";1001;"2019-01-27"
26626;"energy";"electricity";2700;2575;"2018-09-28";"2019-04-01";"";"";"";"Hamburg";"indelivery";1002;"2020-08-09"
26627;"energy";"gas";11000;11386;"2020-07-18";"2021-01-01";"";"";"";"Düsseldorf";"active";2001;"2020-08-27"
26628;"energy";"electricity";2400;2385;"2020-01-17";"2020-02-01";"";"";"";"Würzburg";"indelivery";1002;"2020-03-04"
26629;"energy";"gas";8300;8242;"2020-03-09";"2020-06-01";"";"";"";"Hannover";"indelivery";2001;"2020-08-13"
26630;"energy";"electricity";2500;2602;"2019-03-26";"2019-05-01";"";"";"";"Ulm";"indelivery";1001;"2019-06-24"
26631;"energy";"electricity";2300;2294;"2020-07-03";"2020-09-01";"";"";"";"Kiel";"indelivery";1000;"2020-07-14"
26632;"energy";"electricity";2400;2469;"2018-04-29";"2018-09-01";"";"";"";"Kiel";"indelivery";1000;"2019-07-13"
26633;"energy";"electricity";2200;2182;"2020-02-14";"2020-10-01";"";"";"";"Kassel";"indelivery";1000;"2020-04-08"
26634;"energy";"electricity";2600;"";"2018-11-23";"2019-07-01";"";"";"";"Naumburg";"indelivery";1001;"2018-12-22"
26635;"energy";"electricity";2700;2714;"2018-01-11";"2018-03-01";"";"";"";"Frankfurt";"indelivery";1000;"2020-07-21"
26636;"energy";"electricity";3000;2966;"2018-07-09";"2019-03-01";"2020-02-29";"2020-01-28";"fristgerecht durch Kunde";"Essen";"terminated";1000;"2018-07-28"
26637;"energy";"electricity";2900;2958;"2020-07-13";"2020-09-01";"";"";"";"Freising";"indelivery";1002;"2020-08-21"
26638;"energy";"electricity";2800;2824;"2020-09-27";"2021-08-01";"";"";"";"Munich";"active";1001;"2020-09-27"
26639;"energy";"electricity";2600;2532;"2019-03-14";"2019-07-01";"";"";"";"Wiesbaden";"indelivery";1000;"2020-01-20"
26640;"energy";"electricity";2100;2017;"2020-01-11";"2020-03-01";"";"";"";"Regensburg";"indelivery";1001;"2020-03-01"
26641;"energy";"electricity";2400;"";"2018-12-23";"2019-07-01";"2020-03-31";"2020-03-02";"Umzug";"Hamburg";"terminated";1001;"2019-08-26"
26642;"energy";"electricity";2400;2411;"2020-02-19";"2020-04-01";"";"";"";"Augsburg";"indelivery";1001;"2020-04-18"
26643;"energy";"electricity";2700;2803;"2019-12-31";"2020-01-01";"";"";"";"Bremen";"indelivery";1002;"2020-01-31"
26644;"energy";"electricity";2700;2700;"2018-09-17";"2018-12-01";"";"";"";"Gießen";"indelivery";1000;"2019-02-18"
26645;"energy";"electricity";2500;2455;"2018-11-06";"2019-01-01";"";"";"";"Kelheim";"indelivery";1001;"2020-08-31"
26646;"energy";"electricity";2000;2019;"2018-07-10";"2019-01-01";"";"";"";"Berlin";"indelivery";1000;"2019-08-03"
26647;"energy";"gas";8400;9013;"2019-08-08";"2019-10-01";"";"";"";"Wiesbaden";"indelivery";2001;"2019-12-18"
26648;"energy";"electricity";2600;2617;"2019-12-14";"2020-03-01";"2020-03-01";"2020-10-02";"Wiederruf";"Hamburg";"terminated";1002;"2020-08-09"
26649;"energy";"electricity";2400;2279;"2019-03-14";"2019-04-01";"";"";"";"Dortmund";"indelivery";1002;"2020-04-19"
26650;"energy";"electricity";2300;2284;"2018-08-19";"2018-09-01";"";"";"";"Berlin";"indelivery";1000;"2019-11-02"
26651;"energy";"gas";10100;9855;"2020-01-29";"2020-03-01";"";"";"";"Cologne";"indelivery";2000;"2020-06-16"
26652;"energy";"electricity";3000;3206;"2018-06-09";"2019-02-01";"";"";"";"Kiel";"indelivery";1001;"2019-02-01"
26653;"energy";"electricity";2400;2482;"2020-02-16";"2020-04-01";"";"";"";"Düren";"indelivery";1001;"2020-05-25"
26654;"energy";"electricity";2200;2371;"2019-01-24";"2019-05-01";"";"";"";"Osnabrück";"indelivery";1000;"2019-09-24"
26655;"energy";"electricity";2000;2189;"2018-12-17";"2019-04-01";"";"";"";"Magdeburg";"indelivery";1001;"2020-03-10"
26656;"energy";"electricity";2600;2705;"2020-04-12";"2020-09-01";"";"";"";"Berlin";"indelivery";1000;"2020-06-21"
26657;"energy";"electricity";2800;2917;"2019-12-15";"2020-09-01";"";"";"";"Bielefeld";"indelivery";1002;"2020-07-15"
26658;"energy";"gas";8700;"";"2020-01-07";"2020-07-01";"";"";"";"Marienberg";"indelivery";2001;"2020-08-03"
26659;"energy";"electricity";2700;2782;"2018-01-21";"2018-03-01";"";"";"";"Koblenz";"indelivery";1002;"2020-08-02"
26660;"energy";"electricity";2400;2257;"2019-07-21";"2019-08-01";"2019-08-01";"2020-07-02";"Wiederruf";"Munich";"terminated";1000;"2019-12-25"
26661;"energy";"electricity";2800;3047;"2020-06-20";"2021-05-01";"";"";"";"Altchemnitz";"active";1002;"2020-09-27"
26662;"energy";"electricity";2800;2937;"2018-12-06";"2019-01-01";"";"";"";"Berlin";"indelivery";1000;"2019-10-07"
26663;"energy";"electricity";2100;2038;"2018-12-05";"2019-05-01";"";"";"";"Saarbrücken";"indelivery";1000;"2019-07-29"
26664;"energy";"electricity";2100;2040;"2020-07-19";"2020-10-01";"";"";"";"Apolda";"indelivery";1002;"2020-08-11"
26665;"energy";"gas";11100;11525;"2018-10-08";"2019-05-01";"";"";"";"Stuttgart";"indelivery";2000;"2020-03-01"
26666;"energy";"electricity";2400;2411;"2019-02-19";"2019-03-01";"";"";"";"Berlin";"indelivery";1002;"2019-03-14"
26667;"energy";"electricity";2800;2691;"2018-05-26";"2019-01-01";"";"";"";"Dortmund";"indelivery";1000;"2019-03-07"
26668;"energy";"electricity";3000;2956;"2019-04-06";"2019-07-01";"";"";"";"Bonn";"indelivery";1001;"2020-01-17"
26669;"energy";"electricity";2200;2152;"2018-09-12";"2018-11-01";"2019-10-31";"2019-10-02";"fristgerecht durch LichtBlick";"Berlin";"terminated";1001;"2019-01-02"
26670;"energy";"electricity";2700;2684;"2019-11-06";"2020-10-01";"";"";"";"Frankfurt";"indelivery";1000;"2020-04-25"
26671;"energy";"electricity";2300;2328;"2020-07-12";"2020-08-01";"";"";"";"Berlin";"indelivery";1001;"2020-07-14"
26672;"energy";"electricity";2200;"";"2018-08-12";"2018-11-01";"";"";"";"Lübeck";"indelivery";1000;"2018-10-01"
26673;"energy";"electricity";2800;"";"2019-06-12";"2019-08-01";"";"";"";"Magdeburg";"indelivery";1001;"2020-06-03"
26674;"energy";"electricity";2100;"";"2020-06-08";"2021-02-01";"";"";"";"Hannover";"active";1001;"2020-07-23"
26675;"energy";"electricity";2000;2129;"2018-01-31";"2018-05-01";"2018-05-01";"2020-10-02";"Wiederruf";"Berlin";"terminated";1000;"2020-05-14"
26676;"energy";"electricity";2400;2486;"2018-11-05";"2019-01-01";"";"";"";"Mönchengladbach";"indelivery";1000;"2020-07-30"
26677;"energy";"electricity";2100;2236;"2020-06-14";"2020-08-01";"";"";"";"Cottbus";"indelivery";1000;"2020-08-16"
26678;"energy";"electricity";2800;2654;"2019-01-01";"2019-06-01";"";"";"";"Berlin";"indelivery";1000;"2019-09-08"
26679;"energy";"electricity";2900;2866;"2018-09-18";"2019-06-01";"";"";"";"Gera";"indelivery";1001;"2019-03-30"
26680;"energy";"electricity";2000;1928;"2018-05-20";"2018-08-01";"";"";"";"Berlin";"indelivery";1002;"2018-05-27"
26681;"energy";"electricity";2600;2548;"2018-07-24";"2018-11-01";"2020-05-31";"2020-04-29";"fristgerecht durch Kunde";"Berlin";"terminated";1002;"2019-02-01"
26682;"energy";"electricity";2000;1935;"2019-10-14";"2020-02-01";"";"";"";"Hannover";"indelivery";1001;"2020-03-17"
26683;"energy";"gas";9600;10229;"2018-03-13";"2018-05-01";"";"";"";"Heppenheim";"indelivery";2001;"2019-01-30"
26684;"energy";"gas";9700;"";"2018-01-17";"2018-02-01";"2020-10-31";"2020-09-30";"fristgerecht durch Kunde";"Magdeburg";"cancelled";2001;"2018-04-29"
26685;"energy";"electricity";2900;2894;"2020-09-20";"2020-12-01";"";"";"";"Mainz";"active";1002;"2020-09-24"
26686;"energy";"electricity";2600;2518;"2018-03-13";"2018-09-01";"";"";"";"Marienberg";"indelivery";1002;"2019-07-30"
26687;"energy";"electricity";2700;2793;"2019-10-10";"2019-12-01";"";"";"";"Hamburg";"indelivery";1000;"2020-07-08"
26688;"energy";"electricity";2400;2373;"2019-09-09";"2020-04-01";"";"";"";"Leipzig";"indelivery";1001;"2020-07-15"
26689;"energy";"electricity";2900;3051;"2019-04-13";"2019-09-01";"";"";"";"Leipzig";"indelivery";1002;"2019-07-01"
26690;"energy";"gas";8800;8711;"2019-07-09";"2019-11-01";"";"";"";"Kassel";"indelivery";2001;"2019-11-27"
26691;"energy";"electricity";2900;3132;"2019-06-29";"2020-03-01";"";"";"";"Saarbrücken";"indelivery";1002;"2019-07-10"
26692;"energy";"electricity";3000;3195;"2019-11-29";"2019-12-01";"";"";"";"Karlsruhe";"indelivery";1002;"2019-12-02"
26693;"energy";"electricity";2800;"";"2020-05-20";"2020-10-01";"";"";"";"Karlsruhe";"indelivery";1002;"2020-09-09"
26694;"energy";"electricity";2100;2205;"2020-09-21";"2020-10-01";"";"";"";"Duisburg";"indelivery";1000;"2020-09-26"
26695;"energy";"electricity";2300;2486;"2020-06-07";"2020-08-01";"";"";"";"Essen";"indelivery";1002;"2020-09-30"
26696;"energy";"electricity";2600;2566;"2019-06-28";"2019-07-01";"";"";"";"Bielefeld";"indelivery";1000;"2019-12-25"
26697;"energy";"electricity";2100;2015;"2019-08-22";"2019-12-01";"";"";"";"Cologne";"indelivery";1001;"2020-04-23"
26698;"energy";"electricity";2200;"";"2020-06-09";"2021-04-01";"";"";"";"Bonn";"active";1000;"2020-08-22"
26699;"energy";"electricity";2800;2726;"2019-12-23";"2020-06-01";"";"";"";"Salzwedel";"indelivery";1000;"2020-09-06"
26700;"energy";"electricity";2000;2121;"2019-02-04";"2019-05-01";"2020-12-31";"2020-11-22";"fristgerecht durch Kunde";"Berlin";"cancelled";1000;"2020-09-13"
26701;"energy";"electricity";2800;2660;"2019-12-06";"2020-04-01";"";"";"";"Berlin";"indelivery";1000;"2020-05-25"
26702;"energy";"electricity";2200;2299;"2018-07-19";"2019-02-01";"";"";"";"Dortmund";"indelivery";1000;"2019-02-08"
26703;"energy";"electricity";2800;2687;"2019-05-10";"2019-06-01";"";"";"";"Essen";"indelivery";1000;"2020-06-18"
26704;"energy";"electricity";2700;"";"2018-08-02";"2018-11-01";"";"";"";"Cologne";"indelivery";1002;"2020-08-18"
26705;"energy";"electricity";2400;2443;"2020-08-09";"2020-10-01";"";"";"";"Berlin";"indelivery";1001;"2020-09-01"
26706;"energy";"gas";10100;10494;"2020-09-13";"2021-03-01";"";"";"";"Munich";"active";2000;"2020-09-16"
26707;"energy";"electricity";3000;3049;"2020-06-23";"2020-08-01";"";"";"";"Wuppertal";"indelivery";1002;"2020-07-09"
26708;"energy";"electricity";2700;2617;"2019-07-27";"2019-11-01";"2019-11-01";"2020-09-30";"Wiederruf";"Bielefeld";"terminated";1002;"2019-07-28"
26709;"energy";"electricity";2700;2729;"2019-11-25";"2019-12-01";"";"";"";"Bonn";"indelivery";1000;"2020-04-11"
26710;"energy";"electricity";2600;"";"2020-07-29";"2020-09-01";"";"";"";"Marienberg";"indelivery";1001;"2020-09-12"
26711;"energy";"electricity";2900;"";"2018-03-29";"2018-06-01";"2020-02-29";"2020-02-01";"Umzug";"Lübeck";"terminated";1000;"2020-02-01"
26712;"energy";"gas";11700;11922;"2019-04-27";"2020-10-01";"";"";"";"Duisburg";"indelivery";2001;"2019-06-26"
26713;"energy";"electricity";2400;2509;"2020-03-19";"2020-06-01";"";"";"";"Munich";"indelivery";1001;"2020-03-26"
26714;"energy";"electricity";2800;2907;"2018-01-24";"2018-06-01";"";"";"";"Cologne";"indelivery";1000;"2019-12-23"
26715;"energy";"electricity";2400;2450;"2020-03-21";"2020-09-01";"";"";"";"Suhl";"indelivery";1002;"2020-09-16"
26716;"energy";"electricity";2400;2341;"2020-03-20";"2020-07-01";"";"";"";"Berlin";"indelivery";1000;"2020-04-15"
26717;"energy";"electricity";2800;2718;"2020-06-08";"2020-09-01";"";"";"";"Düsseldorf";"indelivery";1001;"2020-09-09"
26718;"energy";"electricity";2200;2176;"2019-08-30";"2019-10-01";"";"";"";"Berlin";"indelivery";1001;"2019-10-10"
26719;"energy";"electricity";2600;2658;"2018-09-16";"2018-10-01";"";"";"";"Düsseldorf";"indelivery";1000;"2019-10-05"
26720;"energy";"electricity";2500;2706;"2019-09-13";"2019-11-01";"";"";"";"Frankfurt";"indelivery";1002;"2019-12-27"
26721;"energy";"electricity";2300;2230;"2018-08-09";"2018-09-01";"";"";"";"Berlin";"indelivery";1001;"2019-10-16"
26722;"energy";"electricity";2800;"";"2020-05-05";"2020-06-01";"2020-08-31";"2020-08-03";"Umzug";"Essen";"terminated";1000;"2020-07-20"
26723;"energy";"electricity";2400;2373;"2018-03-16";"2018-05-01";"2019-01-31";"2019-01-03";"fristgerecht durch Kunde";"Munich";"terminated";1001;"2019-01-03"
26724;"energy";"electricity";2900;2850;"2019-09-09";"2019-12-01";"";"";"";"Mainz";"indelivery";1002;"2020-03-02"
26725;"energy";"electricity";2700;2911;"2019-12-25";"2020-07-01";"";"";"";"Cologne";"indelivery";1000;"2020-07-18"
26726;"energy";"electricity";2100;2187;"2020-07-08";"2021-06-01";"";"";"";"Rostock";"active";1002;"2020-07-23"
26727;"energy";"gas";9700;10334;"2018-05-11";"2018-08-01";"";"";"";"Berlin";"indelivery";2001;"2019-11-05"
26728;"energy";"electricity";2600;2758;"2018-06-16";"2018-07-01";"";"";"";"Berlin";"indelivery";1002;"2020-05-12"
26729;"energy";"electricity";2600;2768;"2018-05-26";"2018-11-01";"";"";"";"Dresden";"indelivery";1000;"2019-03-09"
26730;"energy";"electricity";2400;2423;"2018-06-06";"2018-09-01";"";"";"";"Berlin";"indelivery";1002;"2020-02-26"
26731;"energy";"gas";10100;9752;"2019-12-16";"2020-02-01";"";"";"";"Duisburg";"indelivery";2000;"2020-08-12"
26732;"energy";"electricity";2300;2301;"2019-06-15";"2020-12-01";"";"";"";"Lübeck";"active";1001;"2019-12-22"
26733;"energy";"electricity";2500;2673;"2019-04-21";"2019-07-01";"";"";"";"Augsburg";"indelivery";1001;"2020-04-16"
26734;"energy";"gas";10200;10566;"2019-06-11";"2019-07-01";"";"";"";"Dresden";"indelivery";2001;"2020-07-06"
26735;"energy";"gas";11100;11877;"2018-09-02";"2018-12-01";"2020-03-31";"2020-02-27";"fristgerecht durch Kunde";"Cologne";"terminated";2000;"2019-04-05"
26736;"energy";"electricity";2700;2924;"2020-09-23";"2021-03-01";"";"";"";"Berlin";"active";1001;"2020-09-23"
26737;"energy";"electricity";2400;2426;"2020-04-06";"2020-06-01";"";"";"";"Cologne";"indelivery";1000;"2020-06-28"
26738;"energy";"electricity";2500;2627;"2018-07-01";"2018-09-01";"";"";"";"Hannover";"indelivery";1000;"2020-07-16"
26739;"energy";"electricity";2400;2302;"2018-07-31";"2018-08-01";"";"";"";"Braunschweig";"indelivery";1000;"2020-06-21"
26740;"energy";"electricity";2600;2696;"2018-04-29";"2018-06-01";"";"";"";"Hamburg";"indelivery";1001;"2018-06-03"
26741;"energy";"electricity";2500;2660;"2019-12-04";"2020-05-01";"";"";"";"Dortmund";"indelivery";1001;"2020-03-18"
26742;"energy";"electricity";2300;2259;"2020-09-20";"2021-05-01";"";"";"";"Bremen";"active";1001;"2020-09-29"
26743;"energy";"electricity";2700;2614;"2019-02-16";"2019-06-01";"2019-06-01";"2019-10-03";"Wiederruf";"Hannover";"terminated";1002;"2019-07-10"
26744;"energy";"electricity";2000;2073;"2018-11-29";"2019-01-01";"2019-12-31";"2019-12-02";"fristgerecht durch Kunde";"Oldenburg";"terminated";1000;"2019-12-02"
26745;"energy";"gas";8000;8639;"2018-02-21";"2018-05-01";"2018-07-31";"2018-06-30";"fristgerecht durch Kunde";"Essen";"terminated";2000;"2018-06-30"
26746;"energy";"electricity";2200;2113;"2019-10-23";"2019-11-01";"";"";"";"Essen";"indelivery";1001;"2020-04-02"
26747;"energy";"electricity";2200;2368;"2019-10-05";"2019-12-01";"";"";"";"Holzminden";"indelivery";1001;"2020-04-04"
26748;"energy";"electricity";2300;2245;"2020-04-26";"2020-06-01";"";"";"";"Lübeck";"indelivery";1001;"2020-07-29"
26749;"energy";"electricity";2900;3171;"2019-09-25";"2020-04-01";"";"";"";"Berlin";"indelivery";1001;"2019-11-13"
26750;"energy";"electricity";2700;2651;"2018-05-26";"2019-04-01";"";"";"";"Frankenthal";"indelivery";1002;"2018-07-19"
26751;"energy";"gas";10700;10399;"2019-01-17";"2019-02-01";"";"";"";"Marienberg";"indelivery";2000;"2019-01-17"
26752;"energy";"electricity";2500;2453;"2019-09-10";"2019-12-01";"2020-12-31";"2020-12-01";"fristgerecht durch LichtBlick";"Lübeck";"cancelled";1002;"2019-10-07"
26753;"energy";"gas";10700;11597;"2018-12-01";"2019-05-01";"";"";"";"Dortmund";"indelivery";2001;"2020-02-28"
26754;"energy";"electricity";2000;1917;"2020-03-19";"2020-04-01";"2020-05-31";"2020-05-01";"fristgerecht durch Kunde";"Frankfurt";"terminated";1002;"2020-05-01"
26755;"energy";"electricity";2600;2548;"2018-03-21";"2018-06-01";"2019-12-31";"2019-12-02";"fristgerecht durch Kunde";"Düsseldorf";"terminated";1002;"2019-04-26"
26756;"energy";"electricity";2200;2101;"2018-03-21";"2018-04-01";"";"";"";"Frankfurt";"indelivery";1000;"2020-06-26"
26757;"energy";"electricity";2700;2649;"2019-03-04";"2019-08-01";"";"";"";"Flensburg";"indelivery";1002;"2019-12-08"
26758;"energy";"electricity";2200;2179;"2019-06-04";"2019-09-01";"";"";"";"Frankfurt";"indelivery";1001;"2019-07-16"
26759;"energy";"electricity";2000;2122;"2018-04-26";"2018-06-01";"2018-08-31";"2018-07-30";"Umzug";"Flensburg";"terminated";1001;"2018-07-30"
26760;"energy";"electricity";2200;2259;"2018-04-08";"2019-01-01";"";"";"";"Berlin";"indelivery";1002;"2020-01-25"
26761;"energy";"electricity";2400;"";"2018-09-15";"2019-05-01";"";"";"";"Dresden";"indelivery";1001;"2019-09-29"
26762;"energy";"electricity";2600;2618;"2018-02-13";"2018-07-01";"";"";"";"Altchemnitz";"indelivery";1002;"2020-05-28"
26763;"energy";"gas";11000;10457;"2019-10-20";"2019-11-01";"";"";"";"Coesfeld";"indelivery";2000;"2020-01-19"
26764;"energy";"electricity";2400;2494;"2018-08-30";"2018-09-01";"";"";"";"Berlin";"indelivery";1001;"2019-10-07"
26765;"energy";"electricity";2500;2427;"2018-05-24";"2018-07-01";"2020-10-31";"2020-09-28";"fristgerecht durch LichtBlick";"Jena";"cancelled";1002;"2019-12-09"
26766;"energy";"electricity";2800;"";"2019-05-14";"2019-07-01";"";"";"";"Cologne";"indelivery";1000;"2020-05-18"
26767;"energy";"electricity";2100;2189;"2018-09-17";"2018-12-01";"";"";"";"Hamburg";"indelivery";1001;"2019-07-26"
26768;"energy";"gas";8700;8338;"2019-07-05";"2020-09-01";"";"";"";"Hannover";"indelivery";2001;"2020-01-06"
26769;"energy";"electricity";2400;2426;"2020-06-04";"2020-12-01";"";"";"";"Saarbrücken";"active";1000;"2020-09-18"
26770;"energy";"electricity";2600;2547;"2018-10-28";"2019-10-01";"";"";"";"Lübeck";"indelivery";1002;"2020-02-12"
26771;"energy";"electricity";2200;2234;"2018-05-29";"2018-07-01";"2018-11-30";"2018-10-31";"fristgerecht durch Kunde";"Berlin";"terminated";1001;"2018-10-31"
26772;"energy";"electricity";2000;1935;"2019-05-16";"2019-07-01";"";"";"";"Cologne";"indelivery";1001;"2019-08-13"
26773;"energy";"electricity";2900;2796;"2020-02-26";"2020-08-01";"";"";"";"Essen";"indelivery";1001;"2020-03-12"
26774;"energy";"electricity";2600;2770;"2020-06-04";"2020-08-01";"";"";"";"Ulm";"indelivery";1002;"2020-09-11"
26775;"energy";"gas";10900;10957;"2018-09-24";"2019-02-01";"2019-04-30";"2019-04-02";"fristgerecht durch Kunde";"Cologne";"terminated";2001;"2019-04-02"
26776;"energy";"electricity";2300;2437;"2020-06-26";"2020-08-01";"";"";"";"Hamburg";"indelivery";1000;"2020-08-30"
26777;"energy";"electricity";2500;2537;"2019-12-17";"2020-10-01";"";"";"";"Berlin";"indelivery";1001;"2020-09-20"
26778;"energy";"electricity";2700;2816;"2020-04-04";"2020-06-01";"";"";"";"Düsseldorf";"indelivery";1002;"2020-05-23"
26779;"energy";"gas";11900;12532;"2019-04-12";"2020-01-01";"";"";"";"Dresden";"indelivery";2001;"2020-07-04"
26780;"energy";"electricity";2300;2226;"2019-08-02";"2019-10-01";"";"";"";"Bremen";"indelivery";1001;"2020-08-04"
26781;"energy";"electricity";2600;"";"2020-07-11";"2020-11-01";"";"";"";"Magdeburg";"active";1000;"2020-07-17"
26782;"energy";"electricity";2500;2477;"2019-05-31";"2019-09-01";"";"";"";"Hamburg";"indelivery";1001;"2020-02-08"
26783;"energy";"gas";11100;12011;"2019-08-04";"2019-10-01";"";"";"";"Essen";"indelivery";2000;"2020-08-22"
26784;"energy";"electricity";2700;2908;"2018-12-02";"2019-03-01";"";"";"";"Dortmund";"indelivery";1000;"2019-09-08"
26785;"energy";"gas";8600;8355;"2020-05-01";"2020-06-01";"";"";"";"Hagen";"indelivery";2001;"2020-08-03"
26786;"energy";"electricity";3000;"";"2020-04-01";"2020-08-01";"";"";"";"Wuppertal";"indelivery";1001;"2020-08-15"
26787;"energy";"electricity";2000;2043;"2018-08-18";"2019-01-01";"";"";"";"Munich";"indelivery";1000;"2020-03-21"
26788;"energy";"electricity";2500;2407;"2019-11-20";"2020-05-01";"";"";"";"Hamburg";"indelivery";1000;"2020-01-27"
26789;"energy";"electricity";2300;2491;"2020-07-26";"2021-09-01";"";"";"";"Berlin";"active";1002;"2020-08-03"
26790;"energy";"electricity";2600;2665;"2018-09-06";"2018-10-01";"";"";"";"Dortmund";"indelivery";1002;"2019-06-03"
26791;"energy";"electricity";2200;2384;"2020-06-08";"2020-12-01";"";"";"";"Koblenz";"active";1001;"2020-06-22"
26792;"energy";"electricity";2200;2216;"2018-03-06";"2018-06-01";"2019-10-31";"2019-10-03";"fristgerecht durch Kunde";"Berlin";"terminated";1002;"2018-08-14"
26793;"energy";"gas";10500;10605;"2020-04-19";"2020-06-01";"";"";"";"Sankt Wendel";"indelivery";2000;"2020-09-07"
26794;"energy";"electricity";2800;2927;"2019-08-30";"2019-10-01";"";"";"";"Stuttgart";"indelivery";1000;"2020-03-22"
26795;"energy";"electricity";2700;2907;"2019-02-27";"2019-03-01";"";"";"";"Karlsruhe";"indelivery";1002;"2020-06-03"
26796;"energy";"gas";11700;12316;"2020-03-25";"2020-05-01";"";"";"";"Altchemnitz";"indelivery";2001;"2020-06-26"
26797;"energy";"gas";10500;10625;"2019-07-21";"2020-01-01";"";"";"";"Warendorf";"indelivery";2001;"2020-07-17"
26798;"energy";"gas";9000;9057;"2018-11-29";"2018-12-01";"";"";"";"Hamburg";"indelivery";2001;"2019-05-30"
26799;"energy";"gas";9300;9972;"2018-09-05";"2018-10-01";"";"";"";"Berlin";"indelivery";2001;"2020-06-26"
26800;"energy";"electricity";2500;2497;"2019-06-23";"2019-08-01";"";"";"";"Cologne";"indelivery";1000;"2019-12-17"
26801;"energy";"gas";8700;8602;"2019-10-05";"2019-11-01";"";"";"";"Munich";"indelivery";2001;"2020-02-17"
26802;"energy";"electricity";2400;2588;"2019-01-21";"2019-05-01";"";"";"";"Berlin";"indelivery";1002;"2019-05-13"
26803;"energy";"electricity";2100;"";"2019-12-05";"2020-06-01";"";"";"";"Munich";"indelivery";1002;"2020-02-03"
26804;"energy";"electricity";2800;2860;"2019-02-05";"2019-06-01";"2019-12-31";"2019-12-03";"Umzug";"Essen";"terminated";1000;"2019-08-16"
26805;"energy";"gas";11700;12123;"2018-01-06";"2018-03-01";"";"";"";"Berlin";"indelivery";2000;"2018-12-27"
26806;"energy";"electricity";2700;2932;"2020-09-10";"2020-11-01";"";"";"";"Mannheim";"active";1000;"2020-09-25"
26807;"energy";"gas";11500;12339;"2019-10-18";"2020-07-01";"";"";"";"Braunschweig";"indelivery";2000;"2020-01-27"
26808;"energy";"electricity";2700;2794;"2019-11-30";"2020-01-01";"";"";"";"Altchemnitz";"indelivery";1001;"2020-04-22"
26809;"energy";"electricity";2900;"";"2020-02-19";"2020-04-01";"";"";"";"Leipzig";"indelivery";1000;"2020-08-08"
26810;"energy";"electricity";2500;2587;"2019-04-15";"2019-07-01";"";"";"";"Essen";"indelivery";1000;"2019-08-26"
26811;"energy";"electricity";2400;"";"2019-06-01";"2019-08-01";"";"";"";"Duisburg";"indelivery";1001;"2020-07-22"
26812;"energy";"gas";8500;9112;"2020-01-28";"2020-07-01";"";"";"";"Berlin";"indelivery";2000;"2020-04-04"
26813;"energy";"gas";9800;10103;"2018-11-08";"2019-04-01";"";"";"";"Hannover";"indelivery";2000;"2020-07-21"
26814;"energy";"electricity";2300;"";"2018-12-29";"2019-03-01";"2020-03-31";"2020-02-24";"fristgerecht durch LichtBlick";"Berlin";"terminated";1001;"2020-02-11"
26815;"energy";"electricity";2200;2358;"2020-05-12";"2020-07-01";"";"";"";"Münster";"indelivery";1002;"2020-08-28"
26816;"energy";"electricity";2700;2836;"2020-03-08";"2020-07-01";"";"";"";"Berlin";"indelivery";1002;"2020-04-26"
26817;"energy";"electricity";3000;3150;"2018-03-24";"2018-04-01";"2018-04-01";"2018-10-30";"Wiederruf";"Kassel";"terminated";1002;"2018-05-27"
26818;"energy";"electricity";2300;2355;"2018-06-03";"2018-07-01";"";"";"";"Köthen";"indelivery";1002;"2018-11-20"
26819;"energy";"electricity";2100;1976;"2018-11-16";"2018-12-01";"";"";"";"Berlin";"indelivery";1000;"2020-04-03"
26820;"energy";"electricity";2300;2419;"2020-01-12";"2020-10-01";"";"";"";"Dresden";"indelivery";1002;"2020-08-01"
26821;"energy";"electricity";2100;2085;"2019-12-03";"2020-03-01";"2020-03-01";"2020-10-03";"Wiederruf";"Kassel";"terminated";1002;"2020-05-29"
26822;"energy";"electricity";2700;2810;"2018-08-22";"2018-11-01";"";"";"";"Hannover";"indelivery";1000;"2019-05-18"
26823;"energy";"electricity";3000;2968;"2018-02-09";"2018-04-01";"2018-11-30";"2018-11-02";"fristgerecht durch Kunde";"Munich";"terminated";1002;"2018-11-02"
26824;"energy";"electricity";2000;"";"2018-12-24";"2019-02-01";"";"";"";"Emden";"indelivery";1002;"2019-04-07"
26825;"energy";"electricity";2600;2774;"2019-11-14";"2020-01-01";"";"";"";"Düsseldorf";"indelivery";1002;"2020-04-06"
26826;"energy";"electricity";3000;3155;"2019-11-18";"2020-02-01";"";"";"";"Karlsruhe";"indelivery";1002;"2020-07-23"
26827;"energy";"electricity";2700;2780;"2019-06-30";"2019-08-01";"2020-07-31";"2020-07-01";"fristgerecht durch Kunde";"Kiel";"terminated";1002;"2019-08-24"
26828;"energy";"electricity";2100;2269;"2018-11-18";"2019-05-01";"";"";"";"Gera";"indelivery";1001;"2019-04-18"
26829;"energy";"electricity";2500;2443;"2019-02-07";"2019-04-01";"";"";"";"Dortmund";"indelivery";1002;"2020-08-20"
26830;"energy";"electricity";2600;2489;"2020-01-04";"2020-04-01";"2020-10-31";"2020-09-24";"fristgerecht durch Kunde";"Essen";"cancelled";1002;"2020-07-05"
26831;"energy";"electricity";2100;2066;"2018-09-11";"2019-02-01";"";"";"";"Cologne";"indelivery";1001;"2020-09-21"
26832;"energy";"gas";10000;10565;"2018-03-27";"2019-03-01";"";"";"";"Berlin";"indelivery";2000;"2018-09-02"
26833;"energy";"electricity";2100;2149;"2018-10-22";"2019-03-01";"2019-11-30";"2019-11-02";"Umzug";"Dresden";"terminated";1001;"2019-11-02"
26834;"energy";"gas";10500;10500;"2019-10-18";"2020-01-01";"";"";"";"Cologne";"indelivery";2001;"2020-07-22"
26835;"energy";"electricity";2900;"";"2020-03-30";"2020-05-01";"";"";"";"Berlin";"indelivery";1002;"2020-06-07"
26836;"energy";"electricity";2200;2132;"2018-02-15";"2018-04-01";"2020-02-29";"2020-02-01";"Umzug";"Berlin";"terminated";1002;"2019-02-03"
26837;"energy";"electricity";2400;2339;"2018-11-14";"2019-03-01";"";"";"";"Gießen";"indelivery";1002;"2020-02-02"
26838;"energy";"electricity";2600;2576;"2019-05-03";"2019-07-01";"";"";"";"Leipzig";"indelivery";1000;"2020-06-29"
26839;"energy";"electricity";2700;2554;"2018-01-23";"2018-05-01";"2019-01-31";"2018-12-30";"fristgerecht durch LichtBlick";"Magdeburg";"terminated";1001;"2018-12-30"
26840;"energy";"electricity";2400;2248;"2018-05-14";"2018-08-01";"";"";"";"Hamburg";"indelivery";1000;"2020-07-25"
26841;"energy";"gas";11300;11525;"2020-06-01";"2020-07-01";"";"";"";"Münster";"indelivery";2001;"2020-08-04"
26842;"energy";"electricity";2900;3054;"2020-07-16";"2020-11-01";"";"";"";"Bielefeld";"active";1001;"2020-09-15"
26843;"energy";"electricity";2300;2249;"2020-02-08";"2020-06-01";"";"";"";"Hamburg";"indelivery";1000;"2020-09-03"
26844;"energy";"electricity";2400;2354;"2018-10-15";"2019-01-01";"";"";"";"Jena";"indelivery";1001;"2019-04-08"
26845;"energy";"electricity";2200;2143;"2020-01-20";"2020-06-01";"";"";"";"Saalfeld";"indelivery";1000;"2020-07-02"
26846;"energy";"electricity";2700;2935;"2018-10-05";"2019-10-01";"2020-07-31";"2020-07-02";"fristgerecht durch Kunde";"Wuppertal";"terminated";1000;"2020-07-02"
26847;"energy";"electricity";2500;2480;"2019-11-23";"2020-01-01";"";"";"";"Bremen";"indelivery";1000;"2020-03-16"
26848;"energy";"electricity";2200;2355;"2018-10-21";"2019-06-01";"2019-06-01";"2020-02-29";"Wiederruf";"Berlin";"terminated";1000;"2020-01-14"
26849;"energy";"electricity";2200;2152;"2019-03-22";"2020-01-01";"";"";"";"Hamburg";"indelivery";1002;"2020-06-27"
26850;"energy";"electricity";2000;1960;"2020-01-16";"2020-08-01";"";"";"";"Düsseldorf";"indelivery";1002;"2020-08-30"
26851;"energy";"electricity";2800;2981;"2019-10-09";"2019-11-01";"";"";"";"Düsseldorf";"indelivery";1001;"2020-06-24"
26852;"energy";"electricity";2300;2336;"2018-03-25";"2019-09-01";"";"";"";"Dresden";"indelivery";1001;"2020-04-20"
26853;"energy";"electricity";2200;2297;"2019-07-31";"2019-11-01";"";"";"";"Karlsruhe";"indelivery";1002;"2020-09-03"
26854;"energy";"electricity";2400;2338;"2018-11-06";"2019-03-01";"";"";"";"Berlin";"indelivery";1002;"2020-06-03"
26855;"energy";"electricity";2700;2815;"2019-06-22";"2019-07-01";"";"";"";"Munich";"indelivery";1000;"2020-01-01"
26856;"energy";"electricity";2000;2027;"2020-08-31";"2020-10-01";"";"";"";"Munich";"indelivery";1002;"2020-09-12"
26857;"energy";"electricity";2700;2895;"2020-01-01";"2020-04-01";"";"";"";"Hamburg";"indelivery";1000;"2020-03-20"
26858;"energy";"electricity";2700;2842;"2020-01-22";"2020-04-01";"";"";"";"Augsburg";"indelivery";1002;"2020-06-11"
26859;"energy";"electricity";2500;2683;"2019-11-20";"2019-12-01";"2020-06-30";"2020-06-01";"fristgerecht durch LichtBlick";"Ulm";"terminated";1001;"2020-02-22"
26860;"energy";"electricity";2500;2692;"2020-04-13";"2020-09-01";"";"";"";"Bonn";"indelivery";1001;"2020-05-10"
26861;"energy";"gas";11300;10904;"2019-01-22";"2019-02-01";"2019-02-01";"2019-11-02";"Wiederruf";"Duisburg";"terminated";2001;"2019-11-02"
26862;"energy";"electricity";2200;2315;"2018-08-31";"2019-05-01";"";"";"";"Wiesbaden";"indelivery";1002;"2019-08-09"
26863;"energy";"electricity";2800;2998;"2018-12-03";"2019-07-01";"";"";"";"Würzburg";"indelivery";1002;"2020-08-07"
26864;"energy";"electricity";2600;2712;"2020-08-11";"2021-04-01";"";"";"";"Frankfurt";"active";1002;"2020-08-22"
26865;"energy";"electricity";2600;2733;"2019-03-27";"2019-11-01";"";"";"";"Hamburg";"indelivery";1002;"2020-02-07"
26866;"energy";"electricity";2900;3100;"2019-09-19";"2020-01-01";"";"";"";"Dortmund";"indelivery";1001;"2019-12-16"
26867;"energy";"electricity";2300;2271;"2019-09-01";"2019-10-01";"2020-07-31";"2020-06-28";"fristgerecht durch Kunde";"Cologne";"terminated";1002;"2019-09-13"
26868;"energy";"electricity";2200;2080;"2020-08-03";"2021-03-01";"";"";"";"Duisburg";"active";1002;"2020-09-06"
26869;"energy";"electricity";2700;2831;"2018-02-19";"2019-01-01";"";"";"";"Mainz";"indelivery";1002;"2020-08-02"
26870;"energy";"electricity";2800;2794;"2020-08-22";"2021-03-01";"";"";"";"Munich";"active";1001;"2020-08-23"
26871;"energy";"electricity";2100;2032;"2018-11-23";"2019-02-01";"";"";"";"Cologne";"indelivery";1002;"2019-02-01"
26872;"energy";"electricity";2500;2647;"2018-11-15";"2019-02-01";"";"";"";"Leipzig";"indelivery";1002;"2019-03-08"
26873;"energy";"electricity";2600;2593;"2020-02-15";"2020-03-01";"";"";"";"Ingolstadt";"indelivery";1002;"2020-06-28"
26874;"energy";"electricity";1900;1824;"2020-03-24";"2020-05-01";"";"";"";"Hamburg";"indelivery";1002;"2020-05-31"
26875;"energy";"electricity";2400;2396;"2019-06-11";"2020-01-01";"";"";"";"Hannover";"indelivery";1000;"2019-12-08"
26876;"energy";"electricity";2800;"";"2018-12-26";"2019-04-01";"";"";"";"Karlsruhe";"indelivery";1001;"2020-06-08"
26877;"energy";"electricity";3100;3077;"2019-04-10";"2019-05-01";"";"";"";"Rathenow";"indelivery";1000;"2020-06-03"
26878;"energy";"electricity";2100;2181;"2019-12-06";"2020-04-01";"";"";"";"Marienberg";"indelivery";1001;"2020-06-18"
26879;"energy";"electricity";3000;3179;"2019-05-31";"2019-07-01";"";"";"";"Berlin";"indelivery";1000;"2020-09-20"
26880;"energy";"electricity";2500;2485;"2018-08-21";"2018-10-01";"";"";"";"Dortmund";"indelivery";1000;"2020-07-19"
26881;"energy";"electricity";2700;2686;"2018-09-08";"2018-10-01";"";"";"";"Hannover";"indelivery";1001;"2020-08-08"
26882;"energy";"gas";9700;9748;"2018-01-10";"2018-11-01";"";"";"";"Altchemnitz";"indelivery";2001;"2018-03-08"
26883;"energy";"electricity";2600;2479;"2019-08-10";"2020-03-01";"";"";"";"Bremen";"indelivery";1002;"2019-11-30"
26884;"energy";"electricity";2800;2963;"2019-05-28";"2019-07-01";"";"";"";"Ingolstadt";"indelivery";1001;"2020-07-13"
26885;"energy";"electricity";2100;2017;"2018-01-11";"2018-03-01";"2019-08-31";"2019-08-02";"Umzug";"Munich";"terminated";1000;"2019-05-29"
26886;"energy";"gas";10900;11311;"2018-12-22";"2019-06-01";"";"";"";"Berlin";"indelivery";2001;"2019-08-14"
26887;"energy";"electricity";2700;2800;"2020-03-06";"2020-11-01";"";"";"";"Rostock";"active";1000;"2020-08-23"
26888;"energy";"electricity";2500;2620;"2018-07-26";"2018-09-01";"";"";"";"Pfarrkirchen";"indelivery";1000;"2019-12-12"
26889;"energy";"electricity";2100;2081;"2019-10-18";"2020-09-01";"";"";"";"Berlin";"indelivery";1000;"2019-12-02"
26890;"energy";"gas";11500;12040;"2020-06-22";"2020-11-01";"";"";"";"Lübeck";"active";2000;"2020-07-18"
26891;"energy";"electricity";2600;2775;"2020-05-02";"2020-07-01";"";"";"";"Dresden";"indelivery";1001;"2020-09-15"
26892;"energy";"electricity";2800;2707;"2019-12-24";"2020-05-01";"";"";"";"Düsseldorf";"indelivery";1000;"2020-07-12"
26893;"energy";"gas";11400;12189;"2019-01-14";"2019-07-01";"2019-07-01";"2019-08-24";"Wiederruf";"Wuppertal";"terminated";2001;"2019-08-24"
26894;"energy";"electricity";2600;2747;"2018-07-17";"2018-12-01";"";"";"";"Hannover";"indelivery";1001;"2018-08-09"
26895;"energy";"electricity";2100;2002;"2019-02-03";"2019-05-01";"";"";"";"Hamburg";"indelivery";1002;"2020-03-18"
26896;"energy";"electricity";2900;2796;"2020-08-06";"2020-12-01";"";"";"";"Cochem";"active";1002;"2020-09-30"
26897;"energy";"electricity";2200;"";"2019-04-29";"2019-05-01";"2019-05-01";"2020-12-03";"Wiederruf";"Mannheim";"terminated";1001;"2020-08-25"
26898;"energy";"electricity";2800;3022;"2019-12-23";"2020-07-01";"";"";"";"Marienberg";"indelivery";1002;"2020-08-03"
26899;"energy";"electricity";2900;"";"2019-07-03";"2019-08-01";"";"";"";"Berlin";"indelivery";1002;"2020-07-12"
26900;"energy";"electricity";2400;2614;"2019-06-14";"2019-11-01";"";"";"";"Hamburg";"indelivery";1000;"2019-06-16"
26901;"energy";"electricity";2800;2895;"2018-07-29";"2018-09-01";"";"";"";"Munich";"indelivery";1000;"2019-03-10"
26902;"energy";"electricity";2600;2554;"2019-09-25";"2019-12-01";"";"";"";"Marienberg";"indelivery";1002;"2020-04-09"
26903;"energy";"electricity";2600;2646;"2019-06-06";"2019-10-01";"2020-11-30";"2020-10-29";"Umzug";"Düsseldorf";"cancelled";1000;"2020-03-23"
26904;"energy";"electricity";2600;2663;"2019-01-12";"2019-03-01";"2020-06-30";"2020-06-02";"Umzug";"Frankfurt";"terminated";1002;"2019-03-24"
26905;"energy";"electricity";2400;2613;"2019-05-28";"2019-09-01";"";"";"";"Berlin";"indelivery";1001;"2020-01-13"
26906;"energy";"electricity";2900;2891;"2018-10-26";"2019-03-01";"";"";"";"Aachen";"indelivery";1000;"2019-05-20"
26907;"energy";"electricity";2000;2034;"2020-01-09";"2020-04-01";"";"";"";"Hamburg";"indelivery";1001;"2020-03-02"
26908;"energy";"electricity";2700;2816;"2018-10-21";"2019-03-01";"2019-03-01";"2020-12-02";"Wiederruf";"Dresden";"terminated";1001;"2019-01-12"
26909;"energy";"electricity";2900;3012;"2020-07-10";"2021-03-01";"";"";"";"Osnabrück";"active";1000;"2020-07-30"
26910;"energy";"gas";7800;7437;"2018-04-04";"2018-08-01";"";"";"";"Berlin";"indelivery";2000;"2020-03-25"
26911;"energy";"gas";9400;9406;"2018-06-02";"2018-10-01";"";"";"";"Hamburg";"indelivery";2001;"2020-06-22"
26912;"energy";"electricity";2600;2504;"2018-03-25";"2018-06-01";"";"";"";"Berlin";"indelivery";1002;"2018-11-26"
26913;"energy";"electricity";2800;3047;"2019-10-05";"2020-02-01";"";"";"";"Emmendingen";"indelivery";1000;"2020-05-28"
26914;"energy";"electricity";2400;2588;"2018-07-21";"2019-06-01";"";"";"";"Frankfurt";"indelivery";1001;"2019-12-19"
26915;"energy";"electricity";2000;1988;"2019-09-16";"2020-03-01";"";"";"";"Dresden";"indelivery";1002;"2019-11-07"
26916;"energy";"gas";9900;10492;"2020-06-08";"2020-08-01";"";"";"";"Hamburg";"indelivery";2000;"2020-06-26"
26917;"energy";"electricity";2100;2222;"2018-10-25";"2018-12-01";"2020-09-30";"2020-08-29";"fristgerecht durch LichtBlick";"Leipzig";"terminated";1001;"2020-03-28"
26918;"energy";"gas";9200;9076;"2019-07-27";"2019-10-01";"";"";"";"Koblenz";"indelivery";2001;"2019-08-09"
26919;"energy";"electricity";2200;2198;"2018-10-25";"2019-04-01";"2019-10-31";"2019-10-01";"fristgerecht durch LichtBlick";"Gera";"terminated";1000;"2019-10-01"
26920;"energy";"electricity";2200;2232;"2020-04-10";"2020-06-01";"";"";"";"Rostock";"indelivery";1001;"2020-06-05"
26921;"energy";"electricity";1900;1972;"2018-06-01";"2019-07-01";"";"";"";"Berlin";"indelivery";1001;"2019-01-09"
26922;"energy";"electricity";2900;2984;"2018-09-14";"2018-10-01";"";"";"";"Gera";"indelivery";1002;"2019-10-21"
26923;"energy";"gas";10000;10255;"2020-08-28";"2020-09-01";"";"";"";"Wuppertal";"indelivery";2000;"2020-09-22"
26924;"energy";"gas";11100;"";"2019-05-13";"2019-12-01";"2020-11-30";"2020-11-01";"fristgerecht durch Kunde";"Dortmund";"cancelled";2001;"2019-12-30"
26925;"energy";"electricity";2800;2927;"2020-05-14";"2020-09-01";"";"";"";"Hamburg";"indelivery";1001;"2020-08-02"
26926;"energy";"electricity";2400;2430;"2018-10-20";"2019-07-01";"";"";"";"Munich";"indelivery";1000;"2020-05-26"
26927;"energy";"electricity";2800;2966;"2020-09-12";"2021-08-01";"";"";"";"Holzminden";"active";1001;"2020-09-20"
26928;"energy";"electricity";2800;2801;"2018-11-01";"2019-10-01";"";"";"";"Hamburg";"indelivery";1000;"2019-12-07"
26929;"energy";"electricity";2000;2068;"2019-12-09";"2020-02-01";"";"";"";"Hannover";"indelivery";1002;"2020-08-01"
26930;"energy";"electricity";2500;2454;"2020-06-04";"2020-08-01";"";"";"";"Munich";"indelivery";1002;"2020-09-09"
26931;"energy";"electricity";2700;2785;"2019-03-27";"2019-07-01";"";"";"";"Bielefeld";"indelivery";1000;"2019-10-24"
26932;"energy";"electricity";2000;1993;"2020-06-07";"2021-04-01";"";"";"";"Berlin";"active";1001;"2020-07-11"
26933;"energy";"electricity";3000;3180;"2020-02-17";"2020-04-01";"";"";"";"Leipzig";"indelivery";1002;"2020-08-21"
26934;"energy";"electricity";2200;2323;"2020-03-07";"2020-04-01";"2020-07-31";"2020-06-29";"Umzug";"Hamburg";"terminated";1002;"2020-06-29"
26935;"energy";"electricity";2900;3168;"2019-06-05";"2019-08-01";"2020-12-31";"2020-12-03";"Umzug";"Wuppertal";"cancelled";1000;"2020-05-17"
26936;"energy";"electricity";2400;2341;"2019-10-24";"2020-01-01";"2020-10-31";"2020-10-03";"Umzug";"Munich";"cancelled";1002;"2020-08-17"
26937;"energy";"electricity";2500;2638;"2018-10-10";"2018-12-01";"2018-12-01";"2019-02-15";"Wiederruf";"Würzburg";"terminated";1000;"2019-02-10"
26938;"energy";"electricity";2100;2128;"2018-04-03";"2018-07-01";"2019-08-31";"2019-08-02";"Umzug";"Saarbrücken";"terminated";1002;"2019-01-28"
26939;"energy";"electricity";2400;2509;"2020-08-13";"2020-11-01";"";"";"";"Essen";"active";1001;"2020-08-23"
26940;"energy";"electricity";2600;2748;"2018-03-28";"2018-10-01";"2018-10-01";"2019-02-28";"Wiederruf";"Düsseldorf";"terminated";1000;"2019-02-28"
26941;"energy";"electricity";2300;2441;"2020-05-04";"2020-07-01";"";"";"";"Saalfeld";"indelivery";1000;"2020-08-25"
26942;"energy";"electricity";2800;2630;"2018-11-05";"2019-01-01";"";"";"";"Oldenburg";"indelivery";1002;"2019-12-23"
26943;"energy";"electricity";2300;2331;"2019-03-04";"2019-10-01";"";"";"";"Coburg";"indelivery";1000;"2019-12-04"
26944;"energy";"electricity";2800;2960;"2018-10-11";"2018-11-01";"";"";"";"Frankfurt";"indelivery";1000;"2019-07-18"
26945;"energy";"gas";10300;10272;"2018-08-09";"2018-10-01";"";"";"";"Cologne";"indelivery";2001;"2019-08-12"
26946;"energy";"electricity";2200;"";"2019-12-12";"2020-01-01";"";"";"";"Berlin";"indelivery";1000;"2020-01-07"
26947;"energy";"electricity";2500;2690;"2019-01-18";"2019-05-01";"";"";"";"Bonn";"indelivery";1000;"2020-04-16"
26948;"energy";"electricity";2800;2832;"2019-11-07";"2021-01-01";"";"";"";"Kiel";"active";1001;"2020-07-15"
26949;"energy";"electricity";3000;2886;"2019-08-13";"2019-10-01";"";"";"";"Rastatt";"indelivery";1002;"2020-01-23"
26950;"energy";"electricity";2700;2851;"2020-07-25";"2020-12-01";"";"";"";"Hannover";"active";1002;"2020-08-19"
26951;"energy";"electricity";2500;2620;"2019-03-06";"2019-04-01";"2019-12-31";"2019-12-01";"fristgerecht durch Kunde";"Berlin";"terminated";1002;"2019-08-24"
26952;"energy";"gas";11000;11249;"2019-07-26";"2019-08-01";"";"";"";"Münster";"indelivery";2000;"2020-04-23"
26953;"energy";"electricity";2600;2495;"2019-04-18";"2019-10-01";"";"";"";"Berlin";"indelivery";1002;"2019-05-25"
26954;"energy";"electricity";2100;2107;"2018-09-14";"2018-10-01";"";"";"";"Dresden";"indelivery";1002;"2019-06-10"
26955;"energy";"electricity";2400;"";"2018-09-07";"2018-12-01";"2020-06-30";"2020-06-02";"fristgerecht durch Kunde";"Leipzig";"terminated";1000;"2020-01-12"
26956;"energy";"electricity";2300;2261;"2020-08-19";"2020-12-01";"";"";"";"Osnabrück";"active";1001;"2020-09-22"
26957;"energy";"electricity";2100;2123;"2018-01-19";"2018-05-01";"";"";"";"Mainz";"indelivery";1000;"2019-06-19"
26958;"energy";"electricity";2700;"";"2018-12-18";"2019-08-01";"";"";"";"Berlin";"indelivery";1000;"2019-10-04"
26959;"energy";"electricity";3000;2910;"2020-03-30";"2020-08-01";"";"";"";"Bremen";"indelivery";1000;"2020-06-17"
26960;"energy";"electricity";2800;2646;"2019-08-15";"2020-02-01";"2020-09-30";"2020-09-02";"fristgerecht durch Kunde";"Munich";"terminated";1002;"2020-07-19"
26961;"energy";"electricity";2200;2128;"2019-03-11";"2019-06-01";"";"";"";"Erfurt";"indelivery";1002;"2020-09-06"
26962;"energy";"electricity";2700;2762;"2019-07-19";"2020-01-01";"";"";"";"Dresden";"indelivery";1001;"2020-03-13"
26963;"energy";"electricity";2600;2503;"2018-02-26";"2018-04-01";"2018-08-31";"2018-08-01";"fristgerecht durch LichtBlick";"Mainz";"terminated";1002;"2018-08-01"
26964;"energy";"electricity";2200;2309;"2019-04-15";"2019-05-01";"";"";"";"Munich";"indelivery";1000;"2020-02-08"
26965;"energy";"gas";11300;11972;"2019-04-13";"2019-06-01";"";"";"";"Augsburg";"indelivery";2000;"2019-05-17"
26966;"energy";"electricity";2900;2962;"2018-10-11";"2018-12-01";"";"";"";"Bielefeld";"indelivery";1000;"2018-10-20"
26967;"energy";"electricity";2200;2148;"2018-11-04";"2019-05-01";"";"";"";"Coesfeld";"indelivery";1000;"2020-01-09"
26968;"energy";"electricity";2900;3037;"2019-02-18";"2019-06-01";"";"";"";"Berlin";"indelivery";1002;"2020-07-08"
26969;"energy";"gas";8500;"";"2019-04-24";"2019-07-01";"";"";"";"Munich";"indelivery";2000;"2019-07-01"
26970;"energy";"electricity";2600;2726;"2020-01-20";"2020-11-01";"";"";"";"Leipzig";"active";1002;"2020-03-11"
26971;"energy";"electricity";2600;2502;"2018-01-09";"2018-02-01";"2018-10-31";"2018-09-29";"fristgerecht durch Kunde";"Berlin";"terminated";1002;"2018-06-05"
26972;"energy";"electricity";2900;"";"2019-12-01";"2020-01-01";"";"";"";"Frankfurt";"indelivery";1000;"2020-09-26"
26973;"energy";"electricity";2400;2441;"2019-10-30";"2020-05-01";"";"";"";"Braunschweig";"indelivery";1002;"2020-06-05"
26974;"energy";"electricity";2600;2723;"2020-05-01";"2020-05-01";"";"";"";"Munich";"indelivery";1001;"2020-07-25"
26975;"energy";"electricity";2000;1895;"2018-05-19";"2018-10-01";"";"";"";"Munich";"indelivery";1000;"2019-01-21"
26976;"energy";"electricity";2600;2559;"2019-05-03";"2019-07-01";"2019-12-31";"2019-11-27";"Umzug";"Oldenburg";"terminated";1001;"2019-11-27"
26977;"energy";"electricity";2300;2387;"2018-02-24";"2018-03-01";"";"";"";"Berlin";"indelivery";1000;"2019-08-16"
26978;"energy";"electricity";2200;2096;"2019-01-18";"2019-02-01";"";"";"";"Münster";"indelivery";1002;"2020-09-07"
26979;"energy";"gas";11800;11199;"2020-07-24";"2020-09-01";"";"";"";"Flensburg";"indelivery";2001;"2020-09-08"
26980;"energy";"electricity";2200;2305;"2019-04-18";"2019-06-01";"";"";"";"Dortmund";"indelivery";1002;"2020-03-31"
26981;"energy";"electricity";1900;2034;"2018-11-30";"2019-03-01";"";"";"";"Cologne";"indelivery";1000;"2019-03-17"
26982;"energy";"electricity";2900;3084;"2018-07-05";"2019-07-01";"";"";"";"Magdeburg";"indelivery";1002;"2019-05-15"
26983;"energy";"electricity";2400;2515;"2018-01-12";"2018-09-01";"";"";"";"Osnabrück";"indelivery";1001;"2020-09-22"
26984;"energy";"electricity";2700;2709;"2019-03-20";"2020-05-01";"";"";"";"Berlin";"indelivery";1000;"2020-05-24"
26985;"energy";"electricity";2700;2767;"2019-09-07";"2020-01-01";"";"";"";"Karlsruhe";"indelivery";1002;"2020-01-06"
26986;"energy";"electricity";2600;2551;"2018-02-09";"2018-11-01";"";"";"";"Hannover";"indelivery";1002;"2019-08-01"
26987;"energy";"electricity";2500;2645;"2018-05-21";"2018-09-01";"";"";"";"Mönchengladbach";"indelivery";1001;"2018-09-13"
26988;"energy";"electricity";2100;2161;"2018-07-05";"2018-11-01";"";"";"";"Cologne";"indelivery";1002;"2020-03-28"
26989;"energy";"gas";8000;8548;"2020-05-27";"2020-09-01";"";"";"";"Dortmund";"indelivery";2000;"2020-09-20"
26990;"energy";"electricity";3000;3085;"2018-06-30";"2018-07-01";"";"";"";"Tuttlingen";"indelivery";1000;"2019-05-27"
26991;"energy";"gas";9300;9242;"2020-02-28";"2020-05-01";"";"";"";"Osnabrück";"indelivery";2000;"2020-04-04"
26992;"energy";"electricity";2500;2598;"2018-12-19";"2019-02-01";"2020-11-30";"2020-11-01";"fristgerecht durch LichtBlick";"Ingolstadt";"cancelled";1001;"2019-08-05"
26993;"energy";"electricity";2000;1996;"2020-05-16";"2020-08-01";"";"";"";"Marienberg";"indelivery";1002;"2020-09-27"
26994;"energy";"electricity";2200;2273;"2020-06-14";"2020-12-01";"";"";"";"Cologne";"active";1002;"2020-09-02"
26995;"energy";"electricity";2300;2305;"2019-04-27";"2019-07-01";"2019-09-30";"2019-08-30";"fristgerecht durch LichtBlick";"Dortmund";"terminated";1001;"2019-08-30"
26996;"energy";"electricity";2200;2173;"2019-04-21";"2019-07-01";"";"";"";"Stuttgart";"indelivery";1001;"2020-04-22"
26997;"energy";"electricity";2300;2330;"2019-02-25";"2019-04-01";"2019-07-31";"2019-07-02";"fristgerecht durch LichtBlick";"Weiden";"terminated";1002;"2019-05-19"
26998;"energy";"electricity";2500;2627;"2019-12-20";"2020-03-01";"";"";"";"Saarbrücken";"indelivery";1002;"2019-12-22"
26999;"energy";"electricity";2500;2622;"2019-08-08";"2020-01-01";"";"";"";"Fürth";"indelivery";1001;"2020-07-25"
27000;"energy";"gas";11500;11216;"2020-08-11";"2020-10-01";"";"";"";"Braunschweig";"indelivery";2001;"2020-08-22"
27001;"energy";"electricity";2100;2122;"2019-09-25";"2019-12-01";"";"";"";"Ingolstadt";"indelivery";1000;"2019-11-17"
27002;"energy";"electricity";2200;2345;"2019-09-08";"2020-06-01";"";"";"";"Lübeck";"indelivery";1001;"2020-06-04"
27003;"energy";"electricity";2700;2737;"2018-02-18";"2018-08-01";"2018-08-01";"2019-01-30";"Wiederruf";"Duisburg";"terminated";1000;"2019-01-30"
27004;"energy";"gas";10800;10289;"2019-04-11";"2019-08-01";"";"";"";"Munich";"indelivery";2000;"2020-02-01"
27005;"energy";"electricity";2600;2796;"2020-03-22";"2020-06-01";"";"";"";"Dresden";"indelivery";1002;"2020-06-09"
27006;"energy";"electricity";2200;2153;"2020-05-07";"2020-09-01";"";"";"";"Berlin";"indelivery";1000;"2020-06-11"
27007;"energy";"electricity";2600;2557;"2020-07-12";"2021-06-01";"";"";"";"Berlin";"active";1002;"2020-09-29"
27008;"energy";"electricity";2600;2575;"2019-01-30";"2019-05-01";"";"";"";"Dortmund";"indelivery";1000;"2019-02-01"
27009;"energy";"electricity";2800;2664;"2018-01-24";"2018-03-01";"2019-04-30";"2019-04-01";"fristgerecht durch LichtBlick";"Cologne";"terminated";1002;"2018-10-18"
27010;"energy";"electricity";2900;2866;"2019-06-17";"2020-01-01";"";"";"";"Marienberg";"indelivery";1000;"2020-06-23"
27011;"energy";"electricity";2100;2084;"2019-12-11";"2020-10-01";"";"";"";"Wuppertal";"indelivery";1002;"2020-08-04"
27012;"energy";"electricity";3000;3224;"2018-06-14";"2018-10-01";"";"";"";"Limburg";"indelivery";1002;"2019-06-25"
27013;"energy";"electricity";2400;2622;"2018-03-06";"2019-01-01";"";"";"";"Berlin";"indelivery";1001;"2020-09-12"
27014;"energy";"electricity";2100;2246;"2018-05-17";"2018-09-01";"2020-08-31";"2020-08-02";"Umzug";"Regensburg";"terminated";1002;"2018-11-03"
27015;"energy";"electricity";2900;2774;"2018-03-04";"2018-09-01";"";"";"";"Karlsruhe";"indelivery";1002;"2018-04-24"
27016;"energy";"electricity";2600;2595;"2018-11-21";"2019-04-01";"2020-03-31";"2020-02-27";"Umzug";"Magdeburg";"terminated";1000;"2019-07-31"
27017;"energy";"electricity";2100;2253;"2020-04-04";"2020-05-01";"";"";"";"Regensburg";"indelivery";1001;"2020-06-18"
27018;"energy";"gas";11400;11768;"2018-01-04";"2018-09-01";"";"";"";"Ingolstadt";"indelivery";2000;"2018-06-01"
27019;"energy";"electricity";2500;2528;"2018-04-07";"2018-08-01";"";"";"";"Mannheim";"indelivery";1000;"2019-02-25"
27020;"energy";"electricity";2800;2959;"2018-10-15";"2018-11-01";"";"";"";"Dresden";"indelivery";1001;"2020-05-13"
27021;"energy";"electricity";3000;3036;"2019-09-29";"2020-04-01";"";"";"";"Mannheim";"indelivery";1001;"2020-01-30"
27022;"energy";"electricity";2100;2026;"2018-06-30";"2018-09-01";"2018-09-01";"2019-01-28";"Wiederruf";"Berlin";"terminated";1000;"2018-10-21"
27023;"energy";"electricity";2400;2306;"2019-02-27";"2019-09-01";"";"";"";"Wuppertal";"indelivery";1002;"2019-07-30"
27024;"energy";"electricity";2700;2823;"2018-05-06";"2018-12-01";"";"";"";"Osnabrück";"indelivery";1001;"2019-05-29"
27025;"energy";"electricity";2100;2172;"2019-03-17";"2019-05-01";"";"";"";"Essen";"indelivery";1001;"2019-06-21"
27026;"energy";"electricity";2200;2207;"2019-12-18";"2020-02-01";"";"";"";"Duisburg";"indelivery";1001;"2020-08-16"
27027;"energy";"electricity";2100;2147;"2018-11-29";"2019-04-01";"";"";"";"Berlin";"indelivery";1002;"2020-08-02"
27028;"energy";"electricity";2200;2361;"2018-10-10";"2019-05-01";"";"";"";"Berlin";"indelivery";1000;"2019-05-28"
27029;"energy";"electricity";2400;2603;"2018-06-18";"2019-05-01";"";"";"";"Hamburg";"indelivery";1002;"2020-01-27"
27030;"energy";"electricity";2300;2406;"2018-04-02";"2018-07-01";"2019-12-31";"2019-11-28";"Umzug";"Cologne";"terminated";1000;"2018-10-30"
27031;"energy";"electricity";2800;3004;"2018-06-01";"2018-12-01";"";"";"";"Mannheim";"indelivery";1001;"2018-12-16"
27032;"energy";"electricity";2800;2860;"2020-01-11";"2020-02-01";"";"";"";"Kiel";"indelivery";1001;"2020-01-24"
27033;"energy";"gas";10300;"";"2018-10-19";"2018-12-01";"";"";"";"Essen";"indelivery";2000;"2018-10-26"
27034;"energy";"gas";8800;9115;"2018-06-13";"2018-08-01";"2019-04-30";"2019-04-01";"fristgerecht durch Kunde";"Schwäbisch Hall";"terminated";2000;"2018-12-13"
27035;"energy";"electricity";2800;2650;"2019-10-10";"2019-11-01";"";"";"";"Kiel";"indelivery";1001;"2020-02-26"
27036;"energy";"electricity";2500;2728;"2020-01-19";"2020-02-01";"";"";"";"Berlin";"indelivery";1000;"2020-03-19"
27037;"energy";"electricity";2000;2125;"2018-08-21";"2019-02-01";"";"";"";"Berlin";"indelivery";1001;"2019-07-04"
27038;"energy";"electricity";2300;2453;"2019-08-17";"2020-02-01";"";"";"";"Munich";"indelivery";1001;"2020-08-16"
27039;"energy";"electricity";3000;3008;"2018-05-28";"2018-07-01";"";"";"";"Essen";"indelivery";1001;"2018-09-19"
27040;"energy";"electricity";3000;3182;"2019-11-08";"2020-10-01";"";"";"";"Berlin";"indelivery";1002;"2019-11-20"
27041;"energy";"electricity";2500;2611;"2019-10-07";"2020-06-01";"2020-06-01";"2020-09-02";"Wiederruf";"Rostock";"terminated";1002;"2020-03-02"
27042;"energy";"electricity";2700;2523;"2019-08-08";"2019-09-01";"";"";"";"Karlsruhe";"indelivery";1000;"2020-02-19"
27043;"energy";"electricity";2100;2251;"2020-08-28";"2020-10-01";"";"";"";"Frankfurt";"indelivery";1001;"2020-08-31"
27044;"energy";"electricity";2200;2104;"2020-05-02";"2020-07-01";"";"";"";"Altötting";"indelivery";1002;"2020-05-25"
27045;"energy";"gas";9500;9710;"2018-10-28";"2019-01-01";"";"";"";"Berlin";"indelivery";2001;"2019-12-14"
27046;"energy";"electricity";2100;2153;"2020-07-11";"2020-09-01";"";"";"";"Erding";"indelivery";1000;"2020-08-05"
27047;"energy";"gas";11700;12282;"2019-05-08";"2019-07-01";"";"";"";"Hof";"indelivery";2000;"2020-04-03"
27048;"energy";"electricity";2800;2708;"2020-09-20";"2020-10-01";"";"";"";"Cologne";"indelivery";1002;"2020-09-24"
27049;"energy";"electricity";3000;2906;"2019-04-28";"2019-12-01";"";"";"";"Leipzig";"indelivery";1000;"2020-08-03"
27050;"energy";"electricity";2400;2537;"2018-09-01";"2018-10-01";"2019-04-30";"2019-03-22";"Umzug";"Hamburg";"terminated";1001;"2018-09-13"
27051;"energy";"electricity";2600;2772;"2018-08-24";"2018-11-01";"";"";"";"Cologne";"indelivery";1001;"2020-07-29"
27052;"energy";"electricity";2600;2787;"2019-01-14";"2019-03-01";"";"";"";"Berlin";"indelivery";1001;"2019-12-21"
27053;"energy";"gas";8400;8183;"2019-06-08";"2019-07-01";"";"";"";"Berlin";"indelivery";2001;"2020-06-24"
27054;"energy";"electricity";2300;2464;"2018-12-21";"2019-02-01";"";"";"";"Augsburg";"indelivery";1000;"2019-04-15"
27055;"energy";"electricity";2600;2760;"2019-09-01";"2019-12-01";"";"";"";"Dresden";"indelivery";1000;"2020-08-31"
27056;"energy";"electricity";2300;2192;"2019-06-26";"2019-09-01";"";"";"";"Göttingen";"indelivery";1001;"2020-02-14"
27057;"energy";"electricity";2100;2288;"2020-05-03";"2021-02-01";"";"";"";"Wuppertal";"active";1000;"2020-06-25"
27058;"energy";"electricity";2300;2405;"2020-08-26";"2020-12-01";"";"";"";"Frankfurt";"active";1001;"2020-09-03"
27059;"energy";"electricity";2000;2028;"2020-03-25";"2020-05-01";"";"";"";"Dortmund";"indelivery";1002;"2020-06-28"
27060;"energy";"electricity";2600;2674;"2020-02-22";"2021-03-01";"";"";"";"Berlin";"active";1002;"2020-03-24"
27061;"energy";"electricity";2800;2757;"2019-07-31";"2019-09-01";"";"";"";"Würzburg";"indelivery";1001;"2020-09-08"
27062;"energy";"electricity";2300;2308;"2020-02-19";"2020-03-01";"";"";"";"Duisburg";"indelivery";1000;"2020-08-13"
27063;"energy";"gas";11300;11805;"2019-05-02";"2019-07-01";"";"";"";"Munich";"indelivery";2001;"2020-06-29"
27064;"energy";"electricity";2400;2485;"2019-01-08";"2020-01-01";"2020-02-29";"2020-01-27";"Umzug";"Dortmund";"terminated";1002;"2019-08-30"
27065;"energy";"electricity";2400;2400;"2019-04-15";"2019-06-01";"";"";"";"Koblenz";"indelivery";1001;"2020-03-27"
27066;"energy";"electricity";2600;2628;"2018-06-08";"2019-04-01";"2019-08-31";"2019-08-01";"fristgerecht durch LichtBlick";"Hamburg";"terminated";1002;"2019-08-01"
27067;"energy";"gas";11700;12199;"2018-08-07";"2018-09-01";"";"";"";"Osnabrück";"indelivery";2001;"2018-12-16"
27068;"energy";"electricity";2200;2201;"2018-12-26";"2019-01-01";"";"";"";"Berlin";"indelivery";1001;"2019-08-24"
27069;"energy";"electricity";2700;2734;"2019-12-14";"2020-11-01";"";"";"";"Essen";"active";1000;"2020-04-05"
27070;"energy";"electricity";2200;2298;"2018-11-24";"2019-09-01";"";"";"";"Mannheim";"indelivery";1002;"2019-06-30"
27071;"energy";"electricity";2400;2576;"2018-05-05";"2019-03-01";"2019-12-31";"2019-12-03";"fristgerecht durch Kunde";"Stuttgart";"terminated";1000;"2019-08-21"
27072;"energy";"electricity";2000;2154;"2020-03-29";"2020-06-01";"";"";"";"Duisburg";"indelivery";1001;"2020-08-16"
27073;"energy";"electricity";2000;2164;"2019-09-29";"2020-05-01";"";"";"";"Marienberg";"indelivery";1000;"2020-04-14"
27074;"energy";"electricity";2600;2665;"2018-06-09";"2018-08-01";"";"";"";"Hannover";"indelivery";1002;"2019-11-12"
27075;"energy";"gas";10800;10930;"2020-02-04";"2021-06-01";"";"";"";"Münster";"active";2000;"2020-05-01"
27076;"energy";"electricity";2000;1910;"2019-04-23";"2019-08-01";"";"";"";"Berlin";"indelivery";1000;"2020-06-04"
27077;"energy";"electricity";2400;2600;"2019-04-23";"2019-08-01";"";"";"";"Kassel";"indelivery";1002;"2019-09-09"
27078;"energy";"electricity";2400;2462;"2019-07-24";"2019-12-01";"";"";"";"Düsseldorf";"indelivery";1000;"2020-09-01"
27079;"energy";"electricity";2300;2243;"2019-10-10";"2019-12-01";"";"";"";"Wuppertal";"indelivery";1000;"2019-12-27"
27080;"energy";"electricity";3100;3292;"2019-01-21";"2019-07-01";"";"";"";"Neuwied";"indelivery";1002;"2020-04-18"
27081;"energy";"electricity";2200;2152;"2018-05-25";"2018-07-01";"";"";"";"Dortmund";"indelivery";1000;"2018-10-04"
27082;"energy";"electricity";1900;1915;"2019-02-01";"2019-08-01";"";"";"";"Cologne";"indelivery";1002;"2020-09-11"
27083;"energy";"electricity";2000;2119;"2019-07-07";"2019-11-01";"";"";"";"Berlin";"indelivery";1002;"2020-04-21"
27084;"energy";"electricity";2100;2195;"2018-12-24";"2019-08-01";"2020-08-31";"2020-08-02";"fristgerecht durch LichtBlick";"Cologne";"terminated";1002;"2019-02-20"
27085;"energy";"electricity";2100;2082;"2019-08-13";"2019-09-01";"2020-07-31";"2020-06-29";"fristgerecht durch LichtBlick";"Munich";"terminated";1000;"2020-04-06"
27086;"energy";"electricity";1900;1946;"2019-10-11";"2020-07-01";"";"";"";"Berlin";"indelivery";1002;"2020-09-15"
27087;"energy";"electricity";2000;2043;"2019-09-21";"2019-12-01";"";"";"";"Cologne";"indelivery";1001;"2019-12-07"
27088;"energy";"electricity";2700;2742;"2020-06-28";"2020-07-01";"";"";"";"Munich";"indelivery";1001;"2020-07-13"
27089;"energy";"electricity";2400;2384;"2018-12-19";"2019-08-01";"";"";"";"Berlin";"indelivery";1000;"2020-04-13"
27090;"energy";"electricity";2400;2435;"2018-10-25";"2019-04-01";"";"";"";"Berlin";"indelivery";1000;"2019-02-18"
27091;"energy";"gas";8300;8425;"2020-06-09";"2020-08-01";"";"";"";"Hamburg";"indelivery";2001;"2020-07-23"
27092;"energy";"electricity";2300;2227;"2018-12-21";"2019-01-01";"2019-09-30";"2019-08-31";"fristgerecht durch Kunde";"Göttingen";"terminated";1001;"2019-08-31"
27093;"energy";"electricity";2200;2319;"2019-11-25";"2020-04-01";"";"";"";"Wiesbaden";"indelivery";1000;"2020-09-22"
27094;"energy";"electricity";2600;2698;"2018-02-17";"2018-10-01";"";"";"";"Hamburg";"indelivery";1001;"2019-05-09"
27095;"energy";"electricity";2700;2881;"2018-05-07";"2019-04-01";"";"";"";"Heidelberg";"indelivery";1001;"2019-07-25"
27096;"energy";"electricity";2100;2194;"2018-04-19";"2018-07-01";"";"";"";"Marienberg";"indelivery";1001;"2019-10-25"
27097;"energy";"electricity";2000;2189;"2020-07-25";"2020-11-01";"";"";"";"Düsseldorf";"active";1000;"2020-07-28"
27098;"energy";"electricity";2400;2467;"2020-04-03";"2020-09-01";"";"";"";"Gera";"indelivery";1001;"2020-07-22"
27099;"energy";"electricity";2300;2302;"2019-09-09";"2019-10-01";"";"";"";"Essen";"indelivery";1001;"2019-12-27"
27100;"energy";"electricity";2600;"";"2020-08-06";"2021-06-01";"";"";"";"Mannheim";"active";1002;"2020-08-31"
27101;"energy";"electricity";2500;2392;"2019-07-26";"2020-02-01";"";"";"";"Hamburg";"indelivery";1001;"2020-05-10"
27102;"energy";"electricity";2600;2579;"2018-04-07";"2018-08-01";"";"";"";"Berlin";"indelivery";1001;"2018-05-12"
27103;"energy";"electricity";2500;2501;"2019-03-19";"2020-02-01";"";"";"";"Aachen";"indelivery";1000;"2019-12-03"
27104;"energy";"electricity";2800;2739;"2020-04-15";"2020-12-01";"";"";"";"Munich";"active";1000;"2020-05-30"
27105;"energy";"electricity";2800;2754;"2020-07-14";"2020-08-01";"";"";"";"Duisburg";"indelivery";1000;"2020-09-27"
27106;"energy";"electricity";2800;2809;"2018-08-21";"2019-01-01";"";"";"";"Stuttgart";"indelivery";1002;"2018-10-31"
27107;"energy";"electricity";2800;2757;"2018-06-09";"2018-08-01";"";"";"";"Bielefeld";"indelivery";1002;"2019-01-04"
27108;"energy";"electricity";2300;2349;"2018-02-01";"2018-04-01";"2020-11-30";"2020-11-02";"fristgerecht durch LichtBlick";"Gera";"cancelled";1001;"2018-04-03"
27109;"energy";"electricity";2000;1924;"2019-06-15";"2019-10-01";"";"";"";"Münster";"indelivery";1001;"2020-08-15"
27110;"energy";"electricity";2300;"";"2018-01-31";"2018-07-01";"";"";"";"Berlin";"indelivery";1001;"2019-05-21"
27111;"energy";"gas";12100;12871;"2020-03-29";"2020-07-01";"";"";"";"Nordhorn";"indelivery";2000;"2020-07-15"
27112;"energy";"electricity";2700;2782;"2019-09-14";"2020-02-01";"2020-02-01";"2020-05-31";"Wiederruf";"Erfurt";"terminated";1002;"2020-01-29"
27113;"energy";"electricity";2700;2650;"2018-03-21";"2018-04-01";"2019-01-31";"2019-01-03";"fristgerecht durch Kunde";"Dortmund";"terminated";1002;"2019-01-03"
27114;"energy";"electricity";2800;2755;"2018-01-30";"2018-04-01";"2018-06-30";"2018-05-28";"fristgerecht durch LichtBlick";"Berlin";"terminated";1001;"2018-05-28"
27115;"energy";"gas";11500;10963;"2019-08-25";"2019-09-01";"";"";"";"Bielefeld";"indelivery";2000;"2020-03-03"
27116;"energy";"gas";11300;11555;"2019-04-03";"2019-07-01";"";"";"";"Duisburg";"indelivery";2000;"2019-09-19"
27117;"energy";"gas";9200;9104;"2020-01-22";"2020-07-01";"";"";"";"Osnabrück";"indelivery";2000;"2020-05-22"
27118;"energy";"electricity";2900;2798;"2019-01-04";"2019-03-01";"";"";"";"Dresden";"indelivery";1002;"2019-09-17"
27119;"energy";"electricity";2500;2552;"2019-04-04";"2019-09-01";"";"";"";"Berlin";"indelivery";1000;"2020-09-04"
27120;"energy";"electricity";2000;2017;"2019-12-04";"2020-11-01";"";"";"";"Berlin";"active";1002;"2020-03-29"
27121;"energy";"electricity";2500;2483;"2020-08-27";"2020-12-01";"";"";"";"Bremen";"active";1001;"2020-09-30"
27122;"energy";"electricity";2400;2465;"2018-05-11";"2018-07-01";"";"";"";"Hannover";"indelivery";1001;"2019-02-13"
27123;"energy";"gas";11400;11573;"2019-10-23";"2019-12-01";"";"";"";"Bremen";"indelivery";2001;"2020-02-14"
27124;"energy";"electricity";2200;2152;"2018-06-16";"2018-08-01";"2020-09-30";"2020-08-31";"fristgerecht durch Kunde";"Dortmund";"terminated";1001;"2018-09-30"
27125;"energy";"gas";9200;8784;"2020-07-20";"2020-11-01";"";"";"";"Duisburg";"active";2000;"2020-09-02"
27126;"energy";"electricity";2600;2636;"2020-03-09";"2020-05-01";"2020-07-31";"2020-06-25";"Umzug";"Augsburg";"terminated";1000;"2020-06-06"
27127;"energy";"gas";10700;10798;"2019-11-24";"2019-12-01";"";"";"";"Leipzig";"indelivery";2001;"2020-08-09"
27128;"energy";"electricity";2800;2800;"2019-12-09";"2020-04-01";"";"";"";"Freiburg";"indelivery";1002;"2020-07-05"
27129;"energy";"electricity";2000;2175;"2019-04-18";"2019-05-01";"2019-08-31";"2019-08-03";"fristgerecht durch Kunde";"Hannover";"terminated";1000;"2019-08-03"
27130;"energy";"electricity";2600;2642;"2018-06-17";"2019-04-01";"";"";"";"Hamburg";"indelivery";1001;"2020-05-26"
27131;"energy";"electricity";1900;2017;"2020-08-17";"2021-01-01";"";"";"";"Munich";"active";1002;"2020-09-13"
27132;"energy";"electricity";2700;2568;"2018-05-28";"2018-07-01";"";"";"";"Berlin";"indelivery";1002;"2020-04-14"
27133;"energy";"electricity";2300;2301;"2019-10-08";"2020-01-01";"";"";"";"Munich";"indelivery";1001;"2020-09-02"
27134;"energy";"electricity";2700;2763;"2019-01-08";"2019-03-01";"2020-11-30";"2020-11-02";"fristgerecht durch LichtBlick";"Münster";"cancelled";1002;"2020-04-01"
27135;"energy";"electricity";3000;2881;"2020-06-11";"2020-08-01";"2020-11-30";"2020-11-01";"Umzug";"Jena";"cancelled";1002;"2020-08-15"
27136;"energy";"electricity";2900;2957;"2020-01-22";"2020-03-01";"2020-03-01";"2020-05-29";"Wiederruf";"Siegen";"terminated";1000;"2020-02-12"
27137;"energy";"electricity";2300;2230;"2018-02-21";"2018-10-01";"";"";"";"Leipzig";"indelivery";1000;"2019-11-04"
27138;"energy";"gas";10200;9804;"2020-04-27";"2020-12-01";"";"";"";"Mannheim";"active";2001;"2020-08-24"
27139;"energy";"electricity";2800;2808;"2018-07-26";"2018-09-01";"";"";"";"Duisburg";"indelivery";1002;"2018-11-05"
27140;"energy";"electricity";2700;2565;"2018-03-15";"2018-05-01";"";"";"";"Stuttgart";"indelivery";1000;"2019-01-26"
27141;"energy";"electricity";2400;2553;"2019-06-06";"2020-08-01";"";"";"";"Berlin";"indelivery";1000;"2020-05-25"
27142;"energy";"electricity";2100;2097;"2018-11-30";"2019-06-01";"";"";"";"Montabaur";"indelivery";1000;"2019-09-16"
27143;"energy";"electricity";2200;"";"2019-02-23";"2019-09-01";"";"";"";"Berlin";"indelivery";1001;"2019-10-16"
27144;"energy";"electricity";2700;2645;"2018-11-18";"2019-03-01";"";"";"";"Marienberg";"indelivery";1000;"2019-08-20"
27145;"energy";"electricity";2800;2926;"2018-02-10";"2018-04-01";"";"";"";"Berlin";"indelivery";1002;"2018-07-20"
27146;"energy";"electricity";2100;2217;"2020-04-03";"2020-10-01";"";"";"";"Augsburg";"indelivery";1000;"2020-05-27"
27147;"energy";"electricity";2500;2620;"2019-12-31";"2020-05-01";"";"";"";"Braunschweig";"indelivery";1002;"2020-06-06"
27148;"energy";"gas";8400;7970;"2020-03-19";"2020-05-01";"";"";"";"Essen";"indelivery";2001;"2020-08-30"
27149;"energy";"gas";8700;8928;"2020-09-09";"2020-11-01";"";"";"";"Gummersbach";"active";2001;"2020-09-15"
27150;"energy";"electricity";2600;2786;"2018-02-05";"2018-07-01";"2020-10-31";"2020-09-29";"Umzug";"Wiesbaden";"cancelled";1002;"2018-12-31"
27151;"energy";"electricity";2200;2318;"2018-07-05";"2019-07-01";"";"";"";"Hannover";"indelivery";1002;"2020-02-19"
27152;"energy";"electricity";2300;2335;"2019-02-27";"2019-04-01";"2019-11-30";"2019-11-01";"Umzug";"Munich";"terminated";1000;"2019-11-01"
27153;"energy";"electricity";2200;2180;"2019-05-25";"2019-12-01";"2020-11-30";"2020-11-01";"fristgerecht durch LichtBlick";"Düsseldorf";"cancelled";1000;"2020-08-28"
27154;"energy";"electricity";2900;3083;"2018-01-18";"2018-03-01";"2018-06-30";"2018-06-01";"fristgerecht durch LichtBlick";"Essen";"terminated";1000;"2018-06-01"
27155;"energy";"gas";7900;7804;"2018-06-24";"2018-12-01";"2019-12-31";"2019-11-29";"fristgerecht durch LichtBlick";"Cologne";"terminated";2001;"2019-11-29"
27156;"energy";"gas";10800;11165;"2018-01-30";"2018-05-01";"";"";"";"Altchemnitz";"indelivery";2000;"2020-09-22"
27157;"energy";"electricity";2300;2330;"2018-04-05";"2019-03-01";"";"";"";"Berlin";"indelivery";1001;"2019-10-23"
27158;"energy";"electricity";2200;2069;"2019-10-25";"2019-12-01";"";"";"";"Cottbus";"indelivery";1000;"2019-11-07"
27159;"energy";"electricity";2400;2357;"2020-06-03";"2020-10-01";"";"";"";"Dresden";"indelivery";1000;"2020-06-21"
27160;"energy";"electricity";2200;2121;"2018-04-23";"2018-06-01";"";"";"";"Cologne";"indelivery";1000;"2019-12-02"
27161;"energy";"electricity";2500;2566;"2018-08-07";"2018-09-01";"";"";"";"Marienberg";"indelivery";1000;"2020-09-05"
27162;"energy";"electricity";2400;2374;"2020-03-08";"2020-05-01";"";"";"";"Simmern";"indelivery";1002;"2020-06-12"
27163;"energy";"electricity";2100;2017;"2018-12-25";"2019-02-01";"2019-11-30";"2019-10-26";"fristgerecht durch Kunde";"Berlin";"terminated";1001;"2019-10-26"
27164;"energy";"electricity";2600;"";"2018-04-10";"2018-06-01";"2020-03-31";"2020-02-23";"Umzug";"Bremen";"terminated";1002;"2019-01-17"
27165;"energy";"gas";11100;11306;"2018-02-10";"2018-10-01";"";"";"";"Magdeburg";"indelivery";2000;"2019-06-19"
27166;"energy";"electricity";2100;2166;"2020-07-18";"2020-09-01";"";"";"";"Düsseldorf";"indelivery";1000;"2020-08-02"
27167;"energy";"electricity";2800;2762;"2018-04-27";"2018-07-01";"";"";"";"Dresden";"indelivery";1001;"2020-01-20"
27168;"energy";"gas";9000;"";"2018-07-05";"2018-09-01";"2018-09-01";"2020-04-02";"Wiederruf";"Bremen";"terminated";2000;"2020-03-14"
27169;"energy";"electricity";2200;2355;"2019-12-31";"2020-07-01";"";"";"";"Magdeburg";"indelivery";1002;"2020-04-17"
27170;"energy";"electricity";2500;2658;"2019-12-25";"2020-01-01";"";"";"";"Cologne";"indelivery";1002;"2020-05-04"
27171;"energy";"electricity";2900;2840;"2018-05-14";"2018-09-01";"";"";"";"Frankfurt";"indelivery";1001;"2020-04-01"
27172;"energy";"electricity";2600;"";"2020-08-09";"2021-06-01";"";"";"";"Cologne";"active";1002;"2020-09-01"
27173;"energy";"electricity";2900;2974;"2019-01-01";"2019-06-01";"";"";"";"Kiel";"indelivery";1002;"2019-04-26"
27174;"energy";"electricity";2400;2357;"2019-07-31";"2020-01-01";"";"";"";"Hamburg";"indelivery";1000;"2020-05-13"
27175;"energy";"gas";10600;11074;"2019-11-22";"2020-01-01";"";"";"";"Duisburg";"indelivery";2001;"2020-05-08"
27176;"energy";"electricity";1900;2002;"2018-09-14";"2018-11-01";"";"";"";"Berlin";"indelivery";1000;"2020-08-05"
27177;"energy";"electricity";2400;2502;"2019-02-04";"2019-09-01";"2020-03-31";"2020-03-01";"fristgerecht durch Kunde";"Cologne";"terminated";1002;"2020-03-01"
27178;"energy";"electricity";2500;2544;"2018-04-19";"2018-05-01";"";"";"";"Potsdam";"indelivery";1000;"2019-07-04"
27179;"energy";"electricity";2700;2803;"2018-06-27";"2018-08-01";"";"";"";"Kiel";"indelivery";1002;"2020-06-24"
27180;"energy";"electricity";2000;1931;"2020-03-22";"2020-10-01";"";"";"";"Hofeck";"indelivery";1000;"2020-07-05"
27181;"energy";"electricity";2300;2346;"2018-05-12";"2018-10-01";"";"";"";"Berlin";"indelivery";1000;"2019-08-11"
27182;"energy";"gas";11700;12268;"2018-01-20";"2018-09-01";"2018-09-01";"2020-03-01";"Wiederruf";"Bremen";"terminated";2000;"2018-12-20"
27183;"energy";"electricity";2400;2366;"2018-05-06";"2019-01-01";"";"";"";"Berlin";"indelivery";1002;"2019-06-24"
27184;"energy";"electricity";2200;2251;"2018-01-30";"2018-03-01";"2020-01-31";"2020-01-03";"fristgerecht durch Kunde";"Cuxhaven";"terminated";1001;"2018-12-27"
27185;"energy";"electricity";2700;2826;"2018-10-24";"2019-02-01";"";"";"";"Mannheim";"indelivery";1001;"2019-01-10"
27186;"energy";"electricity";2300;2307;"2019-11-15";"2020-02-01";"";"";"";"Hamburg";"indelivery";1000;"2020-09-11"
27187;"energy";"electricity";2600;2663;"2018-05-30";"2018-08-01";"";"";"";"Stuttgart";"indelivery";1001;"2019-11-28"
27188;"energy";"electricity";2200;2129;"2018-12-27";"2019-01-01";"";"";"";"Hamburg";"indelivery";1001;"2019-06-03"
27189;"energy";"gas";10200;9925;"2020-03-02";"2020-08-01";"";"";"";"Dresden";"indelivery";2001;"2020-04-29"
27190;"energy";"electricity";2300;2310;"2020-08-12";"2020-10-01";"";"";"";"Stuttgart";"indelivery";1000;"2020-08-15"
27191;"energy";"gas";8000;7935;"2018-01-24";"2018-05-01";"";"";"";"Hannover";"indelivery";2000;"2018-06-26"
27192;"energy";"electricity";3000;3173;"2020-02-18";"2020-04-01";"2020-04-01";"2020-08-01";"Wiederruf";"Bad Homburg";"terminated";1001;"2020-02-25"
27193;"energy";"electricity";2200;2098;"2018-12-18";"2019-05-01";"";"";"";"Berlin";"indelivery";1000;"2020-08-16"
27194;"energy";"electricity";2800;2922;"2018-02-06";"2018-04-01";"2020-04-30";"2020-03-29";"fristgerecht durch Kunde";"Berlin";"terminated";1001;"2019-09-17"
27195;"energy";"electricity";2100;2071;"2019-05-07";"2019-07-01";"";"";"";"Essen";"indelivery";1000;"2020-06-18"
27196;"energy";"electricity";2100;2221;"2018-04-12";"2018-12-01";"2018-12-01";"2019-02-24";"Wiederruf";"Erfurt";"terminated";1001;"2018-05-17"
27197;"energy";"electricity";2700;2795;"2018-02-25";"2018-11-01";"";"";"";"Bonn";"indelivery";1002;"2019-04-14"
27198;"energy";"electricity";2500;2502;"2020-01-07";"2020-02-01";"";"";"";"Ingelheim";"indelivery";1001;"2020-06-02"
27199;"energy";"gas";10600;10171;"2018-01-22";"2018-02-01";"";"";"";"Mannheim";"indelivery";2001;"2018-07-11"
27200;"energy";"electricity";2700;2836;"2020-07-31";"2020-10-01";"";"";"";"Düsseldorf";"indelivery";1000;"2020-08-02"
27201;"energy";"electricity";2200;2127;"2018-11-07";"2019-08-01";"2019-08-01";"2020-09-26";"Wiederruf";"Lübeck";"terminated";1001;"2020-09-12"
27202;"energy";"electricity";2000;2135;"2019-10-01";"2020-07-01";"";"";"";"Frankfurt";"indelivery";1002;"2020-04-12"
27203;"energy";"electricity";2100;2076;"2019-07-13";"2020-01-01";"";"";"";"Marienberg";"indelivery";1001;"2020-08-05"
27204;"energy";"electricity";2000;2162;"2018-09-19";"2019-06-01";"";"";"";"Cologne";"indelivery";1001;"2020-09-26"
27205;"energy";"electricity";2900;2926;"2019-05-26";"2019-09-01";"";"";"";"Hannover";"indelivery";1000;"2019-12-14"
27206;"energy";"electricity";2200;2340;"2019-01-05";"2019-03-01";"";"";"";"Düsseldorf";"indelivery";1001;"2019-07-08"
27207;"energy";"electricity";2800;2909;"2019-11-07";"2020-06-01";"";"";"";"Frankfurt";"indelivery";1000;"2019-11-09"
27208;"energy";"electricity";2200;2084;"2019-10-04";"2020-02-01";"";"";"";"Augsburg";"indelivery";1001;"2020-09-20"
27209;"energy";"gas";10600;"";"2020-09-21";"2020-11-01";"";"";"";"Stuttgart";"active";2000;"2020-09-25"
27210;"energy";"electricity";2500;2644;"2020-03-14";"2020-08-01";"";"";"";"Hamburg";"indelivery";1000;"2020-03-21"
27211;"energy";"electricity";2300;2368;"2018-07-05";"2018-09-01";"";"";"";"Hamburg";"indelivery";1002;"2020-08-20"
27212;"energy";"electricity";2400;2400;"2019-05-09";"2019-06-01";"";"";"";"Frankfurt";"indelivery";1000;"2020-02-20"
27213;"energy";"electricity";2500;2453;"2019-06-08";"2019-09-01";"";"";"";"Kiel";"indelivery";1002;"2020-09-05"
27214;"energy";"electricity";2300;2222;"2020-05-02";"2020-12-01";"";"";"";"Dortmund";"active";1000;"2020-05-18"
27215;"energy";"electricity";2100;2205;"2018-01-23";"2018-08-01";"";"";"";"Berlin";"indelivery";1001;"2018-09-10"
27216;"energy";"gas";10500;10308;"2020-06-24";"2020-08-01";"";"";"";"Düsseldorf";"indelivery";2001;"2020-07-18"
27217;"energy";"electricity";2800;2884;"2019-07-07";"2019-10-01";"";"";"";"Wuppertal";"indelivery";1000;"2020-09-30"
27218;"energy";"electricity";3000;3131;"2020-01-28";"2020-03-01";"2020-03-01";"2020-06-30";"Wiederruf";"Marienberg";"terminated";1002;"2020-06-30"
27219;"energy";"electricity";2700;2789;"2019-06-26";"2020-03-01";"";"";"";"Berlin";"indelivery";1002;"2019-11-27"
27220;"energy";"electricity";2800;2826;"2019-05-22";"2019-07-01";"";"";"";"Bonn";"indelivery";1002;"2019-08-09"
27221;"energy";"electricity";2800;2985;"2018-08-23";"2019-05-01";"";"";"";"Berlin";"indelivery";1001;"2019-07-15"
27222;"energy";"gas";7500;7868;"2019-01-24";"2019-02-01";"2020-06-30";"2020-05-30";"fristgerecht durch LichtBlick";"Munich";"terminated";2000;"2019-06-10"
27223;"energy";"electricity";2500;2598;"2020-08-08";"2021-04-01";"";"";"";"Düsseldorf";"active";1001;"2020-08-25"
27224;"energy";"gas";8000;7631;"2019-08-18";"2020-01-01";"";"";"";"Wiesbaden";"indelivery";2000;"2020-02-04"
27225;"energy";"gas";9300;"";"2020-08-18";"2020-09-01";"";"";"";"Berlin";"indelivery";2001;"2020-08-21"
27226;"energy";"electricity";2400;2340;"2018-01-10";"2018-03-01";"2018-09-30";"2018-08-25";"fristgerecht durch LichtBlick";"Gera";"terminated";1001;"2018-08-25"
27227;"energy";"electricity";2700;2754;"2018-01-25";"2018-02-01";"";"";"";"Berlin";"indelivery";1000;"2019-06-12"
27228;"energy";"electricity";2100;2248;"2019-06-11";"2019-08-01";"2020-11-30";"2020-10-28";"Umzug";"Munich";"cancelled";1002;"2020-03-29"
27229;"energy";"electricity";2900;2938;"2019-05-26";"2019-09-01";"";"";"";"Wuppertal";"indelivery";1002;"2019-12-19"
27230;"energy";"electricity";2200;2350;"2019-03-12";"2019-05-01";"2020-07-31";"2020-07-02";"fristgerecht durch LichtBlick";"Berlin";"terminated";1000;"2019-10-23"
27231;"energy";"electricity";2500;2519;"2019-02-20";"2019-04-01";"";"";"";"Wiesbaden";"indelivery";1000;"2019-08-22"
27232;"energy";"electricity";2000;2162;"2020-08-11";"2020-12-01";"";"";"";"Hannover";"active";1001;"2020-08-26"
27233;"energy";"electricity";2600;2795;"2019-10-16";"2020-01-01";"";"";"";"Cologne";"indelivery";1001;"2019-10-25"
27234;"energy";"electricity";2600;2470;"2019-01-19";"2019-02-01";"";"";"";"Lüdenscheid";"indelivery";1000;"2020-05-09"
27235;"energy";"gas";9300;8867;"2020-08-25";"2020-12-01";"";"";"";"Hannover";"active";2000;"2020-08-30"
27236;"energy";"electricity";2800;2845;"2018-06-27";"2018-08-01";"";"";"";"Sonneberg";"indelivery";1001;"2018-12-11"
27237;"energy";"gas";8700;"";"2020-09-25";"2021-04-01";"";"";"";"Lübeck";"active";2000;"2020-09-29"
27238;"energy";"electricity";2300;2501;"2019-08-21";"2019-09-01";"";"";"";"Hamburg";"indelivery";1000;"2020-05-30"
27239;"energy";"electricity";2400;"";"2020-09-12";"2021-03-01";"";"";"";"Altchemnitz";"active";1001;"2020-09-12"
27240;"energy";"electricity";3000;3010;"2018-04-01";"2018-06-01";"";"";"";"Berlin";"indelivery";1000;"2019-11-29"
27241;"energy";"electricity";2800;2712;"2020-07-21";"2020-10-01";"";"";"";"Berlin";"indelivery";1002;"2020-09-13"
27242;"energy";"electricity";2500;2408;"2018-08-19";"2018-11-01";"";"";"";"Oldenburg";"indelivery";1000;"2020-06-08"
27243;"energy";"electricity";2000;1947;"2020-05-27";"2020-09-01";"";"";"";"Frankfurt";"indelivery";1000;"2020-06-27"
27244;"energy";"electricity";2400;2555;"2019-11-13";"2020-03-01";"";"";"";"Dresden";"indelivery";1001;"2020-04-25"
27245;"energy";"electricity";2600;2771;"2020-09-23";"2020-12-01";"";"";"";"Simmern";"active";1001;"2020-09-24"
27246;"energy";"electricity";2300;2298;"2018-10-06";"2018-11-01";"";"";"";"Berlin";"indelivery";1002;"2020-01-16"
27247;"energy";"electricity";2600;2731;"2020-08-02";"2021-07-01";"";"";"";"Bremen";"active";1002;"2020-09-12"
27248;"energy";"electricity";2100;2262;"2018-04-12";"2019-07-01";"";"";"";"Hannover";"indelivery";1000;"2020-09-09"
27249;"energy";"electricity";2400;2464;"2020-07-29";"2020-10-01";"";"";"";"Düsseldorf";"indelivery";1001;"2020-09-02"
27250;"energy";"electricity";2500;2440;"2019-05-21";"2019-07-01";"";"";"";"Lübeck";"indelivery";1002;"2019-10-29"
27251;"energy";"electricity";2300;2231;"2019-08-06";"2019-10-01";"2020-10-31";"2020-09-30";"fristgerecht durch Kunde";"Leipzig";"cancelled";1001;"2019-12-08"
27252;"energy";"electricity";2200;2227;"2020-08-04";"2020-09-01";"";"";"";"Cuxhaven";"indelivery";1000;"2020-08-24"
27253;"energy";"electricity";2200;2197;"2018-07-31";"2018-08-01";"";"";"";"Kiel";"indelivery";1002;"2018-08-31"
27254;"energy";"electricity";2700;2902;"2020-08-18";"2021-01-01";"";"";"";"Hamburg";"active";1002;"2020-09-03"
27255;"energy";"electricity";2000;2074;"2018-05-25";"2018-06-01";"";"";"";"Cologne";"indelivery";1001;"2018-11-23"
27256;"energy";"electricity";2400;2428;"2020-01-07";"2020-08-01";"";"";"";"Mettmann";"indelivery";1002;"2020-09-09"
27257;"energy";"electricity";2700;2864;"2020-03-14";"2020-08-01";"";"";"";"Lübeck";"indelivery";1001;"2020-06-17"
27258;"energy";"electricity";2800;2808;"2019-02-04";"2019-04-01";"2019-10-31";"2019-10-01";"fristgerecht durch Kunde";"Munich";"terminated";1002;"2019-08-22"
27259;"energy";"electricity";2500;2432;"2020-09-28";"2021-01-01";"";"";"";"Berlin";"active";1002;"2020-09-28"
27260;"energy";"electricity";2700;2872;"2019-07-02";"2019-08-01";"";"";"";"Düsseldorf";"indelivery";1002;"2020-06-08"
27261;"energy";"electricity";2600;2737;"2020-05-12";"2021-02-01";"";"";"";"Berlin";"active";1000;"2020-09-18"
27262;"energy";"electricity";2900;2797;"2018-07-31";"2018-12-01";"";"";"";"Jena";"indelivery";1000;"2018-12-05"
27263;"energy";"electricity";2200;2341;"2018-11-27";"2019-02-01";"";"";"";"Berlin";"indelivery";1002;"2019-02-11"
27264;"energy";"electricity";2800;2962;"2020-05-28";"2020-06-01";"";"";"";"Braunschweig";"indelivery";1002;"2020-06-29"
27265;"energy";"electricity";2200;2189;"2019-05-12";"2019-09-01";"";"";"";"Cologne";"indelivery";1001;"2019-12-21"
27266;"energy";"electricity";3000;2904;"2019-05-17";"2019-11-01";"";"";"";"Oldenburg";"indelivery";1001;"2020-04-04"
27267;"energy";"electricity";2200;2180;"2019-08-19";"2019-11-01";"";"";"";"Rostock";"indelivery";1000;"2019-11-26"
27268;"energy";"electricity";2400;2455;"2019-09-16";"2020-05-01";"2020-06-30";"2020-06-01";"fristgerecht durch Kunde";"Bremen";"terminated";1002;"2020-01-19"
27269;"energy";"electricity";2900;3146;"2019-06-03";"2019-10-01";"";"";"";"Düsseldorf";"indelivery";1000;"2020-05-26"
27270;"energy";"electricity";2800;2835;"2019-06-10";"2019-10-01";"";"";"";"Düsseldorf";"indelivery";1002;"2020-04-30"
27271;"energy";"gas";9000;9401;"2018-04-20";"2018-09-01";"";"";"";"Münster";"indelivery";2000;"2018-12-12"
27272;"energy";"electricity";3000;2903;"2020-01-14";"2020-03-01";"";"";"";"Kiel";"indelivery";1000;"2020-07-01"
27273;"energy";"electricity";2100;2055;"2020-03-07";"2020-08-01";"";"";"";"Mannheim";"indelivery";1002;"2020-06-29"
27274;"energy";"electricity";2900;2930;"2020-04-12";"2020-08-01";"";"";"";"Heidelberg";"indelivery";1002;"2020-06-05"
27275;"energy";"gas";10800;11612;"2019-01-05";"2019-04-01";"";"";"";"Wuppertal";"indelivery";2001;"2020-04-19"
27276;"energy";"electricity";2500;2412;"2019-03-02";"2019-05-01";"2019-05-01";"2020-01-31";"Wiederruf";"Freiburg";"terminated";1000;"2019-08-31"
27277;"energy";"electricity";2500;2423;"2018-12-15";"2019-02-01";"";"";"";"Duisburg";"indelivery";1002;"2020-09-19"
27278;"energy";"electricity";2500;2515;"2019-02-22";"2019-06-01";"";"";"";"Stuttgart";"indelivery";1001;"2019-07-15"
27279;"energy";"electricity";2600;2468;"2019-10-26";"2020-05-01";"";"";"";"Leipzig";"indelivery";1001;"2020-08-01"
27280;"energy";"electricity";2900;3005;"2020-01-31";"2020-05-01";"";"";"";"Munich";"indelivery";1000;"2020-03-08"
27281;"energy";"electricity";2400;2306;"2018-08-06";"2018-12-01";"";"";"";"Cologne";"indelivery";1002;"2020-03-09"
27282;"energy";"electricity";2600;2470;"2019-01-26";"2019-06-01";"2019-11-30";"2019-11-01";"fristgerecht durch LichtBlick";"Hamburg";"terminated";1002;"2019-04-20"
27283;"energy";"electricity";2700;2673;"2019-07-04";"2019-08-01";"";"";"";"Rosenheim";"indelivery";1002;"2020-09-07"
27284;"energy";"electricity";2300;2345;"2020-03-30";"2020-09-01";"";"";"";"Wiesbaden";"indelivery";1002;"2020-09-02"
27285;"energy";"electricity";2000;2049;"2019-03-31";"2019-08-01";"";"";"";"Dortmund";"indelivery";1001;"2019-04-09"
27286;"energy";"electricity";2500;2542;"2020-09-24";"2020-11-01";"";"";"";"Hamburg";"active";1000;"2020-09-24"
27287;"energy";"electricity";2700;2735;"2018-07-18";"2018-12-01";"";"";"";"Duisburg";"indelivery";1001;"2019-03-18"
27288;"energy";"electricity";2300;2379;"2020-08-11";"2020-11-01";"";"";"";"Bonn";"active";1001;"2020-09-23"
27289;"energy";"electricity";2200;2278;"2018-08-20";"2018-12-01";"";"";"";"Hannover";"indelivery";1001;"2020-08-22"
27290;"energy";"electricity";2200;2355;"2018-06-16";"2018-12-01";"";"";"";"Lübeck";"indelivery";1002;"2019-01-15"
27291;"energy";"electricity";2500;2483;"2019-03-11";"2020-03-01";"";"";"";"Neuburg";"indelivery";1002;"2020-08-18"
27292;"energy";"electricity";2600;2645;"2018-04-24";"2018-06-01";"";"";"";"Munich";"indelivery";1000;"2020-05-28"
27293;"energy";"gas";11200;11639;"2019-04-11";"2019-06-01";"2019-06-01";"2019-12-24";"Wiederruf";"Munich";"terminated";2001;"2019-12-24"
27294;"energy";"electricity";2600;2502;"2019-11-06";"2020-01-01";"";"";"";"Berlin";"indelivery";1001;"2020-08-01"
27295;"energy";"electricity";2900;2783;"2019-04-12";"2019-05-01";"";"";"";"Dresden";"indelivery";1001;"2020-09-26"
27296;"energy";"electricity";2400;2419;"2019-03-01";"2019-07-01";"2020-03-31";"2020-03-03";"fristgerecht durch Kunde";"Potsdam";"terminated";1000;"2019-11-16"
27297;"energy";"electricity";2100;2102;"2020-02-26";"2020-06-01";"2020-07-31";"2020-07-02";"Umzug";"Cologne";"terminated";1002;"2020-07-02"
27298;"energy";"gas";11400;11084;"2020-09-19";"2020-11-01";"";"";"";"Düsseldorf";"active";2000;"2020-09-29"
27299;"energy";"electricity";2900;2860;"2019-03-03";"2019-07-01";"";"";"";"Hamburg";"indelivery";1002;"2019-10-21"
27300;"energy";"electricity";2500;2569;"2018-07-22";"2018-09-01";"";"";"";"Bremen";"indelivery";1002;"2019-03-02"
27301;"energy";"gas";9800;9743;"2019-08-21";"2020-01-01";"";"";"";"Düsseldorf";"indelivery";2001;"2020-09-27"
27302;"energy";"electricity";1900;1980;"2018-10-29";"2018-11-01";"2020-10-31";"2020-09-30";"fristgerecht durch Kunde";"Cologne";"cancelled";1001;"2020-07-02"
27303;"energy";"electricity";2400;2551;"2019-11-25";"2020-04-01";"";"";"";"Hamburg";"indelivery";1002;"2020-07-10"
27304;"energy";"electricity";2900;3057;"2018-11-29";"2019-02-01";"";"";"";"Potsdam";"indelivery";1000;"2019-09-25"
27305;"energy";"electricity";2900;2870;"2020-03-30";"2020-05-01";"2020-07-31";"2020-07-02";"fristgerecht durch Kunde";"Berlin";"terminated";1002;"2020-07-02"
27306;"energy";"gas";11300;10689;"2019-07-31";"2019-09-01";"2020-03-31";"2020-03-01";"fristgerecht durch Kunde";"Stuttgart";"terminated";2000;"2019-12-05"
27307;"energy";"electricity";2600;2541;"2020-01-13";"2020-02-01";"";"";"";"Cologne";"indelivery";1000;"2020-09-04"
27308;"energy";"gas";9100;8884;"2019-12-14";"2020-02-01";"2020-10-31";"2020-09-30";"Umzug";"Munich";"cancelled";2000;"2020-03-11"
27309;"energy";"electricity";2400;2605;"2018-06-15";"2018-08-01";"";"";"";"Göttingen";"indelivery";1002;"2020-07-02"
27310;"energy";"electricity";2300;2274;"2018-07-31";"2018-09-01";"";"";"";"Stuttgart";"indelivery";1000;"2020-09-02"
27311;"energy";"electricity";3000;2866;"2020-07-13";"2020-12-01";"";"";"";"Landshut";"active";1001;"2020-07-15"
27312;"energy";"electricity";2700;2640;"2018-04-09";"2019-04-01";"2020-02-29";"2020-01-31";"Umzug";"Frankfurt";"terminated";1000;"2020-01-31"
27313;"energy";"electricity";2400;2335;"2020-07-13";"2020-09-01";"";"";"";"Hamburg";"indelivery";1000;"2020-08-24"
27314;"energy";"electricity";2700;2597;"2019-08-18";"2019-10-01";"";"";"";"Frankfurt";"indelivery";1001;"2019-09-12"
27315;"energy";"electricity";2100;2144;"2019-05-24";"2019-07-01";"";"";"";"Dresden";"indelivery";1002;"2020-06-15"
27316;"energy";"electricity";2400;2469;"2018-04-11";"2018-08-01";"2019-05-31";"2019-05-02";"Umzug";"Düsseldorf";"terminated";1000;"2018-09-04"
27317;"energy";"electricity";2600;2579;"2020-03-14";"2020-04-01";"";"";"";"Münster";"indelivery";1001;"2020-06-03"
27318;"energy";"gas";11000;11705;"2019-01-25";"2019-03-01";"2020-06-30";"2020-06-02";"fristgerecht durch Kunde";"Dortmund";"terminated";2001;"2020-06-02"
27319;"energy";"electricity";2000;1925;"2019-06-05";"2019-08-01";"";"";"";"Magdeburg";"indelivery";1002;"2020-06-15"
27320;"energy";"electricity";2800;2971;"2020-06-21";"2020-09-01";"";"";"";"Hamburg";"indelivery";1001;"2020-07-08"
27321;"energy";"electricity";2200;2140;"2018-05-02";"2018-07-01";"";"";"";"Saarbrücken";"indelivery";1002;"2018-10-07"
27322;"energy";"electricity";2300;2276;"2020-09-14";"2021-10-01";"";"";"";"Berlin";"active";1002;"2020-09-22"
27323;"energy";"electricity";2000;1954;"2018-01-06";"2018-02-01";"2019-05-31";"2019-04-29";"Umzug";"Bremen";"terminated";1002;"2019-04-29"
27324;"energy";"electricity";2500;2449;"2018-03-02";"2019-01-01";"2019-01-01";"2020-12-03";"Wiederruf";"Berlin";"terminated";1002;"2020-08-09"
27325;"energy";"gas";11100;10850;"2020-06-28";"2020-08-01";"";"";"";"Potsdam";"indelivery";2001;"2020-08-21"
27326;"energy";"gas";10400;"";"2018-05-10";"2018-08-01";"2018-10-31";"2018-10-01";"fristgerecht durch LichtBlick";"Altchemnitz";"terminated";2000;"2018-10-01"
27327;"energy";"gas";10300;9771;"2018-10-03";"2019-05-01";"";"";"";"Mannheim";"indelivery";2000;"2020-03-23"
27328;"energy";"gas";11400;11644;"2019-07-13";"2019-10-01";"";"";"";"Berlin";"indelivery";2001;"2020-03-30"
27329;"energy";"electricity";2400;2367;"2018-07-18";"2019-01-01";"2019-01-01";"2019-10-01";"Wiederruf";"Bonn";"terminated";1002;"2019-10-01"
27330;"energy";"electricity";2900;3090;"2019-06-17";"2019-08-01";"";"";"";"Braunschweig";"indelivery";1000;"2020-04-10"
27331;"energy";"electricity";2100;2020;"2019-01-22";"2019-04-01";"";"";"";"Düsseldorf";"indelivery";1000;"2020-05-08"
27332;"energy";"electricity";2500;2483;"2019-12-12";"2020-06-01";"";"";"";"Hannover";"indelivery";1001;"2020-02-28"
27333;"energy";"electricity";2400;2455;"2018-08-13";"2018-10-01";"";"";"";"Saarbrücken";"indelivery";1001;"2020-03-10"
27334;"energy";"electricity";2800;2730;"2020-04-26";"2020-05-01";"";"";"";"Limburg";"indelivery";1000;"2020-06-20"
27335;"energy";"electricity";2000;1907;"2019-04-18";"2019-09-01";"";"";"";"Hamburg";"indelivery";1001;"2020-03-06"
27336;"energy";"electricity";2800;3011;"2018-05-15";"2018-06-01";"";"";"";"Marienberg";"indelivery";1000;"2020-07-08"
27337;"energy";"electricity";2800;"";"2018-08-08";"2018-10-01";"";"";"";"Dresden";"indelivery";1000;"2020-07-29"
27338;"energy";"electricity";2900;2926;"2020-09-19";"2020-11-01";"";"";"";"Würzburg";"active";1001;"2020-09-22"
27339;"energy";"electricity";2300;2482;"2018-07-25";"2018-10-01";"2020-10-31";"2020-10-02";"fristgerecht durch Kunde";"Cologne";"cancelled";1002;"2020-06-28"
27340;"energy";"electricity";2900;"";"2020-03-09";"2021-02-01";"";"";"";"Marienberg";"active";1001;"2020-09-22"
27341;"energy";"electricity";2400;2473;"2020-07-26";"2020-09-01";"";"";"";"Essen";"indelivery";1002;"2020-09-09"
27342;"energy";"electricity";2400;2439;"2019-04-24";"2019-09-01";"";"";"";"Essen";"indelivery";1000;"2020-03-14"
27343;"energy";"electricity";2300;2442;"2018-07-06";"2018-08-01";"2019-05-31";"2019-05-01";"fristgerecht durch Kunde";"Marienberg";"terminated";1002;"2019-05-01"
27344;"energy";"electricity";2000;2008;"2019-04-06";"2019-07-01";"";"";"";"Cologne";"indelivery";1000;"2020-08-30"
27345;"energy";"electricity";2400;2456;"2019-02-18";"2019-03-01";"";"";"";"Bremerhaven";"indelivery";1002;"2020-06-26"
27346;"energy";"electricity";2400;2365;"2018-09-16";"2019-01-01";"";"";"";"Hofeck";"indelivery";1000;"2019-07-08"
27347;"energy";"electricity";2400;2336;"2019-01-01";"2019-03-01";"2020-11-30";"2020-10-31";"Umzug";"Essen";"cancelled";1001;"2020-04-26"
27348;"energy";"gas";11000;10500;"2019-12-26";"2020-11-01";"";"";"";"Bremen";"active";2000;"2020-07-17"
27349;"energy";"electricity";2800;2633;"2018-10-02";"2018-12-01";"2019-11-30";"2019-10-31";"fristgerecht durch Kunde";"Dortmund";"terminated";1002;"2019-01-10"
27350;"energy";"electricity";2400;2469;"2020-04-18";"2020-06-01";"";"";"";"Hamburg";"indelivery";1002;"2020-07-25"
27351;"energy";"electricity";2300;2447;"2018-02-20";"2018-09-01";"2018-09-01";"2019-04-27";"Wiederruf";"Bielefeld";"terminated";1001;"2019-04-27"
27352;"energy";"electricity";2700;2595;"2019-05-14";"2020-03-01";"";"";"";"Rostock";"indelivery";1000;"2019-06-07"
27353;"energy";"electricity";2900;2813;"2018-06-07";"2018-08-01";"";"";"";"Dresden";"indelivery";1000;"2019-03-29"
27354;"energy";"electricity";2300;2217;"2019-01-10";"2019-04-01";"";"";"";"Dortmund";"indelivery";1002;"2019-07-14"
27355;"energy";"electricity";2600;2626;"2019-06-01";"2019-10-01";"";"";"";"Neumünster";"indelivery";1002;"2019-09-22"
27356;"energy";"electricity";2100;2106;"2019-08-16";"2019-10-01";"2019-10-01";"2020-10-02";"Wiederruf";"Oldenburg";"terminated";1000;"2020-09-16"
27357;"energy";"electricity";2700;2750;"2018-04-09";"2018-07-01";"";"";"";"Kiel";"indelivery";1000;"2019-11-12"
27358;"energy";"gas";8100;"";"2020-06-14";"2020-08-01";"";"";"";"Magdeburg";"indelivery";2001;"2020-09-24"
27359;"energy";"electricity";2000;2073;"2020-03-27";"2020-05-01";"";"";"";"Berlin";"indelivery";1001;"2020-05-23"
27360;"energy";"electricity";2900;3056;"2020-06-13";"2020-09-01";"";"";"";"Essen";"indelivery";1000;"2020-09-23"
27361;"energy";"electricity";2200;2306;"2019-11-27";"2020-04-01";"";"";"";"Kassel";"indelivery";1001;"2020-07-27"
27362;"energy";"electricity";2400;"";"2018-08-07";"2019-02-01";"2020-08-31";"2020-08-03";"fristgerecht durch Kunde";"Munich";"terminated";1000;"2019-12-23"
27363;"energy";"electricity";2200;2231;"2018-04-15";"2018-05-01";"2018-11-30";"2018-10-30";"Umzug";"Wiesbaden";"terminated";1000;"2018-05-15"
27364;"energy";"electricity";2400;2323;"2020-08-30";"2020-10-01";"";"";"";"Wiesbaden";"indelivery";1000;"2020-09-25"
27365;"energy";"electricity";2200;2249;"2020-02-01";"2020-03-01";"";"";"";"Braunschweig";"indelivery";1000;"2020-06-16"
27366;"energy";"electricity";2500;2358;"2018-03-10";"2018-09-01";"2018-09-01";"2019-06-28";"Wiederruf";"Berlin";"terminated";1000;"2019-06-28"
27367;"energy";"electricity";2400;2315;"2019-11-17";"2020-01-01";"2020-01-01";"2020-05-01";"Wiederruf";"Munich";"terminated";1002;"2020-01-03"
27368;"energy";"electricity";3000;3016;"2019-04-05";"2019-08-01";"";"";"";"Balingen";"indelivery";1000;"2019-11-12"
27369;"energy";"gas";11300;11320;"2018-02-18";"2018-05-01";"2020-11-30";"2020-10-30";"Umzug";"Magdeburg";"cancelled";2000;"2020-08-03"
27370;"energy";"electricity";2000;2031;"2019-06-09";"2019-08-01";"";"";"";"Cottbus";"indelivery";1002;"2020-08-22"
27371;"energy";"electricity";2300;2475;"2020-02-17";"2020-05-01";"2020-05-01";"2020-07-02";"Wiederruf";"Berlin";"terminated";1002;"2020-05-15"
27372;"energy";"gas";11200;11934;"2020-06-26";"2020-08-01";"";"";"";"Berlin";"indelivery";2000;"2020-08-28"
27373;"energy";"electricity";2300;2217;"2018-09-27";"2019-07-01";"";"";"";"Berlin";"indelivery";1002;"2020-07-17"
27374;"energy";"electricity";2300;2241;"2019-01-18";"2020-03-01";"";"";"";"Berlin";"indelivery";1001;"2019-07-02"
27375;"energy";"electricity";2800;2927;"2020-04-15";"2020-10-01";"";"";"";"Mannheim";"indelivery";1002;"2020-07-10"
27376;"energy";"electricity";2200;2363;"2019-05-29";"2019-08-01";"";"";"";"Ingolstadt";"indelivery";1001;"2020-07-29"
27377;"energy";"electricity";2600;2546;"2018-12-24";"2019-12-01";"";"";"";"Rostock";"indelivery";1002;"2019-05-07"
27378;"energy";"electricity";2100;2235;"2020-08-15";"2020-09-01";"";"";"";"Hannover";"indelivery";1000;"2020-08-16"
27379;"energy";"electricity";2400;2407;"2019-01-25";"2019-11-01";"";"";"";"Düsseldorf";"indelivery";1000;"2019-10-17"
27380;"energy";"electricity";2700;2821;"2018-01-10";"2018-10-01";"2018-10-01";"2018-10-29";"Wiederruf";"Altchemnitz";"terminated";1000;"2018-10-29"
27381;"energy";"electricity";2900;3080;"2020-05-30";"2020-11-01";"";"";"";"Duisburg";"active";1000;"2020-07-12"
27382;"energy";"electricity";2000;1949;"2020-06-12";"2020-08-01";"";"";"";"Berlin";"indelivery";1000;"2020-07-07"
27383;"energy";"electricity";2600;"";"2019-07-17";"2020-02-01";"";"";"";"Peine";"indelivery";1000;"2019-11-27"
27384;"energy";"electricity";2900;2846;"2020-06-05";"2020-08-01";"";"";"";"Münster";"indelivery";1001;"2020-08-03"
27385;"energy";"electricity";2900;2911;"2019-03-31";"2019-12-01";"";"";"";"Berlin";"indelivery";1002;"2019-07-30"
27386;"energy";"electricity";2300;2282;"2019-02-11";"2019-04-01";"";"";"";"Bautzen";"indelivery";1000;"2019-08-18"
27387;"energy";"gas";10700;11360;"2019-08-17";"2019-11-01";"";"";"";"Bremen";"indelivery";2000;"2020-03-02"
27388;"energy";"electricity";2000;1971;"2020-05-24";"2020-08-01";"";"";"";"Dresden";"indelivery";1000;"2020-08-07"
27389;"energy";"electricity";3100;2917;"2020-09-23";"2020-11-01";"";"";"";"Weimar";"active";1002;"2020-09-29"
27390;"energy";"electricity";2600;2635;"2019-08-23";"2019-10-01";"";"";"";"Rosenheim";"indelivery";1001;"2020-04-17"
27391;"energy";"electricity";2800;2980;"2019-11-15";"2020-04-01";"";"";"";"Berlin";"indelivery";1002;"2020-08-05"
27392;"energy";"electricity";2600;2663;"2018-05-14";"2018-07-01";"";"";"";"Munich";"indelivery";1002;"2019-07-11"
27393;"energy";"electricity";2600;2617;"2019-06-18";"2019-08-01";"";"";"";"Munich";"indelivery";1001;"2019-06-28"
27394;"energy";"electricity";2000;2032;"2020-02-10";"2020-06-01";"2020-10-31";"2020-10-03";"fristgerecht durch LichtBlick";"Berlin";"cancelled";1000;"2020-03-15"
27395;"energy";"electricity";2800;2989;"2018-04-08";"2018-11-01";"";"";"";"Sigmaringen";"indelivery";1001;"2020-04-04"
27396;"energy";"electricity";2900;3139;"2020-08-07";"2020-11-01";"";"";"";"Mannheim";"active";1001;"2020-09-11"
27397;"energy";"gas";9400;9975;"2018-01-08";"2018-08-01";"";"";"";"Hamburg";"indelivery";2000;"2020-05-25"
27398;"energy";"electricity";2500;"";"2019-03-31";"2019-11-01";"";"";"";"Hannover";"indelivery";1002;"2019-05-14"
27399;"energy";"electricity";2700;2714;"2018-01-27";"2018-02-01";"";"";"";"Hamburg";"indelivery";1002;"2019-06-16"
27400;"energy";"electricity";2000;1951;"2019-08-05";"2020-04-01";"";"";"";"Lübeck";"indelivery";1002;"2019-10-25"
27401;"energy";"electricity";2200;2121;"2020-05-05";"2020-07-01";"";"";"";"Hamburg";"indelivery";1001;"2020-07-21"
27402;"energy";"gas";9700;9305;"2019-05-29";"2019-09-01";"";"";"";"Berlin";"indelivery";2000;"2020-02-13"
27403;"energy";"electricity";2800;2740;"2019-12-29";"2020-02-01";"";"";"";"Essen";"indelivery";1001;"2020-07-01"
27404;"energy";"electricity";2700;2913;"2019-11-07";"2019-12-01";"";"";"";"Frankfurt";"indelivery";1001;"2019-11-13"
27405;"energy";"electricity";2700;2685;"2018-07-15";"2019-01-01";"";"";"";"Bonn";"indelivery";1002;"2020-03-10"
27406;"energy";"electricity";2900;2740;"2018-02-10";"2018-04-01";"";"";"";"Euskirchen";"indelivery";1000;"2020-04-26"
27407;"energy";"electricity";2400;2454;"2018-11-10";"2019-01-01";"";"";"";"Karlsruhe";"indelivery";1002;"2019-08-01"
27408;"energy";"electricity";3000;"";"2019-05-08";"2019-08-01";"";"";"";"Essen";"indelivery";1000;"2019-12-31"
27409;"energy";"gas";9500;9832;"2018-07-14";"2018-08-01";"2018-09-30";"2018-08-30";"fristgerecht durch LichtBlick";"Koblenz";"terminated";2000;"2018-08-30"
27410;"energy";"electricity";2600;2555;"2018-08-06";"2018-10-01";"";"";"";"Berlin";"indelivery";1001;"2018-12-23"
27411;"energy";"electricity";2800;2969;"2019-09-01";"2020-03-01";"";"";"";"Dortmund";"indelivery";1002;"2020-02-03"
27412;"energy";"electricity";2200;2212;"2020-02-19";"2020-07-01";"";"";"";"Oldenburg";"indelivery";1002;"2020-08-15"
27413;"energy";"electricity";2100;2021;"2018-02-10";"2018-04-01";"2018-04-01";"2019-09-01";"Wiederruf";"Bonn";"terminated";1002;"2019-06-18"
27414;"energy";"electricity";3000;2930;"2019-03-29";"2019-06-01";"2019-06-01";"2019-11-02";"Wiederruf";"Duisburg";"terminated";1000;"2019-09-30"
27415;"energy";"electricity";2200;"";"2020-01-16";"2020-03-01";"";"";"";"Leipzig";"indelivery";1001;"2020-03-01"
27416;"energy";"electricity";2300;"";"2020-01-16";"2020-02-01";"";"";"";"Calw";"indelivery";1001;"2020-09-22"
27417;"energy";"electricity";2500;2570;"2019-08-19";"2019-11-01";"2020-06-30";"2020-05-28";"fristgerecht durch LichtBlick";"Bremerhaven";"terminated";1000;"2020-02-17"
27418;"energy";"electricity";1900;2045;"2020-01-10";"2020-03-01";"";"";"";"Hamburg";"indelivery";1002;"2020-03-12"
27419;"energy";"electricity";2800;2662;"2018-08-08";"2019-02-01";"";"";"";"Hamburg";"indelivery";1002;"2020-07-02"
27420;"energy";"electricity";2100;2067;"2019-11-25";"2020-01-01";"";"";"";"Düsseldorf";"indelivery";1001;"2020-09-07"
27421;"energy";"electricity";2300;2444;"2019-11-20";"2020-01-01";"";"";"";"Osnabrück";"indelivery";1002;"2020-07-10"
27422;"energy";"electricity";2700;2866;"2018-05-24";"2018-09-01";"";"";"";"Regensburg";"indelivery";1000;"2018-11-23"
27423;"energy";"electricity";2400;2546;"2019-09-21";"2020-01-01";"";"";"";"Leipzig";"indelivery";1002;"2020-07-13"
27424;"energy";"electricity";2600;2596;"2018-01-25";"2018-12-01";"2019-08-31";"2019-08-02";"fristgerecht durch LichtBlick";"Wuppertal";"terminated";1001;"2019-08-02"
27425;"energy";"electricity";2600;2527;"2019-07-09";"2019-11-01";"";"";"";"Offenbach";"indelivery";1002;"2019-08-23"
27426;"energy";"electricity";3000;2949;"2020-08-13";"2020-12-01";"";"";"";"Hamburg";"active";1000;"2020-09-28"
27427;"energy";"electricity";2200;2117;"2018-10-06";"2019-05-01";"";"";"";"Frankfurt";"indelivery";1000;"2020-02-10"
27428;"energy";"electricity";2200;2295;"2019-10-22";"2020-01-01";"";"";"";"Berlin";"indelivery";1002;"2019-11-03"
27429;"energy";"electricity";2300;2162;"2018-11-18";"2018-12-01";"2019-08-31";"2019-07-29";"Umzug";"Munich";"terminated";1002;"2019-07-29"
27430;"energy";"electricity";2300;2510;"2019-08-31";"2020-02-01";"";"";"";"Magdeburg";"indelivery";1001;"2020-03-09"
27431;"energy";"electricity";2500;2404;"2020-01-09";"2020-03-01";"";"";"";"Augsburg";"indelivery";1000;"2020-04-19"
27432;"energy";"electricity";2600;2668;"2018-01-20";"2018-08-01";"";"";"";"Potsdam";"indelivery";1002;"2018-04-11"
27433;"energy";"electricity";2100;2142;"2019-11-02";"2020-01-01";"2020-01-01";"2020-10-26";"Wiederruf";"Neunkirchen";"terminated";1001;"2020-05-25"
27434;"energy";"gas";9900;10155;"2019-06-26";"2019-09-01";"";"";"";"Karlsruhe";"indelivery";2000;"2020-09-29"
27435;"energy";"gas";10900;10520;"2019-07-10";"2019-11-01";"";"";"";"Erfurt";"indelivery";2000;"2020-03-30"
27436;"energy";"electricity";2300;2357;"2018-04-05";"2018-11-01";"";"";"";"Dresden";"indelivery";1001;"2020-03-19"
27437;"energy";"electricity";2600;"";"2018-01-17";"2018-03-01";"";"";"";"Düsseldorf";"indelivery";1000;"2019-05-11"
27438;"energy";"electricity";2400;2339;"2020-01-18";"2020-03-01";"";"";"";"Dresden";"indelivery";1000;"2020-04-14"
27439;"energy";"electricity";2300;2323;"2018-03-06";"2018-05-01";"";"";"";"Dresden";"indelivery";1000;"2019-05-11"
27440;"energy";"gas";11500;12401;"2018-05-21";"2018-07-01";"";"";"";"Berlin";"indelivery";2000;"2020-06-26"
27441;"energy";"electricity";1900;1842;"2019-03-15";"2019-05-01";"";"";"";"Berlin";"indelivery";1002;"2019-12-08"
27442;"energy";"electricity";2300;"";"2019-03-22";"2019-07-01";"";"";"";"Marienberg";"indelivery";1002;"2020-09-12"
27443;"energy";"electricity";2400;2538;"2019-09-09";"2019-10-01";"";"";"";"Lichtenfels";"indelivery";1000;"2020-05-11"
27444;"energy";"electricity";2900;"";"2020-09-17";"2021-02-01";"";"";"";"Mainz";"active";1000;"2020-09-21"
27445;"energy";"electricity";2700;"";"2018-11-06";"2019-06-01";"2020-05-31";"2020-04-30";"fristgerecht durch Kunde";"Braunschweig";"terminated";1000;"2018-12-04"
27446;"energy";"electricity";2500;2379;"2018-11-19";"2019-04-01";"";"";"";"Münster";"indelivery";1002;"2019-10-11"
27447;"energy";"gas";9700;10267;"2019-06-29";"2019-09-01";"";"";"";"Munich";"indelivery";2001;"2020-01-05"
27448;"energy";"gas";8000;8072;"2020-06-13";"2020-11-01";"";"";"";"Hamburg";"active";2000;"2020-07-16"
27449;"energy";"electricity";2600;2764;"2019-04-16";"2019-07-01";"";"";"";"Regensburg";"indelivery";1002;"2020-03-20"
27450;"energy";"gas";9200;"";"2019-10-19";"2019-12-01";"";"";"";"Cologne";"indelivery";2000;"2020-09-03"
27451;"energy";"electricity";2000;2078;"2020-01-09";"2020-03-01";"";"";"";"Göttingen";"indelivery";1001;"2020-09-18"
27452;"energy";"electricity";2200;2094;"2019-10-04";"2020-01-01";"";"";"";"Bonn";"indelivery";1000;"2020-06-09"
27453;"energy";"gas";8600;8675;"2020-04-02";"2020-07-01";"";"";"";"Wuppertal";"indelivery";2000;"2020-05-05"
27454;"energy";"electricity";2600;2622;"2018-01-23";"2018-09-01";"2019-02-28";"2019-01-31";"fristgerecht durch Kunde";"Essen";"terminated";1000;"2019-01-31"
27455;"energy";"electricity";2100;2208;"2020-06-06";"2020-11-01";"";"";"";"Dortmund";"active";1002;"2020-08-20"
27456;"energy";"electricity";3000;2903;"2020-05-22";"2021-04-01";"";"";"";"Mainz";"active";1000;"2020-09-27"
27457;"energy";"electricity";2400;"";"2018-04-08";"2018-06-01";"";"";"";"Saarbrücken";"indelivery";1001;"2019-11-27"
27458;"energy";"electricity";2400;2386;"2018-08-23";"2018-11-01";"";"";"";"Jever";"indelivery";1001;"2020-07-13"
27459;"energy";"electricity";3000;3053;"2018-11-29";"2019-01-01";"";"";"";"Mannheim";"indelivery";1002;"2020-02-24"
27460;"energy";"electricity";2000;1936;"2019-05-06";"2019-12-01";"2020-09-30";"2020-09-02";"fristgerecht durch LichtBlick";"Frankfurt";"terminated";1002;"2020-07-03"
27461;"energy";"electricity";2700;2916;"2019-11-17";"2020-05-01";"";"";"";"Marienberg";"indelivery";1001;"2020-05-18"
27462;"energy";"electricity";2900;"";"2020-07-16";"2020-08-01";"";"";"";"Leipzig";"indelivery";1002;"2020-08-26"
27463;"energy";"electricity";2400;2462;"2019-10-26";"2019-11-01";"";"";"";"Hamburg";"indelivery";1000;"2019-12-28"
27464;"energy";"electricity";2100;2006;"2018-12-28";"2019-06-01";"2020-02-29";"2020-02-01";"fristgerecht durch Kunde";"Essen";"terminated";1001;"2020-02-01"
27465;"energy";"electricity";2200;2122;"2019-08-12";"2019-11-01";"";"";"";"Berlin";"indelivery";1000;"2020-04-21"
27466;"energy";"electricity";2200;2326;"2019-08-14";"2019-09-01";"";"";"";"Frankfurt";"indelivery";1000;"2020-09-01"
27467;"energy";"electricity";2200;2189;"2019-02-17";"2019-07-01";"";"";"";"Marienberg";"indelivery";1002;"2019-03-09"
27468;"energy";"electricity";2200;2255;"2020-05-23";"2020-08-01";"";"";"";"Berlin";"indelivery";1000;"2020-09-09"
27469;"energy";"electricity";2500;2596;"2020-06-18";"2021-01-01";"";"";"";"Magdeburg";"active";1001;"2020-07-22"
27470;"energy";"electricity";2100;2067;"2020-02-06";"2020-05-01";"";"";"";"Augsburg";"indelivery";1001;"2020-02-28"
27471;"energy";"electricity";2500;2436;"2018-01-21";"2018-02-01";"2018-11-30";"2018-11-01";"Umzug";"Marienberg";"terminated";1000;"2018-11-01"
27472;"energy";"electricity";2400;2363;"2018-04-18";"2018-05-01";"";"";"";"Munich";"indelivery";1001;"2020-07-05"
27473;"energy";"electricity";2300;2253;"2020-09-03";"2021-01-01";"";"";"";"Fürstenfeldbruck";"active";1000;"2020-09-21"
27474;"energy";"electricity";2300;2442;"2019-09-11";"2020-01-01";"";"";"";"Altchemnitz";"indelivery";1002;"2020-09-12"
27475;"energy";"electricity";2100;2152;"2019-05-05";"2019-07-01";"";"";"";"Berlin";"indelivery";1000;"2019-12-09"
27476;"energy";"gas";10800;10263;"2018-12-28";"2019-03-01";"";"";"";"Hannover";"indelivery";2001;"2020-08-19"
27477;"energy";"gas";11300;10946;"2019-12-11";"2020-04-01";"";"";"";"Hamburg";"indelivery";2001;"2020-01-04"
27478;"energy";"electricity";2900;2718;"2019-07-19";"2019-10-01";"";"";"";"Magdeburg";"indelivery";1000;"2020-01-17"
27479;"energy";"electricity";2500;2623;"2018-12-11";"2019-03-01";"2020-06-30";"2020-05-28";"fristgerecht durch Kunde";"Neuss";"terminated";1002;"2020-01-24"
27480;"energy";"electricity";2700;2646;"2020-04-06";"2020-09-01";"";"";"";"Bad Tölz";"indelivery";1002;"2020-09-09"
27481;"energy";"electricity";2500;"";"2020-04-12";"2020-08-01";"";"";"";"Altchemnitz";"indelivery";1001;"2020-09-22"
27482;"energy";"electricity";2400;"";"2020-08-05";"2021-02-01";"";"";"";"Munich";"active";1000;"2020-09-25"
27483;"energy";"electricity";2700;2824;"2020-02-19";"2021-01-01";"";"";"";"Cologne";"active";1001;"2020-04-10"
27484;"energy";"gas";10000;"";"2019-07-05";"2020-04-01";"";"";"";"Cologne";"indelivery";2001;"2019-11-10"
27485;"energy";"electricity";2600;2737;"2019-10-25";"2020-02-01";"";"";"";"Lauterbach";"indelivery";1000;"2020-05-22"
27486;"energy";"electricity";2700;"";"2019-12-12";"2020-04-01";"";"";"";"Berlin";"indelivery";1002;"2020-03-03"
27487;"energy";"electricity";2600;2659;"2018-05-10";"2018-08-01";"2018-08-01";"2020-10-03";"Wiederruf";"Berlin";"terminated";1001;"2019-11-24"
27488;"energy";"electricity";2200;2177;"2019-04-07";"2019-07-01";"2019-09-30";"2019-09-02";"fristgerecht durch Kunde";"Düsseldorf";"terminated";1002;"2019-09-02"
27489;"energy";"electricity";2400;2359;"2018-08-09";"2018-10-01";"";"";"";"Hamburg";"indelivery";1000;"2020-04-02"
27490;"energy";"electricity";2800;"";"2018-04-11";"2018-07-01";"2018-07-01";"2019-06-30";"Wiederruf";"Bremen";"terminated";1002;"2019-06-30"
27491;"energy";"electricity";2000;"";"2018-12-28";"2019-01-01";"";"";"";"Essen";"indelivery";1002;"2019-01-01"
27492;"energy";"electricity";2400;2521;"2019-12-30";"2020-06-01";"";"";"";"Ulm";"indelivery";1002;"2020-06-06"
27493;"energy";"electricity";2700;2720;"2019-11-03";"2020-09-01";"";"";"";"Wuppertal";"indelivery";1000;"2020-01-20"
27494;"energy";"electricity";2800;2715;"2018-06-05";"2018-08-01";"";"";"";"Bremen";"indelivery";1002;"2020-05-17"
27495;"energy";"gas";8900;9530;"2019-01-27";"2020-01-01";"";"";"";"Hamburg";"indelivery";2001;"2020-01-07"
27496;"energy";"electricity";2500;2654;"2018-07-25";"2018-10-01";"";"";"";"Pirna";"indelivery";1000;"2020-09-26"
27497;"energy";"electricity";2600;2551;"2018-05-14";"2018-07-01";"";"";"";"Cologne";"indelivery";1001;"2019-09-14"
27498;"energy";"electricity";2500;2564;"2019-07-02";"2019-08-01";"2020-11-30";"2020-10-30";"fristgerecht durch LichtBlick";"Essen";"cancelled";1001;"2020-05-19"
27499;"energy";"electricity";2000;2138;"2018-08-04";"2019-03-01";"";"";"";"Hamburg";"indelivery";1002;"2018-12-04"
27500;"energy";"gas";9000;9427;"2018-09-23";"2018-12-01";"";"";"";"Heidelberg";"indelivery";2001;"2020-03-02"
27501;"energy";"electricity";2700;2894;"2018-07-07";"2018-08-01";"";"";"";"Osnabrück";"indelivery";1002;"2020-06-23"
27502;"energy";"electricity";2700;2811;"2019-11-10";"2020-05-01";"";"";"";"Düsseldorf";"indelivery";1000;"2020-04-10"
27503;"energy";"gas";11000;11488;"2019-03-08";"2019-06-01";"";"";"";"Munich";"indelivery";2001;"2020-07-06"
27504;"energy";"electricity";2500;2631;"2020-03-23";"2020-05-01";"";"";"";"Mannheim";"indelivery";1001;"2020-08-31"
27505;"energy";"electricity";2000;2025;"2020-09-24";"2021-02-01";"";"";"";"Dresden";"active";1002;"2020-09-28"
27506;"energy";"gas";11000;11811;"2019-12-03";"2020-01-01";"";"";"";"Hamburg";"indelivery";2000;"2020-06-16"
27507;"energy";"gas";9100;8832;"2018-02-23";"2018-08-01";"2020-07-31";"2020-06-30";"Umzug";"Duisburg";"terminated";2001;"2020-06-30"
27508;"energy";"electricity";2700;2723;"2018-11-13";"2019-01-01";"";"";"";"Mainz";"indelivery";1002;"2019-07-01"
27509;"energy";"electricity";2200;2160;"2019-06-02";"2020-01-01";"";"";"";"Rostock";"indelivery";1001;"2020-06-25"
27510;"energy";"electricity";2300;2303;"2018-05-13";"2018-07-01";"";"";"";"Fürth";"indelivery";1001;"2019-08-20"
27511;"energy";"electricity";2800;"";"2018-05-10";"2018-08-01";"";"";"";"Bremerhaven";"indelivery";1002;"2018-12-05"
27512;"energy";"electricity";2600;2605;"2019-12-12";"2020-12-01";"";"";"";"Fürth";"active";1001;"2020-01-30"
27513;"energy";"electricity";2400;2458;"2018-07-04";"2018-08-01";"";"";"";"Frankfurt";"indelivery";1000;"2018-08-16"
27514;"energy";"electricity";2000;"";"2019-12-04";"2020-08-01";"";"";"";"Stuttgart";"indelivery";1001;"2020-09-06"
27515;"energy";"electricity";2600;2685;"2019-04-13";"2019-07-01";"";"";"";"Dortmund";"indelivery";1001;"2020-05-30"
27516;"energy";"electricity";2400;2424;"2019-12-23";"2020-11-01";"";"";"";"Kassel";"active";1000;"2020-07-04"
27517;"energy";"electricity";2100;2049;"2018-08-06";"2018-10-01";"2019-05-31";"2019-05-02";"Umzug";"Berlin";"terminated";1001;"2019-05-02"
27518;"energy";"electricity";2600;2756;"2019-11-26";"2020-03-01";"2020-11-30";"2020-11-02";"fristgerecht durch Kunde";"Berlin";"cancelled";1002;"2020-03-31"
27519;"energy";"electricity";2600;2734;"2020-03-22";"2020-06-01";"";"";"";"Magdeburg";"indelivery";1002;"2020-05-09"
27520;"energy";"electricity";2700;"";"2020-05-29";"2020-07-01";"";"";"";"Hannover";"indelivery";1000;"2020-06-20"
27521;"energy";"electricity";2400;2264;"2019-03-25";"2019-05-01";"2020-06-30";"2020-05-31";"fristgerecht durch LichtBlick";"Vechta";"terminated";1002;"2019-10-03"
27522;"energy";"electricity";2200;2127;"2018-12-17";"2019-01-01";"";"";"";"Zweibrücken";"indelivery";1002;"2019-01-20"
27523;"energy";"electricity";2000;2067;"2018-04-09";"2018-06-01";"2019-10-31";"2019-10-02";"fristgerecht durch Kunde";"Munich";"terminated";1001;"2019-10-02"
27524;"energy";"electricity";2500;2550;"2018-12-06";"2019-02-01";"2020-12-31";"2020-12-02";"fristgerecht durch Kunde";"Duisburg";"cancelled";1001;"2020-03-22"
27525;"energy";"electricity";2400;2425;"2018-06-26";"2019-02-01";"";"";"";"Munich";"indelivery";1002;"2019-10-29"
27526;"energy";"electricity";2400;2505;"2020-07-03";"2020-08-01";"";"";"";"Berlin";"indelivery";1000;"2020-08-26"
27527;"energy";"electricity";2900;2833;"2018-01-27";"2018-06-01";"2018-06-01";"2018-10-31";"Wiederruf";"Munich";"terminated";1002;"2018-09-09"
27528;"energy";"electricity";2400;2473;"2020-04-04";"2020-06-01";"";"";"";"Rostock";"indelivery";1001;"2020-04-23"
27529;"energy";"electricity";2700;2959;"2019-06-23";"2019-09-01";"";"";"";"Altchemnitz";"indelivery";1001;"2020-04-15"
27530;"energy";"electricity";2800;2920;"2020-08-18";"2021-01-01";"";"";"";"Frankfurt";"active";1002;"2020-09-16"
27531;"energy";"electricity";2900;3053;"2018-03-26";"2018-07-01";"2019-04-30";"2019-04-02";"fristgerecht durch Kunde";"Rostock";"terminated";1002;"2018-12-11"
27532;"energy";"electricity";2400;2457;"2018-01-16";"2018-06-01";"2018-12-31";"2018-12-02";"fristgerecht durch Kunde";"Münster";"terminated";1002;"2018-12-02"
27533;"energy";"electricity";2700;2681;"2018-08-14";"2019-02-01";"";"";"";"Heidelberg";"indelivery";1000;"2019-08-26"
27534;"energy";"electricity";2200;2131;"2019-09-17";"2020-02-01";"";"";"";"Freiburg";"indelivery";1000;"2020-08-05"
27535;"energy";"electricity";2800;"";"2019-04-07";"2019-05-01";"";"";"";"Bremen";"indelivery";1002;"2019-04-14"
27536;"energy";"electricity";2100;"";"2020-08-21";"2021-03-01";"";"";"";"Frankfurt";"active";1001;"2020-09-13"
27537;"energy";"electricity";2300;2400;"2018-11-17";"2019-03-01";"2019-12-31";"2019-12-01";"Umzug";"Dortmund";"terminated";1000;"2018-12-26"
27538;"energy";"electricity";2700;2541;"2019-02-25";"2019-07-01";"";"";"";"Osnabrück";"indelivery";1000;"2019-09-12"
27539;"energy";"gas";10400;10247;"2019-06-02";"2019-09-01";"";"";"";"Cologne";"indelivery";2000;"2019-06-19"
27540;"energy";"gas";8100;8586;"2020-09-11";"2020-11-01";"";"";"";"Munich";"active";2000;"2020-09-28"
27541;"energy";"electricity";2900;3059;"2019-09-26";"2019-12-01";"";"";"";"Jena";"indelivery";1000;"2019-11-09"
27542;"energy";"electricity";2100;2062;"2018-03-05";"2018-07-01";"2018-07-01";"2019-11-02";"Wiederruf";"Stuttgart";"terminated";1001;"2018-09-30"
27543;"energy";"electricity";2800;2679;"2018-04-03";"2018-05-01";"2018-10-31";"2018-09-27";"Umzug";"Hamburg";"terminated";1000;"2018-09-27"
27544;"energy";"electricity";2000;2010;"2018-05-14";"2018-07-01";"";"";"";"Hamburg";"indelivery";1002;"2020-05-09"
27545;"energy";"electricity";2200;2248;"2018-10-04";"2019-03-01";"2019-06-30";"2019-06-01";"fristgerecht durch LichtBlick";"Cologne";"terminated";1002;"2019-06-01"
27546;"energy";"electricity";2000;2065;"2019-12-26";"2020-04-01";"";"";"";"Dortmund";"indelivery";1002;"2020-09-15"
27547;"energy";"electricity";2200;2093;"2018-02-12";"2019-07-01";"";"";"";"Wiesbaden";"indelivery";1002;"2018-05-10"
27548;"energy";"electricity";2500;2418;"2019-07-28";"2019-09-01";"2020-10-31";"2020-10-02";"Umzug";"Bremen";"cancelled";1002;"2019-08-25"
27549;"energy";"electricity";2100;2128;"2018-05-01";"2018-06-01";"2020-08-31";"2020-07-31";"fristgerecht durch LichtBlick";"Frankfurt";"terminated";1000;"2020-07-31"
27550;"energy";"electricity";1900;1929;"2020-07-17";"2020-12-01";"";"";"";"Berlin";"active";1002;"2020-09-02"
27551;"energy";"gas";9700;10406;"2018-08-14";"2019-03-01";"";"";"";"Fürth";"indelivery";2000;"2019-06-05"
27552;"energy";"gas";9300;9827;"2019-02-04";"2019-06-01";"";"";"";"Munich";"indelivery";2000;"2020-02-15"
27553;"energy";"electricity";2800;2927;"2019-12-29";"2020-04-01";"";"";"";"Duisburg";"indelivery";1001;"2020-03-01"
27554;"energy";"electricity";2200;2264;"2018-08-24";"2019-02-01";"";"";"";"Berlin";"indelivery";1001;"2019-05-11"
27555;"energy";"electricity";2700;2626;"2020-03-30";"2020-04-01";"";"";"";"Saarbrücken";"indelivery";1001;"2020-07-14"
27556;"energy";"electricity";2400;2330;"2020-09-15";"2021-02-01";"";"";"";"Senftenberg";"active";1002;"2020-09-21"
27557;"energy";"electricity";2900;2783;"2020-03-13";"2020-05-01";"";"";"";"Berlin";"indelivery";1001;"2020-04-11"
27558;"energy";"gas";11000;10771;"2018-11-19";"2019-02-01";"";"";"";"Frankfurt";"indelivery";2001;"2019-05-29"
27559;"energy";"electricity";2800;2904;"2018-03-16";"2018-05-01";"2018-05-01";"2019-04-02";"Wiederruf";"Osnabrück";"terminated";1001;"2019-04-02"
27560;"energy";"electricity";2000;1925;"2020-09-13";"2020-12-01";"";"";"";"Berlin";"active";1002;"2020-09-28"
27561;"energy";"electricity";2900;2912;"2020-03-20";"2020-07-01";"";"";"";"Karlsruhe";"indelivery";1001;"2020-06-07"
27562;"energy";"electricity";2100;2143;"2018-10-13";"2019-02-01";"";"";"";"Munich";"indelivery";1002;"2018-11-01"
27563;"energy";"electricity";2200;2199;"2018-01-02";"2018-02-01";"";"";"";"Essen";"indelivery";1002;"2020-04-28"
27564;"energy";"electricity";2200;2130;"2020-06-12";"2020-12-01";"";"";"";"Leipzig";"active";1002;"2020-08-13"
27565;"energy";"electricity";2300;"";"2020-03-06";"2020-06-01";"";"";"";"Münster";"indelivery";1001;"2020-09-08"
27566;"energy";"electricity";2700;2616;"2019-01-28";"2019-08-01";"";"";"";"Munich";"indelivery";1000;"2020-08-15"
27567;"energy";"electricity";2400;"";"2019-04-23";"2020-02-01";"";"";"";"Berlin";"indelivery";1001;"2020-01-10"
27568;"energy";"gas";11600;11368;"2020-08-09";"2020-09-01";"";"";"";"Düsseldorf";"indelivery";2001;"2020-08-14"
27569;"energy";"electricity";2700;2765;"2020-05-11";"2020-06-01";"";"";"";"Marienberg";"indelivery";1000;"2020-06-26"
27570;"energy";"electricity";2800;2732;"2018-03-15";"2018-10-01";"2020-02-29";"2020-02-01";"fristgerecht durch Kunde";"Munich";"terminated";1002;"2019-10-19"
27571;"energy";"gas";11200;11612;"2018-03-29";"2018-06-01";"";"";"";"Mosbach";"indelivery";2001;"2019-09-14"
27572;"energy";"electricity";2300;2180;"2018-06-19";"2018-11-01";"";"";"";"Magdeburg";"indelivery";1002;"2020-09-02"
27573;"energy";"electricity";2200;"";"2019-11-19";"2019-12-01";"";"";"";"Bielefeld";"indelivery";1001;"2020-04-25"
27574;"energy";"electricity";2300;2408;"2020-09-16";"2021-08-01";"";"";"";"Bonn";"active";1000;"2020-09-22"
27575;"energy";"electricity";2700;2610;"2020-07-13";"2020-12-01";"";"";"";"Berlin";"active";1000;"2020-08-26"
27576;"energy";"electricity";2100;2108;"2020-09-11";"2020-10-01";"";"";"";"Cologne";"indelivery";1001;"2020-09-28"
27577;"energy";"electricity";2400;2316;"2019-02-27";"2019-09-01";"";"";"";"Berlin";"indelivery";1000;"2019-10-21"
27578;"energy";"electricity";2400;2464;"2019-09-16";"2019-12-01";"";"";"";"Wuppertal";"indelivery";1002;"2020-07-09"
27579;"energy";"electricity";2700;2572;"2018-11-10";"2019-09-01";"";"";"";"Ingolstadt";"indelivery";1002;"2020-08-05"
27580;"energy";"electricity";2800;2722;"2019-12-31";"2020-03-01";"";"";"";"Munich";"indelivery";1002;"2020-03-18"
27581;"energy";"electricity";2300;2320;"2019-11-05";"2020-04-01";"";"";"";"Sondershausen";"indelivery";1002;"2020-01-22"
27582;"energy";"electricity";2000;1883;"2019-10-13";"2020-01-01";"";"";"";"Munich";"indelivery";1002;"2020-08-04"
27583;"energy";"electricity";2100;2255;"2019-09-01";"2020-04-01";"";"";"";"Braunschweig";"indelivery";1000;"2020-01-14"
27584;"energy";"electricity";2000;1951;"2019-09-17";"2020-03-01";"";"";"";"Altchemnitz";"indelivery";1002;"2019-10-22"
27585;"energy";"electricity";2100;2096;"2019-12-09";"2020-04-01";"";"";"";"Hannover";"indelivery";1001;"2019-12-30"
27586;"energy";"electricity";2300;"";"2019-05-26";"2019-07-01";"";"";"";"Flensburg";"indelivery";1000;"2020-03-03"
27587;"energy";"electricity";2800;2776;"2018-10-25";"2018-12-01";"";"";"";"Kiel";"indelivery";1001;"2019-05-09"
27588;"energy";"electricity";2600;2455;"2019-05-13";"2019-09-01";"";"";"";"Kusel";"indelivery";1002;"2019-07-20"
27589;"energy";"electricity";2200;2286;"2019-05-10";"2020-02-01";"2020-12-31";"2020-12-03";"fristgerecht durch Kunde";"Cologne";"cancelled";1001;"2019-09-22"
27590;"energy";"gas";9500;10022;"2019-04-20";"2019-10-01";"2020-05-31";"2020-05-02";"fristgerecht durch Kunde";"Berlin";"terminated";2000;"2019-08-30"
27591;"energy";"electricity";2400;2379;"2018-03-19";"2019-01-01";"2019-05-31";"2019-05-02";"fristgerecht durch LichtBlick";"Altchemnitz";"terminated";1001;"2019-05-02"
27592;"energy";"electricity";2500;2419;"2020-08-07";"2020-11-01";"";"";"";"Munich";"active";1001;"2020-08-31"
27593;"energy";"electricity";2900;2738;"2020-06-02";"2021-09-01";"";"";"";"Bielefeld";"active";1000;"2020-06-14"
27594;"energy";"gas";10900;10814;"2018-07-28";"2019-06-01";"";"";"";"Essen";"indelivery";2001;"2020-05-24"
27595;"energy";"electricity";3000;3122;"2019-09-16";"2019-10-01";"2019-10-01";"2020-09-01";"Wiederruf";"Rostock";"terminated";1000;"2019-12-20"
27596;"energy";"electricity";2700;2744;"2019-11-01";"2019-12-01";"";"";"";"Stade";"indelivery";1002;"2020-01-01"
27597;"energy";"electricity";2700;2884;"2020-03-12";"2020-05-01";"";"";"";"Munich";"indelivery";1001;"2020-04-06"
27598;"energy";"electricity";2400;"";"2019-07-14";"2019-09-01";"";"";"";"Essen";"indelivery";1002;"2020-08-17"
27599;"energy";"electricity";2600;2716;"2020-04-27";"2020-09-01";"";"";"";"Hamburg";"indelivery";1000;"2020-07-06"
27600;"energy";"electricity";2000;1983;"2020-02-06";"2020-09-01";"";"";"";"Gera";"indelivery";1001;"2020-06-24"
27601;"energy";"electricity";2500;2626;"2018-12-20";"2019-03-01";"";"";"";"Borken";"indelivery";1001;"2019-12-11"
27602;"energy";"electricity";2700;2574;"2018-12-22";"2019-10-01";"";"";"";"Augsburg";"indelivery";1001;"2019-05-01"
27603;"energy";"gas";7900;7563;"2019-11-13";"2020-02-01";"";"";"";"Berlin";"indelivery";2000;"2020-06-21"
27604;"energy";"electricity";2500;2409;"2020-06-25";"2020-09-01";"";"";"";"Cologne";"indelivery";1002;"2020-08-10"
27605;"energy";"electricity";2100;2012;"2020-07-09";"2020-11-01";"";"";"";"Düsseldorf";"active";1001;"2020-08-01"
27606;"energy";"electricity";2800;2702;"2018-10-29";"2018-12-01";"2019-08-31";"2019-07-31";"fristgerecht durch Kunde";"Leipzig";"terminated";1001;"2019-07-31"
27607;"energy";"electricity";2100;2132;"2020-09-30";"2021-09-01";"";"";"";"Hamburg";"active";1001;"2020-09-30"
27608;"energy";"electricity";2000;2022;"2020-04-09";"2020-09-01";"";"";"";"Berlin";"indelivery";1001;"2020-09-09"
27609;"energy";"gas";8400;8394;"2020-02-10";"2020-05-01";"";"";"";"Leipzig";"indelivery";2001;"2020-09-18"
27610;"energy";"electricity";2000;1967;"2018-06-10";"2019-02-01";"";"";"";"Hamburg";"indelivery";1000;"2019-11-30"
27611;"energy";"gas";12000;12525;"2018-02-26";"2018-06-01";"";"";"";"Mindelheim";"indelivery";2001;"2019-02-13"
27612;"energy";"electricity";2000;"";"2020-05-17";"2021-02-01";"";"";"";"Braunschweig";"active";1000;"2020-07-14"
27613;"energy";"electricity";2600;"";"2019-10-29";"2019-11-01";"";"";"";"Hannover";"indelivery";1000;"2020-01-18"
27614;"energy";"electricity";2200;"";"2019-01-13";"2019-04-01";"";"";"";"Dortmund";"indelivery";1001;"2019-06-26"
27615;"energy";"gas";11300;12148;"2018-11-07";"2019-02-01";"";"";"";"Dortmund";"indelivery";2000;"2020-01-11"
27616;"energy";"electricity";2600;2508;"2018-01-31";"2018-05-01";"";"";"";"Hamburg";"indelivery";1002;"2018-09-08"
27617;"energy";"electricity";2800;3027;"2020-01-19";"2020-07-01";"";"";"";"Potsdam";"indelivery";1001;"2020-04-26"
27618;"energy";"electricity";2300;2432;"2018-01-13";"2018-07-01";"";"";"";"Fürth";"indelivery";1001;"2019-03-26"
27619;"energy";"electricity";2600;2646;"2018-02-20";"2018-03-01";"2018-08-31";"2018-07-30";"Umzug";"Gera";"terminated";1001;"2018-07-30"
27620;"energy";"electricity";3000;"";"2020-08-03";"2020-10-01";"";"";"";"Bielefeld";"indelivery";1001;"2020-08-29"
27621;"energy";"electricity";2600;2637;"2018-11-23";"2019-03-01";"";"";"";"Braunschweig";"indelivery";1002;"2019-04-20"
27622;"energy";"gas";8000;"";"2018-01-28";"2018-04-01";"2018-04-01";"2019-09-02";"Wiederruf";"Berlin";"terminated";2001;"2019-04-11"
27623;"energy";"electricity";2100;2251;"2020-01-15";"2020-02-01";"";"";"";"Bielefeld";"indelivery";1002;"2020-06-07"
27624;"energy";"electricity";2400;"";"2019-11-21";"2020-04-01";"";"";"";"Marienberg";"indelivery";1002;"2020-06-18"
27625;"energy";"electricity";2600;2757;"2019-07-16";"2020-05-01";"";"";"";"Regensburg";"indelivery";1001;"2020-07-22"
27626;"energy";"electricity";2800;2909;"2020-09-22";"2020-11-01";"";"";"";"Augsburg";"active";1001;"2020-09-29"
27627;"energy";"electricity";2800;2747;"2020-09-12";"2020-11-01";"";"";"";"Karlsruhe";"active";1002;"2020-09-24"
27628;"energy";"electricity";3000;3182;"2018-03-27";"2018-07-01";"";"";"";"Duisburg";"indelivery";1001;"2019-02-06"
27629;"energy";"gas";9300;8914;"2018-07-29";"2018-09-01";"2019-04-30";"2019-03-31";"fristgerecht durch Kunde";"Hofeck";"terminated";2001;"2018-08-12"
27630;"energy";"electricity";2700;2585;"2018-02-12";"2018-08-01";"";"";"";"Augsburg";"indelivery";1002;"2019-11-01"
27631;"energy";"electricity";2100;1963;"2019-03-31";"2019-04-01";"";"";"";"Freiburg";"indelivery";1002;"2019-07-05"
27632;"energy";"electricity";2900;"";"2020-06-15";"2020-07-01";"";"";"";"Potsdam";"indelivery";1001;"2020-07-20"
27633;"energy";"electricity";2200;2251;"2018-05-11";"2018-07-01";"2020-01-31";"2020-01-03";"fristgerecht durch LichtBlick";"Munich";"terminated";1001;"2019-09-05"
27634;"energy";"electricity";2700;"";"2019-06-15";"2019-08-01";"";"";"";"Mönchengladbach";"indelivery";1002;"2019-09-23"
27635;"energy";"electricity";2900;2864;"2019-04-14";"2019-05-01";"";"";"";"Heidelberg";"indelivery";1000;"2019-12-24"
27636;"energy";"electricity";2200;2120;"2020-03-02";"2020-05-01";"";"";"";"Münster";"indelivery";1000;"2020-06-06"
27637;"energy";"electricity";2400;2506;"2018-05-26";"2018-08-01";"";"";"";"Mannheim";"indelivery";1000;"2018-11-07"
27638;"energy";"electricity";2200;2407;"2018-12-11";"2019-01-01";"2020-01-31";"2020-01-01";"fristgerecht durch LichtBlick";"Cottbus";"terminated";1002;"2019-06-01"
27639;"energy";"electricity";2500;2563;"2018-10-11";"2018-11-01";"";"";"";"Duisburg";"indelivery";1001;"2019-01-13"
27640;"energy";"electricity";3000;3041;"2019-07-05";"2019-09-01";"2020-06-30";"2020-05-31";"Umzug";"Ulm";"terminated";1000;"2020-05-31"
27641;"energy";"electricity";2300;2246;"2018-04-16";"2019-08-01";"";"";"";"Berlin";"indelivery";1002;"2019-03-18"
27642;"energy";"gas";10200;10821;"2019-08-22";"2019-10-01";"2019-10-01";"2020-11-01";"Wiederruf";"Munich";"terminated";2001;"2019-11-06"
27643;"energy";"gas";11400;11092;"2019-02-20";"2019-04-01";"";"";"";"Augsburg";"indelivery";2000;"2019-04-26"
27644;"energy";"electricity";2800;2774;"2018-09-06";"2018-11-01";"";"";"";"Berlin";"indelivery";1002;"2020-08-10"
27645;"energy";"gas";7400;7829;"2019-05-08";"2019-08-01";"2019-11-30";"2019-11-01";"fristgerecht durch LichtBlick";"Berlin";"terminated";2000;"2019-11-01"
27646;"energy";"electricity";2800;2839;"2020-05-04";"2020-08-01";"2020-10-31";"2020-10-03";"fristgerecht durch LichtBlick";"Gera";"cancelled";1000;"2020-06-18"
27647;"energy";"electricity";2600;2548;"2018-08-23";"2019-01-01";"";"";"";"Regensburg";"indelivery";1001;"2019-11-28"
27648;"energy";"electricity";2800;2936;"2019-03-27";"2019-05-01";"";"";"";"Bielefeld";"indelivery";1002;"2020-07-27"
27649;"energy";"electricity";2800;2862;"2019-08-03";"2019-10-01";"2019-10-01";"2020-01-03";"Wiederruf";"Hannover";"terminated";1002;"2019-12-08"
27650;"energy";"electricity";2100;2043;"2019-09-21";"2019-11-01";"";"";"";"Munich";"indelivery";1000;"2020-03-31"
27651;"energy";"electricity";2000;1909;"2019-06-09";"2019-07-01";"";"";"";"Hamburg";"indelivery";1002;"2019-11-23"
27652;"energy";"electricity";2700;"";"2020-02-17";"2020-06-01";"";"";"";"Munich";"indelivery";1002;"2020-07-26"
27653;"energy";"electricity";2600;2642;"2018-12-21";"2019-05-01";"";"";"";"Cologne";"indelivery";1001;"2020-06-07"
27654;"energy";"gas";8400;8823;"2018-05-24";"2018-09-01";"";"";"";"Bremerhaven";"indelivery";2000;"2019-08-24"
27655;"energy";"electricity";2300;2323;"2020-04-19";"2020-11-01";"";"";"";"Rostock";"active";1000;"2020-05-29"
27656;"energy";"electricity";2800;2700;"2018-06-12";"2018-07-01";"";"";"";"Cologne";"indelivery";1001;"2020-01-11"
27657;"energy";"gas";10900;10571;"2020-07-24";"2020-11-01";"";"";"";"Dortmund";"active";2000;"2020-08-20"
27658;"energy";"electricity";2700;2648;"2019-08-17";"2020-03-01";"";"";"";"Regensburg";"indelivery";1001;"2019-12-27"
27659;"energy";"electricity";2800;2971;"2020-03-07";"2020-06-01";"";"";"";"Osnabrück";"indelivery";1002;"2020-03-14"
27660;"energy";"electricity";2400;2500;"2020-05-07";"2020-09-01";"";"";"";"Dortmund";"indelivery";1000;"2020-09-08"
27661;"energy";"electricity";2000;2138;"2020-01-23";"2020-08-01";"";"";"";"Berlin";"indelivery";1002;"2020-07-23"
27662;"energy";"electricity";2200;2241;"2020-07-21";"2021-04-01";"";"";"";"Munich";"active";1001;"2020-08-31"
27663;"energy";"electricity";2900;"";"2019-07-07";"2019-09-01";"";"";"";"Leipzig";"indelivery";1000;"2020-06-26"
27664;"energy";"electricity";2900;2795;"2018-08-12";"2018-10-01";"";"";"";"Ingolstadt";"indelivery";1001;"2018-10-20"
27665;"energy";"electricity";2500;2499;"2018-12-22";"2019-03-01";"2019-03-01";"2020-10-01";"Wiederruf";"Lübeck";"terminated";1001;"2020-09-20"
27666;"energy";"electricity";2300;2216;"2018-08-18";"2019-05-01";"";"";"";"Hamburg";"indelivery";1001;"2020-04-15"
27667;"energy";"electricity";2300;2320;"2019-01-12";"2019-03-01";"2020-04-30";"2020-04-01";"fristgerecht durch LichtBlick";"Dortmund";"terminated";1001;"2019-02-27"
27668;"energy";"electricity";2400;2538;"2019-11-23";"2020-02-01";"2020-07-31";"2020-06-30";"Umzug";"Munich";"terminated";1000;"2020-06-30"
27669;"energy";"electricity";2700;2687;"2019-10-12";"2019-11-01";"2020-04-30";"2020-04-01";"fristgerecht durch Kunde";"Ingolstadt";"terminated";1002;"2020-04-01"
27670;"energy";"electricity";2400;2580;"2018-01-08";"2018-02-01";"";"";"";"Stuttgart";"indelivery";1001;"2019-04-05"
27671;"energy";"electricity";2800;2743;"2018-03-15";"2018-10-01";"";"";"";"Marienberg";"indelivery";1001;"2020-04-23"
27672;"energy";"electricity";2300;2195;"2020-01-29";"2020-04-01";"";"";"";"Munich";"indelivery";1000;"2020-03-16"
27673;"energy";"electricity";3000;2998;"2019-08-24";"2020-03-01";"";"";"";"Düsseldorf";"indelivery";1001;"2019-11-19"
27674;"energy";"electricity";2200;2216;"2018-09-01";"2019-01-01";"";"";"";"Munich";"indelivery";1000;"2020-04-25"
27675;"energy";"electricity";3000;2967;"2020-07-20";"2021-02-01";"";"";"";"Hannover";"active";1000;"2020-09-17"
27676;"energy";"electricity";2200;2145;"2019-12-05";"2020-02-01";"";"";"";"Koblenz";"indelivery";1001;"2020-03-14"
27677;"energy";"electricity";2700;2838;"2019-07-15";"2020-06-01";"";"";"";"Gera";"indelivery";1000;"2019-10-15"
27678;"energy";"electricity";2800;2831;"2020-02-15";"2020-03-01";"";"";"";"Cuxhaven";"indelivery";1002;"2020-05-08"
27679;"energy";"electricity";2700;2691;"2018-04-08";"2019-08-01";"";"";"";"Kulmbach";"indelivery";1000;"2020-02-29"
27680;"energy";"electricity";2600;2733;"2019-04-30";"2019-07-01";"";"";"";"Dresden";"indelivery";1002;"2020-03-29"
27681;"energy";"electricity";1900;1946;"2018-07-11";"2018-09-01";"";"";"";"Berlin";"indelivery";1002;"2019-11-21"
27682;"energy";"electricity";2600;"";"2019-10-09";"2020-01-01";"";"";"";"Berlin";"indelivery";1002;"2019-11-02"
27683;"energy";"electricity";2700;2580;"2018-02-10";"2018-04-01";"2020-09-30";"2020-09-01";"fristgerecht durch Kunde";"Essen";"terminated";1000;"2019-05-25"
27684;"energy";"electricity";2500;2448;"2019-12-31";"2020-03-01";"";"";"";"Braunschweig";"indelivery";1002;"2020-02-12"
27685;"energy";"electricity";2400;2435;"2020-02-15";"2020-05-01";"2020-11-30";"2020-11-02";"fristgerecht durch Kunde";"Dresden";"cancelled";1002;"2020-04-23"
27686;"energy";"electricity";2700;2864;"2019-10-03";"2020-05-01";"";"";"";"Frankfurt";"indelivery";1001;"2020-07-13"
27687;"energy";"gas";8300;"";"2020-07-23";"2020-10-01";"";"";"";"Kiel";"indelivery";2001;"2020-08-04"
27688;"energy";"electricity";2600;2560;"2020-02-06";"2021-03-01";"";"";"";"Ulm";"active";1002;"2020-02-28"
27689;"energy";"electricity";2800;2691;"2019-09-11";"2019-11-01";"";"";"";"Wuppertal";"indelivery";1001;"2020-05-21"
27690;"energy";"electricity";2400;2551;"2020-04-02";"2020-06-01";"2020-11-30";"2020-10-30";"Umzug";"Erfurt";"cancelled";1001;"2020-08-30"
27691;"energy";"gas";8700;9201;"2019-04-27";"2019-10-01";"";"";"";"Regensburg";"indelivery";2001;"2019-09-14"
27692;"energy";"electricity";2200;2179;"2019-05-26";"2019-07-01";"";"";"";"Augsburg";"indelivery";1001;"2020-01-24"
27693;"energy";"electricity";2400;2549;"2019-12-06";"2020-03-01";"";"";"";"Duisburg";"indelivery";1002;"2020-04-21"
27694;"energy";"electricity";2000;2002;"2020-03-27";"2020-04-01";"";"";"";"Frankfurt";"indelivery";1001;"2020-09-03"
27695;"energy";"electricity";2000;2036;"2020-03-10";"2020-09-01";"";"";"";"Braunschweig";"indelivery";1001;"2020-04-12"
27696;"energy";"electricity";2600;2454;"2018-07-25";"2019-03-01";"";"";"";"Saarbrücken";"indelivery";1002;"2018-09-15"
27697;"energy";"electricity";2000;2102;"2018-11-13";"2018-12-01";"";"";"";"Berlin";"indelivery";1002;"2020-01-03"
27698;"energy";"electricity";2100;2058;"2020-09-04";"2020-12-01";"";"";"";"Berlin";"active";1000;"2020-09-07"
27699;"energy";"electricity";2100;2136;"2020-01-02";"2020-10-01";"2020-12-31";"2020-12-02";"Umzug";"Braunschweig";"cancelled";1002;"2020-01-07"
27700;"energy";"electricity";2700;"";"2018-05-04";"2018-07-01";"";"";"";"Berlin";"indelivery";1002;"2020-07-24"
27701;"energy";"electricity";2100;2036;"2020-01-23";"2020-07-01";"";"";"";"Munich";"indelivery";1002;"2020-05-02"
27702;"energy";"electricity";2000;2026;"2018-03-17";"2018-05-01";"2019-02-28";"2019-01-29";"fristgerecht durch LichtBlick";"Hamburg";"terminated";1000;"2018-05-04"
27703;"energy";"electricity";2800;2909;"2020-04-27";"2020-09-01";"";"";"";"Berlin";"indelivery";1002;"2020-04-27"
27704;"energy";"electricity";2600;"";"2018-08-05";"2019-04-01";"";"";"";"Mannheim";"indelivery";1000;"2020-04-29"
27705;"energy";"electricity";2500;2616;"2018-12-30";"2019-04-01";"";"";"";"Duisburg";"indelivery";1002;"2020-03-23"
27706;"energy";"electricity";2600;2782;"2019-12-16";"2020-11-01";"";"";"";"Munich";"active";1000;"2020-02-26"
27707;"energy";"electricity";2500;2466;"2019-10-08";"2020-04-01";"";"";"";"Berlin";"indelivery";1002;"2020-07-23"
27708;"energy";"electricity";2100;2195;"2019-10-27";"2019-11-01";"";"";"";"Munich";"indelivery";1002;"2020-09-14"
27709;"energy";"gas";9200;9929;"2018-10-23";"2018-12-01";"";"";"";"Erfurt";"indelivery";2001;"2019-03-15"
27710;"energy";"electricity";2700;2817;"2019-05-22";"2019-07-01";"";"";"";"Altenkirchen";"indelivery";1000;"2020-09-30"
27711;"energy";"electricity";2100;2063;"2019-04-15";"2019-07-01";"2019-07-01";"2020-06-01";"Wiederruf";"Braunschweig";"terminated";1001;"2020-06-01"
27712;"energy";"electricity";2800;2620;"2019-01-16";"2019-03-01";"2020-11-30";"2020-10-28";"fristgerecht durch Kunde";"Marienberg";"cancelled";1000;"2019-07-01"
27713;"energy";"electricity";2200;2295;"2019-10-02";"2019-12-01";"";"";"";"Potsdam";"indelivery";1000;"2020-08-30"
27714;"energy";"electricity";2600;2434;"2020-05-07";"2020-09-01";"";"";"";"Munich";"indelivery";1000;"2020-06-20"
27715;"energy";"electricity";2200;2164;"2019-07-07";"2019-09-01";"";"";"";"Munich";"indelivery";1001;"2020-04-02"
27716;"energy";"electricity";2000;2169;"2019-08-04";"2019-11-01";"2019-12-31";"2019-11-25";"Umzug";"Munich";"terminated";1001;"2019-08-15"
27717;"energy";"electricity";2600;2568;"2018-04-06";"2018-11-01";"2020-03-31";"2020-03-01";"fristgerecht durch Kunde";"Gera";"terminated";1002;"2019-07-21"
27718;"energy";"electricity";2200;2128;"2018-12-11";"2019-01-01";"";"";"";"Eisenberg";"indelivery";1000;"2020-09-05"
27719;"energy";"gas";10700;10318;"2018-09-19";"2018-11-01";"";"";"";"Münster";"indelivery";2001;"2020-01-31"
27720;"energy";"electricity";2200;"";"2018-09-17";"2019-06-01";"";"";"";"Hamburg";"indelivery";1002;"2020-05-24"
27721;"energy";"electricity";2500;2663;"2018-01-05";"2018-03-01";"2019-03-31";"2019-03-02";"fristgerecht durch Kunde";"Braunschweig";"terminated";1000;"2019-01-05"
27722;"energy";"electricity";2700;2661;"2020-05-14";"2020-09-01";"";"";"";"Ulm";"indelivery";1000;"2020-05-21"
27723;"energy";"electricity";2000;2003;"2018-02-02";"2018-08-01";"";"";"";"Munich";"indelivery";1000;"2019-10-27"
27724;"energy";"gas";8100;"";"2018-05-19";"2018-11-01";"";"";"";"Gera";"indelivery";2001;"2020-01-21"
27725;"energy";"electricity";2100;2269;"2018-08-17";"2019-03-01";"2019-08-31";"2019-08-02";"fristgerecht durch LichtBlick";"Altchemnitz";"terminated";1001;"2019-08-02"
27726;"energy";"electricity";2500;2563;"2018-06-11";"2018-08-01";"";"";"";"Cologne";"indelivery";1002;"2018-09-15"
27727;"energy";"electricity";2300;2247;"2019-04-29";"2019-10-01";"";"";"";"Saarbrücken";"indelivery";1000;"2019-09-14"
27728;"energy";"electricity";2800;2805;"2018-06-28";"2018-08-01";"";"";"";"Berlin";"indelivery";1000;"2020-06-28"
27729;"energy";"electricity";2400;2433;"2018-05-01";"2018-06-01";"2020-07-31";"2020-06-29";"Umzug";"Leipzig";"terminated";1002;"2018-11-12"
27730;"energy";"electricity";2200;2225;"2019-06-29";"2020-01-01";"";"";"";"Rotenburg";"indelivery";1002;"2019-08-22"
27731;"energy";"electricity";2500;2636;"2020-05-10";"2020-10-01";"";"";"";"Dortmund";"indelivery";1000;"2020-07-11"
27732;"energy";"electricity";2200;2301;"2020-08-22";"2021-05-01";"";"";"";"Kassel";"active";1002;"2020-09-28"
27733;"energy";"electricity";2300;2444;"2019-11-12";"2020-10-01";"";"";"";"Regensburg";"indelivery";1001;"2020-05-26"
27734;"energy";"electricity";1900;1898;"2020-07-15";"2020-09-01";"";"";"";"Munich";"indelivery";1000;"2020-07-24"
27735;"energy";"electricity";2100;2200;"2018-03-30";"2018-11-01";"";"";"";"Cologne";"indelivery";1001;"2018-08-18"
27736;"energy";"electricity";2700;"";"2020-05-13";"2020-07-01";"";"";"";"Munich";"indelivery";1001;"2020-07-28"
27737;"energy";"electricity";2200;2280;"2019-12-18";"2020-08-01";"";"";"";"Stuttgart";"indelivery";1000;"2020-08-29"
27738;"energy";"electricity";2300;2270;"2018-12-23";"2019-02-01";"";"";"";"Düsseldorf";"indelivery";1001;"2019-11-04"
27739;"energy";"electricity";2300;2262;"2018-03-24";"2018-04-01";"";"";"";"Hamburg";"indelivery";1000;"2020-08-10"
27740;"energy";"electricity";2700;2669;"2019-06-02";"2020-04-01";"";"";"";"Cologne";"indelivery";1002;"2019-12-20"
27741;"energy";"electricity";2700;"";"2019-10-11";"2019-11-01";"";"";"";"Braunschweig";"indelivery";1001;"2020-08-04"
27742;"energy";"electricity";2100;2089;"2019-05-20";"2019-09-01";"";"";"";"Duisburg";"indelivery";1000;"2020-08-17"
27743;"energy";"electricity";2000;"";"2020-08-22";"2021-02-01";"";"";"";"Schwerin";"active";1000;"2020-09-15"
27744;"energy";"electricity";2600;2785;"2019-08-03";"2020-03-01";"";"";"";"Erlangen";"indelivery";1000;"2020-01-22"
27745;"energy";"electricity";2100;2269;"2019-12-04";"2020-07-01";"";"";"";"Essen";"indelivery";1001;"2020-09-12"
27746;"energy";"gas";10400;"";"2018-01-29";"2018-06-01";"2018-06-01";"2019-11-29";"Wiederruf";"Rathenow";"terminated";2001;"2019-11-29"
27747;"energy";"electricity";2900;2868;"2020-01-30";"2020-05-01";"";"";"";"Bad Segeberg";"indelivery";1000;"2020-02-23"
27748;"energy";"electricity";2300;2171;"2020-02-27";"2020-05-01";"";"";"";"Dortmund";"indelivery";1001;"2020-04-16"
27749;"energy";"gas";9900;9634;"2018-01-21";"2018-03-01";"2019-01-31";"2019-01-03";"Umzug";"Erfurt";"terminated";2000;"2018-06-04"
27750;"energy";"electricity";2000;2019;"2018-01-07";"2018-03-01";"2018-05-31";"2018-05-03";"fristgerecht durch LichtBlick";"Berlin";"terminated";1000;"2018-05-03"
27751;"energy";"electricity";2200;2191;"2019-11-02";"2020-03-01";"";"";"";"Hamburg";"indelivery";1002;"2020-05-16"
27752;"energy";"electricity";2100;2204;"2019-10-25";"2020-05-01";"";"";"";"Berlin";"indelivery";1002;"2020-02-04"
27753;"energy";"electricity";2200;2163;"2018-08-20";"2018-10-01";"2018-10-01";"2018-10-28";"Wiederruf";"Hamburg";"terminated";1000;"2018-10-28"
27754;"energy";"electricity";2000;2002;"2018-05-21";"2018-11-01";"";"";"";"Cologne";"indelivery";1002;"2018-12-28"
27755;"energy";"electricity";2600;2643;"2020-09-18";"2021-03-01";"";"";"";"Frankfurt";"active";1001;"2020-09-25"
27756;"energy";"electricity";3000;3197;"2019-11-19";"2020-05-01";"";"";"";"Meißen";"indelivery";1000;"2020-03-04"
27757;"energy";"electricity";3000;3139;"2018-04-28";"2018-08-01";"";"";"";"Düsseldorf";"indelivery";1000;"2020-03-08"
27758;"energy";"electricity";2800;2783;"2018-06-27";"2018-10-01";"2020-06-30";"2020-06-02";"fristgerecht durch Kunde";"Berlin";"terminated";1001;"2020-01-28"
27759;"energy";"electricity";2500;2702;"2020-07-26";"2020-08-01";"";"";"";"Lübeck";"indelivery";1000;"2020-09-24"
27760;"energy";"electricity";2700;2612;"2020-02-01";"2020-04-01";"";"";"";"Freiburg";"indelivery";1001;"2020-05-08"
27761;"energy";"electricity";2300;2392;"2020-03-07";"2020-06-01";"";"";"";"Lübeck";"indelivery";1001;"2020-04-02"
27762;"energy";"electricity";2600;"";"2019-01-07";"2019-03-01";"2019-03-01";"2020-09-01";"Wiederruf";"Bremen";"terminated";1000;"2019-12-01"
27763;"energy";"electricity";2100;2011;"2019-09-21";"2019-11-01";"";"";"";"Munich";"indelivery";1002;"2020-01-21"
27764;"energy";"electricity";2000;"";"2018-05-10";"2018-12-01";"";"";"";"Magdeburg";"indelivery";1002;"2018-07-30"
27765;"energy";"gas";9900;9749;"2020-09-29";"2021-03-01";"";"";"";"Bonn";"active";2001;"2020-09-30"
27766;"energy";"electricity";2400;2280;"2018-04-16";"2018-07-01";"";"";"";"Leipzig";"indelivery";1001;"2020-01-09"
27767;"energy";"gas";11100;10959;"2020-04-03";"2020-05-01";"";"";"";"Hamburg";"indelivery";2001;"2020-08-13"
27768;"energy";"gas";9600;10300;"2019-07-09";"2020-04-01";"";"";"";"Eichstätt";"indelivery";2001;"2020-09-02"
27769;"energy";"electricity";2800;3022;"2018-10-30";"2019-01-01";"";"";"";"Hamburg";"indelivery";1001;"2020-02-03"
27770;"energy";"electricity";2600;2671;"2019-07-26";"2020-10-01";"";"";"";"Frankfurt";"indelivery";1001;"2020-01-13"
27771;"energy";"electricity";2600;2685;"2019-12-18";"2020-01-01";"";"";"";"Mannheim";"indelivery";1002;"2020-04-22"
27772;"energy";"gas";10800;10261;"2020-09-19";"2021-09-01";"";"";"";"Munich";"active";2000;"2020-09-20"
27773;"energy";"electricity";2600;"";"2019-11-04";"2020-07-01";"";"";"";"Dingolfing";"indelivery";1000;"2020-01-13"
27774;"energy";"electricity";2900;"";"2020-08-10";"2020-12-01";"";"";"";"Berlin";"active";1000;"2020-09-18"
27775;"energy";"electricity";2300;2506;"2019-10-19";"2020-04-01";"";"";"";"Hannover";"indelivery";1002;"2020-03-22"
27776;"energy";"electricity";2600;2756;"2020-07-26";"2020-09-01";"";"";"";"Munich";"indelivery";1001;"2020-09-13"
27777;"energy";"electricity";2100;2155;"2019-08-26";"2019-10-01";"";"";"";"Düsseldorf";"indelivery";1002;"2019-12-09"
27778;"energy";"electricity";2200;"";"2019-08-01";"2019-10-01";"";"";"";"Cottbus";"indelivery";1001;"2019-10-13"
27779;"energy";"electricity";2500;2510;"2018-11-15";"2018-12-01";"2020-06-30";"2020-05-25";"fristgerecht durch Kunde";"Essen";"terminated";1002;"2020-05-25"
27780;"energy";"electricity";2400;"";"2018-08-08";"2018-09-01";"";"";"";"Potsdam";"indelivery";1000;"2020-06-14"
27781;"energy";"electricity";2600;2703;"2020-07-23";"2020-08-01";"";"";"";"Wuppertal";"indelivery";1000;"2020-08-17"
27782;"energy";"electricity";2600;2800;"2018-01-12";"2018-07-01";"2019-07-31";"2019-07-02";"Umzug";"Wuppertal";"terminated";1002;"2019-07-02"
27783;"energy";"electricity";2900;3021;"2020-07-20";"2020-11-01";"";"";"";"Cottbus";"active";1002;"2020-07-31"
27784;"energy";"electricity";2800;2764;"2018-04-28";"2018-07-01";"";"";"";"Lübeck";"indelivery";1000;"2020-07-12"
27785;"energy";"electricity";2700;2625;"2019-08-13";"2019-10-01";"";"";"";"Hamburg";"indelivery";1001;"2019-12-09"
27786;"energy";"electricity";2300;2417;"2020-05-17";"2021-04-01";"";"";"";"Regensburg";"active";1002;"2020-07-31"
27787;"energy";"electricity";2700;2688;"2020-07-18";"2020-10-01";"";"";"";"Marienberg";"indelivery";1002;"2020-07-27"
27788;"energy";"electricity";2100;2287;"2019-12-15";"2020-02-01";"";"";"";"Wiesbaden";"indelivery";1002;"2020-01-08"
27789;"energy";"electricity";2200;2273;"2018-01-09";"2018-02-01";"2020-03-31";"2020-03-02";"fristgerecht durch Kunde";"Dortmund";"terminated";1000;"2020-03-02"
27790;"energy";"electricity";2900;3063;"2018-08-31";"2019-07-01";"";"";"";"Karlsruhe";"indelivery";1001;"2019-03-30"
27791;"energy";"electricity";1900;1944;"2019-06-22";"2019-07-01";"";"";"";"Berlin";"indelivery";1000;"2019-11-22"
27792;"energy";"gas";8600;8234;"2018-09-03";"2019-06-01";"";"";"";"Leipzig";"indelivery";2000;"2019-09-16"
27793;"energy";"electricity";2200;2197;"2018-01-01";"2018-05-01";"";"";"";"Dresden";"indelivery";1000;"2019-05-27"
27794;"energy";"electricity";2300;2377;"2019-03-26";"2019-04-01";"";"";"";"Lübeck";"indelivery";1001;"2020-02-25"
27795;"energy";"electricity";2600;2591;"2018-07-27";"2018-09-01";"2019-01-31";"2018-12-28";"fristgerecht durch Kunde";"Fürth";"terminated";1002;"2018-12-28"
27796;"energy";"electricity";2400;2367;"2020-06-29";"2021-01-01";"";"";"";"Berlin";"active";1001;"2020-08-08"
27797;"energy";"electricity";2800;2889;"2019-04-03";"2019-06-01";"";"";"";"Cologne";"indelivery";1002;"2019-12-08"
27798;"energy";"electricity";2700;2692;"2018-01-29";"2018-03-01";"2018-07-31";"2018-06-30";"Umzug";"Lübeck";"terminated";1001;"2018-04-10"
27799;"energy";"electricity";2800;2741;"2018-08-07";"2018-10-01";"";"";"";"Marienberg";"indelivery";1001;"2018-12-07"
27800;"energy";"electricity";2100;2293;"2018-11-19";"2019-01-01";"";"";"";"Berlin";"indelivery";1002;"2019-09-15"
27801;"energy";"electricity";2600;2753;"2019-08-17";"2019-10-01";"";"";"";"Duisburg";"indelivery";1002;"2019-11-26"
27802;"energy";"gas";9900;"";"2020-03-07";"2020-06-01";"";"";"";"Mainz";"indelivery";2000;"2020-05-06"
27803;"energy";"electricity";2600;2518;"2019-02-10";"2019-08-01";"";"";"";"Hamburg";"indelivery";1002;"2020-06-09"
27804;"energy";"electricity";2900;2920;"2020-07-23";"2020-08-01";"";"";"";"Schwerin";"indelivery";1002;"2020-09-04"
27805;"energy";"electricity";2300;2335;"2019-04-29";"2019-05-01";"";"";"";"Bonn";"indelivery";1002;"2019-06-18"
27806;"energy";"electricity";2700;2654;"2019-07-13";"2019-09-01";"";"";"";"Berlin";"indelivery";1002;"2019-09-01"
27807;"energy";"electricity";2500;"";"2020-07-31";"2020-10-01";"";"";"";"Frankfurt";"indelivery";1001;"2020-08-22"
27808;"energy";"electricity";2000;1978;"2020-07-21";"2020-12-01";"";"";"";"Leipzig";"active";1000;"2020-08-24"
27809;"energy";"electricity";2500;2704;"2020-01-02";"2020-02-01";"";"";"";"Regensburg";"indelivery";1000;"2020-05-22"
27810;"energy";"electricity";2900;2947;"2018-02-11";"2018-04-01";"2019-02-28";"2019-01-30";"fristgerecht durch LichtBlick";"Bremen";"terminated";1001;"2019-01-30"
27811;"energy";"gas";10600;11403;"2018-11-03";"2019-02-01";"2019-02-01";"2020-01-01";"Wiederruf";"Berlin";"terminated";2001;"2020-01-01"
27812;"energy";"electricity";2600;2778;"2018-08-08";"2018-10-01";"";"";"";"Gera";"indelivery";1002;"2020-03-17"
27813;"energy";"electricity";2500;2694;"2020-08-23";"2021-01-01";"";"";"";"Meißen";"active";1002;"2020-09-07"
27814;"energy";"electricity";2400;2311;"2020-03-10";"2020-12-01";"";"";"";"Altenburg";"active";1002;"2020-04-22"
27815;"energy";"electricity";3000;3220;"2019-03-24";"2019-04-01";"2020-08-31";"2020-08-02";"fristgerecht durch Kunde";"Wiesbaden";"terminated";1000;"2020-07-26"
27816;"energy";"gas";8400;8197;"2020-07-18";"2020-09-01";"";"";"";"Karlsruhe";"indelivery";2001;"2020-08-13"
27817;"energy";"electricity";2500;2417;"2018-07-25";"2018-09-01";"2018-09-01";"2020-08-29";"Wiederruf";"Oldenburg";"terminated";1001;"2020-08-21"
27818;"energy";"electricity";2500;2434;"2018-01-07";"2018-06-01";"";"";"";"Frankfurt";"indelivery";1000;"2019-05-08"
27819;"energy";"gas";8700;9050;"2019-02-23";"2019-06-01";"";"";"";"Hannover";"indelivery";2001;"2019-10-01"
27820;"energy";"electricity";2300;2459;"2019-09-22";"2020-03-01";"";"";"";"Bremerhaven";"indelivery";1001;"2020-03-31"
27821;"energy";"electricity";2100;2102;"2019-07-04";"2019-10-01";"2020-02-29";"2020-01-31";"fristgerecht durch Kunde";"Marienberg";"terminated";1002;"2020-01-31"
27822;"energy";"gas";10900;11477;"2019-01-08";"2019-08-01";"2020-08-31";"2020-08-01";"fristgerecht durch Kunde";"Stuttgart";"terminated";2000;"2020-08-01"
27823;"energy";"electricity";3000;2894;"2019-02-05";"2019-06-01";"";"";"";"Osnabrück";"indelivery";1002;"2020-02-13"
27824;"energy";"electricity";3000;2865;"2020-08-21";"2021-02-01";"";"";"";"Wiesbaden";"active";1000;"2020-09-28"
27825;"energy";"electricity";3000;"";"2019-05-04";"2019-08-01";"";"";"";"Altchemnitz";"indelivery";1001;"2020-06-06"
27826;"energy";"electricity";2700;2593;"2020-09-01";"2021-01-01";"";"";"";"Frankfurt";"active";1002;"2020-09-19"
27827;"energy";"electricity";2800;2754;"2018-05-17";"2018-08-01";"";"";"";"Bremen";"indelivery";1000;"2018-12-03"
27828;"energy";"electricity";2500;2563;"2018-02-21";"2018-06-01";"2018-06-01";"2020-07-26";"Wiederruf";"Hamburg";"terminated";1001;"2019-02-18"
27829;"energy";"electricity";2900;3027;"2020-06-24";"2020-09-01";"";"";"";"Magdeburg";"indelivery";1001;"2020-09-06"
27830;"energy";"electricity";2500;2479;"2018-06-01";"2018-08-01";"";"";"";"Hamburg";"indelivery";1001;"2019-09-07"
27831;"energy";"electricity";2800;"";"2020-07-21";"2021-04-01";"";"";"";"Duisburg";"active";1001;"2020-09-19"
27832;"energy";"electricity";2400;2272;"2019-12-17";"2020-01-01";"";"";"";"Cologne";"indelivery";1002;"2020-01-22"
27833;"energy";"electricity";2400;2264;"2020-06-28";"2020-10-01";"";"";"";"Berlin";"indelivery";1001;"2020-07-26"
27834;"energy";"electricity";2600;2851;"2019-09-18";"2020-01-01";"";"";"";"Berlin";"indelivery";1001;"2020-08-06"
27835;"energy";"electricity";2700;"";"2018-05-08";"2018-06-01";"";"";"";"Hamburg";"indelivery";1001;"2018-10-07"
27836;"energy";"electricity";2700;2632;"2019-10-16";"2020-01-01";"";"";"";"Cologne";"indelivery";1001;"2019-12-03"
27837;"energy";"electricity";2800;"";"2020-09-16";"2021-01-01";"";"";"";"Speyer";"active";1002;"2020-09-30"
27838;"energy";"electricity";2500;2705;"2018-04-08";"2018-06-01";"2019-05-31";"2019-05-03";"fristgerecht durch LichtBlick";"Munich";"terminated";1000;"2019-05-03"
27839;"energy";"electricity";2900;3064;"2019-04-21";"2019-07-01";"";"";"";"Bremen";"indelivery";1000;"2020-05-28"
27840;"energy";"electricity";2500;2610;"2018-03-28";"2018-04-01";"";"";"";"Frankfurt";"indelivery";1002;"2020-08-05"
27841;"energy";"electricity";3000;3163;"2020-08-07";"2020-10-01";"";"";"";"Hannover";"indelivery";1002;"2020-09-01"
27842;"energy";"electricity";2900;3124;"2020-03-01";"2020-10-01";"";"";"";"Pfaffenhofen";"indelivery";1002;"2020-08-13"
27843;"energy";"electricity";2200;2187;"2020-02-03";"2020-04-01";"";"";"";"Kassel";"indelivery";1002;"2020-09-05"
27844;"energy";"electricity";2400;2359;"2019-06-20";"2019-09-01";"";"";"";"Hof";"indelivery";1002;"2020-07-18"
27845;"energy";"electricity";2800;2999;"2019-10-22";"2020-03-01";"2020-12-31";"2020-12-03";"fristgerecht durch Kunde";"Hannover";"cancelled";1002;"2020-05-20"
27846;"energy";"electricity";2800;2722;"2018-03-24";"2018-05-01";"";"";"";"Munich";"indelivery";1001;"2019-05-04"
27847;"energy";"electricity";2400;2485;"2019-07-21";"2019-09-01";"2019-09-01";"2019-10-02";"Wiederruf";"Hamm";"terminated";1000;"2019-10-02"
27848;"energy";"electricity";2200;2258;"2018-06-14";"2018-09-01";"";"";"";"Jena";"indelivery";1001;"2020-03-26"
27849;"energy";"electricity";2400;2321;"2018-12-26";"2019-08-01";"";"";"";"Essen";"indelivery";1001;"2020-01-21"
27850;"energy";"electricity";2800;2699;"2019-08-11";"2020-06-01";"";"";"";"Dresden";"indelivery";1000;"2019-11-27"
27851;"energy";"electricity";2000;2111;"2019-01-22";"2019-03-01";"";"";"";"Munich";"indelivery";1000;"2019-02-08"
27852;"energy";"electricity";2000;2127;"2020-04-26";"2020-09-01";"";"";"";"Hamburg";"indelivery";1001;"2020-07-12"
27853;"energy";"electricity";2500;2670;"2019-10-13";"2019-11-01";"";"";"";"Berlin";"indelivery";1000;"2020-07-18"
27854;"energy";"electricity";2300;2251;"2018-12-14";"2019-10-01";"";"";"";"Bremen";"indelivery";1000;"2019-04-12"
27855;"energy";"electricity";2900;2770;"2019-08-11";"2019-10-01";"";"";"";"Marienberg";"indelivery";1000;"2020-01-08"
27856;"energy";"electricity";2200;2401;"2018-12-19";"2020-01-01";"";"";"";"Stuttgart";"indelivery";1001;"2018-12-28"
27857;"energy";"electricity";2000;1927;"2019-10-11";"2019-12-01";"";"";"";"Bielefeld";"indelivery";1001;"2019-10-26"
27858;"energy";"electricity";2200;"";"2019-03-21";"2019-05-01";"2019-06-30";"2019-06-02";"Umzug";"Göttingen";"terminated";1002;"2019-06-02"
27859;"energy";"electricity";2100;2139;"2019-01-28";"2019-09-01";"2020-01-31";"2019-12-30";"fristgerecht durch Kunde";"Homberg";"terminated";1000;"2019-11-16"
27860;"energy";"gas";11400;10982;"2020-03-31";"2020-05-01";"2020-06-30";"2020-06-02";"fristgerecht durch Kunde";"Magdeburg";"terminated";2000;"2020-06-02"
27861;"energy";"electricity";2200;2373;"2019-05-12";"2019-06-01";"";"";"";"Stralsund";"indelivery";1001;"2020-06-05"
27862;"energy";"electricity";2100;1986;"2020-08-07";"2020-10-01";"";"";"";"Hamburg";"indelivery";1002;"2020-09-21"
27863;"energy";"electricity";2200;2316;"2018-12-13";"2019-03-01";"";"";"";"Weiden";"indelivery";1000;"2019-07-29"
27864;"energy";"electricity";2200;2266;"2019-01-08";"2019-03-01";"";"";"";"Hamburg";"indelivery";1002;"2019-05-02"
27865;"energy";"electricity";2000;1994;"2018-12-11";"2019-01-01";"";"";"";"Berlin";"indelivery";1000;"2020-06-07"
27866;"energy";"electricity";2600;2502;"2018-12-10";"2019-08-01";"";"";"";"Hamburg";"indelivery";1001;"2020-06-10"
27867;"energy";"electricity";2700;2807;"2019-12-20";"2020-03-01";"";"";"";"Berlin";"indelivery";1002;"2020-03-24"
27868;"energy";"gas";11400;11618;"2020-08-02";"2020-09-01";"";"";"";"Bielefeld";"indelivery";2001;"2020-09-20"
27869;"energy";"gas";11000;10769;"2019-02-17";"2019-08-01";"2020-10-31";"2020-09-29";"fristgerecht durch Kunde";"Duisburg";"cancelled";2000;"2020-02-14"
27870;"energy";"electricity";2600;2698;"2018-02-11";"2018-04-01";"";"";"";"Fürth";"indelivery";1002;"2018-12-25"
27871;"energy";"gas";10100;10703;"2018-10-03";"2019-01-01";"";"";"";"Hamburg";"indelivery";2001;"2019-08-06"
27872;"energy";"electricity";2500;2627;"2019-08-22";"2020-06-01";"";"";"";"Cottbus";"indelivery";1000;"2020-02-24"
27873;"energy";"electricity";2300;2380;"2020-08-05";"2020-09-01";"";"";"";"Berlin";"indelivery";1002;"2020-08-19"
27874;"energy";"gas";8800;9241;"2019-11-06";"2019-12-01";"2020-10-31";"2020-09-30";"Umzug";"Düsseldorf";"cancelled";2000;"2020-03-18"
27875;"energy";"gas";11400;"";"2018-12-31";"2019-08-01";"";"";"";"Essen";"indelivery";2001;"2020-09-29"
27876;"energy";"electricity";2200;2099;"2018-12-27";"2019-04-01";"";"";"";"Ulm";"indelivery";1001;"2019-07-18"
27877;"energy";"electricity";2100;"";"2018-02-21";"2018-09-01";"";"";"";"Berlin";"indelivery";1000;"2018-06-19"
27878;"energy";"electricity";2700;2725;"2019-04-16";"2020-02-01";"";"";"";"Lübeck";"indelivery";1002;"2019-06-27"
27879;"energy";"electricity";2400;2488;"2020-09-30";"2021-03-01";"";"";"";"Neumünster";"active";1000;"2020-09-30"
27880;"energy";"electricity";2700;2577;"2019-04-05";"2019-08-01";"2020-03-31";"2020-02-28";"fristgerecht durch LichtBlick";"Freiburg";"terminated";1001;"2019-07-09"
27881;"energy";"electricity";2600;2747;"2018-05-18";"2019-01-01";"2019-06-30";"2019-05-31";"Umzug";"Essen";"terminated";1002;"2018-08-28"
27882;"energy";"electricity";2600;2569;"2020-01-28";"2020-02-01";"";"";"";"Cologne";"indelivery";1002;"2020-04-19"
27883;"energy";"electricity";2600;2747;"2019-10-10";"2019-12-01";"2020-10-31";"2020-10-01";"fristgerecht durch Kunde";"Karlsruhe";"cancelled";1000;"2019-11-26"
27884;"energy";"gas";11400;11376;"2018-04-04";"2018-10-01";"2020-10-31";"2020-09-29";"fristgerecht durch Kunde";"Berlin";"cancelled";2000;"2019-04-14"
27885;"energy";"electricity";2300;2199;"2019-04-28";"2019-06-01";"";"";"";"Bremen";"indelivery";1000;"2020-09-09"
27886;"energy";"electricity";2000;1963;"2019-01-22";"2019-05-01";"";"";"";"Wiesbaden";"indelivery";1001;"2019-12-26"
27887;"energy";"electricity";1900;1905;"2020-04-17";"2020-08-01";"";"";"";"Cologne";"indelivery";1000;"2020-09-04"
27888;"energy";"electricity";2200;2090;"2019-04-08";"2019-07-01";"2020-08-31";"2020-08-03";"fristgerecht durch LichtBlick";"Stuttgart";"terminated";1001;"2019-12-09"
27889;"energy";"electricity";2200;2207;"2020-09-25";"2020-12-01";"";"";"";"Berlin";"active";1000;"2020-09-27"
27890;"energy";"electricity";2900;2852;"2019-11-09";"2020-10-01";"";"";"";"Hannover";"indelivery";1002;"2019-11-11"
27891;"energy";"electricity";2600;2673;"2019-05-26";"2019-06-01";"";"";"";"Hannover";"indelivery";1001;"2020-03-31"
27892;"energy";"electricity";2800;3025;"2020-05-06";"2020-07-01";"";"";"";"Berlin";"indelivery";1001;"2020-05-12"
27893;"energy";"electricity";2600;2685;"2020-02-03";"2020-04-01";"";"";"";"Frankfurt";"indelivery";1001;"2020-03-13"
27894;"energy";"electricity";2700;2883;"2018-02-09";"2018-05-01";"2018-05-01";"2019-08-01";"Wiederruf";"Karlsruhe";"terminated";1001;"2019-08-01"
27895;"energy";"electricity";2900;2809;"2020-01-31";"2020-06-01";"";"";"";"Düsseldorf";"indelivery";1002;"2020-08-22"
27896;"energy";"electricity";2600;2510;"2020-06-07";"2020-08-01";"";"";"";"Düsseldorf";"indelivery";1000;"2020-08-31"
27897;"energy";"gas";10300;10267;"2019-04-21";"2019-07-01";"";"";"";"Kiel";"indelivery";2001;"2019-06-12"
27898;"energy";"gas";9200;9409;"2019-05-12";"2019-09-01";"2020-07-31";"2020-07-03";"Umzug";"Bremen";"terminated";2000;"2019-12-20"
27899;"energy";"electricity";2400;2573;"2019-03-20";"2019-07-01";"";"";"";"Mannheim";"indelivery";1002;"2019-07-13"
27900;"energy";"electricity";1900;1989;"2019-10-02";"2019-12-01";"";"";"";"Munich";"indelivery";1001;"2020-04-30"
27901;"energy";"electricity";2300;2357;"2020-08-02";"2021-04-01";"";"";"";"Hamburg";"active";1000;"2020-08-16"
27902;"energy";"electricity";2600;2556;"2018-02-02";"2018-09-01";"2018-11-30";"2018-11-02";"Umzug";"Wiesbaden";"terminated";1001;"2018-11-02"
27903;"energy";"electricity";2600;2637;"2018-01-24";"2018-04-01";"2018-12-31";"2018-12-03";"fristgerecht durch Kunde";"Berlin";"terminated";1000;"2018-12-03"
27904;"energy";"electricity";2600;2760;"2019-05-26";"2019-08-01";"";"";"";"Berlin";"indelivery";1002;"2019-08-11"
27905;"energy";"electricity";2600;2518;"2019-06-05";"2019-08-01";"";"";"";"Memmingen";"indelivery";1000;"2019-11-12"
27906;"energy";"electricity";2800;2929;"2019-05-11";"2019-10-01";"";"";"";"Berlin";"indelivery";1000;"2020-02-19"
27907;"energy";"electricity";2400;2358;"2019-06-20";"2019-07-01";"";"";"";"Berlin";"indelivery";1000;"2020-01-07"
27908;"energy";"electricity";2300;2475;"2020-07-26";"2020-08-01";"";"";"";"Dortmund";"indelivery";1000;"2020-08-23"
27909;"energy";"gas";10900;11674;"2018-09-24";"2018-10-01";"";"";"";"Cologne";"indelivery";2001;"2018-10-03"
27910;"energy";"electricity";2900;3132;"2020-04-25";"2020-08-01";"";"";"";"Erfurt";"indelivery";1001;"2020-07-22"
27911;"energy";"electricity";2300;2437;"2018-01-25";"2018-03-01";"";"";"";"Munich";"indelivery";1000;"2018-08-26"
27912;"energy";"gas";10800;10691;"2020-06-24";"2020-09-01";"";"";"";"Hamburg";"indelivery";2000;"2020-08-07"
27913;"energy";"electricity";2800;2823;"2019-10-06";"2019-12-01";"2020-11-30";"2020-10-27";"Umzug";"Berlin";"cancelled";1002;"2020-05-15"
27914;"energy";"electricity";2000;2042;"2020-01-25";"2020-03-01";"";"";"";"Leipzig";"indelivery";1001;"2020-07-31"
27915;"energy";"electricity";2100;2171;"2020-03-05";"2020-10-01";"";"";"";"Heidelberg";"indelivery";1002;"2020-06-17"
27916;"energy";"electricity";2700;2766;"2018-02-02";"2018-08-01";"2018-08-01";"2019-10-27";"Wiederruf";"Würzburg";"terminated";1002;"2018-12-01"
27917;"energy";"electricity";2100;2214;"2020-02-25";"2020-08-01";"";"";"";"Berlin";"indelivery";1000;"2020-02-28"
27918;"energy";"electricity";2900;3147;"2018-01-26";"2018-03-01";"2018-05-31";"2018-04-28";"Umzug";"Flensburg";"terminated";1002;"2018-02-11"
27919;"energy";"electricity";2800;2849;"2018-02-18";"2018-04-01";"2020-04-30";"2020-04-01";"fristgerecht durch LichtBlick";"Fürstenfeldbruck";"terminated";1001;"2018-08-24"
27920;"energy";"electricity";2800;"";"2019-12-31";"2020-06-01";"";"";"";"Kulmbach";"indelivery";1002;"2020-07-31"
27921;"energy";"electricity";2300;2460;"2020-03-18";"2020-09-01";"";"";"";"Cologne";"indelivery";1000;"2020-05-25"
27922;"energy";"electricity";2300;2301;"2019-08-04";"2019-12-01";"";"";"";"Berlin";"indelivery";1001;"2019-08-19"
27923;"energy";"gas";9300;9885;"2019-05-13";"2019-08-01";"";"";"";"Berlin";"indelivery";2001;"2020-02-21"
27924;"energy";"electricity";2800;2924;"2020-05-11";"2020-07-01";"";"";"";"Dresden";"indelivery";1002;"2020-07-04"
27925;"energy";"electricity";2100;"";"2018-01-21";"2018-03-01";"2018-10-31";"2018-10-03";"fristgerecht durch Kunde";"Leipzig";"terminated";1002;"2018-10-03"
27926;"energy";"gas";9800;9527;"2018-01-31";"2018-04-01";"2020-04-30";"2020-03-27";"Umzug";"Munich";"terminated";2000;"2019-10-02"
27927;"energy";"electricity";2500;2502;"2018-05-30";"2019-01-01";"";"";"";"Dresden";"indelivery";1002;"2019-02-28"
27928;"energy";"electricity";2600;"";"2019-11-01";"2019-12-01";"";"";"";"Munich";"indelivery";1001;"2019-12-08"
27929;"energy";"gas";10300;10757;"2020-01-04";"2020-06-01";"";"";"";"Erfurt";"indelivery";2001;"2020-01-12"
27930;"energy";"electricity";2700;2695;"2019-03-02";"2019-06-01";"";"";"";"Cologne";"indelivery";1000;"2020-08-16"
27931;"energy";"electricity";2100;2094;"2018-07-16";"2018-11-01";"2019-01-31";"2019-01-03";"Umzug";"Munich";"terminated";1000;"2019-01-03"
27932;"energy";"electricity";2800;2870;"2018-09-15";"2019-02-01";"2019-03-31";"2019-03-02";"fristgerecht durch LichtBlick";"Bremen";"terminated";1000;"2019-03-02"
27933;"energy";"gas";9200;9817;"2018-02-27";"2018-08-01";"";"";"";"Zweibrücken";"indelivery";2000;"2020-02-16"
27934;"energy";"electricity";2500;2594;"2019-05-22";"2019-06-01";"";"";"";"Osnabrück";"indelivery";1002;"2019-06-23"
27935;"energy";"gas";11300;11483;"2018-01-18";"2018-04-01";"2020-06-30";"2020-05-31";"Umzug";"Berlin";"terminated";2000;"2019-01-23"
27936;"energy";"electricity";2700;2648;"2018-01-07";"2018-08-01";"";"";"";"Gießen";"indelivery";1000;"2020-03-09"
27937;"energy";"electricity";2700;2617;"2019-02-24";"2019-05-01";"";"";"";"Braunschweig";"indelivery";1002;"2020-06-21"
27938;"energy";"electricity";2800;2888;"2018-01-23";"2018-04-01";"2019-05-31";"2019-04-27";"fristgerecht durch Kunde";"Hannover";"terminated";1001;"2019-02-13"
27939;"energy";"electricity";2200;2259;"2020-09-26";"2021-01-01";"";"";"";"Deggendorf";"active";1001;"2020-09-28"
27940;"energy";"electricity";2200;2124;"2019-03-07";"2019-07-01";"";"";"";"Braunschweig";"indelivery";1001;"2019-07-12"
27941;"energy";"electricity";2400;2319;"2020-04-03";"2020-05-01";"";"";"";"Augsburg";"indelivery";1002;"2020-06-01"
27942;"energy";"electricity";2800;2827;"2020-08-23";"2021-03-01";"";"";"";"Hamburg";"active";1000;"2020-08-26"
27943;"energy";"electricity";2800;2938;"2019-05-02";"2019-07-01";"";"";"";"Berlin";"indelivery";1000;"2019-09-19"
27944;"energy";"electricity";2700;2829;"2018-10-27";"2019-05-01";"";"";"";"Altchemnitz";"indelivery";1001;"2018-11-18"
27945;"energy";"electricity";2800;2892;"2020-02-10";"2021-01-01";"";"";"";"Braunschweig";"active";1000;"2020-05-03"
27946;"energy";"electricity";2400;2310;"2020-06-30";"2020-08-01";"";"";"";"Munich";"indelivery";1001;"2020-09-14"
27947;"energy";"electricity";2900;3034;"2018-08-03";"2018-12-01";"";"";"";"Wuppertal";"indelivery";1000;"2020-07-12"
27948;"energy";"electricity";2300;2236;"2019-02-20";"2019-04-01";"";"";"";"Marienberg";"indelivery";1001;"2020-07-16"
27949;"energy";"electricity";2100;2127;"2018-10-11";"2019-02-01";"";"";"";"Berlin";"indelivery";1000;"2020-04-04"
27950;"energy";"electricity";2800;2888;"2018-08-13";"2018-10-01";"";"";"";"Berlin";"indelivery";1000;"2019-06-14"
27951;"energy";"electricity";2400;2409;"2019-05-09";"2019-12-01";"";"";"";"Hamburg";"indelivery";1000;"2019-07-13"
27952;"energy";"electricity";2200;2060;"2018-12-20";"2019-02-01";"";"";"";"Kassel";"indelivery";1000;"2020-08-13"
27953;"energy";"electricity";2300;2254;"2018-05-21";"2018-09-01";"2019-03-31";"2019-02-27";"Umzug";"Berlin";"terminated";1001;"2019-02-27"
27954;"energy";"electricity";2300;2223;"2018-10-05";"2018-12-01";"";"";"";"Essen";"indelivery";1000;"2019-12-06"
27955;"energy";"electricity";2700;2785;"2019-01-16";"2019-05-01";"2019-08-31";"2019-08-02";"fristgerecht durch Kunde";"Mannheim";"terminated";1002;"2019-08-02"
27956;"energy";"electricity";2200;2085;"2019-11-07";"2020-05-01";"";"";"";"Münster";"indelivery";1001;"2020-03-15"
27957;"energy";"gas";10900;10876;"2018-11-21";"2018-12-01";"";"";"";"Mannheim";"indelivery";2000;"2019-03-22"
27958;"energy";"electricity";2800;2731;"2018-04-16";"2018-06-01";"";"";"";"Karlsruhe";"indelivery";1001;"2019-04-12"
27959;"energy";"gas";9300;"";"2018-06-13";"2018-08-01";"";"";"";"Rostock";"indelivery";2000;"2019-10-18"
27960;"energy";"electricity";2800;2720;"2020-01-18";"2020-07-01";"";"";"";"Munich";"indelivery";1000;"2020-02-25"
27961;"energy";"electricity";2400;2310;"2019-11-17";"2020-02-01";"";"";"";"Marienberg";"indelivery";1002;"2020-05-04"
27962;"energy";"gas";9600;9717;"2018-07-16";"2018-08-01";"";"";"";"Karlsruhe";"indelivery";2001;"2019-12-07"
27963;"energy";"electricity";2100;2173;"2018-08-01";"2018-10-01";"";"";"";"Rostock";"indelivery";1000;"2018-12-30"
27964;"energy";"gas";9500;9303;"2019-10-23";"2020-03-01";"";"";"";"Hamburg";"indelivery";2000;"2020-04-30"
27965;"energy";"electricity";2600;2600;"2019-05-09";"2019-12-01";"";"";"";"Berlin";"indelivery";1002;"2019-06-23"
27966;"energy";"electricity";2600;"";"2018-03-19";"2018-05-01";"";"";"";"Berlin";"indelivery";1000;"2019-01-08"
27967;"energy";"electricity";2100;2228;"2019-01-24";"2019-07-01";"";"";"";"Potsdam";"indelivery";1000;"2019-04-20"
27968;"energy";"electricity";2300;2192;"2020-05-10";"2020-11-01";"";"";"";"Ingolstadt";"active";1001;"2020-05-17"
27969;"energy";"electricity";2700;2786;"2019-12-01";"2020-03-01";"";"";"";"Leipzig";"indelivery";1002;"2020-01-28"
27970;"energy";"electricity";2500;"";"2019-05-06";"2019-11-01";"";"";"";"Marienberg";"indelivery";1001;"2020-06-12"
27971;"energy";"electricity";2000;2110;"2018-12-20";"2019-02-01";"";"";"";"Munich";"indelivery";1001;"2019-03-13"
27972;"energy";"gas";11600;"";"2019-12-04";"2020-03-01";"2020-03-01";"2020-07-27";"Wiederruf";"Wiesbaden";"terminated";2001;"2019-12-24"
27973;"energy";"gas";8200;8643;"2020-05-08";"2020-07-01";"";"";"";"Berlin";"indelivery";2000;"2020-07-31"
27974;"energy";"electricity";2000;2049;"2018-08-19";"2018-11-01";"2018-11-01";"2020-10-01";"Wiederruf";"Münster";"terminated";1000;"2019-02-18"
27975;"energy";"electricity";2700;2894;"2020-06-03";"2020-07-01";"";"";"";"Dortmund";"indelivery";1002;"2020-07-31"
27976;"energy";"gas";8200;8527;"2019-10-02";"2020-03-01";"";"";"";"Munich";"indelivery";2000;"2020-06-26"
27977;"energy";"electricity";1900;1856;"2020-09-11";"2020-10-01";"";"";"";"Frankfurt";"indelivery";1000;"2020-09-30"
27978;"energy";"electricity";2900;2895;"2020-07-16";"2020-12-01";"";"";"";"Koblenz";"active";1002;"2020-09-20"
27979;"energy";"electricity";2700;2823;"2019-01-02";"2019-04-01";"";"";"";"Diepholz";"indelivery";1001;"2020-06-23"
27980;"energy";"electricity";2700;2877;"2020-05-28";"2020-09-01";"";"";"";"Dresden";"indelivery";1000;"2020-09-13"
27981;"energy";"gas";9600;9121;"2019-11-27";"2020-06-01";"";"";"";"Stuttgart";"indelivery";2001;"2020-07-06"
27982;"energy";"gas";11300;11378;"2019-05-25";"2019-08-01";"";"";"";"Offenburg";"indelivery";2001;"2019-09-12"
27983;"energy";"electricity";2300;2426;"2019-12-23";"2020-03-01";"2020-03-01";"2020-10-02";"Wiederruf";"Duisburg";"terminated";1002;"2020-02-16"
27984;"energy";"electricity";2200;2240;"2018-06-01";"2018-10-01";"2020-09-30";"2020-08-31";"fristgerecht durch Kunde";"Kassel";"terminated";1000;"2019-06-10"
27985;"energy";"electricity";2400;2331;"2019-05-27";"2019-06-01";"2019-12-31";"2019-11-30";"Umzug";"Koblenz";"terminated";1000;"2019-11-30"
27986;"energy";"gas";11200;11425;"2019-04-20";"2019-06-01";"2020-01-31";"2020-01-01";"Umzug";"Berlin";"terminated";2000;"2020-01-01"
27987;"energy";"electricity";2600;2510;"2020-07-22";"2020-11-01";"";"";"";"Munich";"active";1001;"2020-07-27"
27988;"energy";"electricity";2900;3033;"2019-09-14";"2019-11-01";"";"";"";"Düsseldorf";"indelivery";1002;"2020-06-20"
27989;"energy";"electricity";2600;2806;"2019-11-28";"2020-04-01";"";"";"";"Düsseldorf";"indelivery";1000;"2020-03-24"
27990;"energy";"electricity";2100;2191;"2018-03-30";"2018-05-01";"2019-01-31";"2019-01-03";"fristgerecht durch Kunde";"Munich";"terminated";1002;"2019-01-03"
27991;"energy";"electricity";2100;2070;"2019-06-28";"2019-07-01";"2020-10-31";"2020-10-01";"fristgerecht durch Kunde";"Munich";"cancelled";1002;"2020-07-17"
27992;"energy";"electricity";2200;2331;"2019-05-04";"2019-12-01";"2020-10-31";"2020-10-03";"fristgerecht durch Kunde";"Frankfurt";"cancelled";1000;"2020-02-12"
27993;"energy";"electricity";2000;1950;"2020-01-28";"2020-03-01";"";"";"";"Bielefeld";"indelivery";1001;"2020-05-22"
27994;"energy";"electricity";2900;2878;"2018-10-27";"2019-04-01";"";"";"";"Dortmund";"indelivery";1002;"2019-08-03"
27995;"energy";"electricity";2600;2696;"2019-03-04";"2019-08-01";"";"";"";"Cologne";"indelivery";1000;"2020-05-21"
27996;"energy";"electricity";2800;"";"2018-08-09";"2018-12-01";"";"";"";"Marienberg";"indelivery";1002;"2019-03-12"
27997;"energy";"electricity";2000;1954;"2019-02-17";"2019-03-01";"";"";"";"Berlin";"indelivery";1002;"2019-09-06"
27998;"energy";"electricity";2700;2673;"2018-05-21";"2018-06-01";"";"";"";"Dortmund";"indelivery";1002;"2019-11-05"
27999;"energy";"electricity";2700;2613;"2019-02-12";"2019-04-01";"";"";"";"Frankfurt";"indelivery";1001;"2019-06-08"
28000;"energy";"electricity";2900;3049;"2020-05-26";"2020-06-01";"";"";"";"Berlin";"indelivery";1002;"2020-07-12"
28001;"energy";"electricity";2600;2535;"2019-11-07";"2020-06-01";"";"";"";"Munich";"indelivery";1001;"2020-05-12"
28002;"energy";"electricity";2800;2901;"2020-02-19";"2020-03-01";"";"";"";"Leipzig";"indelivery";1000;"2020-05-13"
28003;"energy";"gas";8800;9110;"2018-03-27";"2018-05-01";"2020-01-31";"2020-01-01";"fristgerecht durch Kunde";"Ulm";"terminated";2001;"2019-08-23"
28004;"energy";"electricity";2800;2703;"2019-04-07";"2019-06-01";"2020-11-30";"2020-11-02";"fristgerecht durch LichtBlick";"Wuppertal";"cancelled";1002;"2019-08-23"
28005;"energy";"electricity";2000;1966;"2019-10-20";"2020-08-01";"";"";"";"Hamburg";"indelivery";1002;"2020-01-30"
28006;"energy";"electricity";2700;2770;"2019-11-30";"2020-03-01";"";"";"";"Saarbrücken";"indelivery";1002;"2020-05-07"
28007;"energy";"electricity";3000;3027;"2020-09-06";"2021-02-01";"";"";"";"Marienberg";"active";1002;"2020-09-19"
28008;"energy";"electricity";2500;2565;"2020-07-05";"2020-12-01";"";"";"";"Lübeck";"active";1001;"2020-07-21"
28009;"energy";"gas";10300;10540;"2019-11-18";"2020-07-01";"";"";"";"Frankfurt";"indelivery";2001;"2020-08-08"
28010;"energy";"electricity";2500;2440;"2020-06-22";"2020-09-01";"";"";"";"Dresden";"indelivery";1001;"2020-07-27"
28011;"energy";"electricity";2800;3034;"2018-08-10";"2018-11-01";"";"";"";"Essen";"indelivery";1000;"2020-08-20"
28012;"energy";"electricity";2700;"";"2018-08-21";"2018-09-01";"";"";"";"Düsseldorf";"indelivery";1002;"2019-07-25"
28013;"energy";"electricity";2500;2440;"2018-04-28";"2018-07-01";"";"";"";"Stuttgart";"indelivery";1000;"2018-05-21"
28014;"energy";"gas";8200;7927;"2019-01-13";"2019-07-01";"2019-11-30";"2019-10-30";"fristgerecht durch Kunde";"Berlin";"terminated";2000;"2019-10-26"
28015;"energy";"electricity";2200;2186;"2018-06-22";"2018-09-01";"";"";"";"Munich";"indelivery";1002;"2019-06-06"
28016;"energy";"gas";10100;10011;"2018-03-22";"2018-05-01";"";"";"";"Bad Salzungen";"indelivery";2001;"2019-03-21"
28017;"energy";"electricity";2300;"";"2019-12-19";"2020-08-01";"";"";"";"Cologne";"indelivery";1001;"2020-05-21"
28018;"energy";"electricity";2100;2228;"2018-06-07";"2018-08-01";"";"";"";"Dortmund";"indelivery";1002;"2020-04-13"
28019;"energy";"gas";12000;12394;"2019-06-07";"2019-08-01";"2019-08-01";"2020-09-02";"Wiederruf";"Altchemnitz";"terminated";2000;"2019-12-06"
28020;"energy";"electricity";2500;2716;"2019-01-09";"2019-04-01";"";"";"";"Hamburg";"indelivery";1000;"2019-12-01"
28021;"energy";"electricity";2200;2174;"2018-09-08";"2018-10-01";"2018-12-31";"2018-11-30";"fristgerecht durch Kunde";"Göttingen";"terminated";1002;"2018-11-30"
28022;"energy";"gas";11900;12690;"2019-10-14";"2020-03-01";"";"";"";"Rostock";"indelivery";2001;"2020-05-21"
28023;"energy";"electricity";2300;2267;"2019-05-20";"2019-06-01";"";"";"";"Wiesbaden";"indelivery";1000;"2020-01-15"
28024;"energy";"electricity";2500;2454;"2019-03-18";"2019-06-01";"";"";"";"Frankfurt";"indelivery";1000;"2019-06-22"
28025;"energy";"electricity";2400;2390;"2019-06-03";"2020-05-01";"";"";"";"Berlin";"indelivery";1002;"2019-12-13"
28026;"energy";"electricity";2700;2813;"2019-01-17";"2019-05-01";"";"";"";"Munich";"indelivery";1001;"2020-08-19"
28027;"energy";"electricity";2300;2362;"2018-07-20";"2018-09-01";"";"";"";"Berlin";"indelivery";1000;"2020-09-28"
28028;"energy";"electricity";2800;2916;"2019-07-10";"2020-03-01";"";"";"";"Hamburg";"indelivery";1000;"2020-08-30"
28029;"energy";"electricity";2800;2703;"2020-02-03";"2020-08-01";"";"";"";"Hamburg";"indelivery";1001;"2020-07-01"
28030;"energy";"electricity";2700;"";"2020-05-07";"2020-11-01";"";"";"";"Berlin";"active";1001;"2020-07-19"
28031;"energy";"electricity";2100;1987;"2019-04-26";"2019-12-01";"2020-05-31";"2020-04-27";"fristgerecht durch LichtBlick";"Altchemnitz";"terminated";1000;"2020-03-05"
28032;"energy";"electricity";2500;2555;"2020-04-10";"2020-07-01";"";"";"";"Cologne";"indelivery";1000;"2020-09-22"
28033;"energy";"electricity";2400;2437;"2019-03-02";"2019-05-01";"";"";"";"Rostock";"indelivery";1000;"2020-06-04"
28034;"energy";"electricity";2000;2072;"2019-10-28";"2019-12-01";"2020-02-29";"2020-01-24";"Umzug";"Hamburg";"terminated";1000;"2020-01-24"
28035;"energy";"electricity";2900;2727;"2018-02-20";"2018-07-01";"";"";"";"Chemnitz";"indelivery";1002;"2019-01-03"
28036;"energy";"electricity";2200;2274;"2020-08-14";"2021-03-01";"";"";"";"Bonn";"active";1001;"2020-08-18"
28037;"energy";"electricity";2900;3032;"2020-09-06";"2020-11-01";"";"";"";"Braunschweig";"active";1000;"2020-09-18"
28038;"energy";"electricity";2200;"";"2020-06-09";"2020-08-01";"";"";"";"Berlin";"indelivery";1001;"2020-09-06"
28039;"energy";"electricity";2500;2531;"2020-07-12";"2020-09-01";"";"";"";"Düsseldorf";"indelivery";1002;"2020-07-13"
28040;"energy";"electricity";3100;3212;"2020-08-14";"2021-05-01";"";"";"";"Rotenburg";"active";1001;"2020-09-17"
28041;"energy";"gas";9400;9841;"2019-04-09";"2019-06-01";"";"";"";"Cologne";"indelivery";2001;"2019-11-26"
28042;"energy";"electricity";2800;"";"2018-08-28";"2018-10-01";"";"";"";"Bitburg";"indelivery";1000;"2019-12-15"
28043;"energy";"electricity";2200;2313;"2018-11-30";"2018-12-01";"";"";"";"Passau";"indelivery";1001;"2019-01-28"
28044;"energy";"electricity";2300;2241;"2018-07-29";"2018-09-01";"2019-09-30";"2019-09-01";"fristgerecht durch Kunde";"Cologne";"terminated";1000;"2019-09-01"
28045;"energy";"electricity";2100;2084;"2019-10-22";"2019-11-01";"";"";"";"Stuttgart";"indelivery";1002;"2020-05-10"
28046;"energy";"electricity";2800;2809;"2018-11-03";"2019-03-01";"";"";"";"Bremen";"indelivery";1001;"2019-04-12"
28047;"energy";"electricity";3000;3136;"2018-03-18";"2018-07-01";"";"";"";"Cologne";"indelivery";1000;"2020-01-06"
28048;"energy";"gas";10400;10444;"2018-07-12";"2018-12-01";"";"";"";"Düsseldorf";"indelivery";2001;"2019-02-03"
28049;"energy";"electricity";2500;2539;"2018-06-05";"2018-09-01";"";"";"";"Saarbrücken";"indelivery";1002;"2018-09-22"
28050;"energy";"electricity";2700;2792;"2018-03-10";"2018-09-01";"";"";"";"Stuttgart";"indelivery";1000;"2020-01-03"
28051;"energy";"electricity";2800;2640;"2020-05-26";"2020-10-01";"";"";"";"Kassel";"indelivery";1002;"2020-06-30"
28052;"energy";"electricity";2400;"";"2018-04-14";"2018-09-01";"2019-03-31";"2019-03-02";"fristgerecht durch Kunde";"Mannheim";"terminated";1002;"2019-03-02"
28053;"energy";"electricity";2500;2560;"2019-06-27";"2019-10-01";"";"";"";"Cottbus";"indelivery";1000;"2019-12-09"
28054;"energy";"electricity";2200;2294;"2020-06-01";"2020-07-01";"";"";"";"Ulm";"indelivery";1000;"2020-09-10"
28055;"energy";"electricity";2700;2834;"2020-04-03";"2020-09-01";"";"";"";"Düsseldorf";"indelivery";1001;"2020-05-15"
28056;"energy";"gas";9200;9856;"2018-09-05";"2019-04-01";"";"";"";"Hamburg";"indelivery";2001;"2020-01-28"
28057;"energy";"gas";8700;8369;"2019-05-14";"2019-07-01";"";"";"";"Halle";"indelivery";2000;"2019-10-17"
28058;"energy";"electricity";2800;2982;"2019-11-03";"2020-04-01";"";"";"";"Hofeck";"indelivery";1001;"2019-11-06"
28059;"energy";"electricity";2900;2759;"2018-07-15";"2018-12-01";"";"";"";"Hannover";"indelivery";1002;"2018-09-22"
28060;"energy";"electricity";2600;2665;"2018-10-11";"2019-04-01";"";"";"";"Regensburg";"indelivery";1001;"2020-01-22"
28061;"energy";"electricity";2900;3060;"2020-03-20";"2020-06-01";"";"";"";"Flensburg";"indelivery";1000;"2020-06-09"
28062;"energy";"electricity";2600;2475;"2020-06-02";"2020-09-01";"";"";"";"Bielefeld";"indelivery";1001;"2020-08-15"
28063;"energy";"electricity";2700;"";"2020-03-14";"2020-05-01";"2020-12-31";"2020-11-29";"Umzug";"Berlin";"cancelled";1002;"2020-07-12"
28064;"energy";"electricity";2400;2250;"2018-12-11";"2019-06-01";"";"";"";"Würzburg";"indelivery";1001;"2020-05-17"
28065;"energy";"gas";11800;11375;"2020-07-18";"2020-09-01";"";"";"";"Leipzig";"indelivery";2000;"2020-07-20"
28066;"energy";"electricity";2300;2436;"2019-02-19";"2019-03-01";"";"";"";"Hannover";"indelivery";1001;"2020-05-15"
28067;"energy";"gas";8900;9165;"2019-06-14";"2019-08-01";"";"";"";"Bremen";"indelivery";2001;"2019-07-16"
28068;"energy";"electricity";2600;2776;"2018-05-24";"2018-07-01";"";"";"";"Bitburg";"indelivery";1000;"2020-02-17"
28069;"energy";"electricity";2500;2592;"2020-03-09";"2021-02-01";"";"";"";"Wuppertal";"active";1002;"2020-07-06"
28070;"energy";"electricity";2300;2429;"2019-04-29";"2019-06-01";"";"";"";"Hannover";"indelivery";1000;"2019-11-13"
28071;"energy";"electricity";2300;2287;"2020-05-31";"2020-11-01";"";"";"";"Bonn";"active";1000;"2020-07-23"
28072;"energy";"electricity";2300;2257;"2018-10-01";"2018-11-01";"2019-05-31";"2019-05-03";"Umzug";"Munich";"terminated";1001;"2018-10-02"
28073;"energy";"electricity";2200;2234;"2019-10-05";"2020-01-01";"";"";"";"Frankfurt";"indelivery";1001;"2020-07-11"
28074;"energy";"gas";11300;11687;"2020-02-03";"2020-03-01";"";"";"";"Marienberg";"indelivery";2000;"2020-05-10"
28075;"energy";"electricity";3000;2891;"2018-03-15";"2018-05-01";"2018-05-01";"2018-10-03";"Wiederruf";"Wiesbaden";"terminated";1001;"2018-08-01"
28076;"energy";"electricity";2000;1989;"2019-03-16";"2019-06-01";"";"";"";"Berlin";"indelivery";1002;"2020-07-12"
28077;"energy";"electricity";2800;2719;"2018-04-12";"2018-12-01";"";"";"";"Cologne";"indelivery";1000;"2020-09-16"
28078;"energy";"electricity";2400;2303;"2019-07-17";"2019-08-01";"2020-04-30";"2020-04-02";"fristgerecht durch LichtBlick";"Berlin";"terminated";1002;"2019-09-24"
28079;"energy";"electricity";2200;2161;"2020-01-11";"2020-05-01";"";"";"";"Berlin";"indelivery";1002;"2020-06-15"
28080;"energy";"electricity";2600;2614;"2018-08-31";"2018-11-01";"2020-10-31";"2020-10-01";"fristgerecht durch LichtBlick";"Essen";"cancelled";1002;"2020-06-26"
28081;"energy";"electricity";2000;2120;"2019-05-25";"2019-06-01";"";"";"";"Düsseldorf";"indelivery";1000;"2019-12-06"
28082;"energy";"electricity";2800;2754;"2020-03-28";"2020-07-01";"";"";"";"Mainz";"indelivery";1000;"2020-06-28"
28083;"energy";"electricity";2800;2905;"2020-08-04";"2020-12-01";"";"";"";"Rostock";"active";1002;"2020-08-31"
28084;"energy";"electricity";2200;2421;"2020-09-04";"2020-11-01";"";"";"";"Berlin";"active";1001;"2020-09-14"
28085;"energy";"electricity";2900;3133;"2018-12-24";"2019-05-01";"";"";"";"Saarbrücken";"indelivery";1001;"2019-09-15"
28086;"energy";"electricity";2900;3040;"2019-03-03";"2019-06-01";"2019-11-30";"2019-11-01";"fristgerecht durch Kunde";"Magdeburg";"terminated";1002;"2019-08-30"
28087;"energy";"electricity";2100;2177;"2020-04-24";"2020-06-01";"";"";"";"Leipzig";"indelivery";1002;"2020-09-25"
28088;"energy";"electricity";2100;2120;"2019-03-03";"2019-06-01";"";"";"";"Berlin";"indelivery";1000;"2020-04-02"
28089;"energy";"electricity";2300;2354;"2018-03-18";"2018-04-01";"";"";"";"Würzburg";"indelivery";1001;"2018-08-02"
28090;"energy";"electricity";2400;2486;"2018-11-09";"2019-10-01";"";"";"";"Hildburghausen";"indelivery";1002;"2019-09-12"
28091;"energy";"gas";11600;11061;"2020-04-08";"2020-07-01";"";"";"";"Erfurt";"indelivery";2000;"2020-09-02"
28092;"energy";"electricity";2800;2875;"2019-10-29";"2020-01-01";"2020-01-01";"2020-12-03";"Wiederruf";"Lübeck";"terminated";1001;"2019-12-04"
28093;"energy";"electricity";2700;2864;"2019-01-27";"2019-02-01";"2019-12-31";"2019-12-03";"fristgerecht durch Kunde";"Braunschweig";"terminated";1001;"2019-12-03"
28094;"energy";"gas";8200;8659;"2018-04-13";"2018-12-01";"2020-04-30";"2020-03-30";"Umzug";"Hamburg";"terminated";2000;"2020-03-30"
28095;"energy";"electricity";2000;2140;"2018-08-31";"2018-10-01";"2020-09-30";"2020-08-31";"fristgerecht durch LichtBlick";"Saarbrücken";"terminated";1001;"2020-04-11"
28096;"energy";"electricity";2400;2431;"2019-10-23";"2020-02-01";"";"";"";"Magdeburg";"indelivery";1001;"2019-10-31"
28097;"energy";"electricity";3000;3079;"2018-06-10";"2018-10-01";"";"";"";"Koblenz";"indelivery";1002;"2020-04-19"
28098;"energy";"electricity";2100;2102;"2018-02-22";"2018-04-01";"";"";"";"Hamburg";"indelivery";1001;"2020-05-22"
28099;"energy";"electricity";2700;2573;"2019-02-22";"2019-06-01";"";"";"";"Marienberg";"indelivery";1000;"2020-04-06"
28100;"energy";"gas";8800;8838;"2020-08-01";"2020-10-01";"";"";"";"Bremen";"indelivery";2001;"2020-09-12"
28101;"energy";"electricity";1900;1914;"2019-09-17";"2020-03-01";"";"";"";"Munich";"indelivery";1002;"2019-12-30"
28102;"energy";"electricity";2800;2911;"2019-02-17";"2019-07-01";"";"";"";"Hamburg";"indelivery";1002;"2020-02-15"
28103;"energy";"electricity";2200;2207;"2020-03-25";"2020-06-01";"";"";"";"Altchemnitz";"indelivery";1002;"2020-07-10"
28104;"energy";"electricity";2700;2902;"2018-03-31";"2018-05-01";"";"";"";"Braunschweig";"indelivery";1002;"2018-07-06"
28105;"energy";"electricity";3000;3196;"2018-08-31";"2019-04-01";"";"";"";"Dortmund";"indelivery";1000;"2019-07-15"
28106;"energy";"electricity";2800;2952;"2018-04-24";"2018-10-01";"";"";"";"Bremen";"indelivery";1002;"2020-09-30"
28107;"energy";"electricity";2300;2320;"2019-05-09";"2019-07-01";"";"";"";"Berlin";"indelivery";1002;"2020-02-06"
28108;"energy";"electricity";2500;2718;"2019-08-30";"2019-09-01";"";"";"";"Duisburg";"indelivery";1001;"2019-10-18"
28109;"energy";"electricity";2200;"";"2020-03-12";"2020-07-01";"";"";"";"Leipzig";"indelivery";1001;"2020-06-05"
28110;"energy";"electricity";2600;2512;"2020-08-20";"2021-01-01";"";"";"";"Dresden";"active";1000;"2020-09-02"
28111;"energy";"electricity";2100;2151;"2018-11-12";"2019-01-01";"2020-05-31";"2020-05-02";"fristgerecht durch Kunde";"Stuttgart";"terminated";1002;"2019-12-16"
28112;"energy";"gas";9900;"";"2018-03-14";"2018-10-01";"2018-10-01";"2020-04-02";"Wiederruf";"Bremen";"terminated";2001;"2019-01-10"
28113;"energy";"electricity";2500;2635;"2020-05-28";"2021-04-01";"";"";"";"Frankfurt";"active";1000;"2020-06-24"
28114;"energy";"electricity";2600;"";"2020-06-20";"2020-10-01";"";"";"";"Freiburg";"indelivery";1000;"2020-07-14"
28115;"energy";"electricity";2800;2813;"2019-06-13";"2019-07-01";"2019-07-01";"2020-05-02";"Wiederruf";"Peine";"terminated";1001;"2019-10-18"
28116;"energy";"electricity";2800;2801;"2019-05-25";"2019-07-01";"";"";"";"Coburg";"indelivery";1002;"2019-11-16"
28117;"energy";"electricity";2600;2582;"2020-05-13";"2020-07-01";"";"";"";"Cologne";"indelivery";1002;"2020-09-08"
28118;"energy";"electricity";2300;2334;"2020-04-03";"2020-06-01";"";"";"";"Essen";"indelivery";1000;"2020-09-09"
28119;"energy";"electricity";2800;2825;"2019-12-01";"2020-02-01";"";"";"";"Munich";"indelivery";1002;"2020-05-05"
28120;"energy";"electricity";2800;2944;"2018-11-26";"2019-01-01";"2019-07-31";"2019-06-30";"fristgerecht durch LichtBlick";"Frankfurt";"terminated";1000;"2019-06-30"
28121;"energy";"electricity";2500;2536;"2020-06-12";"2020-08-01";"";"";"";"Altchemnitz";"indelivery";1002;"2020-06-30"
28122;"energy";"electricity";2100;2141;"2018-08-11";"2018-11-01";"2019-09-30";"2019-08-30";"Umzug";"Duisburg";"terminated";1002;"2019-07-22"
28123;"energy";"electricity";2500;2441;"2018-07-29";"2018-08-01";"";"";"";"Cologne";"indelivery";1000;"2019-01-08"
28124;"energy";"electricity";2600;2611;"2020-05-24";"2020-08-01";"";"";"";"Berlin";"indelivery";1000;"2020-07-28"
28125;"energy";"electricity";2100;2157;"2018-09-27";"2018-10-01";"";"";"";"Berlin";"indelivery";1001;"2020-03-08"
28126;"energy";"electricity";2100;2023;"2019-05-06";"2019-07-01";"";"";"";"Leipzig";"indelivery";1002;"2020-05-16"
28127;"energy";"electricity";2100;2054;"2019-12-17";"2020-06-01";"";"";"";"Hannover";"indelivery";1002;"2020-05-13"
28128;"energy";"electricity";2800;2767;"2019-06-15";"2019-07-01";"";"";"";"Bielefeld";"indelivery";1000;"2020-07-18"
28129;"energy";"electricity";2900;2836;"2020-02-13";"2020-03-01";"";"";"";"Düsseldorf";"indelivery";1000;"2020-05-04"
28130;"energy";"electricity";2200;"";"2020-06-15";"2020-07-01";"";"";"";"Munich";"indelivery";1001;"2020-09-05"
28131;"energy";"electricity";2200;2172;"2018-01-25";"2018-05-01";"";"";"";"Hamburg";"indelivery";1000;"2018-05-21"
28132;"energy";"electricity";2000;"";"2018-03-10";"2018-08-01";"2018-10-31";"2018-10-01";"fristgerecht durch LichtBlick";"Frankfurt";"terminated";1002;"2018-09-01"
28133;"energy";"electricity";2300;2224;"2018-08-29";"2019-01-01";"2019-07-31";"2019-06-30";"Umzug";"Berlin";"terminated";1000;"2019-03-29"
28134;"energy";"electricity";2000;2028;"2020-01-29";"2020-04-01";"";"";"";"Stuttgart";"indelivery";1000;"2020-04-03"
28135;"energy";"gas";11800;11410;"2018-04-22";"2018-07-01";"";"";"";"Oldenburg";"indelivery";2000;"2018-07-02"
28136;"energy";"electricity";2300;2503;"2018-03-17";"2018-06-01";"2020-06-30";"2020-05-28";"fristgerecht durch LichtBlick";"Duisburg";"terminated";1000;"2018-04-09"
28137;"energy";"electricity";2400;2521;"2020-07-18";"2020-10-01";"";"";"";"Bad Neuenahr-Ahrweiler";"indelivery";1001;"2020-09-03"
28138;"energy";"electricity";2200;2259;"2019-11-01";"2020-01-01";"2020-08-31";"2020-08-02";"Umzug";"Hamburg";"terminated";1000;"2020-05-07"
28139;"energy";"electricity";2300;2173;"2018-05-28";"2018-08-01";"";"";"";"Magdeburg";"indelivery";1002;"2019-08-31"
28140;"energy";"electricity";2400;2417;"2019-12-28";"2020-06-01";"";"";"";"Braunschweig";"indelivery";1000;"2020-06-24"
28141;"energy";"electricity";2500;2389;"2019-05-31";"2019-11-01";"";"";"";"Hamburg";"indelivery";1000;"2019-07-20"
28142;"energy";"electricity";2200;2337;"2019-09-20";"2019-11-01";"";"";"";"Dresden";"indelivery";1000;"2020-02-18"
28143;"energy";"electricity";2300;2335;"2020-09-15";"2021-02-01";"";"";"";"Leipzig";"active";1002;"2020-09-26"
28144;"energy";"electricity";2900;3065;"2020-03-24";"2020-04-01";"2020-12-31";"2020-11-29";"Umzug";"Hannover";"cancelled";1002;"2020-07-15"
28145;"energy";"electricity";2100;2169;"2019-12-24";"2020-02-01";"";"";"";"Bremen";"indelivery";1002;"2020-09-17"
28146;"energy";"electricity";2000;1925;"2020-01-11";"2020-05-01";"";"";"";"Hamburg";"indelivery";1001;"2020-01-15"
28147;"energy";"gas";9300;8954;"2019-01-21";"2019-06-01";"2019-06-01";"2020-08-03";"Wiederruf";"Leipzig";"terminated";2000;"2020-07-08"
28148;"energy";"electricity";2800;2773;"2018-02-11";"2018-04-01";"";"";"";"Hamburg";"indelivery";1002;"2019-04-23"
28149;"energy";"gas";11200;10835;"2018-08-01";"2019-03-01";"";"";"";"Berlin";"indelivery";2001;"2019-03-29"
28150;"energy";"electricity";2500;2603;"2019-07-22";"2019-10-01";"2020-05-31";"2020-04-26";"fristgerecht durch LichtBlick";"Frankfurt";"terminated";1001;"2019-12-13"
28151;"energy";"electricity";1900;1849;"2020-04-12";"2020-07-01";"";"";"";"Frankfurt";"indelivery";1000;"2020-08-30"
28152;"energy";"electricity";2300;2161;"2018-08-17";"2018-09-01";"";"";"";"Hannover";"indelivery";1000;"2018-09-12"
28153;"energy";"electricity";3000;2997;"2019-11-12";"2020-01-01";"";"";"";"Saarbrücken";"indelivery";1000;"2019-12-10"
28154;"energy";"electricity";2400;2454;"2018-01-03";"2018-03-01";"";"";"";"Munich";"indelivery";1000;"2018-11-23"
28155;"energy";"electricity";2600;"";"2019-05-08";"2019-09-01";"";"";"";"Hamburg";"indelivery";1002;"2020-04-23"
28156;"energy";"electricity";2000;2041;"2019-10-25";"2019-11-01";"";"";"";"Stuttgart";"indelivery";1000;"2019-12-01"
28157;"energy";"electricity";2800;3000;"2020-07-01";"2020-10-01";"";"";"";"Hamburg";"indelivery";1001;"2020-09-09"
28158;"energy";"electricity";2300;2307;"2018-09-10";"2019-05-01";"";"";"";"Kassel";"indelivery";1000;"2019-10-28"
28159;"energy";"electricity";2100;2138;"2019-05-14";"2019-12-01";"";"";"";"Düsseldorf";"indelivery";1000;"2020-07-20"
28160;"energy";"electricity";2700;2551;"2020-04-19";"2020-10-01";"";"";"";"Stuttgart";"indelivery";1000;"2020-05-18"
28161;"energy";"electricity";2500;2566;"2019-08-21";"2019-11-01";"";"";"";"Osnabrück";"indelivery";1001;"2020-08-29"
28162;"energy";"electricity";2300;2316;"2020-03-23";"2020-12-01";"";"";"";"Frankfurt";"active";1002;"2020-03-28"
28163;"energy";"electricity";2500;2440;"2019-08-26";"2019-09-01";"";"";"";"Duisburg";"indelivery";1000;"2020-04-13"
28164;"energy";"electricity";2300;2414;"2019-01-24";"2019-06-01";"2020-03-31";"2020-03-01";"fristgerecht durch Kunde";"Duisburg";"terminated";1002;"2019-05-14"
28165;"energy";"electricity";2300;2275;"2018-11-30";"2019-06-01";"";"";"";"Saarbrücken";"indelivery";1001;"2020-02-18"
28166;"energy";"electricity";2800;2825;"2020-08-07";"2020-12-01";"";"";"";"Kiel";"active";1001;"2020-09-26"
28167;"energy";"gas";8000;7657;"2020-06-15";"2020-08-01";"";"";"";"Stuttgart";"indelivery";2001;"2020-08-18"
28168;"energy";"electricity";2400;2458;"2020-06-01";"2020-10-01";"";"";"";"Duisburg";"indelivery";1002;"2020-08-14"
28169;"energy";"electricity";2700;"";"2018-02-12";"2018-05-01";"";"";"";"Leipzig";"indelivery";1000;"2018-10-18"
28170;"energy";"electricity";2400;2503;"2019-12-22";"2020-07-01";"";"";"";"Regensburg";"indelivery";1001;"2020-04-12"
28171;"energy";"electricity";2000;2047;"2018-11-14";"2019-01-01";"";"";"";"Berlin";"indelivery";1002;"2019-06-09"
28172;"energy";"electricity";2900;2901;"2020-01-29";"2020-12-01";"";"";"";"Karlsruhe";"active";1002;"2020-09-06"
28173;"energy";"electricity";2900;3110;"2019-01-14";"2019-06-01";"2019-06-01";"2019-10-03";"Wiederruf";"Hannover";"terminated";1002;"2019-10-03"
28174;"energy";"electricity";2200;2331;"2019-02-26";"2019-04-01";"";"";"";"Munich";"indelivery";1000;"2020-07-18"
28175;"energy";"electricity";2600;2763;"2018-07-28";"2019-07-01";"";"";"";"Regensburg";"indelivery";1000;"2019-03-06"
28176;"energy";"electricity";2300;2330;"2019-06-18";"2019-07-01";"";"";"";"Augsburg";"indelivery";1002;"2019-10-31"
28177;"energy";"electricity";3000;3031;"2018-07-09";"2019-02-01";"2019-09-30";"2019-09-02";"Umzug";"Augsburg";"terminated";1000;"2019-09-02"
28178;"energy";"electricity";2400;2497;"2020-06-11";"2020-12-01";"";"";"";"Stuttgart";"active";1001;"2020-07-07"
28179;"energy";"electricity";2300;2371;"2018-07-03";"2018-12-01";"2019-04-30";"2019-03-29";"fristgerecht durch Kunde";"Munich";"terminated";1002;"2019-03-29"
28180;"energy";"electricity";2800;2708;"2018-04-20";"2019-04-01";"2019-05-31";"2019-04-28";"fristgerecht durch LichtBlick";"Frankfurt";"terminated";1002;"2019-04-28"
28181;"energy";"electricity";2800;2782;"2019-11-20";"2020-05-01";"";"";"";"Ludwigsburg";"indelivery";1001;"2020-03-31"
28182;"energy";"electricity";2700;2934;"2018-11-03";"2019-05-01";"";"";"";"Berlin";"indelivery";1002;"2019-01-25"
28183;"energy";"gas";10400;10666;"2020-08-18";"2021-09-01";"";"";"";"Kassel";"active";2000;"2020-08-29"
28184;"energy";"electricity";2200;2277;"2018-08-23";"2019-02-01";"";"";"";"Bielefeld";"indelivery";1001;"2020-05-30"
28185;"energy";"electricity";1900;2026;"2019-12-01";"2020-01-01";"";"";"";"Berlin";"indelivery";1000;"2020-09-26"
28186;"energy";"gas";10600;10691;"2019-11-20";"2020-04-01";"";"";"";"Berlin";"indelivery";2001;"2020-05-30"
28187;"energy";"electricity";2600;2626;"2019-05-20";"2019-12-01";"";"";"";"Hamburg";"indelivery";1000;"2020-03-25"
28188;"energy";"electricity";2700;2681;"2018-06-16";"2018-11-01";"";"";"";"Düsseldorf";"indelivery";1000;"2019-12-18"
28189;"energy";"electricity";2600;2506;"2020-09-18";"2020-11-01";"";"";"";"Düsseldorf";"active";1000;"2020-09-23"
28190;"energy";"electricity";2500;2546;"2020-02-26";"2020-04-01";"";"";"";"Cologne";"indelivery";1002;"2020-08-11"
28191;"energy";"electricity";2600;2801;"2020-06-16";"2020-11-01";"";"";"";"Duisburg";"active";1001;"2020-08-13"
28192;"energy";"electricity";2200;2367;"2019-02-14";"2019-05-01";"2019-06-30";"2019-06-02";"Umzug";"Berlin";"terminated";1002;"2019-02-22"
28193;"energy";"electricity";2400;2539;"2019-03-03";"2019-06-01";"";"";"";"Bremen";"indelivery";1000;"2020-08-23"
28194;"energy";"gas";11100;11824;"2019-11-06";"2019-12-01";"2020-12-31";"2020-11-30";"fristgerecht durch Kunde";"Leipzig";"cancelled";2000;"2019-11-15"
28195;"energy";"electricity";2300;2187;"2019-09-22";"2019-11-01";"2020-06-30";"2020-06-02";"Umzug";"Munich";"terminated";1001;"2020-06-02"
28196;"energy";"gas";9800;10461;"2020-07-26";"2020-10-01";"";"";"";"Munich";"indelivery";2001;"2020-08-30"
28197;"energy";"electricity";2200;2262;"2019-02-07";"2019-08-01";"";"";"";"Dortmund";"indelivery";1002;"2020-09-23"
28198;"energy";"electricity";2700;2786;"2019-04-02";"2019-06-01";"";"";"";"Munich";"indelivery";1001;"2020-03-16"
28199;"energy";"electricity";1900;2065;"2020-05-21";"2020-08-01";"2020-10-31";"2020-10-02";"fristgerecht durch Kunde";"Berlin";"cancelled";1002;"2020-07-06"
28200;"energy";"electricity";2200;2177;"2018-04-05";"2018-06-01";"";"";"";"Osnabrück";"indelivery";1002;"2020-04-05"
28201;"energy";"electricity";2100;2073;"2018-07-25";"2019-08-01";"";"";"";"Regensburg";"indelivery";1001;"2019-07-16"
28202;"energy";"electricity";2000;2134;"2019-03-22";"2019-08-01";"";"";"";"Leipzig";"indelivery";1000;"2020-06-09"
28203;"energy";"electricity";2500;2591;"2020-07-13";"2021-01-01";"";"";"";"Essen";"active";1002;"2020-09-18"
28204;"energy";"electricity";2200;"";"2020-01-21";"2020-05-01";"";"";"";"Berlin";"indelivery";1000;"2020-09-03"
28205;"energy";"gas";10400;10776;"2018-03-28";"2018-10-01";"2019-01-31";"2019-01-01";"Umzug";"Osnabrück";"terminated";2000;"2018-08-16"
28206;"energy";"gas";10000;10622;"2019-04-09";"2019-06-01";"";"";"";"Bad Schwalbach";"indelivery";2001;"2019-12-24"
28207;"energy";"electricity";2100;2249;"2019-12-06";"2020-01-01";"2020-05-31";"2020-05-02";"fristgerecht durch LichtBlick";"Stuttgart";"terminated";1001;"2020-05-02"
28208;"energy";"electricity";2400;2520;"2019-10-19";"2020-01-01";"";"";"";"Münster";"indelivery";1001;"2019-11-11"
28209;"energy";"gas";10500;10759;"2019-09-27";"2019-10-01";"";"";"";"Hamburg";"indelivery";2001;"2019-11-28"
28210;"energy";"gas";9300;9027;"2020-04-23";"2020-06-01";"";"";"";"Essen";"indelivery";2001;"2020-07-06"
28211;"energy";"gas";9600;9337;"2019-09-23";"2020-02-01";"";"";"";"Duisburg";"indelivery";2001;"2019-12-10"
28212;"energy";"electricity";2100;2034;"2018-06-30";"2018-08-01";"";"";"";"Hamburg";"indelivery";1002;"2018-12-26"
28213;"energy";"electricity";2400;2334;"2019-08-04";"2019-11-01";"2020-09-30";"2020-09-01";"fristgerecht durch LichtBlick";"Hamburg";"terminated";1001;"2020-06-05"
28214;"energy";"electricity";2300;2266;"2020-06-13";"2020-08-01";"";"";"";"Hamburg";"indelivery";1000;"2020-09-26"
28215;"energy";"gas";8900;9544;"2020-08-20";"2020-11-01";"";"";"";"Berlin";"active";2001;"2020-09-03"
28216;"energy";"gas";11600;12422;"2018-07-13";"2018-12-01";"";"";"";"Berlin";"indelivery";2001;"2019-01-26"
28217;"energy";"gas";9500;9734;"2020-07-01";"2020-09-01";"";"";"";"Duisburg";"indelivery";2001;"2020-07-06"
28218;"energy";"electricity";2200;2222;"2018-06-26";"2018-10-01";"";"";"";"Saarbrücken";"indelivery";1001;"2020-07-17"
28219;"energy";"electricity";2700;2806;"2018-05-05";"2018-10-01";"";"";"";"Cologne";"indelivery";1001;"2018-08-31"
28220;"energy";"electricity";2300;2253;"2018-05-13";"2019-10-01";"";"";"";"Neuwied";"indelivery";1000;"2020-03-22"
28221;"energy";"electricity";2800;2892;"2019-09-03";"2019-12-01";"";"";"";"Munich";"indelivery";1001;"2020-07-16"
28222;"energy";"electricity";2700;"";"2020-08-16";"2020-10-01";"";"";"";"Münster";"indelivery";1002;"2020-09-18"
28223;"energy";"electricity";2800;2891;"2019-01-14";"2019-02-01";"";"";"";"Berlin";"indelivery";1000;"2019-09-29"
28224;"energy";"electricity";2100;2233;"2018-06-22";"2018-08-01";"2020-09-30";"2020-09-01";"Umzug";"Essen";"terminated";1000;"2020-01-11"
28225;"energy";"gas";8300;8265;"2018-07-15";"2018-12-01";"";"";"";"Cologne";"indelivery";2001;"2018-09-02"
28226;"energy";"electricity";3000;3206;"2018-08-08";"2018-11-01";"";"";"";"Hannover";"indelivery";1000;"2019-01-15"
28227;"energy";"electricity";2600;2689;"2018-04-21";"2018-10-01";"";"";"";"Berlin";"indelivery";1002;"2020-06-06"
28228;"energy";"electricity";2400;2335;"2019-01-02";"2019-08-01";"2019-08-01";"2020-12-01";"Wiederruf";"Leipzig";"terminated";1000;"2020-08-22"
28229;"energy";"electricity";2600;2720;"2020-07-11";"2020-09-01";"";"";"";"Gelsenkirchen";"indelivery";1001;"2020-07-14"
28230;"energy";"electricity";2100;2127;"2020-05-19";"2020-07-01";"";"";"";"Leipzig";"indelivery";1001;"2020-06-17"
28231;"energy";"electricity";2800;2826;"2020-04-05";"2021-01-01";"";"";"";"Cologne";"active";1002;"2020-05-22"
28232;"energy";"gas";11600;11123;"2019-07-31";"2019-09-01";"2019-09-01";"2020-12-03";"Wiederruf";"Rostock";"terminated";2000;"2020-03-22"
28233;"energy";"electricity";2600;2497;"2018-11-06";"2019-04-01";"";"";"";"Berlin";"indelivery";1002;"2019-01-09"
28234;"energy";"electricity";2500;2688;"2019-01-03";"2019-04-01";"";"";"";"Rostock";"indelivery";1000;"2019-05-11"
28235;"energy";"electricity";2900;2957;"2018-05-01";"2018-06-01";"";"";"";"Duisburg";"indelivery";1002;"2019-07-16"
28236;"energy";"electricity";2700;2719;"2019-01-12";"2019-03-01";"";"";"";"Erfurt";"indelivery";1001;"2019-04-07"
28237;"energy";"gas";9400;9722;"2018-11-02";"2019-04-01";"";"";"";"Nienburg";"indelivery";2001;"2018-12-27"
28238;"energy";"gas";8500;"";"2018-02-12";"2018-12-01";"";"";"";"Hofeck";"indelivery";2000;"2020-03-01"
28239;"energy";"electricity";2000;2124;"2020-08-19";"2020-09-01";"";"";"";"Berlin";"indelivery";1000;"2020-09-14"
28240;"energy";"electricity";2400;2274;"2019-06-16";"2019-09-01";"";"";"";"Duisburg";"indelivery";1002;"2019-11-04"
28241;"energy";"electricity";2500;2462;"2019-03-14";"2019-08-01";"";"";"";"Berlin";"indelivery";1000;"2020-05-11"
28242;"energy";"electricity";2800;2937;"2019-10-11";"2019-11-01";"";"";"";"Frankfurt";"indelivery";1000;"2020-04-01"
28243;"energy";"gas";10400;10689;"2019-01-08";"2019-03-01";"";"";"";"Hannover";"indelivery";2000;"2019-01-17"
28244;"energy";"electricity";2700;2750;"2019-09-28";"2020-01-01";"";"";"";"Frankfurt";"indelivery";1001;"2020-07-12"
28245;"energy";"electricity";2200;2313;"2018-04-03";"2018-05-01";"";"";"";"Frankfurt";"indelivery";1001;"2018-08-28"
28246;"energy";"electricity";2500;2578;"2020-02-26";"2021-01-01";"";"";"";"Pirna";"active";1001;"2020-07-04"
28247;"energy";"electricity";2200;2170;"2018-02-23";"2018-10-01";"";"";"";"Munich";"indelivery";1000;"2018-05-18"
28248;"energy";"electricity";2600;2580;"2018-01-22";"2018-02-01";"";"";"";"Stuttgart";"indelivery";1002;"2018-12-05"
28249;"energy";"electricity";2200;"";"2019-12-26";"2020-06-01";"";"";"";"Munich";"indelivery";1001;"2020-01-24"
28250;"energy";"gas";9300;9977;"2018-07-08";"2019-02-01";"";"";"";"Berlin";"indelivery";2000;"2018-08-11"
28251;"energy";"gas";9000;8660;"2018-09-21";"2019-02-01";"2019-02-01";"2019-08-03";"Wiederruf";"Cologne";"terminated";2001;"2019-01-19"
28252;"energy";"electricity";2800;2850;"2019-01-01";"2019-03-01";"";"";"";"Rostock";"indelivery";1001;"2019-05-13"
28253;"energy";"electricity";2900;2777;"2018-09-22";"2019-05-01";"";"";"";"Potsdam";"indelivery";1000;"2019-06-30"
28254;"energy";"electricity";3000;3194;"2020-07-14";"2021-04-01";"";"";"";"Wuppertal";"active";1002;"2020-08-31"
28255;"energy";"electricity";2900;2923;"2019-08-12";"2019-11-01";"";"";"";"Düsseldorf";"indelivery";1002;"2020-07-14"
28256;"energy";"gas";8400;8226;"2018-03-13";"2018-05-01";"2018-05-01";"2018-09-30";"Wiederruf";"Cologne";"terminated";2001;"2018-09-30"
28257;"energy";"electricity";2400;2489;"2018-06-20";"2018-07-01";"2018-07-01";"2020-01-02";"Wiederruf";"Frankfurt";"terminated";1002;"2018-07-27"
28258;"energy";"electricity";2300;2217;"2020-07-01";"2020-12-01";"";"";"";"Stuttgart";"active";1002;"2020-07-18"
28259;"energy";"gas";9300;9137;"2018-03-26";"2018-05-01";"";"";"";"Berlin";"indelivery";2000;"2020-02-06"
28260;"energy";"electricity";2400;2461;"2019-10-06";"2020-03-01";"";"";"";"Cologne";"indelivery";1000;"2019-11-23"
28261;"energy";"electricity";2600;"";"2018-01-10";"2019-04-01";"";"";"";"Nienburg";"indelivery";1002;"2020-03-09"
28262;"energy";"electricity";2200;2313;"2020-02-27";"2020-08-01";"";"";"";"Berlin";"indelivery";1002;"2020-05-14"
28263;"energy";"electricity";2500;2448;"2019-06-24";"2020-02-01";"";"";"";"Berlin";"indelivery";1002;"2020-07-25"
28264;"energy";"electricity";2700;2595;"2020-04-16";"2020-08-01";"";"";"";"Erfurt";"indelivery";1001;"2020-08-11"
28265;"energy";"electricity";2100;2089;"2018-01-31";"2018-04-01";"";"";"";"Berlin";"indelivery";1001;"2018-02-17"
28266;"energy";"electricity";2500;2646;"2018-10-20";"2019-01-01";"";"";"";"Osnabrück";"indelivery";1001;"2019-08-23"
28267;"energy";"electricity";2200;2305;"2020-05-24";"2020-11-01";"";"";"";"Rostock";"active";1001;"2020-08-13"
28268;"energy";"electricity";2900;2826;"2019-05-03";"2019-08-01";"";"";"";"Ingolstadt";"indelivery";1001;"2019-05-11"
28269;"energy";"electricity";2900;2892;"2020-09-03";"2020-10-01";"";"";"";"Magdeburg";"indelivery";1002;"2020-09-08"
28270;"energy";"electricity";2500;2578;"2018-05-20";"2018-07-01";"";"";"";"Berlin";"indelivery";1001;"2018-11-19"
28271;"energy";"electricity";2100;2046;"2018-10-26";"2018-12-01";"";"";"";"Munich";"indelivery";1001;"2019-01-19"
28272;"energy";"electricity";2800;2722;"2018-07-19";"2019-06-01";"";"";"";"Hannover";"indelivery";1000;"2018-10-11"
28273;"energy";"electricity";2200;2100;"2019-08-27";"2019-10-01";"";"";"";"Bad Oldesloe";"indelivery";1000;"2019-12-23"
28274;"energy";"electricity";2600;2457;"2018-11-30";"2019-01-01";"";"";"";"Dortmund";"indelivery";1001;"2020-09-20"
28275;"energy";"electricity";2200;2134;"2019-06-09";"2019-11-01";"";"";"";"Hamburg";"indelivery";1001;"2020-06-04"
28276;"energy";"electricity";2400;2361;"2018-12-15";"2019-02-01";"2020-09-30";"2020-08-29";"Umzug";"Dortmund";"terminated";1000;"2019-06-26"
28277;"energy";"electricity";2400;2525;"2018-10-26";"2019-04-01";"2020-11-30";"2020-11-02";"fristgerecht durch Kunde";"Munich";"cancelled";1000;"2020-08-13"
28278;"energy";"gas";9100;9070;"2018-09-21";"2018-10-01";"2019-07-31";"2019-07-02";"fristgerecht durch LichtBlick";"Dresden";"terminated";2001;"2019-03-27"
28279;"energy";"electricity";3000;3159;"2018-06-22";"2019-02-01";"2019-02-01";"2019-03-31";"Wiederruf";"Hamburg";"terminated";1001;"2019-03-15"
28280;"energy";"electricity";2300;"";"2019-01-31";"2019-08-01";"";"";"";"Duisburg";"indelivery";1000;"2020-07-14"
28281;"energy";"gas";8300;8606;"2019-04-15";"2019-07-01";"";"";"";"Duisburg";"indelivery";2001;"2020-04-20"
28282;"energy";"electricity";2300;2309;"2018-04-26";"2018-08-01";"2019-09-30";"2019-08-25";"Umzug";"Essen";"terminated";1002;"2018-11-09"
28283;"energy";"electricity";2400;2351;"2018-04-24";"2018-06-01";"2020-11-30";"2020-10-30";"fristgerecht durch Kunde";"Hamburg";"cancelled";1000;"2019-11-11"
28284;"energy";"electricity";2900;3005;"2020-07-02";"2020-10-01";"";"";"";"Oberhausen";"indelivery";1001;"2020-07-15"
28285;"energy";"gas";8800;8779;"2019-12-09";"2020-02-01";"";"";"";"Mannheim";"indelivery";2000;"2020-09-05"
28286;"energy";"gas";9700;9496;"2019-01-15";"2019-03-01";"2019-03-01";"2020-01-01";"Wiederruf";"Coburg";"terminated";2000;"2019-08-27"
28287;"energy";"electricity";2100;2186;"2020-09-23";"2020-10-01";"";"";"";"Duisburg";"indelivery";1002;"2020-09-25"
28288;"energy";"electricity";2800;2874;"2018-12-18";"2019-02-01";"";"";"";"Bremen";"indelivery";1001;"2019-02-19"
28289;"energy";"electricity";2800;2910;"2018-06-28";"2018-08-01";"";"";"";"Ingolstadt";"indelivery";1000;"2018-12-08"
28290;"energy";"electricity";2000;1904;"2020-05-15";"2020-07-01";"";"";"";"Wuppertal";"indelivery";1001;"2020-06-04"
28291;"energy";"electricity";2300;2442;"2018-10-24";"2018-12-01";"";"";"";"Cologne";"indelivery";1000;"2019-05-16"
28292;"energy";"electricity";2200;2177;"2020-02-20";"2020-08-01";"";"";"";"Gütersloh";"indelivery";1001;"2020-08-11"
28293;"energy";"electricity";2700;2820;"2020-07-16";"2021-05-01";"";"";"";"Cologne";"active";1001;"2020-08-13"
28294;"energy";"electricity";2200;2170;"2019-10-12";"2019-12-01";"";"";"";"Düsseldorf";"indelivery";1002;"2019-11-25"
28295;"energy";"electricity";2600;2654;"2020-05-07";"2020-09-01";"";"";"";"Flensburg";"indelivery";1001;"2020-09-10"
28296;"energy";"electricity";2600;2630;"2020-03-14";"2020-05-01";"";"";"";"Karlsruhe";"indelivery";1001;"2020-08-28"
28297;"energy";"electricity";2900;3040;"2019-10-01";"2019-12-01";"";"";"";"Berlin";"indelivery";1002;"2020-08-09"
28298;"energy";"electricity";2700;2749;"2019-01-31";"2019-05-01";"2020-09-30";"2020-09-02";"Umzug";"Gießen";"terminated";1000;"2019-02-21"
28299;"energy";"electricity";2200;2335;"2019-04-03";"2019-06-01";"2019-06-01";"2019-11-29";"Wiederruf";"Frankfurt";"terminated";1001;"2019-04-30"
28300;"energy";"gas";11300;11920;"2018-09-15";"2018-11-01";"";"";"";"Mannheim";"indelivery";2001;"2020-08-03"
28301;"energy";"gas";8700;9356;"2019-10-19";"2020-02-01";"";"";"";"Dresden";"indelivery";2000;"2020-07-03"
28302;"energy";"electricity";2800;2740;"2019-08-07";"2020-02-01";"";"";"";"Leipzig";"indelivery";1001;"2020-08-16"
28303;"energy";"electricity";2900;2981;"2019-05-31";"2019-07-01";"";"";"";"Rostock";"indelivery";1001;"2020-02-22"
28304;"energy";"electricity";2600;2653;"2019-02-04";"2019-09-01";"";"";"";"Berlin";"indelivery";1002;"2019-05-22"
28305;"energy";"electricity";2900;"";"2018-10-10";"2018-11-01";"";"";"";"Berlin";"indelivery";1000;"2020-07-09"
28306;"energy";"electricity";2500;2626;"2018-03-18";"2018-05-01";"";"";"";"Berlin";"indelivery";1001;"2019-01-22"
28307;"energy";"electricity";2700;2814;"2019-03-06";"2019-07-01";"";"";"";"Bremen";"indelivery";1002;"2020-07-14"
28308;"energy";"gas";10900;11721;"2020-01-14";"2020-02-01";"";"";"";"Bremen";"indelivery";2000;"2020-04-15"
28309;"energy";"electricity";2100;2143;"2020-06-08";"2020-09-01";"";"";"";"Simmern";"indelivery";1001;"2020-06-16"
28310;"energy";"electricity";2400;2388;"2020-09-07";"2020-10-01";"";"";"";"Bremen";"indelivery";1001;"2020-09-28"
28311;"energy";"electricity";2600;2541;"2019-10-24";"2019-12-01";"";"";"";"Dortmund";"indelivery";1001;"2020-05-01"
28312;"energy";"electricity";2900;2848;"2019-02-06";"2019-04-01";"";"";"";"Hamburg";"indelivery";1001;"2019-08-11"
28313;"energy";"electricity";2200;2390;"2018-03-20";"2018-09-01";"";"";"";"Bremen";"indelivery";1001;"2018-12-13"
28314;"energy";"electricity";2500;2416;"2018-05-20";"2018-07-01";"2018-07-01";"2019-04-02";"Wiederruf";"Bonn";"terminated";1002;"2018-05-31"
28315;"energy";"electricity";2700;2777;"2020-08-25";"2021-03-01";"";"";"";"Dortmund";"active";1002;"2020-08-27"
28316;"energy";"electricity";2100;2004;"2019-01-23";"2019-12-01";"";"";"";"Hannover";"indelivery";1002;"2020-07-22"
28317;"energy";"electricity";2600;2715;"2019-05-28";"2019-12-01";"";"";"";"Berlin";"indelivery";1001;"2020-09-02"
28318;"energy";"electricity";2800;2674;"2019-08-29";"2019-10-01";"";"";"";"Wiesbaden";"indelivery";1001;"2020-05-21"
28319;"energy";"electricity";2300;2338;"2020-07-10";"2020-09-01";"";"";"";"Berlin";"indelivery";1001;"2020-09-28"
28320;"energy";"electricity";2300;2301;"2019-06-13";"2019-08-01";"";"";"";"Hamburg";"indelivery";1000;"2019-09-26"
28321;"energy";"electricity";2800;3008;"2019-12-18";"2020-03-01";"";"";"";"Dresden";"indelivery";1000;"2020-09-07"
28322;"energy";"electricity";2900;2894;"2019-02-07";"2019-04-01";"2019-07-31";"2019-06-30";"Umzug";"Saarbrücken";"terminated";1002;"2019-06-30"
28323;"energy";"electricity";2900;2999;"2020-04-25";"2020-07-01";"";"";"";"Leipzig";"indelivery";1001;"2020-05-29"
28324;"energy";"electricity";2900;2846;"2020-01-04";"2020-02-01";"";"";"";"Hamburg";"indelivery";1000;"2020-08-10"
28325;"energy";"electricity";2700;"";"2019-03-29";"2019-04-01";"2020-02-29";"2020-02-01";"fristgerecht durch Kunde";"Berlin";"terminated";1002;"2020-02-01"
28326;"energy";"gas";8500;8617;"2019-06-23";"2019-08-01";"";"";"";"Osnabrück";"indelivery";2001;"2019-11-08"
28327;"energy";"electricity";2800;2734;"2018-02-09";"2018-06-01";"";"";"";"Karlsruhe";"indelivery";1002;"2018-08-22"
28328;"energy";"electricity";2300;2252;"2018-05-16";"2019-01-01";"";"";"";"Würzburg";"indelivery";1001;"2018-11-20"
28329;"energy";"electricity";2200;2130;"2018-01-08";"2018-02-01";"2018-05-31";"2018-05-03";"fristgerecht durch LichtBlick";"Dortmund";"terminated";1001;"2018-05-03"
28330;"energy";"electricity";2000;2134;"2018-12-24";"2019-01-01";"";"";"";"Bremen";"indelivery";1001;"2019-04-09"
28331;"energy";"electricity";2100;2033;"2019-12-12";"2020-04-01";"";"";"";"Berlin";"indelivery";1001;"2020-04-25"
28332;"energy";"electricity";2200;2314;"2020-08-04";"2020-10-01";"";"";"";"Hamburg";"indelivery";1002;"2020-09-12"
28333;"energy";"electricity";2800;2883;"2020-04-14";"2020-09-01";"2020-10-31";"2020-10-01";"fristgerecht durch Kunde";"Hildesheim";"cancelled";1000;"2020-06-10"
28334;"energy";"electricity";2800;"";"2019-06-09";"2019-12-01";"";"";"";"Bremen";"indelivery";1000;"2020-04-11"
28335;"energy";"electricity";2300;2198;"2020-09-05";"2021-03-01";"";"";"";"Munich";"active";1001;"2020-09-30"
28336;"energy";"electricity";2500;2643;"2019-04-07";"2019-09-01";"";"";"";"Bremen";"indelivery";1002;"2020-01-01"
28337;"energy";"electricity";2500;2619;"2019-08-05";"2019-11-01";"";"";"";"Düsseldorf";"indelivery";1002;"2020-05-07"
28338;"energy";"electricity";2100;2217;"2018-10-08";"2019-04-01";"";"";"";"Stuttgart";"indelivery";1001;"2020-08-17"
28339;"energy";"electricity";2600;2529;"2018-04-29";"2018-08-01";"";"";"";"Ulm";"indelivery";1000;"2018-07-14"
28340;"energy";"electricity";2200;2294;"2018-01-19";"2018-04-01";"2019-11-30";"2019-10-31";"fristgerecht durch Kunde";"Dortmund";"terminated";1001;"2019-08-03"
28341;"energy";"electricity";2200;2296;"2020-05-05";"2021-03-01";"";"";"";"Berlin";"active";1001;"2020-05-31"
28342;"energy";"electricity";2900;3112;"2018-04-11";"2019-08-01";"";"";"";"Koblenz";"indelivery";1002;"2020-08-01"
28343;"energy";"electricity";2400;2320;"2020-02-12";"2020-05-01";"";"";"";"Braunschweig";"indelivery";1001;"2020-02-20"
28344;"energy";"electricity";2900;2814;"2019-03-01";"2019-07-01";"2019-08-31";"2019-08-02";"fristgerecht durch Kunde";"Hannover";"terminated";1002;"2019-08-02"
28345;"energy";"electricity";2700;2859;"2019-09-24";"2020-01-01";"";"";"";"Marienberg";"indelivery";1000;"2019-12-14"
28346;"energy";"electricity";2000;2079;"2018-05-24";"2018-08-01";"";"";"";"Berlin";"indelivery";1002;"2019-07-02"
28347;"energy";"electricity";3000;2954;"2019-01-16";"2019-08-01";"";"";"";"Dortmund";"indelivery";1002;"2019-10-03"
28348;"energy";"electricity";2500;2555;"2019-05-19";"2019-06-01";"2019-06-01";"2020-08-02";"Wiederruf";"Altchemnitz";"terminated";1001;"2020-08-02"
28349;"energy";"gas";9700;9982;"2018-11-07";"2019-05-01";"2020-04-30";"2020-04-01";"fristgerecht durch LichtBlick";"Duisburg";"terminated";2001;"2020-01-08"
28350;"energy";"electricity";2900;3081;"2019-08-15";"2019-11-01";"";"";"";"Cologne";"indelivery";1001;"2020-09-03"
28351;"energy";"electricity";2000;"";"2019-09-17";"2019-10-01";"";"";"";"Marienberg";"indelivery";1000;"2019-12-06"
28352;"energy";"electricity";3000;3049;"2020-02-14";"2020-04-01";"2020-11-30";"2020-10-28";"fristgerecht durch Kunde";"Wuppertal";"cancelled";1001;"2020-06-14"
28353;"energy";"gas";7900;8210;"2019-08-25";"2019-10-01";"";"";"";"Hamburg";"indelivery";2000;"2020-05-19"
28354;"energy";"electricity";2200;2334;"2018-11-03";"2019-03-01";"";"";"";"Forchheim";"indelivery";1000;"2019-12-17"
28355;"energy";"electricity";2000;2063;"2019-01-02";"2019-07-01";"2019-07-01";"2019-08-03";"Wiederruf";"Braunschweig";"terminated";1001;"2019-08-03"
28356;"energy";"electricity";2400;2465;"2020-05-22";"2020-09-01";"";"";"";"Berlin";"indelivery";1002;"2020-07-24"
28357;"energy";"electricity";2600;2547;"2020-09-05";"2020-11-01";"";"";"";"Stuttgart";"active";1002;"2020-09-28"
28358;"energy";"electricity";2700;2657;"2020-08-05";"2020-09-01";"";"";"";"Cologne";"indelivery";1002;"2020-08-06"
28359;"energy";"electricity";2100;2081;"2018-06-28";"2018-10-01";"";"";"";"Hamburg";"indelivery";1001;"2020-03-18"
28360;"energy";"electricity";2000;2143;"2019-04-06";"2019-06-01";"";"";"";"Kiel";"indelivery";1000;"2020-09-14"
28361;"energy";"electricity";2200;2188;"2020-06-30";"2021-03-01";"";"";"";"Wuppertal";"active";1001;"2020-07-20"
28362;"energy";"electricity";2500;2430;"2018-09-22";"2018-10-01";"";"";"";"Lübeck";"indelivery";1001;"2020-03-26"
28363;"energy";"electricity";2300;2477;"2019-01-18";"2019-04-01";"";"";"";"Berlin";"indelivery";1002;"2019-06-22"
28364;"energy";"gas";10600;10229;"2019-11-09";"2020-01-01";"";"";"";"Marienberg";"indelivery";2000;"2020-09-05"
28365;"energy";"electricity";2200;2203;"2019-02-09";"2019-03-01";"2019-08-31";"2019-07-26";"fristgerecht durch Kunde";"Frankfurt";"terminated";1001;"2019-07-26"
28366;"energy";"electricity";2900;2986;"2020-07-24";"2020-08-01";"";"";"";"Hamburg";"indelivery";1000;"2020-09-25"
28367;"energy";"electricity";2600;2555;"2018-05-07";"2018-07-01";"";"";"";"Berlin";"indelivery";1000;"2019-08-21"
28368;"energy";"electricity";2400;2636;"2018-11-01";"2019-07-01";"2020-01-31";"2019-12-27";"fristgerecht durch Kunde";"Essen";"terminated";1002;"2019-12-10"
28369;"energy";"electricity";2800;2807;"2020-08-01";"2020-08-01";"";"";"";"Munich";"indelivery";1001;"2020-09-30"
28370;"energy";"electricity";2400;2395;"2019-12-23";"2020-04-01";"";"";"";"Heidelberg";"indelivery";1002;"2019-12-30"
28371;"energy";"electricity";2600;"";"2019-01-10";"2019-05-01";"";"";"";"Munich";"indelivery";1000;"2020-01-11"
28372;"energy";"gas";10600;11047;"2019-12-12";"2020-02-01";"";"";"";"Mannheim";"indelivery";2001;"2020-03-11"
28373;"energy";"electricity";2700;2700;"2019-09-17";"2019-11-01";"";"";"";"Emden";"indelivery";1002;"2020-05-08"
28374;"energy";"electricity";2700;2601;"2018-06-28";"2019-02-01";"";"";"";"Meißen";"indelivery";1002;"2018-09-23"
28375;"energy";"electricity";2800;2884;"2018-02-05";"2018-06-01";"";"";"";"Hannover";"indelivery";1001;"2018-06-11"
28376;"energy";"electricity";2200;2344;"2018-07-02";"2018-08-01";"2018-08-01";"2020-10-03";"Wiederruf";"Altchemnitz";"terminated";1001;"2020-07-04"
28377;"energy";"electricity";2800;"";"2019-08-02";"2019-09-01";"";"";"";"Marienberg";"indelivery";1001;"2019-10-11"
28378;"energy";"electricity";2400;2265;"2020-06-28";"2021-09-01";"";"";"";"Hamburg";"active";1002;"2020-09-30"
28379;"energy";"electricity";2200;2239;"2020-01-30";"2020-03-01";"";"";"";"Schwerin";"indelivery";1000;"2020-07-26"
28380;"energy";"gas";11200;11464;"2019-10-11";"2020-01-01";"";"";"";"Düsseldorf";"indelivery";2000;"2020-04-16"
28381;"energy";"electricity";2800;"";"2018-08-21";"2018-10-01";"";"";"";"Frankfurt";"indelivery";1002;"2019-12-25"
28382;"energy";"electricity";2300;2269;"2020-07-16";"2020-09-01";"";"";"";"Würzburg";"indelivery";1002;"2020-09-11"
28383;"energy";"electricity";2400;2538;"2018-01-01";"2018-05-01";"2019-09-30";"2019-08-31";"fristgerecht durch LichtBlick";"Marienberg";"terminated";1000;"2019-04-04"
28384;"energy";"electricity";2800;"";"2019-09-14";"2019-12-01";"";"";"";"Karlsruhe";"indelivery";1001;"2020-04-12"
28385;"energy";"electricity";2400;2460;"2019-03-21";"2019-09-01";"2020-12-31";"2020-11-30";"fristgerecht durch LichtBlick";"Saarbrücken";"cancelled";1002;"2019-11-09"
28386;"energy";"gas";10700;10769;"2020-07-03";"2020-10-01";"";"";"";"Dortmund";"indelivery";2001;"2020-08-18"
28387;"energy";"electricity";1900;1877;"2019-04-16";"2020-03-01";"";"";"";"Berlin";"indelivery";1000;"2020-08-12"
28388;"energy";"electricity";2800;2840;"2019-09-09";"2019-10-01";"";"";"";"Hamburg";"indelivery";1001;"2019-10-16"
28389;"energy";"electricity";2500;2548;"2019-01-22";"2019-04-01";"";"";"";"Frankfurt";"indelivery";1002;"2019-09-15"
28390;"energy";"electricity";2800;3065;"2019-06-08";"2020-06-01";"";"";"";"Leipzig";"indelivery";1001;"2020-02-17"
28391;"energy";"gas";10100;10051;"2019-09-15";"2020-01-01";"";"";"";"Essen";"indelivery";2001;"2020-07-16"
28392;"energy";"electricity";2100;2270;"2018-01-11";"2018-12-01";"";"";"";"Hamburg";"indelivery";1001;"2019-01-30"
28393;"energy";"electricity";3000;3153;"2020-07-30";"2021-02-01";"";"";"";"Marienberg";"active";1002;"2020-08-29"
28394;"energy";"electricity";2800;2826;"2019-11-13";"2020-04-01";"";"";"";"Neuburg";"indelivery";1002;"2020-09-13"
28395;"energy";"electricity";2300;2424;"2018-10-08";"2018-11-01";"2019-05-31";"2019-05-01";"fristgerecht durch Kunde";"Essen";"terminated";1002;"2019-05-01"
28396;"energy";"electricity";2200;"";"2019-07-06";"2019-12-01";"";"";"";"Munich";"indelivery";1001;"2019-09-01"
28397;"energy";"electricity";2400;2318;"2019-01-02";"2019-02-01";"2019-09-30";"2019-08-29";"fristgerecht durch Kunde";"Stuttgart";"terminated";1002;"2019-08-29"
28398;"energy";"electricity";2100;2162;"2019-02-28";"2019-07-01";"";"";"";"Dingolfing";"indelivery";1002;"2019-07-28"
28399;"energy";"electricity";2400;"";"2020-04-20";"2021-04-01";"";"";"";"Berlin";"active";1000;"2020-09-16"
28400;"energy";"electricity";2200;2285;"2018-07-19";"2019-03-01";"";"";"";"Duisburg";"indelivery";1002;"2020-09-07"
28401;"energy";"gas";7800;8086;"2020-09-11";"2020-11-01";"";"";"";"Hamburg";"active";2000;"2020-09-29"
28402;"energy";"electricity";2000;2151;"2018-04-04";"2018-11-01";"2019-01-31";"2018-12-27";"Umzug";"Munich";"terminated";1000;"2018-12-27"
28403;"energy";"electricity";2600;2663;"2019-07-10";"2019-09-01";"";"";"";"Kiel";"indelivery";1001;"2020-05-21"
28404;"energy";"electricity";2100;2280;"2019-03-31";"2019-11-01";"";"";"";"Hamburg";"indelivery";1000;"2019-12-06"
28405;"energy";"electricity";2700;"";"2019-03-16";"2019-05-01";"";"";"";"Emmendingen";"indelivery";1002;"2019-11-30"
28406;"energy";"electricity";2200;"";"2019-02-26";"2019-06-01";"";"";"";"Bremen";"indelivery";1001;"2020-05-10"
28407;"energy";"electricity";2900;2828;"2020-09-25";"2020-12-01";"";"";"";"Bremen";"active";1000;"2020-09-26"
28408;"energy";"electricity";2700;2563;"2018-12-12";"2019-04-01";"";"";"";"Berlin";"indelivery";1002;"2020-01-19"
28409;"energy";"electricity";2200;2362;"2018-06-30";"2018-10-01";"";"";"";"Wiesbaden";"indelivery";1001;"2019-10-01"
28410;"energy";"electricity";2500;2712;"2020-05-15";"2020-07-01";"";"";"";"Hamburg";"indelivery";1002;"2020-05-21"
28411;"energy";"electricity";2200;2314;"2020-05-01";"2020-06-01";"";"";"";"Stuttgart";"indelivery";1000;"2020-05-20"
28412;"energy";"electricity";2900;2979;"2018-08-26";"2018-09-01";"";"";"";"Berlin";"indelivery";1001;"2019-11-07"
28413;"energy";"electricity";2100;2082;"2018-09-03";"2018-11-01";"";"";"";"Munich";"indelivery";1002;"2020-03-08"
28414;"energy";"electricity";2300;2329;"2019-01-07";"2019-04-01";"";"";"";"Marienberg";"indelivery";1001;"2019-12-29"
28415;"energy";"electricity";2800;2988;"2018-03-25";"2018-04-01";"2018-04-01";"2019-08-31";"Wiederruf";"Berlin";"terminated";1002;"2019-08-31"
28416;"energy";"electricity";2700;2816;"2020-01-03";"2020-03-01";"";"";"";"Saarbrücken";"indelivery";1001;"2020-09-24"
28417;"energy";"gas";11600;11093;"2019-07-05";"2019-08-01";"";"";"";"Leipzig";"indelivery";2001;"2020-05-23"
28418;"energy";"electricity";2200;2171;"2019-03-29";"2019-05-01";"";"";"";"Westerstede";"indelivery";1001;"2020-01-19"
28419;"energy";"gas";10900;10938;"2018-12-31";"2019-01-01";"2020-12-31";"2020-12-02";"Umzug";"Dortmund";"cancelled";2000;"2019-10-04"
28420;"energy";"electricity";2100;2027;"2018-09-29";"2019-07-01";"";"";"";"Dresden";"indelivery";1001;"2019-04-17"
28421;"energy";"gas";10300;10125;"2019-07-04";"2019-12-01";"";"";"";"Hamburg";"indelivery";2000;"2020-05-11"
28422;"energy";"electricity";2300;2378;"2019-07-15";"2020-01-01";"";"";"";"Duisburg";"indelivery";1002;"2020-07-03"
28423;"energy";"electricity";2300;2227;"2020-05-26";"2020-08-01";"";"";"";"Munich";"indelivery";1001;"2020-09-25"
28424;"energy";"electricity";2000;2161;"2019-05-08";"2019-08-01";"";"";"";"Magdeburg";"indelivery";1002;"2019-10-02"
28425;"energy";"electricity";2200;2386;"2018-02-19";"2019-02-01";"";"";"";"Hannover";"indelivery";1001;"2019-10-26"
28426;"energy";"electricity";2400;2551;"2019-12-13";"2020-01-01";"2020-02-29";"2020-01-23";"Umzug";"Hamburg";"terminated";1000;"2020-01-23"
28427;"energy";"electricity";2600;2687;"2019-08-25";"2020-07-01";"";"";"";"Frankfurt";"indelivery";1000;"2020-07-03"
28428;"energy";"gas";9800;9301;"2019-09-25";"2020-03-01";"";"";"";"Jena";"indelivery";2001;"2020-07-13"
28429;"energy";"electricity";2600;"";"2019-10-13";"2019-12-01";"";"";"";"Bielefeld";"indelivery";1000;"2020-09-03"
28430;"energy";"electricity";2400;2575;"2019-03-01";"2019-12-01";"";"";"";"Münster";"indelivery";1002;"2019-05-09"
28431;"energy";"electricity";2100;2204;"2019-02-19";"2019-05-01";"";"";"";"Birkenfeld";"indelivery";1000;"2020-06-07"
28432;"energy";"electricity";2600;2533;"2018-01-02";"2018-03-01";"2020-01-31";"2020-01-02";"fristgerecht durch Kunde";"Berlin";"terminated";1002;"2019-05-04"
28433;"energy";"electricity";2400;2582;"2019-07-16";"2019-11-01";"";"";"";"Munich";"indelivery";1000;"2020-08-27"
28434;"energy";"electricity";2600;2772;"2020-05-09";"2020-07-01";"";"";"";"Regensburg";"indelivery";1001;"2020-08-16"
28435;"energy";"electricity";2900;2770;"2018-09-17";"2019-01-01";"2019-10-31";"2019-10-03";"Umzug";"Wilhelmshaven";"terminated";1001;"2019-02-26"
28436;"energy";"electricity";2100;2203;"2019-10-17";"2020-03-01";"";"";"";"Berlin";"indelivery";1000;"2020-07-03"
28437;"energy";"electricity";2300;2412;"2019-09-17";"2020-04-01";"";"";"";"Magdeburg";"indelivery";1000;"2020-03-22"
28438;"energy";"electricity";2800;2891;"2019-01-24";"2019-09-01";"2020-11-30";"2020-11-01";"fristgerecht durch Kunde";"Lübeck";"cancelled";1000;"2020-03-28"
28439;"energy";"electricity";2800;2794;"2019-01-23";"2020-01-01";"2020-08-31";"2020-07-27";"fristgerecht durch Kunde";"Potsdam";"terminated";1000;"2019-07-14"
28440;"energy";"gas";8500;8125;"2020-06-02";"2020-11-01";"";"";"";"Essen";"active";2000;"2020-09-08"
28441;"energy";"electricity";2900;2948;"2018-01-21";"2018-02-01";"";"";"";"Rosenheim";"indelivery";1002;"2020-01-08"
28442;"energy";"gas";9200;8954;"2018-10-06";"2019-08-01";"";"";"";"Munich";"indelivery";2000;"2019-02-21"
28443;"energy";"electricity";2500;2662;"2018-01-01";"2018-05-01";"";"";"";"Braunschweig";"indelivery";1001;"2019-03-30"
28444;"energy";"electricity";2600;2716;"2019-08-23";"2019-12-01";"";"";"";"Würzburg";"indelivery";1002;"2019-11-02"
28445;"energy";"gas";9900;9647;"2020-02-10";"2020-07-01";"";"";"";"Bremen";"indelivery";2001;"2020-02-14"
28446;"energy";"electricity";2100;2134;"2020-05-31";"2020-11-01";"";"";"";"Mannheim";"active";1002;"2020-09-16"
28447;"energy";"electricity";2500;2640;"2020-03-03";"2020-06-01";"";"";"";"Bremen";"indelivery";1000;"2020-05-15"
28448;"energy";"electricity";2700;2751;"2018-11-05";"2019-06-01";"";"";"";"Fürstenfeldbruck";"indelivery";1000;"2020-06-16"
28449;"energy";"electricity";2600;2594;"2019-01-09";"2019-04-01";"";"";"";"Berlin";"indelivery";1001;"2019-05-18"
28450;"energy";"electricity";2800;2877;"2018-04-26";"2018-07-01";"2018-11-30";"2018-10-30";"Umzug";"Göttingen";"terminated";1001;"2018-10-30"
28451;"energy";"electricity";2600;2671;"2019-08-01";"2019-12-01";"";"";"";"Berlin";"indelivery";1000;"2019-08-14"
28452;"energy";"electricity";2600;2517;"2019-04-02";"2019-08-01";"";"";"";"Essen";"indelivery";1001;"2019-06-20"
28453;"energy";"electricity";2500;2638;"2019-09-24";"2019-11-01";"";"";"";"Stuttgart";"indelivery";1000;"2020-09-16"
28454;"energy";"electricity";3100;2965;"2019-11-19";"2020-02-01";"";"";"";"Eschwege";"indelivery";1001;"2019-12-20"
28455;"energy";"electricity";2300;"";"2019-06-01";"2019-07-01";"";"";"";"Cologne";"indelivery";1000;"2020-02-29"
28456;"energy";"electricity";2500;2724;"2020-04-18";"2020-05-01";"";"";"";"Hannover";"indelivery";1002;"2020-05-26"
28457;"energy";"electricity";2800;2786;"2019-10-11";"2020-01-01";"";"";"";"Munich";"indelivery";1002;"2020-09-10"
28458;"energy";"electricity";2200;2298;"2018-10-12";"2018-12-01";"2019-10-31";"2019-10-01";"Umzug";"Flensburg";"terminated";1001;"2019-10-01"
28459;"energy";"gas";9300;9173;"2020-06-02";"2020-08-01";"";"";"";"Berlin";"indelivery";2000;"2020-08-28"
28460;"energy";"electricity";2200;2281;"2020-04-04";"2020-07-01";"";"";"";"Hannover";"indelivery";1002;"2020-06-28"
28461;"energy";"electricity";2300;2450;"2019-12-10";"2020-02-01";"";"";"";"Wiesbaden";"indelivery";1002;"2020-04-21"
28462;"energy";"electricity";2400;2346;"2019-04-06";"2019-11-01";"";"";"";"Hamburg";"indelivery";1000;"2019-08-05"
28463;"energy";"electricity";2000;1969;"2020-03-31";"2020-07-01";"";"";"";"Cologne";"indelivery";1001;"2020-05-09"
28464;"energy";"electricity";2600;2570;"2019-07-20";"2019-11-01";"2019-11-01";"2020-05-03";"Wiederruf";"Berlin";"terminated";1001;"2019-07-31"
28465;"energy";"electricity";1900;2047;"2019-10-21";"2019-12-01";"";"";"";"Berlin";"indelivery";1002;"2019-11-29"
28466;"energy";"electricity";2600;2670;"2020-01-19";"2020-05-01";"";"";"";"Essen";"indelivery";1000;"2020-07-15"
28467;"energy";"electricity";2200;2263;"2019-04-28";"2019-05-01";"";"";"";"Munich";"indelivery";1002;"2019-12-03"
28468;"energy";"electricity";2600;2640;"2019-09-09";"2020-02-01";"";"";"";"Magdeburg";"indelivery";1000;"2020-03-30"
28469;"energy";"electricity";2300;2228;"2019-03-15";"2019-06-01";"";"";"";"Stuttgart";"indelivery";1000;"2020-08-21"
28470;"energy";"electricity";2700;2786;"2019-10-26";"2020-01-01";"";"";"";"Wuppertal";"indelivery";1002;"2020-07-10"
28471;"energy";"electricity";2600;2610;"2019-01-30";"2019-03-01";"";"";"";"Berlin";"indelivery";1001;"2019-04-20"
28472;"energy";"gas";8800;8960;"2020-05-04";"2020-06-01";"";"";"";"Leipzig";"indelivery";2001;"2020-08-27"
28473;"energy";"electricity";2100;2238;"2018-03-19";"2018-04-01";"";"";"";"Cologne";"indelivery";1002;"2020-01-21"
28474;"energy";"electricity";2000;2135;"2020-06-19";"2020-08-01";"";"";"";"Hamburg";"indelivery";1001;"2020-08-08"
28475;"energy";"electricity";2700;2820;"2019-11-02";"2020-03-01";"";"";"";"Berlin";"indelivery";1001;"2020-03-17"
28476;"energy";"gas";10900;11520;"2018-12-07";"2019-01-01";"";"";"";"Düsseldorf";"indelivery";2000;"2020-04-15"
28477;"energy";"electricity";2200;2312;"2019-06-24";"2019-12-01";"2020-11-30";"2020-10-29";"fristgerecht durch Kunde";"Hamburg";"cancelled";1000;"2019-10-19"
28478;"energy";"gas";8500;8278;"2020-02-14";"2020-05-01";"2020-06-30";"2020-06-02";"fristgerecht durch Kunde";"Stuttgart";"terminated";2000;"2020-06-02"
28479;"energy";"electricity";2400;2405;"2018-07-18";"2018-09-01";"";"";"";"Dortmund";"indelivery";1001;"2019-07-26"
28480;"energy";"electricity";2400;"";"2019-07-12";"2019-09-01";"";"";"";"Munich";"indelivery";1001;"2020-05-22"
28481;"energy";"electricity";2600;2677;"2018-07-18";"2018-09-01";"";"";"";"Erfurt";"indelivery";1002;"2018-10-11"
28482;"energy";"electricity";2800;2756;"2019-09-21";"2019-11-01";"";"";"";"Cologne";"indelivery";1002;"2020-04-19"
28483;"energy";"gas";11700;12575;"2018-01-23";"2018-04-01";"";"";"";"Berlin";"indelivery";2000;"2020-03-25"
28484;"energy";"electricity";2100;2258;"2020-01-11";"2020-06-01";"";"";"";"Hamburg";"indelivery";1001;"2020-03-19"
28485;"energy";"electricity";2400;2554;"2018-09-08";"2019-07-01";"";"";"";"Augsburg";"indelivery";1000;"2019-08-17"
28486;"energy";"electricity";2100;2220;"2019-02-18";"2019-09-01";"";"";"";"Essen";"indelivery";1002;"2019-07-05"
28487;"energy";"electricity";2100;2014;"2020-04-18";"2020-06-01";"";"";"";"Altchemnitz";"indelivery";1001;"2020-09-02"
28488;"energy";"electricity";2500;2393;"2019-02-26";"2019-03-01";"";"";"";"Magdeburg";"indelivery";1000;"2020-09-01"
28489;"energy";"gas";9500;9196;"2019-12-17";"2020-01-01";"";"";"";"Hannover";"indelivery";2001;"2020-01-27"
28490;"energy";"electricity";2000;2049;"2018-08-22";"2018-11-01";"";"";"";"Berlin";"indelivery";1002;"2019-08-27"
28491;"energy";"gas";9300;8989;"2018-07-22";"2018-12-01";"2018-12-01";"2020-11-01";"Wiederruf";"Hannover";"terminated";2000;"2018-12-03"
28492;"energy";"electricity";2000;"";"2019-08-21";"2019-11-01";"";"";"";"Berlin";"indelivery";1001;"2020-06-29"
28493;"energy";"electricity";2800;2952;"2018-05-29";"2018-12-01";"";"";"";"Wiesbaden";"indelivery";1002;"2020-03-26"
28494;"energy";"electricity";2000;2143;"2019-12-14";"2020-03-01";"";"";"";"Dresden";"indelivery";1001;"2020-08-25"
28495;"energy";"electricity";2000;1981;"2020-09-17";"2020-12-01";"";"";"";"Cologne";"active";1000;"2020-09-21"
28496;"energy";"electricity";2400;"";"2019-03-14";"2019-06-01";"";"";"";"Germersheim";"indelivery";1001;"2019-10-21"
28497;"energy";"electricity";2800;2962;"2018-07-03";"2018-09-01";"2020-01-31";"2020-01-01";"fristgerecht durch Kunde";"Bremen";"terminated";1001;"2019-02-25"
28498;"energy";"electricity";2500;"";"2018-08-31";"2019-03-01";"";"";"";"Leipzig";"indelivery";1001;"2020-07-10"
28499;"energy";"gas";11300;11141;"2019-03-28";"2019-06-01";"2020-07-31";"2020-07-02";"fristgerecht durch Kunde";"Altchemnitz";"terminated";2000;"2020-01-27"
28500;"energy";"gas";9600;9991;"2019-02-05";"2019-05-01";"2019-05-01";"2020-02-01";"Wiederruf";"Stuttgart";"terminated";2001;"2020-02-01"
28501;"energy";"gas";8400;8412;"2018-01-29";"2018-03-01";"";"";"";"Berlin";"indelivery";2001;"2018-03-31"
28502;"energy";"electricity";2900;"";"2018-02-21";"2018-05-01";"2018-07-31";"2018-07-03";"Umzug";"Düsseldorf";"terminated";1001;"2018-07-03"
28503;"energy";"electricity";2500;"";"2019-09-01";"2019-12-01";"";"";"";"Hofeck";"indelivery";1002;"2020-09-13"
28504;"energy";"electricity";2900;2942;"2018-06-12";"2018-07-01";"";"";"";"Duisburg";"indelivery";1001;"2020-06-09"
28505;"energy";"electricity";2600;2622;"2019-12-03";"2020-02-01";"2020-02-01";"2020-02-27";"Wiederruf";"Dortmund";"terminated";1002;"2020-02-27"
28506;"energy";"electricity";2700;2832;"2020-04-24";"2020-06-01";"";"";"";"Mainz";"indelivery";1001;"2020-06-26"
28507;"energy";"electricity";2700;2757;"2019-11-25";"2020-03-01";"";"";"";"Frankfurt";"indelivery";1000;"2020-03-23"
28508;"energy";"gas";10500;10343;"2020-08-21";"2021-02-01";"";"";"";"Bremen";"active";2001;"2020-09-29"
28509;"energy";"electricity";2300;2198;"2020-03-28";"2020-06-01";"";"";"";"Rosenheim";"indelivery";1000;"2020-05-21"
28510;"energy";"gas";10600;11235;"2018-10-14";"2018-12-01";"";"";"";"Bad Salzungen";"indelivery";2001;"2019-05-20"
28511;"energy";"electricity";2200;2391;"2019-02-22";"2019-06-01";"";"";"";"Fürth";"indelivery";1001;"2020-04-01"
28512;"energy";"electricity";2800;3046;"2020-04-02";"2020-06-01";"";"";"";"Bremen";"indelivery";1002;"2020-09-23"
28513;"energy";"electricity";2000;2035;"2018-01-25";"2018-02-01";"2018-12-31";"2018-12-03";"fristgerecht durch LichtBlick";"Bremen";"terminated";1002;"2018-12-03"
28514;"energy";"electricity";2700;2909;"2019-06-25";"2019-07-01";"";"";"";"Stuttgart";"indelivery";1000;"2019-11-30"
28515;"energy";"electricity";2700;2642;"2019-06-16";"2019-08-01";"";"";"";"Munich";"indelivery";1001;"2020-06-28"
28516;"energy";"electricity";2400;2437;"2020-01-18";"2020-08-01";"";"";"";"Stendal";"indelivery";1000;"2020-02-18"
28517;"energy";"electricity";2300;2379;"2019-11-02";"2020-01-01";"";"";"";"Wiesbaden";"indelivery";1002;"2020-05-01"
28518;"energy";"electricity";2600;2482;"2019-10-26";"2019-11-01";"";"";"";"Hamburg";"indelivery";1001;"2020-06-07"
28519;"energy";"gas";10700;10695;"2019-01-11";"2019-06-01";"";"";"";"Berlin";"indelivery";2001;"2019-09-03"
28520;"energy";"electricity";2400;2412;"2019-11-12";"2020-04-01";"";"";"";"Mülheim";"indelivery";1001;"2020-03-19"
28521;"energy";"electricity";3000;"";"2020-07-29";"2020-08-01";"";"";"";"Bonn";"indelivery";1000;"2020-09-08"
28522;"energy";"electricity";3000;2944;"2019-10-04";"2019-12-01";"";"";"";"Essen";"indelivery";1000;"2020-01-18"
28523;"energy";"electricity";2700;2751;"2019-01-23";"2019-04-01";"";"";"";"Munich";"indelivery";1000;"2019-01-26"
28524;"energy";"electricity";2000;2184;"2018-02-05";"2018-04-01";"";"";"";"Frankfurt";"indelivery";1000;"2019-04-08"
28525;"energy";"electricity";2100;2299;"2020-07-12";"2020-09-01";"";"";"";"Bad Tölz";"indelivery";1000;"2020-07-25"
28526;"energy";"electricity";2800;2952;"2020-08-17";"2020-12-01";"";"";"";"Mosbach";"active";1001;"2020-08-29"
28527;"energy";"electricity";2000;2167;"2018-04-05";"2018-09-01";"";"";"";"Berlin";"indelivery";1001;"2019-08-03"
28528;"energy";"electricity";2700;2718;"2018-09-10";"2019-01-01";"";"";"";"Berlin";"indelivery";1002;"2020-02-23"
28529;"energy";"electricity";2400;2547;"2020-05-14";"2020-06-01";"2020-06-01";"2020-06-28";"Wiederruf";"Berlin";"terminated";1001;"2020-06-28"
28530;"energy";"electricity";2900;3032;"2018-12-18";"2019-05-01";"";"";"";"Kassel";"indelivery";1001;"2019-04-29"
28531;"energy";"electricity";2800;2831;"2020-09-11";"2020-11-01";"";"";"";"Salzgitter";"active";1001;"2020-09-23"
28532;"energy";"electricity";2900;3050;"2019-01-13";"2019-04-01";"";"";"";"Augsburg";"indelivery";1000;"2019-04-13"
28533;"energy";"gas";9600;9311;"2019-12-23";"2020-06-01";"";"";"";"Wuppertal";"indelivery";2001;"2020-01-17"
28534;"energy";"electricity";2400;2305;"2020-08-14";"2020-11-01";"";"";"";"Dresden";"active";1002;"2020-09-01"
28535;"energy";"gas";11200;11979;"2019-03-14";"2019-08-01";"";"";"";"Essen";"indelivery";2000;"2020-06-25"
28536;"energy";"electricity";3000;3137;"2020-03-01";"2020-06-01";"";"";"";"Bielefeld";"indelivery";1001;"2020-03-17"
28537;"energy";"electricity";2100;2261;"2020-08-14";"2020-09-01";"";"";"";"Berlin";"indelivery";1002;"2020-08-21"
28538;"energy";"electricity";2400;2475;"2018-11-09";"2019-01-01";"";"";"";"Hofeck";"indelivery";1001;"2019-05-10"
28539;"energy";"gas";11200;"";"2019-11-04";"2020-04-01";"";"";"";"Cologne";"indelivery";2001;"2020-08-08"
28540;"energy";"electricity";2600;2630;"2018-01-12";"2018-05-01";"2018-06-30";"2018-05-24";"fristgerecht durch Kunde";"Bremen";"terminated";1001;"2018-05-24"
28541;"energy";"electricity";2500;2481;"2019-04-17";"2020-01-01";"2020-11-30";"2020-11-01";"fristgerecht durch Kunde";"Altchemnitz";"cancelled";1001;"2020-05-17"
28542;"energy";"electricity";2400;2528;"2018-04-02";"2018-05-01";"";"";"";"Stralsund";"indelivery";1000;"2018-09-16"
28543;"energy";"electricity";2700;2643;"2019-02-23";"2019-08-01";"2019-12-31";"2019-12-02";"Umzug";"Dortmund";"terminated";1002;"2019-09-09"
28544;"energy";"electricity";2600;2554;"2019-02-24";"2019-04-01";"";"";"";"Berlin";"indelivery";1000;"2020-07-24"
28545;"energy";"electricity";2900;2932;"2019-01-25";"2019-07-01";"";"";"";"Leipzig";"indelivery";1001;"2020-01-04"
28546;"energy";"electricity";3000;3163;"2020-03-09";"2020-10-01";"";"";"";"Cologne";"indelivery";1001;"2020-07-21"
28547;"energy";"electricity";2700;2532;"2019-06-16";"2020-01-01";"";"";"";"Berlin";"indelivery";1002;"2019-06-21"
28548;"energy";"gas";9300;9659;"2020-07-20";"2020-09-01";"";"";"";"Lübeck";"indelivery";2001;"2020-09-22"
28549;"energy";"electricity";2300;2327;"2019-11-05";"2020-01-01";"2020-09-30";"2020-08-28";"fristgerecht durch Kunde";"Gießen";"terminated";1001;"2020-06-14"
28550;"energy";"electricity";2700;2863;"2018-10-23";"2019-03-01";"2020-06-30";"2020-06-02";"fristgerecht durch Kunde";"Berlin";"terminated";1002;"2019-05-03"
28551;"energy";"electricity";2500;2522;"2019-07-06";"2019-10-01";"";"";"";"Hamburg";"indelivery";1001;"2020-03-19"
28552;"energy";"gas";11100;10892;"2018-11-11";"2019-01-01";"2019-03-31";"2019-03-02";"fristgerecht durch LichtBlick";"Dresden";"terminated";2001;"2019-03-02"
28553;"energy";"gas";9400;8973;"2018-10-12";"2018-11-01";"";"";"";"Hamburg";"indelivery";2000;"2019-09-09"
28554;"energy";"electricity";2200;2193;"2018-10-30";"2019-10-01";"";"";"";"Bremen";"indelivery";1000;"2020-03-28"
28555;"energy";"electricity";2300;2262;"2018-05-29";"2018-08-01";"";"";"";"Hannover";"indelivery";1000;"2019-12-19"
28556;"energy";"electricity";2000;2130;"2020-08-05";"2021-06-01";"";"";"";"Hamburg";"active";1000;"2020-08-28"
28557;"energy";"electricity";2700;2631;"2018-09-25";"2019-01-01";"";"";"";"Hamburg";"indelivery";1000;"2018-11-14"
28558;"energy";"electricity";2200;2182;"2019-11-03";"2020-02-01";"";"";"";"Schwäbisch Hall";"indelivery";1002;"2020-08-25"
28559;"energy";"electricity";2000;1952;"2018-12-25";"2019-01-01";"";"";"";"Frankfurt";"indelivery";1001;"2019-01-16"
28560;"energy";"electricity";2500;2439;"2019-03-23";"2019-07-01";"";"";"";"Hamburg";"indelivery";1000;"2020-07-12"
28561;"energy";"electricity";3000;3196;"2019-05-22";"2020-02-01";"";"";"";"Dortmund";"indelivery";1000;"2020-06-20"
28562;"energy";"electricity";2100;2180;"2020-07-17";"2020-09-01";"";"";"";"Osnabrück";"indelivery";1001;"2020-07-29"
28563;"energy";"electricity";2700;2710;"2019-12-30";"2020-02-01";"";"";"";"Germersheim";"indelivery";1000;"2020-05-02"
28564;"energy";"electricity";2500;2660;"2018-05-14";"2018-06-01";"";"";"";"Mannheim";"indelivery";1001;"2019-05-08"
28565;"energy";"electricity";2000;2019;"2018-04-24";"2018-06-01";"2020-04-30";"2020-03-29";"fristgerecht durch Kunde";"Berlin";"terminated";1000;"2020-03-29"
28566;"energy";"electricity";2000;"";"2019-12-16";"2020-01-01";"";"";"";"Bonn";"indelivery";1000;"2020-09-16"
28567;"energy";"gas";9900;9893;"2018-12-17";"2019-01-01";"2019-01-01";"2020-12-03";"Wiederruf";"Düsseldorf";"terminated";2000;"2020-02-04"
28568;"energy";"electricity";2900;3094;"2019-05-19";"2019-08-01";"";"";"";"Augsburg";"indelivery";1001;"2020-02-04"
28569;"energy";"electricity";2000;2083;"2019-10-06";"2019-11-01";"";"";"";"Berlin";"indelivery";1000;"2020-02-21"
28570;"energy";"electricity";2600;2514;"2020-02-29";"2020-05-01";"";"";"";"Jena";"indelivery";1001;"2020-07-14"
28571;"energy";"electricity";2000;2069;"2019-04-17";"2019-08-01";"";"";"";"Hamburg";"indelivery";1001;"2019-10-20"
28572;"energy";"electricity";2300;2266;"2019-09-20";"2020-03-01";"";"";"";"Münster";"indelivery";1002;"2020-09-12"
28573;"energy";"electricity";2500;"";"2018-03-17";"2018-07-01";"2018-11-30";"2018-10-30";"fristgerecht durch Kunde";"Hamburg";"terminated";1002;"2018-10-30"
28574;"energy";"electricity";2600;2621;"2019-01-26";"2019-03-01";"2020-10-31";"2020-10-02";"Umzug";"Augsburg";"cancelled";1001;"2020-05-24"
28575;"energy";"electricity";2800;2910;"2018-04-12";"2018-05-01";"2019-09-30";"2019-09-02";"fristgerecht durch Kunde";"Dresden";"terminated";1002;"2018-05-07"
28576;"energy";"gas";9900;10410;"2020-04-16";"2020-05-01";"";"";"";"Berlin";"indelivery";2000;"2020-07-20"
28577;"energy";"electricity";2300;2425;"2019-02-08";"2019-04-01";"2020-04-30";"2020-04-01";"Umzug";"Duisburg";"terminated";1001;"2019-11-17"
28578;"energy";"electricity";2000;2026;"2018-02-05";"2018-07-01";"2019-07-31";"2019-07-01";"Umzug";"Ingolstadt";"terminated";1001;"2018-06-23"
28579;"energy";"electricity";2500;2469;"2019-03-27";"2019-08-01";"";"";"";"Munich";"indelivery";1002;"2020-06-13"
28580;"energy";"electricity";2400;2404;"2019-08-10";"2019-10-01";"";"";"";"Altchemnitz";"indelivery";1002;"2020-08-16"
28581;"energy";"electricity";2800;2901;"2019-02-22";"2019-07-01";"2020-02-29";"2020-01-27";"fristgerecht durch Kunde";"Erfurt";"terminated";1001;"2019-09-22"
28582;"energy";"electricity";2100;2072;"2020-05-23";"2021-03-01";"";"";"";"Stralsund";"active";1000;"2020-06-08"
28583;"energy";"electricity";2500;2451;"2020-06-28";"2020-09-01";"2020-11-30";"2020-10-30";"fristgerecht durch Kunde";"Frankfurt";"cancelled";1000;"2020-07-20"
28584;"energy";"electricity";2900;"";"2018-06-22";"2018-11-01";"";"";"";"Münster";"indelivery";1002;"2018-09-25"
28585;"energy";"electricity";2200;2220;"2018-12-25";"2019-03-01";"";"";"";"Münster";"indelivery";1000;"2020-09-24"
28586;"energy";"electricity";2400;2573;"2019-07-31";"2020-01-01";"2020-08-31";"2020-08-03";"fristgerecht durch Kunde";"Munich";"terminated";1001;"2020-07-15"
28587;"energy";"electricity";2600;2842;"2019-06-26";"2019-08-01";"";"";"";"Marienberg";"indelivery";1001;"2019-07-19"
28588;"energy";"electricity";2700;2920;"2018-11-22";"2019-01-01";"";"";"";"Stuttgart";"indelivery";1000;"2019-01-18"
28589;"energy";"gas";11300;10776;"2018-12-21";"2019-03-01";"";"";"";"Berlin";"indelivery";2000;"2020-05-30"
28590;"energy";"gas";9600;9848;"2019-07-23";"2019-08-01";"";"";"";"Würzburg";"indelivery";2001;"2020-03-28"
28591;"energy";"electricity";2700;2689;"2019-02-15";"2019-11-01";"";"";"";"Berlin";"indelivery";1001;"2019-08-04"
28592;"energy";"electricity";2200;2230;"2019-06-03";"2019-08-01";"";"";"";"Leipzig";"indelivery";1000;"2020-07-05"
28593;"energy";"electricity";2300;"";"2018-12-06";"2019-04-01";"";"";"";"Leipzig";"indelivery";1002;"2020-03-06"
28594;"energy";"gas";8000;7617;"2018-10-08";"2018-12-01";"";"";"";"Munich";"indelivery";2000;"2020-03-21"
28595;"energy";"gas";10300;10557;"2018-08-13";"2019-02-01";"";"";"";"Munich";"indelivery";2000;"2020-04-26"
28596;"energy";"electricity";2500;2427;"2018-06-08";"2019-02-01";"";"";"";"Berlin";"indelivery";1000;"2018-08-21"
28597;"energy";"electricity";2600;2598;"2019-11-10";"2020-04-01";"";"";"";"Regensburg";"indelivery";1000;"2020-08-26"
28598;"energy";"electricity";2800;3062;"2018-04-05";"2018-08-01";"";"";"";"Leipzig";"indelivery";1002;"2018-04-16"
28599;"energy";"gas";9700;"";"2018-10-23";"2019-01-01";"";"";"";"Hamburg";"indelivery";2001;"2020-07-03"
28600;"energy";"gas";8900;8837;"2019-12-31";"2020-05-01";"";"";"";"Dessau-Roßlau";"indelivery";2001;"2020-07-29"
28601;"energy";"electricity";2600;2735;"2020-07-17";"2020-09-01";"";"";"";"Hannover";"indelivery";1001;"2020-09-28"
28602;"energy";"electricity";2600;2574;"2020-01-23";"2020-03-01";"";"";"";"Berlin";"indelivery";1000;"2020-03-03"
28603;"energy";"electricity";2100;2214;"2018-03-23";"2018-05-01";"";"";"";"Stuttgart";"indelivery";1001;"2019-01-01"
28604;"energy";"gas";8300;8491;"2018-07-06";"2018-11-01";"";"";"";"Berlin";"indelivery";2001;"2019-10-21"
28605;"energy";"electricity";2900;3015;"2019-08-13";"2020-01-01";"";"";"";"Frankfurt";"indelivery";1001;"2020-07-13"
28606;"energy";"electricity";2000;2062;"2020-02-05";"2020-04-01";"";"";"";"Munich";"indelivery";1002;"2020-03-04"
28607;"energy";"electricity";1900;1836;"2018-06-23";"2018-09-01";"2020-12-31";"2020-12-01";"fristgerecht durch LichtBlick";"Munich";"cancelled";1002;"2018-12-13"
28608;"energy";"gas";12000;12515;"2019-05-31";"2019-07-01";"";"";"";"Marienberg";"indelivery";2001;"2020-04-29"
28609;"energy";"electricity";2600;2532;"2020-04-28";"2020-06-01";"";"";"";"Kassel";"indelivery";1000;"2020-09-10"
28610;"energy";"electricity";2500;"";"2018-12-20";"2019-05-01";"";"";"";"Duisburg";"indelivery";1002;"2019-12-12"
28611;"energy";"electricity";2300;2243;"2019-01-15";"2019-05-01";"";"";"";"Berlin";"indelivery";1002;"2020-05-22"
28612;"energy";"electricity";2300;2443;"2020-06-23";"2020-09-01";"";"";"";"Bonn";"indelivery";1001;"2020-08-24"
28613;"energy";"electricity";2200;2242;"2019-06-11";"2019-07-01";"";"";"";"Dortmund";"indelivery";1001;"2020-01-02"
28614;"energy";"gas";8200;8380;"2018-07-06";"2018-09-01";"";"";"";"Bremen";"indelivery";2001;"2020-07-27"
28615;"energy";"gas";10700;11371;"2019-06-01";"2020-05-01";"2020-11-30";"2020-10-26";"fristgerecht durch Kunde";"Schwerin";"cancelled";2000;"2019-11-25"
28616;"energy";"electricity";2200;2059;"2018-06-24";"2018-07-01";"2018-11-30";"2018-11-02";"fristgerecht durch Kunde";"Jena";"terminated";1002;"2018-11-02"
28617;"energy";"gas";7500;7323;"2019-03-14";"2019-06-01";"";"";"";"Berlin";"indelivery";2000;"2019-09-12"
28618;"energy";"electricity";2800;"";"2018-09-28";"2018-12-01";"";"";"";"Heinsberg";"indelivery";1000;"2019-04-24"
28619;"energy";"gas";8800;8423;"2018-08-07";"2018-11-01";"";"";"";"Dillingen";"indelivery";2000;"2019-11-07"
28620;"energy";"electricity";2300;2258;"2018-11-04";"2019-02-01";"";"";"";"Munich";"indelivery";1001;"2019-09-09"
28621;"energy";"electricity";2200;2237;"2019-05-11";"2019-06-01";"";"";"";"Berlin";"indelivery";1001;"2019-07-16"
28622;"energy";"electricity";2300;2342;"2020-03-08";"2020-05-01";"";"";"";"Münster";"indelivery";1002;"2020-05-01"
28623;"energy";"electricity";2400;2531;"2020-01-29";"2020-03-01";"";"";"";"Bielefeld";"indelivery";1001;"2020-06-19"
28624;"energy";"electricity";2500;2640;"2019-03-16";"2019-06-01";"";"";"";"Forst";"indelivery";1001;"2019-09-06"
28625;"energy";"electricity";2600;2737;"2019-11-08";"2020-01-01";"";"";"";"Böblingen";"indelivery";1000;"2020-08-17"
28626;"energy";"electricity";2200;2183;"2019-10-02";"2019-12-01";"";"";"";"Bremerhaven";"indelivery";1001;"2020-07-09"
28627;"energy";"electricity";2900;2807;"2019-02-08";"2019-06-01";"";"";"";"Hamburg";"indelivery";1001;"2019-05-09"
28628;"energy";"electricity";2600;"";"2020-05-07";"2020-07-01";"";"";"";"Hamburg";"indelivery";1001;"2020-07-25"
28629;"energy";"electricity";2000;1988;"2018-11-14";"2018-12-01";"";"";"";"Karlsruhe";"indelivery";1002;"2019-04-19"
28630;"energy";"electricity";2500;"";"2018-11-29";"2019-02-01";"";"";"";"Frankfurt";"indelivery";1001;"2020-01-24"
28631;"energy";"electricity";2900;2815;"2018-11-30";"2019-05-01";"";"";"";"Frankfurt";"indelivery";1000;"2019-09-19"
28632;"energy";"electricity";2300;2438;"2020-09-17";"2020-12-01";"";"";"";"Ingolstadt";"active";1000;"2020-09-29"
28633;"energy";"electricity";2100;2018;"2019-09-25";"2019-11-01";"2020-10-31";"2020-10-02";"fristgerecht durch Kunde";"Coburg";"cancelled";1000;"2019-11-13"
28634;"energy";"electricity";2000;2100;"2018-03-25";"2018-06-01";"";"";"";"Berlin";"indelivery";1000;"2019-01-09"
28635;"energy";"electricity";2100;2221;"2018-07-01";"2018-07-01";"";"";"";"Munich";"indelivery";1000;"2019-04-27"
28636;"energy";"electricity";2700;2644;"2018-07-27";"2019-02-01";"";"";"";"Düsseldorf";"indelivery";1002;"2019-01-02"
28637;"energy";"electricity";2600;2612;"2018-04-25";"2018-08-01";"2020-09-30";"2020-09-01";"fristgerecht durch Kunde";"Heidelberg";"terminated";1002;"2018-11-05"
28638;"energy";"electricity";2600;2551;"2018-11-10";"2019-01-01";"";"";"";"Frankfurt";"indelivery";1002;"2019-04-23"
28639;"energy";"electricity";2300;2461;"2018-04-01";"2018-07-01";"";"";"";"Hamburg";"indelivery";1002;"2018-05-03"
28640;"energy";"electricity";2400;2441;"2018-05-18";"2018-08-01";"";"";"";"Hannover";"indelivery";1000;"2018-10-01"
28641;"energy";"electricity";2200;2113;"2018-08-18";"2018-10-01";"";"";"";"Munich";"indelivery";1001;"2020-06-01"
28642;"energy";"electricity";2800;2879;"2020-09-13";"2021-02-01";"";"";"";"Berlin";"active";1000;"2020-09-14"
28643;"energy";"electricity";2400;2331;"2018-04-14";"2018-11-01";"";"";"";"Berlin";"indelivery";1002;"2020-07-26"
28644;"energy";"electricity";2500;2536;"2019-11-30";"2020-07-01";"";"";"";"Altchemnitz";"indelivery";1001;"2020-04-28"
28645;"energy";"electricity";2600;2709;"2018-06-21";"2019-01-01";"2019-01-01";"2019-10-01";"Wiederruf";"Dortmund";"terminated";1000;"2018-08-29"
28646;"energy";"electricity";2600;"";"2020-05-20";"2020-10-01";"";"";"";"Bremerhaven";"indelivery";1000;"2020-09-08"
28647;"energy";"electricity";2800;2763;"2020-01-03";"2020-10-01";"";"";"";"Rosenheim";"indelivery";1002;"2020-02-08"
28648;"energy";"gas";11900;11908;"2019-04-12";"2019-08-01";"";"";"";"Hamburg";"indelivery";2001;"2020-01-04"
28649;"energy";"electricity";2100;2219;"2020-02-09";"2020-04-01";"";"";"";"Essen";"indelivery";1000;"2020-05-12"
28650;"energy";"electricity";2200;2079;"2020-03-14";"2020-07-01";"";"";"";"Kiel";"indelivery";1002;"2020-09-12"
28651;"energy";"electricity";2200;2167;"2020-07-31";"2021-08-01";"";"";"";"Mainz";"active";1002;"2020-08-22"
28652;"energy";"electricity";2800;2998;"2018-08-28";"2018-09-01";"";"";"";"Frankfurt";"indelivery";1001;"2020-09-16"
28653;"energy";"gas";9100;9134;"2020-09-18";"2021-03-01";"";"";"";"Munich";"active";2000;"2020-09-20"
28654;"energy";"electricity";2100;2242;"2018-07-30";"2018-10-01";"2019-04-30";"2019-04-01";"Umzug";"Frankfurt";"terminated";1002;"2019-04-01"
28655;"energy";"electricity";2800;2923;"2019-09-16";"2020-01-01";"";"";"";"Itzehoe";"indelivery";1001;"2020-02-26"
28656;"energy";"electricity";2000;2134;"2020-05-12";"2020-08-01";"";"";"";"Stuttgart";"indelivery";1002;"2020-06-18"
28657;"energy";"electricity";2100;"";"2020-04-07";"2020-07-01";"";"";"";"Hamburg";"indelivery";1000;"2020-06-12"
28658;"energy";"gas";11700;11791;"2018-12-03";"2019-02-01";"";"";"";"Bremen";"indelivery";2000;"2019-01-15"
28659;"energy";"gas";11900;11808;"2018-08-11";"2018-12-01";"2020-04-30";"2020-03-29";"Umzug";"Westerstede";"terminated";2001;"2018-09-01"
28660;"energy";"electricity";2600;2669;"2018-09-23";"2019-01-01";"";"";"";"Hamburg";"indelivery";1002;"2019-11-16"
28661;"energy";"electricity";2800;2850;"2020-09-20";"2021-01-01";"";"";"";"Munich";"active";1001;"2020-09-27"
28662;"energy";"electricity";2500;"";"2020-05-23";"2021-01-01";"";"";"";"Husum";"active";1001;"2020-08-06"
28663;"energy";"electricity";2100;2084;"2019-04-07";"2019-07-01";"";"";"";"Munich";"indelivery";1002;"2020-04-07"
28664;"energy";"gas";9700;10365;"2020-09-16";"2021-01-01";"";"";"";"Berlin";"active";2000;"2020-09-27"
28665;"energy";"electricity";2900;3045;"2020-09-09";"2020-10-01";"";"";"";"Wesel";"indelivery";1000;"2020-09-09"
28666;"energy";"electricity";2000;2015;"2020-01-15";"2020-03-01";"2020-12-31";"2020-11-30";"fristgerecht durch Kunde";"Berlin";"cancelled";1000;"2020-01-22"
28667;"energy";"electricity";2500;2569;"2018-12-04";"2019-01-01";"2019-01-01";"2019-08-03";"Wiederruf";"Zwickau";"terminated";1000;"2019-08-03"
28668;"energy";"electricity";2800;2924;"2020-02-18";"2020-08-01";"";"";"";"Essen";"indelivery";1002;"2020-07-25"
28669;"energy";"gas";10800;"";"2020-02-03";"2020-06-01";"";"";"";"Munich";"indelivery";2000;"2020-05-18"
28670;"energy";"electricity";2800;2813;"2020-09-06";"2020-10-01";"";"";"";"Bremen";"indelivery";1002;"2020-09-26"
28671;"energy";"electricity";2700;2850;"2019-12-15";"2020-08-01";"";"";"";"Munich";"indelivery";1000;"2020-04-18"
28672;"energy";"gas";8400;8592;"2020-04-24";"2020-11-01";"";"";"";"Magdeburg";"active";2001;"2020-07-19"
28673;"energy";"gas";9100;9708;"2019-02-17";"2019-09-01";"2020-08-31";"2020-07-28";"Umzug";"Leipzig";"terminated";2000;"2020-05-23"
28674;"energy";"electricity";2800;2954;"2019-03-07";"2019-08-01";"2019-10-31";"2019-10-03";"fristgerecht durch Kunde";"Karlsruhe";"terminated";1002;"2019-04-13"
28675;"energy";"electricity";2600;"";"2019-03-16";"2019-05-01";"";"";"";"Bremen";"indelivery";1000;"2019-07-17"
28676;"energy";"electricity";2300;2485;"2019-08-08";"2019-09-01";"";"";"";"Luckenwalde";"indelivery";1000;"2020-04-09"
28677;"energy";"gas";10200;9890;"2020-08-18";"2020-10-01";"";"";"";"Munich";"indelivery";2001;"2020-09-14"
28678;"energy";"electricity";2500;2657;"2020-03-28";"2020-04-01";"";"";"";"Kassel";"indelivery";1000;"2020-09-01"
28679;"energy";"electricity";2200;2308;"2019-09-24";"2020-04-01";"";"";"";"Augsburg";"indelivery";1000;"2020-05-21"
28680;"energy";"electricity";3000;"";"2019-05-17";"2019-11-01";"2020-01-31";"2020-01-01";"fristgerecht durch Kunde";"Potsdam";"terminated";1002;"2020-01-01"
28681;"energy";"electricity";2300;2329;"2019-02-28";"2019-03-01";"";"";"";"Verden";"indelivery";1001;"2020-07-06"
28682;"energy";"gas";10700;10375;"2019-03-19";"2019-06-01";"";"";"";"Saarbrücken";"indelivery";2000;"2020-05-25"
28683;"energy";"electricity";2000;1873;"2018-06-28";"2019-01-01";"";"";"";"Stuttgart";"indelivery";1001;"2020-08-06"
28684;"energy";"electricity";2700;2798;"2020-02-13";"2020-04-01";"";"";"";"Bremen";"indelivery";1000;"2020-06-15"
28685;"energy";"electricity";2800;2806;"2018-02-22";"2018-07-01";"";"";"";"Hamburg";"indelivery";1000;"2018-09-21"
28686;"energy";"electricity";2500;2331;"2018-03-27";"2018-05-01";"2018-05-01";"2020-11-02";"Wiederruf";"Oldenburg";"terminated";1002;"2020-06-06"
28687;"energy";"electricity";2500;2589;"2018-02-04";"2018-06-01";"";"";"";"Berlin";"indelivery";1000;"2019-11-23"
28688;"energy";"electricity";2700;2558;"2019-07-01";"2019-09-01";"";"";"";"Dortmund";"indelivery";1000;"2020-08-14"
28689;"energy";"electricity";2600;2728;"2020-02-28";"2020-06-01";"";"";"";"Berlin";"indelivery";1002;"2020-03-31"
28690;"energy";"gas";10800;10651;"2020-04-29";"2020-06-01";"";"";"";"Dresden";"indelivery";2000;"2020-05-01"
28691;"energy";"gas";11500;11524;"2019-10-30";"2020-02-01";"2020-02-01";"2020-03-31";"Wiederruf";"Kempten";"terminated";2001;"2020-03-31"
28692;"energy";"electricity";2300;"";"2019-11-27";"2019-12-01";"";"";"";"Braunschweig";"indelivery";1002;"2020-04-19"
28693;"energy";"electricity";2400;2619;"2018-09-04";"2019-03-01";"2020-09-30";"2020-09-01";"fristgerecht durch LichtBlick";"Munich";"terminated";1002;"2020-05-25"
28694;"energy";"electricity";2100;1999;"2018-04-18";"2018-07-01";"2020-09-30";"2020-08-29";"Umzug";"Dortmund";"terminated";1001;"2019-04-01"
28695;"energy";"electricity";2400;2527;"2019-06-16";"2019-08-01";"2019-08-01";"2020-10-01";"Wiederruf";"Bremerhaven";"terminated";1000;"2019-08-11"
28696;"energy";"electricity";2400;2446;"2020-08-12";"2020-10-01";"";"";"";"Düsseldorf";"indelivery";1002;"2020-09-08"
28697;"energy";"electricity";2700;2694;"2019-03-04";"2019-06-01";"2019-10-31";"2019-10-02";"Umzug";"Duisburg";"terminated";1001;"2019-10-02"
28698;"energy";"electricity";2600;2601;"2018-03-06";"2018-06-01";"";"";"";"Frankfurt";"indelivery";1002;"2018-08-06"
28699;"energy";"gas";8100;8503;"2020-07-26";"2020-10-01";"";"";"";"Cottbus";"indelivery";2001;"2020-09-09"
28700;"energy";"gas";11400;11874;"2019-11-03";"2020-01-01";"";"";"";"Ingolstadt";"indelivery";2001;"2020-03-15"
28701;"energy";"electricity";2700;2838;"2019-06-20";"2019-09-01";"";"";"";"Cologne";"indelivery";1002;"2019-06-30"
28702;"energy";"electricity";2000;2191;"2018-05-23";"2018-08-01";"2019-06-30";"2019-06-02";"fristgerecht durch Kunde";"Cologne";"terminated";1000;"2019-05-03"
28703;"energy";"electricity";2400;2567;"2018-04-20";"2018-06-01";"";"";"";"Leipzig";"indelivery";1002;"2019-04-20"
28704;"energy";"electricity";2800;2897;"2018-01-08";"2018-08-01";"";"";"";"Gera";"indelivery";1001;"2018-06-13"
28705;"energy";"electricity";2200;2326;"2019-10-24";"2019-11-01";"";"";"";"Berlin";"indelivery";1002;"2019-11-15"
28706;"energy";"gas";8800;9166;"2018-06-30";"2019-01-01";"";"";"";"Berlin";"indelivery";2000;"2019-06-29"
28707;"energy";"electricity";2200;2223;"2020-02-23";"2020-07-01";"";"";"";"Erfurt";"indelivery";1001;"2020-09-29"
28708;"energy";"electricity";2500;2460;"2018-12-18";"2019-01-01";"";"";"";"Stuttgart";"indelivery";1001;"2019-07-02"
28709;"energy";"electricity";2900;2818;"2018-09-22";"2018-10-01";"2019-06-30";"2019-06-02";"fristgerecht durch LichtBlick";"Hamburg";"terminated";1001;"2019-06-02"
28710;"energy";"electricity";2200;2277;"2018-04-05";"2018-07-01";"";"";"";"Brandenburg";"indelivery";1001;"2018-07-25"
28711;"energy";"electricity";2100;2193;"2019-07-10";"2019-11-01";"";"";"";"Braunschweig";"indelivery";1001;"2020-07-26"
28712;"energy";"electricity";2300;2371;"2020-06-12";"2020-07-01";"";"";"";"Hamburg";"indelivery";1001;"2020-07-22"
28713;"energy";"electricity";2400;2526;"2018-01-08";"2018-09-01";"2018-09-01";"2020-05-02";"Wiederruf";"Potsdam";"terminated";1002;"2020-04-30"
28714;"energy";"electricity";2100;2067;"2019-08-15";"2019-10-01";"";"";"";"Leipzig";"indelivery";1000;"2020-02-11"
28715;"energy";"electricity";2000;2056;"2018-06-26";"2019-02-01";"";"";"";"Duisburg";"indelivery";1002;"2019-02-12"
28716;"energy";"electricity";2500;2449;"2020-06-13";"2020-08-01";"";"";"";"Marienberg";"indelivery";1001;"2020-08-31"
28717;"energy";"electricity";2300;2304;"2020-07-17";"2020-10-01";"";"";"";"Bielefeld";"indelivery";1001;"2020-09-27"
28718;"energy";"electricity";2800;2868;"2020-07-19";"2020-10-01";"";"";"";"Erfurt";"indelivery";1002;"2020-09-24"
28719;"energy";"gas";8300;8831;"2019-11-03";"2019-12-01";"";"";"";"Cottbus";"indelivery";2001;"2019-11-26"
28720;"energy";"electricity";2700;2943;"2020-07-15";"2020-09-01";"";"";"";"Cologne";"indelivery";1001;"2020-08-06"
28721;"energy";"electricity";2300;2369;"2019-12-19";"2020-02-01";"";"";"";"Stuttgart";"indelivery";1001;"2020-02-18"
28722;"energy";"electricity";2900;3058;"2019-02-06";"2019-03-01";"";"";"";"Münster";"indelivery";1002;"2019-04-21"
28723;"energy";"electricity";2300;2266;"2019-10-14";"2020-01-01";"";"";"";"Kiel";"indelivery";1001;"2019-12-07"
28724;"energy";"electricity";2200;2367;"2019-01-15";"2019-08-01";"";"";"";"Bremen";"indelivery";1001;"2019-04-11"
28725;"energy";"electricity";2300;2159;"2019-10-17";"2020-01-01";"2020-07-31";"2020-06-22";"fristgerecht durch Kunde";"Essen";"terminated";1000;"2020-06-22"
28726;"energy";"electricity";2600;2578;"2018-12-28";"2019-03-01";"2020-03-31";"2020-03-01";"fristgerecht durch Kunde";"Husum";"terminated";1002;"2020-03-01"
28727;"energy";"electricity";2500;2594;"2019-12-27";"2020-02-01";"";"";"";"Hamburg";"indelivery";1001;"2020-04-25"
28728;"energy";"electricity";2800;2870;"2018-07-21";"2018-09-01";"2018-09-01";"2020-12-02";"Wiederruf";"Cottbus";"terminated";1000;"2019-06-30"
28729;"energy";"gas";11400;10886;"2019-03-01";"2019-11-01";"";"";"";"Essen";"indelivery";2001;"2019-05-02"
28730;"energy";"electricity";2800;2895;"2018-01-31";"2018-03-01";"2018-03-01";"2019-12-27";"Wiederruf";"Munich";"terminated";1000;"2019-12-27"
28731;"energy";"electricity";2800;2908;"2020-08-15";"2020-09-01";"";"";"";"Duisburg";"indelivery";1002;"2020-09-10"
28732;"energy";"electricity";2300;2494;"2018-04-07";"2018-08-01";"";"";"";"Cologne";"indelivery";1001;"2019-05-31"
28733;"energy";"gas";8600;9030;"2020-07-06";"2020-12-01";"";"";"";"Marienberg";"active";2001;"2020-08-01"
28734;"energy";"electricity";2100;2219;"2018-11-22";"2019-05-01";"";"";"";"Cologne";"indelivery";1001;"2020-04-19"
28735;"energy";"electricity";3000;"";"2019-12-17";"2021-01-01";"";"";"";"Oldenburg";"active";1001;"2020-04-27"
28736;"energy";"electricity";2000;2135;"2020-08-23";"2021-11-01";"";"";"";"Cologne";"active";1002;"2020-09-02"
28737;"energy";"electricity";2900;3019;"2020-08-25";"2020-09-01";"";"";"";"Leipzig";"indelivery";1002;"2020-09-26"
28738;"energy";"electricity";2300;2206;"2020-05-03";"2020-08-01";"";"";"";"Frankfurt";"indelivery";1000;"2020-07-15"
28739;"energy";"electricity";2500;2580;"2019-12-16";"2020-01-01";"";"";"";"Kronach";"indelivery";1000;"2020-02-09"
28740;"energy";"electricity";2500;2558;"2019-05-31";"2019-08-01";"";"";"";"Leipzig";"indelivery";1002;"2019-10-30"
28741;"energy";"electricity";2200;2309;"2019-05-19";"2019-10-01";"";"";"";"Leipzig";"indelivery";1000;"2020-05-31"
28742;"energy";"gas";11100;11617;"2019-11-25";"2020-12-01";"";"";"";"Schwerin";"active";2000;"2020-03-09"
28743;"energy";"electricity";2500;2479;"2019-09-01";"2019-12-01";"2020-12-31";"2020-11-30";"fristgerecht durch LichtBlick";"Mannheim";"cancelled";1001;"2020-09-26"
28744;"energy";"electricity";2300;2422;"2019-01-17";"2019-07-01";"2019-07-01";"2020-03-03";"Wiederruf";"Cologne";"terminated";1001;"2019-06-17"
28745;"energy";"electricity";2900;"";"2018-03-06";"2018-07-01";"2020-07-31";"2020-07-01";"Umzug";"Leipzig";"terminated";1001;"2018-10-26"
28746;"energy";"electricity";2000;2089;"2020-08-01";"2020-12-01";"";"";"";"Munich";"active";1001;"2020-08-08"
28747;"energy";"electricity";2000;2160;"2020-07-21";"2020-09-01";"";"";"";"Munich";"indelivery";1001;"2020-08-23"
28748;"energy";"electricity";2700;2751;"2019-12-16";"2020-05-01";"";"";"";"Hamburg";"indelivery";1001;"2020-08-30"
28749;"energy";"gas";8100;8456;"2020-01-31";"2020-03-01";"";"";"";"Bremen";"indelivery";2000;"2020-04-21"
28750;"energy";"electricity";2400;2611;"2020-02-20";"2020-03-01";"";"";"";"Göttingen";"indelivery";1000;"2020-08-09"
28751;"energy";"electricity";2700;2831;"2018-12-26";"2019-02-01";"";"";"";"Munich";"indelivery";1002;"2019-09-08"
28752;"energy";"electricity";2100;2206;"2018-09-15";"2018-10-01";"";"";"";"Ulm";"indelivery";1000;"2019-08-06"
28753;"energy";"electricity";2000;1953;"2019-08-03";"2019-09-01";"2019-09-01";"2020-07-31";"Wiederruf";"Frankfurt";"terminated";1000;"2019-08-30"
28754;"energy";"electricity";2300;2439;"2019-07-06";"2019-08-01";"";"";"";"Berlin";"indelivery";1001;"2019-11-06"
28755;"energy";"electricity";2600;2631;"2019-04-26";"2020-02-01";"";"";"";"Hamburg";"indelivery";1002;"2020-05-23"
28756;"energy";"gas";10300;10668;"2020-07-23";"2020-10-01";"";"";"";"Hofeck";"indelivery";2001;"2020-08-15"
28757;"energy";"electricity";2300;2447;"2020-03-24";"2020-06-01";"";"";"";"Frankfurt";"indelivery";1002;"2020-05-17"
28758;"energy";"gas";10400;10815;"2019-10-08";"2019-12-01";"";"";"";"Hamburg";"indelivery";2001;"2020-07-01"
28759;"energy";"gas";11900;11438;"2018-02-11";"2018-05-01";"";"";"";"Regensburg";"indelivery";2001;"2019-09-10"
28760;"energy";"electricity";2300;2410;"2018-03-16";"2018-05-01";"";"";"";"Cologne";"indelivery";1001;"2019-02-07"
28761;"energy";"gas";10800;10788;"2020-03-13";"2020-05-01";"";"";"";"Hamburg";"indelivery";2001;"2020-06-21"
28762;"energy";"electricity";2200;2256;"2019-10-18";"2020-08-01";"";"";"";"Weilheim";"indelivery";1001;"2019-12-21"
28763;"energy";"electricity";2300;2321;"2018-05-11";"2018-07-01";"";"";"";"Hamburg";"indelivery";1002;"2019-10-09"
28764;"energy";"electricity";2000;2115;"2018-07-09";"2018-08-01";"";"";"";"Cologne";"indelivery";1001;"2019-11-29"
28765;"energy";"electricity";2300;2391;"2018-03-26";"2018-06-01";"";"";"";"Magdeburg";"indelivery";1001;"2018-12-29"
28766;"energy";"electricity";2000;2130;"2018-12-29";"2019-03-01";"2020-06-30";"2020-06-02";"fristgerecht durch Kunde";"Munich";"terminated";1000;"2020-04-18"
28767;"energy";"electricity";2500;2485;"2018-08-20";"2018-09-01";"2018-09-01";"2018-10-03";"Wiederruf";"Berlin";"terminated";1002;"2018-10-03"
28768;"energy";"electricity";2900;2813;"2020-07-10";"2021-08-01";"";"";"";"Apolda";"active";1001;"2020-07-29"
28769;"energy";"gas";11000;11784;"2019-12-06";"2020-05-01";"";"";"";"Mannheim";"indelivery";2000;"2020-02-29"
28770;"energy";"gas";10000;9736;"2020-09-01";"2021-07-01";"";"";"";"Hamburg";"active";2000;"2020-09-05"
28771;"energy";"electricity";2100;2172;"2018-06-28";"2018-10-01";"";"";"";"Heidelberg";"indelivery";1001;"2019-06-03"
28772;"energy";"electricity";2100;2085;"2020-02-12";"2020-07-01";"";"";"";"Lübeck";"indelivery";1001;"2020-04-01"
28773;"energy";"electricity";2800;2675;"2018-08-16";"2018-11-01";"2019-07-31";"2019-07-03";"fristgerecht durch LichtBlick";"Dresden";"terminated";1002;"2019-07-03"
28774;"energy";"gas";10200;10718;"2019-03-15";"2020-02-01";"";"";"";"Cologne";"indelivery";2001;"2019-09-02"
28775;"energy";"electricity";2300;2291;"2020-03-17";"2020-05-01";"";"";"";"Cologne";"indelivery";1002;"2020-09-28"
28776;"energy";"electricity";2900;2960;"2019-03-14";"2019-05-01";"2019-05-01";"2019-06-02";"Wiederruf";"Frankfurt";"terminated";1000;"2019-06-02"
28777;"energy";"electricity";2000;2034;"2019-11-29";"2020-03-01";"";"";"";"Cologne";"indelivery";1001;"2020-02-14"
28778;"energy";"gas";9700;9652;"2018-06-26";"2019-04-01";"2019-10-31";"2019-10-03";"fristgerecht durch LichtBlick";"Düsseldorf";"terminated";2000;"2019-01-22"
28779;"energy";"electricity";2500;2562;"2019-10-20";"2020-05-01";"";"";"";"Stuttgart";"indelivery";1001;"2020-08-10"
28780;"energy";"electricity";2400;2552;"2018-09-27";"2019-01-01";"2019-06-30";"2019-06-01";"fristgerecht durch LichtBlick";"Altchemnitz";"terminated";1001;"2019-06-01"
28781;"energy";"gas";11900;11522;"2020-03-18";"2020-07-01";"";"";"";"Wesel";"indelivery";2001;"2020-08-26"
28782;"energy";"electricity";2500;2436;"2020-08-19";"2020-09-01";"";"";"";"Bonn";"indelivery";1000;"2020-08-22"
28783;"energy";"electricity";2400;2309;"2018-06-01";"2019-09-01";"";"";"";"Hamburg";"indelivery";1001;"2018-11-27"
28784;"energy";"electricity";2300;2304;"2020-06-23";"2020-12-01";"";"";"";"Berlin";"active";1001;"2020-09-03"
28785;"energy";"electricity";2100;2095;"2018-06-24";"2018-08-01";"2020-02-29";"2020-01-31";"Umzug";"Hamburg";"terminated";1000;"2019-07-19"
28786;"energy";"electricity";2100;2258;"2019-12-13";"2020-06-01";"";"";"";"Berlin";"indelivery";1001;"2020-05-22"
28787;"energy";"electricity";2200;2087;"2019-01-23";"2019-04-01";"2019-06-30";"2019-05-31";"fristgerecht durch Kunde";"Berlin";"terminated";1002;"2019-05-31"
28788;"energy";"electricity";2400;2290;"2018-10-13";"2018-11-01";"";"";"";"Düsseldorf";"indelivery";1001;"2019-02-02"
28789;"energy";"electricity";2700;"";"2020-06-10";"2020-10-01";"";"";"";"Duisburg";"indelivery";1000;"2020-08-17"
28790;"energy";"electricity";2200;2129;"2018-06-15";"2018-12-01";"";"";"";"Duisburg";"indelivery";1001;"2018-08-29"
28791;"energy";"electricity";2700;2888;"2018-08-22";"2019-01-01";"";"";"";"Lübeck";"indelivery";1002;"2020-04-19"
28792;"energy";"electricity";2700;"";"2019-09-29";"2020-02-01";"";"";"";"Gießen";"indelivery";1001;"2019-11-27"
28793;"energy";"gas";8700;9045;"2019-10-31";"2019-12-01";"";"";"";"Mannheim";"indelivery";2000;"2020-06-01"
28794;"energy";"electricity";2100;2105;"2018-06-09";"2018-08-01";"2018-10-31";"2018-10-02";"Umzug";"Berlin";"terminated";1001;"2018-10-02"
28795;"energy";"gas";11000;10617;"2018-04-04";"2019-02-01";"";"";"";"Hannover";"indelivery";2001;"2019-11-21"
28796;"energy";"electricity";2600;2649;"2018-01-09";"2018-06-01";"";"";"";"Berlin";"indelivery";1001;"2020-04-24"
28797;"energy";"electricity";2800;2977;"2018-04-14";"2019-01-01";"";"";"";"Berlin";"indelivery";1002;"2018-12-17"
28798;"energy";"electricity";2200;2335;"2018-10-10";"2019-09-01";"2020-08-31";"2020-08-03";"Umzug";"Düsseldorf";"terminated";1001;"2020-08-03"
28799;"energy";"electricity";2200;2376;"2018-10-21";"2018-12-01";"";"";"";"Munich";"indelivery";1000;"2020-02-03"
28800;"energy";"electricity";2200;2224;"2019-06-21";"2020-02-01";"2020-12-31";"2020-12-02";"fristgerecht durch LichtBlick";"Dortmund";"cancelled";1000;"2019-11-03"
28801;"energy";"electricity";2100;2265;"2019-08-09";"2019-09-01";"2020-12-31";"2020-12-03";"fristgerecht durch Kunde";"Cologne";"cancelled";1000;"2020-03-14"
28802;"energy";"electricity";2400;2352;"2018-03-26";"2018-04-01";"";"";"";"Marienberg";"indelivery";1002;"2020-07-01"
28803;"energy";"electricity";2700;2744;"2020-09-06";"2021-02-01";"";"";"";"Oldenburg";"active";1000;"2020-09-09"
28804;"energy";"electricity";2800;2818;"2019-04-21";"2019-07-01";"";"";"";"Munich";"indelivery";1002;"2020-03-07"
28805;"energy";"electricity";2700;2658;"2018-08-23";"2018-09-01";"";"";"";"Ulm";"indelivery";1001;"2019-04-15"
28806;"energy";"electricity";2700;2884;"2020-07-12";"2020-08-01";"";"";"";"Göttingen";"indelivery";1000;"2020-08-28"
28807;"energy";"electricity";2500;2675;"2019-01-11";"2019-03-01";"2020-06-30";"2020-06-02";"fristgerecht durch Kunde";"Erfurt";"terminated";1001;"2019-11-20"
28808;"energy";"electricity";2400;2409;"2019-03-06";"2019-05-01";"";"";"";"Frankfurt";"indelivery";1001;"2019-12-11"
28809;"energy";"electricity";2200;2172;"2019-04-10";"2019-08-01";"";"";"";"Dresden";"indelivery";1000;"2020-02-20"
28810;"energy";"electricity";2700;2821;"2020-01-21";"2020-04-01";"";"";"";"Wuppertal";"indelivery";1001;"2020-05-28"
28811;"energy";"electricity";2600;2524;"2018-05-28";"2019-01-01";"";"";"";"Unna";"indelivery";1002;"2020-06-02"
28812;"energy";"electricity";2800;2840;"2020-03-10";"2020-10-01";"";"";"";"Herford";"indelivery";1001;"2020-08-16"
28813;"energy";"electricity";2400;"";"2020-08-28";"2021-01-01";"";"";"";"Munich";"active";1001;"2020-09-18"
28814;"energy";"electricity";2100;2250;"2019-03-12";"2019-07-01";"";"";"";"Berlin";"indelivery";1002;"2019-05-24"
28815;"energy";"electricity";2200;2191;"2020-04-15";"2020-09-01";"";"";"";"Leipzig";"indelivery";1001;"2020-09-01"
28816;"energy";"electricity";2300;"";"2019-06-01";"2019-07-01";"";"";"";"Braunschweig";"indelivery";1001;"2019-09-21"
28817;"energy";"electricity";2500;2573;"2020-08-23";"2021-01-01";"";"";"";"Berlin";"active";1002;"2020-09-12"
28818;"energy";"electricity";2700;2608;"2018-03-20";"2019-01-01";"";"";"";"Bonn";"indelivery";1000;"2018-04-22"
28819;"energy";"electricity";2100;2157;"2018-12-27";"2019-08-01";"2020-03-31";"2020-02-28";"Umzug";"Düsseldorf";"terminated";1000;"2019-05-27"
28820;"energy";"electricity";1900;2073;"2020-04-30";"2020-07-01";"";"";"";"Munich";"indelivery";1001;"2020-08-28"
28821;"energy";"gas";10600;"";"2019-05-24";"2019-07-01";"2020-03-31";"2020-02-26";"Umzug";"Berlin";"terminated";2001;"2019-10-24"
28822;"energy";"electricity";2400;2403;"2019-03-20";"2019-07-01";"";"";"";"Munich";"indelivery";1001;"2019-06-27"
28823;"energy";"electricity";2700;2737;"2018-02-16";"2018-08-01";"";"";"";"Berlin";"indelivery";1000;"2019-10-15"
28824;"energy";"gas";9900;9599;"2020-06-08";"2020-08-01";"2020-10-31";"2020-09-29";"Umzug";"Frankfurt";"cancelled";2000;"2020-08-05"
28825;"energy";"gas";10900;11468;"2019-03-30";"2019-07-01";"";"";"";"Herzberg";"indelivery";2000;"2019-09-20"
28826;"energy";"electricity";2300;2295;"2020-07-08";"2020-11-01";"";"";"";"Berlin";"active";1001;"2020-08-18"
28827;"energy";"electricity";2800;2730;"2019-03-21";"2019-04-01";"";"";"";"Halberstadt";"indelivery";1001;"2020-08-25"
28828;"energy";"electricity";2100;2238;"2019-06-07";"2019-11-01";"2019-12-31";"2019-11-27";"fristgerecht durch Kunde";"Mannheim";"terminated";1000;"2019-11-27"
28829;"energy";"electricity";2100;2251;"2020-05-23";"2020-06-01";"";"";"";"Berlin";"indelivery";1000;"2020-08-22"
28830;"energy";"electricity";2300;2286;"2019-09-23";"2020-03-01";"";"";"";"Hamburg";"indelivery";1002;"2020-08-28"
28831;"energy";"electricity";2100;"";"2018-03-05";"2018-04-01";"2018-04-01";"2020-03-29";"Wiederruf";"Mainz";"terminated";1001;"2019-07-06"
28832;"energy";"gas";10900;10868;"2018-03-03";"2018-06-01";"";"";"";"Hannover";"indelivery";2001;"2019-08-21"
28833;"energy";"electricity";2800;2708;"2018-04-10";"2018-09-01";"";"";"";"Hamburg";"indelivery";1002;"2019-06-28"
28834;"energy";"electricity";2400;2384;"2020-03-20";"2020-08-01";"";"";"";"Münster";"indelivery";1002;"2020-07-31"
28835;"energy";"electricity";2300;2416;"2020-01-21";"2020-03-01";"";"";"";"Dortmund";"indelivery";1002;"2020-07-26"
28836;"energy";"gas";8600;8503;"2020-07-05";"2020-12-01";"";"";"";"Hamburg";"active";2000;"2020-09-09"
28837;"energy";"electricity";2600;2553;"2020-01-24";"2020-03-01";"";"";"";"Leipzig";"indelivery";1001;"2020-08-18"
28838;"energy";"gas";8500;"";"2020-03-20";"2020-08-01";"";"";"";"Ludwigsburg";"indelivery";2001;"2020-05-01"
28839;"energy";"electricity";2700;2749;"2019-07-13";"2019-09-01";"";"";"";"Suhl";"indelivery";1001;"2020-09-15"
28840;"energy";"electricity";2500;2373;"2019-03-17";"2019-05-01";"";"";"";"Berlin";"indelivery";1000;"2019-07-17"
28841;"energy";"electricity";2000;2034;"2020-01-29";"2020-08-01";"";"";"";"Augsburg";"indelivery";1001;"2020-02-26"
28842;"energy";"electricity";2700;2816;"2020-07-25";"2020-10-01";"";"";"";"Rosenheim";"indelivery";1001;"2020-07-28"
28843;"energy";"electricity";2400;2416;"2019-02-13";"2019-08-01";"";"";"";"Munich";"indelivery";1002;"2019-04-29"
28844;"energy";"electricity";2600;2766;"2019-06-27";"2019-12-01";"";"";"";"Munich";"indelivery";1000;"2020-09-04"
28845;"energy";"electricity";2300;2436;"2020-08-11";"2021-04-01";"";"";"";"Stuttgart";"active";1002;"2020-09-17"
28846;"energy";"electricity";2300;2339;"2018-05-23";"2019-03-01";"";"";"";"Rathenow";"indelivery";1001;"2019-03-24"
28847;"energy";"electricity";2800;3028;"2018-12-08";"2019-02-01";"";"";"";"Böblingen";"indelivery";1000;"2020-04-11"
28848;"energy";"electricity";2100;2004;"2020-01-06";"2020-03-01";"";"";"";"Braunschweig";"indelivery";1000;"2020-09-07"
28849;"energy";"electricity";1900;2006;"2019-05-04";"2019-07-01";"";"";"";"Berlin";"indelivery";1000;"2019-12-22"
28850;"energy";"electricity";2200;2213;"2019-07-02";"2019-08-01";"";"";"";"Rostock";"indelivery";1001;"2020-08-06"
28851;"energy";"electricity";2000;2086;"2018-08-20";"2018-12-01";"2019-12-31";"2019-12-01";"fristgerecht durch Kunde";"Stuttgart";"terminated";1000;"2019-07-07"
28852;"energy";"electricity";2400;2439;"2019-09-21";"2020-05-01";"2020-05-01";"2020-10-26";"Wiederruf";"Cologne";"terminated";1000;"2020-07-30"
28853;"energy";"electricity";2700;2719;"2019-12-02";"2020-01-01";"";"";"";"Cologne";"indelivery";1001;"2020-03-22"
28854;"energy";"electricity";2700;2680;"2018-03-18";"2018-08-01";"";"";"";"Göttingen";"indelivery";1000;"2019-05-17"
28855;"energy";"electricity";2100;2241;"2019-03-04";"2019-08-01";"";"";"";"Hamburg";"indelivery";1002;"2019-08-27"
28856;"energy";"electricity";2200;2175;"2018-05-26";"2018-06-01";"";"";"";"Berlin";"indelivery";1000;"2018-11-20"
28857;"energy";"electricity";2100;2294;"2018-05-12";"2018-11-01";"";"";"";"Karlsruhe";"indelivery";1001;"2018-08-27"
28858;"energy";"electricity";2800;2619;"2019-02-24";"2019-04-01";"";"";"";"Berlin";"indelivery";1002;"2019-08-29"
28859;"energy";"electricity";2800;2681;"2020-09-29";"2020-12-01";"";"";"";"Berlin";"active";1002;"2020-09-30"
28860;"energy";"electricity";2500;"";"2019-07-16";"2019-09-01";"";"";"";"Erfurt";"indelivery";1002;"2020-04-27"
28861;"energy";"electricity";1900;1915;"2019-12-07";"2020-04-01";"";"";"";"Berlin";"indelivery";1000;"2020-03-21"
28862;"energy";"electricity";2500;2569;"2020-09-24";"2020-11-01";"";"";"";"Bremen";"active";1000;"2020-09-27"
28863;"energy";"electricity";2600;2776;"2020-03-19";"2020-11-01";"";"";"";"Saarbrücken";"active";1000;"2020-03-28"
28864;"energy";"gas";10800;11267;"2019-03-18";"2019-04-01";"2019-08-31";"2019-08-01";"Umzug";"Essen";"terminated";2001;"2019-08-01"
28865;"energy";"electricity";2300;2439;"2019-08-17";"2019-12-01";"";"";"";"Altötting";"indelivery";1002;"2020-01-14"
28866;"energy";"electricity";2800;"";"2019-10-08";"2019-12-01";"2019-12-01";"2020-08-02";"Wiederruf";"Hanau";"terminated";1001;"2020-01-11"
28867;"energy";"electricity";2700;2908;"2019-10-18";"2020-03-01";"";"";"";"Essen";"indelivery";1002;"2020-08-21"
28868;"energy";"electricity";2200;2155;"2018-05-22";"2018-06-01";"2020-08-31";"2020-07-29";"Umzug";"Berlin";"terminated";1001;"2020-07-29"
28869;"energy";"electricity";3000;2884;"2020-02-26";"2020-08-01";"";"";"";"Hannover";"indelivery";1001;"2020-09-21"
28870;"energy";"electricity";2300;2374;"2019-03-12";"2019-05-01";"";"";"";"Berlin";"indelivery";1002;"2020-05-31"
28871;"energy";"electricity";2600;2820;"2020-09-30";"2021-04-01";"";"";"";"Mainz";"active";1000;"2020-09-30"
28872;"energy";"electricity";2900;2831;"2019-03-22";"2019-09-01";"";"";"";"Berlin";"indelivery";1001;"2019-05-02"
28873;"energy";"electricity";2200;2159;"2018-07-04";"2018-11-01";"";"";"";"Bremen";"indelivery";1000;"2019-06-25"
28874;"energy";"electricity";2600;2634;"2020-01-18";"2020-07-01";"";"";"";"Cologne";"indelivery";1000;"2020-03-16"
28875;"energy";"electricity";2500;2365;"2019-11-10";"2020-01-01";"";"";"";"Hamburg";"indelivery";1001;"2020-06-11"
28876;"energy";"electricity";2400;2245;"2019-08-08";"2019-09-01";"";"";"";"Bonn";"indelivery";1002;"2019-10-05"
28877;"energy";"gas";8700;8744;"2019-08-02";"2019-12-01";"";"";"";"Fürth";"indelivery";2001;"2019-12-29"
28878;"energy";"electricity";2600;"";"2018-10-07";"2019-01-01";"";"";"";"Cologne";"indelivery";1001;"2019-04-12"
28879;"energy";"electricity";1900;1824;"2020-01-20";"2020-05-01";"";"";"";"Munich";"indelivery";1002;"2020-08-04"
28880;"energy";"electricity";2000;1984;"2020-02-02";"2020-08-01";"";"";"";"Berlin";"indelivery";1002;"2020-06-18"
28881;"energy";"electricity";2800;2748;"2019-05-21";"2020-06-01";"";"";"";"Magdeburg";"indelivery";1001;"2019-11-12"
28882;"energy";"gas";11100;11527;"2020-01-12";"2020-05-01";"";"";"";"Künzelsau";"indelivery";2001;"2020-05-13"
28883;"energy";"electricity";2700;2797;"2020-04-10";"2020-06-01";"";"";"";"Cologne";"indelivery";1001;"2020-09-18"
28884;"energy";"electricity";2000;1956;"2020-08-16";"2021-01-01";"";"";"";"Dresden";"active";1001;"2020-09-24"
28885;"energy";"electricity";2800;2949;"2019-02-08";"2019-05-01";"2020-03-31";"2020-02-28";"Umzug";"Bielefeld";"terminated";1001;"2019-09-15"
28886;"energy";"electricity";2500;2588;"2018-07-19";"2018-09-01";"";"";"";"Berlin";"indelivery";1002;"2019-05-13"
28887;"energy";"gas";9200;9464;"2019-03-11";"2019-07-01";"";"";"";"Cologne";"indelivery";2000;"2019-12-08"
28888;"energy";"electricity";2000;2139;"2018-07-26";"2018-11-01";"";"";"";"Hamburg";"indelivery";1001;"2019-09-22"
28889;"energy";"electricity";2400;2567;"2018-04-19";"2018-05-01";"2018-07-31";"2018-06-30";"fristgerecht durch Kunde";"Gelsenkirchen";"terminated";1000;"2018-06-30"
28890;"energy";"electricity";2400;2364;"2019-03-12";"2019-05-01";"2019-05-01";"2020-08-29";"Wiederruf";"Duisburg";"terminated";1001;"2020-08-09"
28891;"energy";"electricity";2100;"";"2020-03-08";"2020-05-01";"2020-06-30";"2020-06-01";"fristgerecht durch Kunde";"Koblenz";"terminated";1000;"2020-06-01"
28892;"energy";"electricity";2500;2451;"2019-01-31";"2019-04-01";"";"";"";"Berlin";"indelivery";1002;"2020-09-15"
28893;"energy";"electricity";2700;2601;"2019-05-15";"2020-01-01";"";"";"";"Augsburg";"indelivery";1002;"2020-08-11"
28894;"energy";"electricity";2600;2512;"2020-07-07";"2021-01-01";"";"";"";"Bremen";"active";1002;"2020-09-11"
28895;"energy";"electricity";2400;2576;"2020-05-23";"2020-06-01";"2020-08-31";"2020-08-03";"Umzug";"Rostock";"terminated";1000;"2020-08-03"
28896;"energy";"electricity";2700;2871;"2018-07-26";"2019-02-01";"";"";"";"Bielefeld";"indelivery";1002;"2020-05-04"
28897;"energy";"electricity";2800;2942;"2018-09-10";"2019-07-01";"";"";"";"Kassel";"indelivery";1002;"2019-01-01"
28898;"energy";"electricity";2800;2815;"2019-12-30";"2020-06-01";"";"";"";"Bremen";"indelivery";1000;"2020-07-14"
28899;"energy";"gas";9000;"";"2019-04-18";"2019-12-01";"";"";"";"Freiburg";"indelivery";2001;"2020-02-27"
28900;"energy";"electricity";1900;1936;"2018-12-25";"2019-01-01";"";"";"";"Munich";"indelivery";1001;"2020-04-24"
28901;"energy";"electricity";2300;2287;"2020-06-23";"2020-08-01";"";"";"";"Marienberg";"indelivery";1000;"2020-07-10"
28902;"energy";"electricity";2600;2512;"2018-06-09";"2018-09-01";"";"";"";"Freiburg";"indelivery";1001;"2019-05-16"
28903;"energy";"electricity";2200;2215;"2020-01-17";"2020-07-01";"";"";"";"Berlin";"indelivery";1000;"2020-02-09"
28904;"energy";"electricity";2700;2788;"2018-08-28";"2018-09-01";"";"";"";"Oldenburg";"indelivery";1001;"2019-12-12"
28905;"energy";"gas";11500;11538;"2020-06-09";"2020-09-01";"";"";"";"Essen";"indelivery";2000;"2020-07-16"
28906;"energy";"electricity";2600;2808;"2018-08-15";"2018-10-01";"";"";"";"Leipzig";"indelivery";1001;"2020-05-25"
28907;"energy";"electricity";2400;"";"2020-08-12";"2020-11-01";"";"";"";"Berlin";"active";1002;"2020-09-18"
28908;"energy";"electricity";2700;2849;"2018-09-06";"2018-12-01";"2020-09-30";"2020-08-29";"Umzug";"Essen";"terminated";1002;"2020-08-29"
28909;"energy";"electricity";2500;2523;"2018-06-08";"2018-08-01";"";"";"";"Altchemnitz";"indelivery";1002;"2019-11-12"
28910;"energy";"electricity";2000;2082;"2018-09-18";"2019-01-01";"";"";"";"Leipzig";"indelivery";1002;"2020-03-17"
28911;"energy";"gas";10100;10794;"2019-06-05";"2019-08-01";"";"";"";"Berlin";"indelivery";2001;"2020-08-25"
28912;"energy";"electricity";2700;2856;"2019-06-17";"2019-08-01";"";"";"";"Hamburg";"indelivery";1000;"2020-05-25"
28913;"energy";"electricity";2000;2060;"2018-06-16";"2018-11-01";"2018-11-01";"2019-04-29";"Wiederruf";"Bielefeld";"terminated";1002;"2019-03-28"
28914;"energy";"electricity";2500;2373;"2018-10-27";"2018-12-01";"2018-12-01";"2020-01-31";"Wiederruf";"Munich";"terminated";1002;"2019-08-07"
28915;"energy";"electricity";2900;2941;"2019-11-06";"2020-01-01";"";"";"";"Hamburg";"indelivery";1001;"2020-04-14"
28916;"energy";"electricity";3200;3331;"2020-01-10";"2020-02-01";"2020-08-31";"2020-07-29";"fristgerecht durch LichtBlick";"Ludwigshafen";"terminated";1000;"2020-01-16"
28917;"energy";"electricity";2400;2416;"2018-09-21";"2018-11-01";"";"";"";"Wuppertal";"indelivery";1000;"2019-02-19"
28918;"energy";"electricity";1900;2027;"2019-11-04";"2020-07-01";"";"";"";"Cologne";"indelivery";1002;"2020-06-27"
28919;"energy";"electricity";2300;"";"2018-06-19";"2018-10-01";"2020-07-31";"2020-07-02";"fristgerecht durch LichtBlick";"Hamburg";"terminated";1002;"2019-06-27"
28920;"energy";"electricity";2300;2154;"2019-10-30";"2019-11-01";"2019-12-31";"2019-11-28";"fristgerecht durch LichtBlick";"Magdeburg";"terminated";1000;"2019-11-28"
28921;"energy";"electricity";3100;3143;"2019-05-26";"2019-11-01";"";"";"";"Salzgitter";"indelivery";1001;"2019-10-20"
28922;"energy";"electricity";2700;2740;"2019-06-02";"2019-09-01";"2019-12-31";"2019-11-30";"fristgerecht durch Kunde";"Berlin";"terminated";1000;"2019-09-10"
28923;"energy";"electricity";2200;2386;"2018-03-14";"2018-07-01";"2020-08-31";"2020-07-30";"fristgerecht durch Kunde";"Altchemnitz";"terminated";1000;"2020-04-29"
28924;"energy";"electricity";2100;"";"2019-06-06";"2019-09-01";"";"";"";"Frankfurt";"indelivery";1002;"2019-10-25"
28925;"energy";"electricity";2600;2546;"2019-07-08";"2019-11-01";"";"";"";"Berlin";"indelivery";1002;"2020-07-13"
28926;"energy";"electricity";3000;2984;"2018-01-09";"2018-02-01";"";"";"";"Magdeburg";"indelivery";1000;"2020-06-24"
28927;"energy";"gas";9100;9642;"2018-05-09";"2018-06-01";"";"";"";"Berlin";"indelivery";2001;"2019-05-12"
28928;"energy";"electricity";2700;2632;"2018-10-08";"2018-12-01";"";"";"";"Munich";"indelivery";1002;"2019-05-24"
28929;"energy";"gas";10200;9987;"2018-03-09";"2019-01-01";"";"";"";"Duisburg";"indelivery";2000;"2019-12-21"
28930;"energy";"electricity";2500;2584;"2018-01-12";"2018-03-01";"2018-08-31";"2018-08-02";"fristgerecht durch LichtBlick";"Bremen";"terminated";1000;"2018-07-26"
28931;"energy";"electricity";2100;2065;"2018-03-03";"2018-04-01";"2020-04-30";"2020-03-23";"fristgerecht durch Kunde";"Duisburg";"terminated";1001;"2020-02-03"
28932;"energy";"gas";9100;8847;"2020-07-27";"2020-09-01";"";"";"";"Berlin";"indelivery";2000;"2020-08-01"
28933;"energy";"electricity";2500;2368;"2019-12-19";"2020-03-01";"";"";"";"Hannover";"indelivery";1001;"2020-02-25"
28934;"energy";"electricity";2900;2784;"2018-04-20";"2018-06-01";"2018-09-30";"2018-08-29";"fristgerecht durch Kunde";"Stuttgart";"terminated";1000;"2018-08-29"
28935;"energy";"electricity";2600;2609;"2019-02-05";"2019-03-01";"";"";"";"Wuppertal";"indelivery";1001;"2020-04-20"
28936;"energy";"electricity";2200;2262;"2020-08-17";"2020-10-01";"";"";"";"Frankfurt";"indelivery";1001;"2020-09-06"
28937;"energy";"electricity";2400;2281;"2018-07-24";"2018-09-01";"";"";"";"Bonn";"indelivery";1000;"2020-03-05"
28938;"energy";"electricity";2100;2011;"2020-07-16";"2020-08-01";"";"";"";"Fürth";"indelivery";1000;"2020-09-12"
28939;"energy";"gas";7800;7929;"2018-10-04";"2019-03-01";"2019-03-01";"2020-04-01";"Wiederruf";"Stuttgart";"terminated";2001;"2019-04-23"
28940;"energy";"electricity";2900;"";"2019-12-13";"2020-04-01";"";"";"";"Kassel";"indelivery";1001;"2020-05-29"
28941;"energy";"electricity";1900;1897;"2020-01-29";"2020-02-01";"";"";"";"Munich";"indelivery";1000;"2020-03-06"
28942;"energy";"electricity";3000;2924;"2019-09-22";"2019-11-01";"";"";"";"Mannheim";"indelivery";1001;"2020-04-19"
28943;"energy";"electricity";2000;2161;"2019-05-21";"2019-07-01";"";"";"";"Karlsruhe";"indelivery";1001;"2020-04-25"
28944;"energy";"gas";11800;12185;"2019-05-10";"2020-03-01";"";"";"";"Dingolfing";"indelivery";2001;"2019-12-31"
28945;"energy";"electricity";2600;2702;"2020-07-02";"2020-09-01";"";"";"";"Dresden";"indelivery";1002;"2020-08-22"
28946;"energy";"electricity";2600;2813;"2018-05-11";"2018-07-01";"";"";"";"Freiburg";"indelivery";1002;"2019-09-05"
28947;"energy";"electricity";2200;2319;"2020-06-16";"2020-07-01";"";"";"";"Berlin";"indelivery";1002;"2020-08-04"
28948;"energy";"electricity";2800;2916;"2018-04-12";"2018-08-01";"";"";"";"Hamburg";"indelivery";1002;"2019-01-14"
28949;"energy";"electricity";2400;2533;"2018-10-10";"2018-12-01";"";"";"";"Magdeburg";"indelivery";1002;"2020-07-11"
28950;"energy";"gas";10800;11612;"2018-12-08";"2019-02-01";"2019-04-30";"2019-04-02";"fristgerecht durch LichtBlick";"Cologne";"terminated";2000;"2019-04-02"
28951;"energy";"electricity";2200;2173;"2018-12-02";"2019-01-01";"";"";"";"Bremen";"indelivery";1001;"2019-04-13"
28952;"energy";"electricity";2000;1993;"2018-07-29";"2018-09-01";"";"";"";"Hamburg";"indelivery";1000;"2019-05-08"
28953;"energy";"electricity";2200;2082;"2019-03-17";"2019-04-01";"";"";"";"Düsseldorf";"indelivery";1000;"2020-06-05"
28954;"energy";"electricity";2900;"";"2019-05-03";"2019-07-01";"";"";"";"Essen";"indelivery";1000;"2020-03-08"
28955;"energy";"electricity";2900;2991;"2019-08-24";"2019-11-01";"";"";"";"Friedberg";"indelivery";1000;"2020-05-11"
28956;"energy";"electricity";2600;2647;"2020-01-17";"2020-04-01";"";"";"";"Rostock";"indelivery";1002;"2020-04-19"
28957;"energy";"electricity";2300;2179;"2018-10-23";"2019-02-01";"";"";"";"Cottbus";"indelivery";1002;"2018-11-30"
28958;"energy";"electricity";2900;2849;"2018-09-30";"2018-11-01";"";"";"";"Wiesbaden";"indelivery";1000;"2018-11-03"
28959;"energy";"electricity";2600;2498;"2018-08-11";"2018-12-01";"";"";"";"Munich";"indelivery";1002;"2020-03-13"
28960;"energy";"electricity";2700;2583;"2019-05-27";"2020-01-01";"2020-09-30";"2020-09-02";"Umzug";"Berlin";"terminated";1002;"2020-05-08"
28961;"energy";"gas";10800;10964;"2019-08-17";"2019-11-01";"";"";"";"Berlin";"indelivery";2001;"2020-09-22"
28962;"energy";"gas";8100;"";"2019-05-16";"2020-03-01";"";"";"";"Bielefeld";"indelivery";2001;"2019-08-25"
28963;"energy";"electricity";2700;2871;"2019-07-24";"2020-06-01";"";"";"";"Bielefeld";"indelivery";1002;"2020-05-29"
28964;"energy";"electricity";2000;2107;"2020-08-07";"2020-09-01";"";"";"";"Berlin";"indelivery";1000;"2020-09-09"
28965;"energy";"electricity";2700;2665;"2020-06-03";"2020-11-01";"";"";"";"Munich";"active";1000;"2020-09-16"
28966;"energy";"electricity";2500;2528;"2019-02-21";"2019-04-01";"";"";"";"Münster";"indelivery";1000;"2020-09-10"
28967;"energy";"electricity";3000;3036;"2020-04-25";"2020-12-01";"";"";"";"Bremen";"active";1001;"2020-05-12"
28968;"energy";"electricity";2100;"";"2020-05-22";"2020-07-01";"";"";"";"Dortmund";"indelivery";1000;"2020-08-25"
28969;"energy";"gas";10600;11422;"2019-10-15";"2019-12-01";"";"";"";"Bad Hersfeld";"indelivery";2001;"2020-01-10"
28970;"energy";"electricity";2500;2642;"2018-01-18";"2018-04-01";"";"";"";"Göttingen";"indelivery";1001;"2020-04-11"
28971;"energy";"gas";8100;"";"2020-05-25";"2020-09-01";"";"";"";"Hamburg";"indelivery";2000;"2020-05-26"
28972;"energy";"electricity";2600;2539;"2019-10-09";"2020-05-01";"";"";"";"Mannheim";"indelivery";1002;"2019-10-10"
28973;"energy";"gas";9100;8864;"2020-02-18";"2021-02-01";"";"";"";"Flensburg";"active";2001;"2020-06-13"
28974;"energy";"electricity";2400;2527;"2019-06-01";"2019-11-01";"";"";"";"Hamburg";"indelivery";1000;"2019-06-04"
28975;"energy";"electricity";2000;"";"2020-04-07";"2020-07-01";"";"";"";"Rostock";"indelivery";1000;"2020-06-05"
28976;"energy";"electricity";2500;2496;"2020-04-13";"2020-11-01";"";"";"";"Hamburg";"active";1001;"2020-07-30"
28977;"energy";"electricity";2700;2714;"2019-05-05";"2019-11-01";"";"";"";"Erfurt";"indelivery";1002;"2020-01-25"
28978;"energy";"electricity";2300;2250;"2018-12-10";"2019-12-01";"2019-12-01";"2020-05-31";"Wiederruf";"Augsburg";"terminated";1001;"2020-05-02"
28979;"energy";"electricity";2600;2586;"2019-02-14";"2019-03-01";"";"";"";"Kassel";"indelivery";1002;"2019-06-04"
28980;"energy";"electricity";2400;2500;"2018-09-26";"2018-10-01";"";"";"";"Munich";"indelivery";1002;"2020-05-28"
28981;"energy";"electricity";2400;2588;"2018-09-06";"2019-05-01";"";"";"";"Wuppertal";"indelivery";1002;"2019-10-12"
28982;"energy";"electricity";2100;2172;"2020-02-12";"2020-03-01";"";"";"";"Düsseldorf";"indelivery";1002;"2020-08-28"
28983;"energy";"electricity";2000;2056;"2018-11-18";"2019-03-01";"2019-03-01";"2020-03-01";"Wiederruf";"Frankfurt";"terminated";1002;"2020-02-14"
28984;"energy";"electricity";2300;2366;"2020-02-02";"2020-07-01";"";"";"";"Freiburg";"indelivery";1001;"2020-02-15"
28985;"energy";"electricity";2100;2052;"2018-09-29";"2019-09-01";"";"";"";"Berlin";"indelivery";1002;"2020-04-14"
28986;"energy";"electricity";2600;2832;"2019-12-04";"2020-05-01";"";"";"";"Augsburg";"indelivery";1000;"2020-09-18"
28987;"energy";"electricity";3000;2843;"2020-09-11";"2020-12-01";"";"";"";"Altchemnitz";"active";1002;"2020-09-16"
28988;"energy";"electricity";2900;3081;"2019-12-25";"2020-02-01";"";"";"";"Nordhausen";"indelivery";1000;"2020-02-16"
28989;"energy";"electricity";2200;2142;"2019-01-19";"2019-03-01";"";"";"";"Dresden";"indelivery";1000;"2020-01-07"
28990;"energy";"gas";8600;8623;"2020-01-07";"2020-10-01";"";"";"";"Rosenheim";"indelivery";2001;"2020-01-20"
28991;"energy";"electricity";2400;2249;"2018-10-14";"2020-01-01";"";"";"";"Frankfurt";"indelivery";1001;"2019-10-29"
28992;"energy";"gas";9000;"";"2020-08-16";"2020-09-01";"";"";"";"Freiburg";"indelivery";2000;"2020-09-18"
28993;"energy";"electricity";2200;2193;"2020-03-27";"2020-05-01";"";"";"";"Berlin";"indelivery";1000;"2020-07-06"
28994;"energy";"electricity";2300;2281;"2020-08-20";"2020-10-01";"";"";"";"Fürth";"indelivery";1002;"2020-09-02"
28995;"energy";"electricity";2400;2475;"2018-07-16";"2018-08-01";"";"";"";"Erfurt";"indelivery";1001;"2019-12-20"
28996;"energy";"electricity";2500;2673;"2018-09-21";"2019-04-01";"2019-04-01";"2020-02-29";"Wiederruf";"Munich";"terminated";1002;"2020-02-17"
28997;"energy";"electricity";2100;2236;"2020-06-26";"2020-07-01";"";"";"";"Kitzingen";"indelivery";1001;"2020-07-14"
28998;"energy";"electricity";2700;"";"2020-03-06";"2020-09-01";"";"";"";"Regensburg";"indelivery";1000;"2020-06-19"
28999;"energy";"electricity";2100;2018;"2019-12-03";"2020-04-01";"";"";"";"Düsseldorf";"indelivery";1001;"2020-09-02"
29000;"energy";"electricity";2200;2277;"2019-04-23";"2019-05-01";"";"";"";"Mannheim";"indelivery";1002;"2019-09-11"
29001;"energy";"gas";9900;9846;"2018-09-01";"2019-11-01";"2020-02-29";"2020-01-28";"fristgerecht durch LichtBlick";"Berlin";"terminated";2000;"2018-12-26"
29002;"energy";"electricity";2100;2033;"2020-06-27";"2021-02-01";"";"";"";"Berlin";"active";1000;"2020-09-05"
29003;"energy";"electricity";2800;2835;"2019-01-23";"2019-05-01";"";"";"";"Berlin";"indelivery";1002;"2020-06-15"
29004;"energy";"electricity";2900;2923;"2020-09-20";"2020-11-01";"";"";"";"Münster";"active";1000;"2020-09-23"
29005;"energy";"electricity";2800;2960;"2019-12-27";"2020-06-01";"";"";"";"Munich";"indelivery";1001;"2020-01-04"
29006;"energy";"electricity";2300;2421;"2019-07-22";"2019-10-01";"";"";"";"Leipzig";"indelivery";1000;"2020-09-01"
29007;"energy";"electricity";2300;2342;"2019-01-14";"2019-07-01";"";"";"";"Magdeburg";"indelivery";1001;"2019-10-25"
29008;"energy";"electricity";2000;1930;"2018-10-19";"2019-01-01";"";"";"";"Frankfurt";"indelivery";1001;"2020-03-11"
29009;"energy";"electricity";2100;2056;"2019-03-05";"2019-07-01";"";"";"";"Munich";"indelivery";1001;"2019-04-28"
29010;"energy";"electricity";3000;2858;"2020-03-24";"2020-11-01";"";"";"";"Erfurt";"active";1000;"2020-04-14"
29011;"energy";"gas";7600;7928;"2019-07-28";"2020-02-01";"2020-12-31";"2020-12-03";"fristgerecht durch LichtBlick";"Munich";"cancelled";2000;"2019-12-25"
29012;"energy";"electricity";2600;2613;"2020-08-03";"2020-10-01";"";"";"";"Berlin";"indelivery";1000;"2020-09-25"
29013;"energy";"electricity";2700;2882;"2019-10-06";"2020-02-01";"";"";"";"Kiel";"indelivery";1001;"2019-10-26"
29014;"energy";"electricity";2200;2326;"2018-01-20";"2018-07-01";"";"";"";"Braunschweig";"indelivery";1000;"2020-05-08"
29015;"energy";"gas";11100;"";"2020-01-16";"2020-03-01";"";"";"";"Düsseldorf";"indelivery";2000;"2020-02-08"
29016;"energy";"electricity";2300;2506;"2019-06-10";"2019-08-01";"";"";"";"Gießen";"indelivery";1002;"2019-11-29"
29017;"energy";"electricity";2200;2271;"2018-03-26";"2018-05-01";"";"";"";"Hamburg";"indelivery";1001;"2019-12-19"
29018;"energy";"electricity";2600;"";"2020-07-13";"2020-10-01";"";"";"";"Berlin";"indelivery";1002;"2020-09-02"
29019;"energy";"electricity";2200;2235;"2020-06-11";"2020-07-01";"";"";"";"Munich";"indelivery";1000;"2020-08-21"
29020;"energy";"electricity";2200;2158;"2018-09-22";"2019-03-01";"";"";"";"Frankfurt";"indelivery";1000;"2020-05-11"
29021;"energy";"gas";8800;8475;"2018-04-04";"2018-06-01";"";"";"";"Frankfurt";"indelivery";2001;"2020-01-15"
29022;"energy";"electricity";2800;2829;"2019-12-29";"2020-01-01";"";"";"";"Cologne";"indelivery";1001;"2020-07-06"
29023;"energy";"electricity";2300;2208;"2018-02-14";"2018-04-01";"2020-07-31";"2020-07-02";"Umzug";"Berlin";"terminated";1002;"2020-03-15"
29024;"energy";"electricity";2800;"";"2019-11-22";"2020-02-01";"";"";"";"Essen";"indelivery";1000;"2020-02-21"
29025;"energy";"electricity";2500;2581;"2018-10-25";"2019-01-01";"";"";"";"Leipzig";"indelivery";1002;"2020-08-05"
29026;"energy";"electricity";2600;2460;"2019-03-25";"2019-05-01";"";"";"";"Frankfurt";"indelivery";1002;"2019-12-22"
29027;"energy";"electricity";2700;2731;"2019-02-12";"2019-06-01";"";"";"";"Munich";"indelivery";1000;"2019-09-08"
29028;"energy";"electricity";2700;2857;"2020-08-29";"2021-02-01";"";"";"";"Hamburg";"active";1002;"2020-09-30"
29029;"energy";"electricity";2300;2372;"2019-01-18";"2019-04-01";"";"";"";"Koblenz";"indelivery";1000;"2020-01-24"
29030;"energy";"electricity";2200;2270;"2018-07-21";"2018-08-01";"2018-10-31";"2018-10-03";"fristgerecht durch LichtBlick";"Cottbus";"terminated";1002;"2018-10-03"
29031;"energy";"electricity";2800;2911;"2020-08-23";"2020-12-01";"";"";"";"Regensburg";"active";1002;"2020-09-01"
29032;"energy";"electricity";2400;2273;"2019-03-16";"2019-05-01";"";"";"";"Kassel";"indelivery";1001;"2019-08-10"
29033;"energy";"electricity";2100;2037;"2018-09-21";"2018-12-01";"";"";"";"Bonn";"indelivery";1000;"2019-10-08"
29034;"energy";"gas";11700;11677;"2019-12-20";"2020-04-01";"";"";"";"Stuttgart";"indelivery";2000;"2020-09-11"
29035;"energy";"electricity";2900;2927;"2019-12-28";"2020-06-01";"";"";"";"Dresden";"indelivery";1000;"2020-09-24"
29036;"energy";"electricity";2000;1995;"2019-09-17";"2020-05-01";"";"";"";"Berlin";"indelivery";1001;"2020-08-27"
29037;"energy";"electricity";2300;2339;"2020-08-12";"2020-10-01";"";"";"";"Bielefeld";"indelivery";1002;"2020-09-23"
29038;"energy";"electricity";2300;2389;"2018-02-07";"2018-03-01";"";"";"";"Hannover";"indelivery";1001;"2019-06-16"
29039;"energy";"electricity";2400;2361;"2019-04-02";"2019-07-01";"";"";"";"Berlin";"indelivery";1001;"2020-07-29"
29040;"energy";"electricity";2900;3094;"2019-07-21";"2019-08-01";"";"";"";"Bremen";"indelivery";1002;"2019-08-13"
29041;"energy";"electricity";2400;2303;"2019-12-11";"2020-01-01";"";"";"";"Hannover";"indelivery";1001;"2020-03-29"
29042;"energy";"electricity";2500;2717;"2020-05-17";"2020-09-01";"";"";"";"Duisburg";"indelivery";1001;"2020-06-02"
29043;"energy";"electricity";2000;1930;"2019-01-04";"2019-03-01";"2019-06-30";"2019-05-28";"fristgerecht durch Kunde";"Berlin";"terminated";1001;"2019-05-28"
29044;"energy";"electricity";2600;2839;"2020-02-22";"2020-05-01";"";"";"";"Stuttgart";"indelivery";1001;"2020-05-10"
29045;"energy";"electricity";3100;3118;"2020-01-17";"2020-03-01";"";"";"";"Amberg";"indelivery";1002;"2020-06-13"
29046;"energy";"electricity";2600;2795;"2019-12-22";"2020-06-01";"";"";"";"Oldenburg";"indelivery";1002;"2020-07-05"
29047;"energy";"electricity";1900;1871;"2019-12-27";"2020-08-01";"";"";"";"Hamburg";"indelivery";1002;"2020-01-10"
29048;"energy";"electricity";2700;2757;"2019-04-05";"2019-05-01";"";"";"";"Mannheim";"indelivery";1002;"2019-12-17"
29049;"energy";"electricity";2500;2671;"2019-08-28";"2020-01-01";"";"";"";"Cham";"indelivery";1000;"2020-03-07"
29050;"energy";"electricity";2200;2280;"2019-11-13";"2020-12-01";"";"";"";"Essen";"active";1001;"2020-07-08"
29051;"energy";"electricity";2500;2615;"2019-01-27";"2019-03-01";"";"";"";"Duisburg";"indelivery";1002;"2019-04-26"
29052;"energy";"electricity";2100;2140;"2020-06-22";"2020-09-01";"";"";"";"Hannover";"indelivery";1002;"2020-09-14"
29053;"energy";"electricity";2500;2493;"2019-11-16";"2020-04-01";"2020-11-30";"2020-10-30";"fristgerecht durch Kunde";"Magdeburg";"cancelled";1002;"2020-01-12"
29054;"energy";"electricity";2800;2974;"2018-01-20";"2018-03-01";"2019-08-31";"2019-08-03";"fristgerecht durch Kunde";"Mannheim";"terminated";1001;"2018-01-27"
29055;"energy";"electricity";1900;1863;"2020-06-23";"2020-09-01";"";"";"";"Hamburg";"indelivery";1001;"2020-08-23"
29056;"energy";"electricity";2700;2572;"2018-06-28";"2018-07-01";"";"";"";"Berlin";"indelivery";1001;"2019-06-14"
29057;"energy";"electricity";2200;2125;"2019-03-07";"2020-07-01";"";"";"";"Bremen";"indelivery";1002;"2019-08-01"
29058;"energy";"electricity";2600;2737;"2018-01-05";"2018-08-01";"";"";"";"Berlin";"indelivery";1000;"2020-02-07"
29059;"energy";"electricity";2000;1999;"2019-01-10";"2019-04-01";"";"";"";"Dortmund";"indelivery";1002;"2020-01-17"
29060;"energy";"electricity";2600;2566;"2018-09-21";"2019-04-01";"";"";"";"Karlsruhe";"indelivery";1002;"2019-12-02"
29061;"energy";"electricity";2700;2785;"2019-12-10";"2020-05-01";"";"";"";"Essen";"indelivery";1000;"2020-06-21"
29062;"energy";"electricity";2500;2463;"2018-04-01";"2019-02-01";"";"";"";"Regensburg";"indelivery";1002;"2019-05-12"
29063;"energy";"electricity";2600;2717;"2020-08-10";"2020-11-01";"";"";"";"Düsseldorf";"active";1002;"2020-08-22"
29064;"energy";"gas";8200;8721;"2020-05-28";"2020-08-01";"";"";"";"Munich";"indelivery";2000;"2020-09-01"
29065;"energy";"electricity";2500;2596;"2018-08-28";"2019-01-01";"";"";"";"Schwerin";"indelivery";1000;"2019-11-16"
29066;"energy";"electricity";2700;2601;"2019-10-15";"2019-12-01";"";"";"";"Dresden";"indelivery";1001;"2020-03-31"
29067;"energy";"electricity";2700;2814;"2019-08-18";"2019-11-01";"2020-02-29";"2020-01-31";"Umzug";"Hamburg";"terminated";1000;"2020-01-31"
29068;"energy";"electricity";2600;2525;"2018-10-18";"2018-12-01";"";"";"";"Erlangen";"indelivery";1002;"2020-08-05"
29069;"energy";"electricity";1900;1901;"2018-10-14";"2018-11-01";"2018-11-01";"2020-07-03";"Wiederruf";"Berlin";"terminated";1000;"2018-10-20"
29070;"energy";"electricity";2300;2419;"2020-05-15";"2020-09-01";"";"";"";"Hamburg";"indelivery";1000;"2020-07-27"
29071;"energy";"electricity";2200;2362;"2018-09-20";"2019-02-01";"";"";"";"Ingelheim";"indelivery";1001;"2020-05-25"
29072;"energy";"electricity";2100;2001;"2018-12-09";"2019-02-01";"";"";"";"Wiesbaden";"indelivery";1002;"2020-02-04"
29073;"energy";"electricity";2500;2389;"2018-04-21";"2019-02-01";"";"";"";"Kiel";"indelivery";1001;"2020-07-12"
29074;"energy";"electricity";2200;2274;"2019-12-10";"2020-05-01";"";"";"";"Dresden";"indelivery";1002;"2020-03-18"
29075;"energy";"electricity";2400;2539;"2018-04-29";"2018-06-01";"2019-07-31";"2019-06-29";"fristgerecht durch LichtBlick";"Berlin";"terminated";1002;"2019-06-29"
29076;"energy";"electricity";2300;2329;"2019-09-23";"2020-01-01";"";"";"";"Aschaffenburg";"indelivery";1001;"2020-02-22"
29077;"energy";"electricity";2100;1962;"2020-03-07";"2021-08-01";"";"";"";"Fürth";"active";1000;"2020-08-31"
29078;"energy";"electricity";2100;2225;"2018-03-10";"2019-02-01";"";"";"";"Dortmund";"indelivery";1001;"2020-03-07"
29079;"energy";"electricity";2100;2241;"2020-05-22";"2020-11-01";"";"";"";"Berlin";"active";1002;"2020-09-02"
29080;"energy";"electricity";2300;2222;"2019-01-23";"2019-03-01";"";"";"";"Rosenheim";"indelivery";1002;"2020-03-06"
29081;"energy";"electricity";2500;2581;"2018-01-16";"2018-03-01";"2020-01-31";"2019-12-21";"fristgerecht durch Kunde";"Berlin";"terminated";1000;"2019-12-21"
29082;"energy";"gas";10500;10240;"2018-01-24";"2018-02-01";"";"";"";"Berlin";"indelivery";2000;"2019-05-11"
29083;"energy";"electricity";2400;2531;"2020-04-18";"2020-08-01";"";"";"";"Wuppertal";"indelivery";1000;"2020-05-30"
29084;"energy";"electricity";3000;"";"2018-05-18";"2018-10-01";"";"";"";"Donauwörth";"indelivery";1000;"2020-01-09"
29085;"energy";"electricity";2700;2917;"2020-06-02";"2020-10-01";"";"";"";"Recklinghausen";"indelivery";1001;"2020-09-17"
29086;"energy";"electricity";2900;3015;"2020-03-07";"2020-07-01";"";"";"";"Karlsruhe";"indelivery";1000;"2020-04-14"
29087;"energy";"gas";11400;12150;"2020-06-27";"2020-08-01";"";"";"";"Wiesbaden";"indelivery";2001;"2020-07-28"
29088;"energy";"electricity";2400;2555;"2020-02-13";"2020-04-01";"";"";"";"Pforzheim";"indelivery";1002;"2020-08-19"
29089;"energy";"electricity";2900;"";"2018-06-19";"2019-01-01";"";"";"";"Rostock";"indelivery";1002;"2019-07-22"
29090;"energy";"electricity";2600;"";"2019-04-05";"2019-07-01";"";"";"";"Hamburg";"indelivery";1001;"2020-08-27"
29091;"energy";"electricity";2600;2684;"2018-09-16";"2019-03-01";"";"";"";"Regensburg";"indelivery";1000;"2020-08-23"
29092;"energy";"electricity";2200;2226;"2019-03-21";"2019-05-01";"";"";"";"Cologne";"indelivery";1001;"2019-12-17"
29093;"energy";"electricity";2000;2013;"2019-12-14";"2020-06-01";"";"";"";"Hamburg";"indelivery";1002;"2020-04-08"
29094;"energy";"electricity";2200;2189;"2020-07-05";"2020-11-01";"";"";"";"Ulm";"active";1001;"2020-07-28"
29095;"energy";"electricity";2100;2200;"2019-12-20";"2020-06-01";"";"";"";"Frankfurt";"indelivery";1002;"2020-05-11"
29096;"energy";"gas";10100;10786;"2019-08-10";"2019-09-01";"";"";"";"Bremerhaven";"indelivery";2000;"2020-01-11"
29097;"energy";"electricity";2900;3137;"2020-07-15";"2020-11-01";"";"";"";"Leipzig";"active";1000;"2020-08-21"
29098;"energy";"gas";11000;10507;"2018-09-04";"2019-05-01";"";"";"";"Hamburg";"indelivery";2000;"2020-05-11"
29099;"energy";"electricity";2900;3063;"2020-05-25";"2020-12-01";"";"";"";"Leipzig";"active";1001;"2020-06-02"
29100;"energy";"electricity";2900;2992;"2020-09-28";"2021-01-01";"";"";"";"Karlsruhe";"active";1002;"2020-09-30"
29101;"energy";"electricity";2400;2517;"2020-08-09";"2021-01-01";"";"";"";"Hamburg";"active";1001;"2020-09-10"
29102;"energy";"electricity";2100;2032;"2018-07-17";"2019-09-01";"";"";"";"Berlin";"indelivery";1001;"2020-01-22"
29103;"energy";"electricity";2100;"";"2018-09-25";"2019-01-01";"";"";"";"Wiesbaden";"indelivery";1001;"2018-12-22"
29104;"energy";"electricity";2200;2304;"2019-09-07";"2019-10-01";"";"";"";"Düsseldorf";"indelivery";1002;"2020-01-27"
29105;"energy";"electricity";2200;2335;"2020-03-09";"2020-04-01";"2020-04-01";"2020-05-02";"Wiederruf";"Munich";"terminated";1000;"2020-05-02"
29106;"energy";"electricity";2200;2316;"2020-05-23";"2020-08-01";"";"";"";"Hamburg";"indelivery";1002;"2020-07-27"
29107;"energy";"gas";9400;9095;"2018-12-19";"2019-09-01";"";"";"";"Dortmund";"indelivery";2001;"2019-02-15"
29108;"energy";"electricity";2600;2755;"2019-03-13";"2019-05-01";"";"";"";"Düsseldorf";"indelivery";1001;"2020-05-03"
29109;"energy";"electricity";2100;2204;"2019-05-26";"2019-07-01";"";"";"";"Berlin";"indelivery";1002;"2020-03-01"
29110;"energy";"electricity";2200;2155;"2019-02-18";"2019-04-01";"";"";"";"Munich";"indelivery";1002;"2019-08-19"
29111;"energy";"electricity";2200;2342;"2019-04-14";"2019-07-01";"";"";"";"Hamburg";"indelivery";1000;"2019-07-05"
29112;"energy";"electricity";2300;2285;"2019-11-03";"2019-12-01";"2020-11-30";"2020-10-31";"fristgerecht durch LichtBlick";"Düsseldorf";"cancelled";1002;"2020-01-09"
29113;"energy";"electricity";2000;2051;"2020-01-16";"2020-02-01";"";"";"";"Heide";"indelivery";1000;"2020-08-09"
29114;"energy";"electricity";3000;3127;"2018-03-18";"2018-07-01";"";"";"";"Naumburg";"indelivery";1001;"2019-09-06"
29115;"energy";"gas";9600;9645;"2020-08-21";"2021-02-01";"";"";"";"Kassel";"active";2000;"2020-09-18"
29116;"energy";"gas";10600;11067;"2018-08-29";"2018-11-01";"2020-02-29";"2020-02-01";"fristgerecht durch Kunde";"Regensburg";"terminated";2001;"2018-09-07"
29117;"energy";"electricity";2600;2543;"2019-02-15";"2020-02-01";"2020-02-01";"2020-10-02";"Wiederruf";"Bonn";"terminated";1001;"2020-02-21"
29118;"energy";"electricity";2500;2651;"2018-10-11";"2019-01-01";"";"";"";"Cologne";"indelivery";1001;"2018-12-26"
29119;"energy";"electricity";2300;2231;"2019-04-13";"2019-07-01";"";"";"";"Kassel";"indelivery";1000;"2019-04-22"
29120;"energy";"electricity";2500;2507;"2018-10-21";"2018-12-01";"";"";"";"Wuppertal";"indelivery";1002;"2020-03-01"
29121;"energy";"electricity";2700;2811;"2019-06-28";"2020-02-01";"";"";"";"Traunstein";"indelivery";1001;"2019-10-31"
29122;"energy";"electricity";2500;2413;"2020-01-16";"2020-02-01";"";"";"";"Berlin";"indelivery";1000;"2020-01-31"
29123;"energy";"electricity";3000;2974;"2019-01-26";"2019-02-01";"";"";"";"Leipzig";"indelivery";1002;"2019-10-23"
29124;"energy";"electricity";2400;2392;"2018-11-05";"2019-04-01";"";"";"";"Hamburg";"indelivery";1002;"2020-09-14"
29125;"energy";"electricity";2500;2653;"2018-09-23";"2018-10-01";"";"";"";"Hamburg";"indelivery";1001;"2019-04-01"
29126;"energy";"electricity";2000;2028;"2019-05-13";"2019-06-01";"";"";"";"Cologne";"indelivery";1000;"2020-01-27"
29127;"energy";"gas";11600;11886;"2018-05-14";"2018-10-01";"2020-07-31";"2020-06-24";"Umzug";"Osnabrück";"terminated";2000;"2018-08-09"
29128;"energy";"electricity";2400;2570;"2019-04-29";"2019-06-01";"";"";"";"Magdeburg";"indelivery";1000;"2019-09-13"
29129;"energy";"electricity";2900;3060;"2019-02-24";"2019-11-01";"";"";"";"Trier";"indelivery";1001;"2020-04-05"
29130;"energy";"electricity";2900;2962;"2019-01-22";"2019-05-01";"2019-10-31";"2019-09-23";"fristgerecht durch Kunde";"Wuppertal";"terminated";1000;"2019-09-23"
29131;"energy";"electricity";2300;2255;"2019-03-10";"2020-01-01";"";"";"";"Bremen";"indelivery";1000;"2019-10-01"
29132;"energy";"electricity";2200;2152;"2019-01-30";"2019-03-01";"";"";"";"Ingolstadt";"indelivery";1000;"2019-10-21"
29133;"energy";"electricity";2600;2738;"2018-07-26";"2018-09-01";"";"";"";"Berlin";"indelivery";1001;"2019-07-15"
29134;"energy";"electricity";2200;2320;"2019-04-23";"2019-07-01";"";"";"";"Berlin";"indelivery";1001;"2020-05-04"
29135;"energy";"electricity";2000;2112;"2018-10-01";"2018-11-01";"";"";"";"Augsburg";"indelivery";1002;"2018-11-26"
29136;"energy";"electricity";2700;"";"2018-11-08";"2019-03-01";"";"";"";"Mainz";"indelivery";1001;"2019-11-30"
29137;"energy";"gas";7700;8131;"2019-01-20";"2019-05-01";"";"";"";"Stuttgart";"indelivery";2001;"2019-10-20"
29138;"energy";"electricity";2300;2263;"2020-02-06";"2020-12-01";"";"";"";"Kiel";"active";1001;"2020-02-11"
29139;"energy";"electricity";2400;2320;"2020-04-14";"2020-08-01";"";"";"";"Essen";"indelivery";1000;"2020-07-09"
29140;"energy";"electricity";2300;2391;"2018-04-04";"2018-07-01";"";"";"";"Stuttgart";"indelivery";1000;"2020-05-15"
29141;"energy";"electricity";2000;"";"2020-09-09";"2020-10-01";"";"";"";"Berlin";"indelivery";1002;"2020-09-14"
29142;"energy";"gas";8100;8391;"2019-09-15";"2020-09-01";"";"";"";"Cologne";"indelivery";2001;"2020-05-28"
29143;"energy";"electricity";2600;2706;"2020-02-28";"2020-06-01";"";"";"";"Berlin";"indelivery";1002;"2020-07-16"
29144;"energy";"electricity";2600;2743;"2019-09-09";"2019-10-01";"";"";"";"Duisburg";"indelivery";1001;"2020-08-04"
29145;"energy";"electricity";2400;2497;"2019-07-06";"2020-02-01";"";"";"";"Jever";"indelivery";1001;"2019-11-17"
29146;"energy";"gas";8000;8035;"2019-02-21";"2019-09-01";"";"";"";"Gießen";"indelivery";2000;"2020-05-19"
29147;"energy";"electricity";2100;2176;"2019-06-15";"2020-03-01";"";"";"";"Dresden";"indelivery";1002;"2019-10-03"
29148;"energy";"gas";10000;9754;"2020-02-24";"2020-04-01";"";"";"";"Mannheim";"indelivery";2000;"2020-06-16"
29149;"energy";"electricity";2200;2087;"2020-04-17";"2020-07-01";"";"";"";"Berlin";"indelivery";1002;"2020-06-10"
29150;"energy";"electricity";2700;2875;"2019-10-09";"2020-06-01";"";"";"";"Munich";"indelivery";1002;"2019-10-20"
29151;"energy";"electricity";2600;2785;"2020-06-19";"2021-06-01";"";"";"";"Hamburg";"active";1000;"2020-08-05"
29152;"energy";"electricity";2000;2152;"2018-11-28";"2019-05-01";"";"";"";"Cologne";"indelivery";1002;"2020-03-22"
29153;"energy";"gas";9500;"";"2019-08-21";"2020-02-01";"";"";"";"Düsseldorf";"indelivery";2000;"2019-12-23"
29154;"energy";"gas";8400;8950;"2020-03-10";"2020-05-01";"";"";"";"Münster";"indelivery";2001;"2020-06-09"
29155;"energy";"electricity";3000;"";"2020-09-07";"2021-03-01";"";"";"";"Bad Oldesloe";"active";1002;"2020-09-12"
29156;"energy";"electricity";2900;2780;"2020-04-15";"2020-06-01";"";"";"";"Lübeck";"indelivery";1000;"2020-09-07"
29157;"energy";"electricity";2500;2543;"2019-07-02";"2020-02-01";"";"";"";"Düsseldorf";"indelivery";1000;"2019-08-18"
29158;"energy";"electricity";2200;2381;"2019-10-25";"2020-07-01";"";"";"";"Cologne";"indelivery";1002;"2019-12-13"
29159;"energy";"electricity";2700;2725;"2018-11-22";"2018-12-01";"";"";"";"Berlin";"indelivery";1000;"2020-04-13"
29160;"energy";"electricity";2700;2757;"2018-02-22";"2019-03-01";"2020-01-31";"2020-01-02";"fristgerecht durch Kunde";"Berlin";"terminated";1002;"2018-06-02"
29161;"energy";"gas";10900;11643;"2018-03-21";"2018-05-01";"";"";"";"Cologne";"indelivery";2000;"2018-05-28"
29162;"energy";"electricity";2100;2041;"2018-08-24";"2018-10-01";"";"";"";"Berlin";"indelivery";1001;"2019-11-17"
29163;"energy";"electricity";2100;2132;"2019-02-16";"2020-08-01";"2020-11-30";"2020-11-02";"fristgerecht durch Kunde";"Wuppertal";"cancelled";1002;"2019-05-03"
29164;"energy";"gas";8900;8997;"2018-11-29";"2019-02-01";"";"";"";"Dresden";"indelivery";2000;"2019-09-04"
29165;"energy";"electricity";2400;2477;"2019-07-04";"2019-12-01";"";"";"";"Fürth";"indelivery";1000;"2019-08-29"
29166;"energy";"gas";11000;11236;"2020-08-12";"2020-12-01";"";"";"";"Berlin";"active";2000;"2020-08-31"
29167;"energy";"electricity";2200;2159;"2018-05-17";"2018-08-01";"";"";"";"Dresden";"indelivery";1000;"2018-10-16"
29168;"energy";"gas";11100;11645;"2018-03-18";"2018-08-01";"";"";"";"Cologne";"indelivery";2001;"2020-08-18"
29169;"energy";"electricity";2100;2271;"2020-02-23";"2020-04-01";"";"";"";"Munich";"indelivery";1001;"2020-06-01"
29170;"energy";"electricity";2000;2006;"2018-12-26";"2019-01-01";"";"";"";"Bielefeld";"indelivery";1001;"2019-08-08"
29171;"energy";"electricity";2700;2635;"2018-08-27";"2018-09-01";"";"";"";"Rostock";"indelivery";1000;"2019-07-12"
29172;"energy";"electricity";2400;2345;"2018-05-08";"2018-08-01";"";"";"";"Mainz";"indelivery";1002;"2019-06-25"
29173;"energy";"gas";7800;7457;"2018-01-26";"2018-03-01";"";"";"";"Berlin";"indelivery";2001;"2018-06-05"
29174;"energy";"electricity";2100;2189;"2019-09-21";"2019-11-01";"";"";"";"Frankfurt";"indelivery";1001;"2020-03-25"
29175;"energy";"electricity";2600;2448;"2019-01-25";"2019-05-01";"2020-02-29";"2020-02-01";"fristgerecht durch LichtBlick";"Frankfurt";"terminated";1002;"2019-07-04"
29176;"energy";"electricity";2700;2654;"2018-01-19";"2018-03-01";"";"";"";"Wilhelmshaven";"indelivery";1000;"2020-06-28"
29177;"energy";"electricity";2600;"";"2018-09-28";"2019-04-01";"";"";"";"Hamburg";"indelivery";1001;"2019-08-09"
29178;"energy";"electricity";2100;2112;"2019-12-13";"2020-03-01";"";"";"";"Bielefeld";"indelivery";1002;"2020-04-20"
29179;"energy";"electricity";2700;"";"2019-09-06";"2019-11-01";"2020-06-30";"2020-05-27";"fristgerecht durch Kunde";"Düsseldorf";"terminated";1002;"2019-09-21"
29180;"energy";"gas";9300;9122;"2019-06-08";"2019-09-01";"2019-09-01";"2020-12-02";"Wiederruf";"Berlin";"terminated";2001;"2020-05-12"
29181;"energy";"gas";9400;9440;"2019-11-23";"2020-06-01";"";"";"";"Munich";"indelivery";2000;"2020-01-09"
29182;"energy";"electricity";2000;2055;"2018-11-05";"2019-03-01";"";"";"";"Hamburg";"indelivery";1000;"2019-11-04"
29183;"energy";"electricity";2300;2377;"2020-08-05";"2020-12-01";"";"";"";"Hamburg";"active";1001;"2020-09-02"
29184;"energy";"electricity";2100;2222;"2018-04-14";"2018-07-01";"";"";"";"Brake";"indelivery";1002;"2018-07-01"
29185;"energy";"gas";8000;8035;"2019-05-20";"2019-06-01";"2020-10-31";"2020-10-01";"fristgerecht durch Kunde";"Cologne";"cancelled";2001;"2019-11-09"
29186;"energy";"electricity";2200;2138;"2018-03-19";"2018-10-01";"";"";"";"Stuttgart";"indelivery";1000;"2018-06-25"
29187;"energy";"electricity";2300;2363;"2020-02-06";"2020-04-01";"";"";"";"Essen";"indelivery";1000;"2020-09-10"
29188;"energy";"electricity";2100;2038;"2018-03-09";"2018-10-01";"";"";"";"Altötting";"indelivery";1001;"2019-11-21"
29189;"energy";"electricity";2500;2548;"2019-09-17";"2020-05-01";"";"";"";"Coburg";"indelivery";1002;"2020-06-19"
29190;"energy";"electricity";2200;2234;"2020-08-08";"2020-10-01";"";"";"";"Karlsruhe";"indelivery";1002;"2020-08-19"
29191;"energy";"electricity";2500;2690;"2019-07-31";"2019-12-01";"";"";"";"Hamburg";"indelivery";1001;"2020-05-17"
29192;"energy";"electricity";2300;2359;"2018-08-15";"2019-01-01";"2019-01-01";"2020-05-01";"Wiederruf";"Hamburg";"terminated";1001;"2018-10-21"
29193;"energy";"electricity";2700;2944;"2018-11-24";"2019-08-01";"";"";"";"Cologne";"indelivery";1002;"2019-05-09"
29194;"energy";"gas";10100;10508;"2019-06-28";"2019-10-01";"";"";"";"Berlin";"indelivery";2001;"2019-10-10"
29195;"energy";"electricity";2100;2221;"2019-10-04";"2019-12-01";"2020-11-30";"2020-11-02";"fristgerecht durch Kunde";"Potsdam";"cancelled";1000;"2020-04-13"
29196;"energy";"gas";10300;10263;"2019-12-25";"2020-03-01";"";"";"";"Oldenburg";"indelivery";2000;"2020-03-27"
29197;"energy";"electricity";2600;2640;"2018-07-14";"2019-08-01";"";"";"";"Hamburg";"indelivery";1000;"2020-01-18"
29198;"energy";"electricity";3000;2821;"2020-07-23";"2021-03-01";"";"";"";"Augsburg";"active";1002;"2020-09-05"
29199;"energy";"electricity";2100;2164;"2020-01-17";"2020-03-01";"";"";"";"Oldenburg";"indelivery";1000;"2020-08-19"
29200;"energy";"electricity";2300;2145;"2019-01-11";"2019-04-01";"2020-06-30";"2020-05-24";"fristgerecht durch LichtBlick";"Osnabrück";"terminated";1000;"2019-08-23"
29201;"energy";"electricity";2600;2455;"2019-09-01";"2020-02-01";"";"";"";"Munich";"indelivery";1000;"2020-03-02"
29202;"energy";"electricity";2800;2697;"2020-01-08";"2020-05-01";"";"";"";"Dortmund";"indelivery";1002;"2020-01-18"
29203;"energy";"electricity";2800;2784;"2018-06-28";"2018-09-01";"";"";"";"Cologne";"indelivery";1002;"2020-05-22"
29204;"energy";"gas";11600;11418;"2020-01-04";"2020-08-01";"";"";"";"Wuppertal";"indelivery";2000;"2020-08-10"
29205;"energy";"electricity";2300;2263;"2019-10-24";"2019-11-01";"";"";"";"Bremerhaven";"indelivery";1000;"2020-08-18"
29206;"energy";"electricity";2500;"";"2018-07-28";"2019-06-01";"";"";"";"Essen";"indelivery";1001;"2020-03-21"
29207;"energy";"electricity";2700;2764;"2019-11-17";"2020-03-01";"";"";"";"Dresden";"indelivery";1002;"2020-07-03"
29208;"energy";"electricity";2400;2406;"2020-08-24";"2020-09-01";"2020-09-01";"2020-11-01";"Wiederruf";"Berlin";"terminated";1000;"2020-09-24"
29209;"energy";"electricity";2300;2277;"2020-09-23";"2020-11-01";"";"";"";"Mainz";"active";1001;"2020-09-25"
29210;"energy";"electricity";2000;"";"2019-09-22";"2019-12-01";"";"";"";"Munich";"indelivery";1002;"2020-05-08"
29211;"energy";"electricity";2700;2688;"2018-08-19";"2018-10-01";"";"";"";"Bielefeld";"indelivery";1000;"2020-05-24"
29212;"energy";"electricity";2200;2109;"2020-07-29";"2020-08-01";"";"";"";"Hamburg";"indelivery";1000;"2020-08-11"
29213;"energy";"gas";10400;10743;"2019-08-13";"2020-04-01";"";"";"";"Regensburg";"indelivery";2001;"2020-06-25"
29214;"energy";"electricity";2100;2179;"2020-07-16";"2020-10-01";"";"";"";"Wuppertal";"indelivery";1002;"2020-09-29"
29215;"energy";"electricity";2600;2600;"2020-06-15";"2020-08-01";"";"";"";"Berlin";"indelivery";1002;"2020-07-30"
29216;"energy";"electricity";2100;2245;"2020-09-22";"2021-03-01";"";"";"";"Hannover";"active";1002;"2020-09-22"
29217;"energy";"electricity";2300;2194;"2019-01-08";"2019-07-01";"";"";"";"Magdeburg";"indelivery";1000;"2020-09-12"
29218;"energy";"electricity";2300;2243;"2018-12-28";"2019-02-01";"";"";"";"Regensburg";"indelivery";1001;"2019-09-23"
29219;"energy";"electricity";2200;2274;"2019-09-08";"2020-02-01";"2020-03-31";"2020-02-29";"fristgerecht durch LichtBlick";"Essen";"terminated";1000;"2020-01-19"
29220;"energy";"gas";10400;11024;"2018-01-24";"2018-02-01";"2018-05-31";"2018-05-03";"fristgerecht durch LichtBlick";"Kiel";"terminated";2000;"2018-05-03"
29221;"energy";"electricity";2200;2365;"2019-10-18";"2020-03-01";"";"";"";"Marienberg";"indelivery";1001;"2020-08-07"
29222;"energy";"electricity";2200;2137;"2019-09-11";"2019-12-01";"";"";"";"Düsseldorf";"indelivery";1002;"2020-07-29"
29223;"energy";"electricity";2800;2840;"2019-07-24";"2019-08-01";"2020-08-31";"2020-08-02";"fristgerecht durch LichtBlick";"Hamburg";"terminated";1002;"2020-08-02"
29224;"energy";"gas";9900;9810;"2020-04-05";"2020-12-01";"";"";"";"Osnabrück";"active";2001;"2020-05-17"
29225;"energy";"electricity";2100;2230;"2018-08-15";"2018-09-01";"";"";"";"Leipzig";"indelivery";1002;"2020-08-26"
29226;"energy";"electricity";2900;2879;"2018-08-22";"2019-09-01";"";"";"";"Gießen";"indelivery";1001;"2019-02-22"
29227;"energy";"electricity";2000;"";"2020-06-03";"2020-08-01";"";"";"";"Cologne";"indelivery";1002;"2020-09-01"
29228;"energy";"electricity";2100;2087;"2019-03-03";"2019-07-01";"";"";"";"Wuppertal";"indelivery";1000;"2020-05-02"
29229;"energy";"electricity";2400;2556;"2019-06-10";"2019-09-01";"2020-02-29";"2020-02-01";"fristgerecht durch Kunde";"Berlin";"terminated";1002;"2020-02-01"
29230;"energy";"electricity";2400;2490;"2018-11-26";"2019-01-01";"";"";"";"Bad Hersfeld";"indelivery";1000;"2019-02-14"
29231;"energy";"electricity";2200;2303;"2020-01-05";"2020-08-01";"";"";"";"Berlin";"indelivery";1001;"2020-01-18"
29232;"energy";"electricity";2600;2553;"2019-09-18";"2020-01-01";"";"";"";"Hamburg";"indelivery";1001;"2020-07-19"
29233;"energy";"electricity";2800;2696;"2019-01-15";"2019-02-01";"2019-02-01";"2020-02-29";"Wiederruf";"Cologne";"terminated";1001;"2019-05-02"
29234;"energy";"electricity";2700;2634;"2020-05-14";"2020-10-01";"";"";"";"Cologne";"indelivery";1002;"2020-06-30"
29235;"energy";"gas";11000;10801;"2020-05-06";"2020-07-01";"2020-12-31";"2020-11-30";"Umzug";"Freiburg";"cancelled";2000;"2020-09-28"
29236;"energy";"gas";8400;8304;"2019-12-12";"2020-02-01";"";"";"";"Saarbrücken";"indelivery";2001;"2020-06-20"
29237;"energy";"electricity";2400;2312;"2020-09-12";"2021-02-01";"";"";"";"Rosenheim";"active";1000;"2020-09-22"
29238;"energy";"electricity";2800;2773;"2019-04-14";"2019-06-01";"";"";"";"Bielefeld";"indelivery";1000;"2020-03-31"
29239;"energy";"electricity";2400;2352;"2019-08-17";"2020-08-01";"";"";"";"Hamburg";"indelivery";1002;"2020-04-29"
29240;"energy";"gas";10200;10297;"2020-05-20";"2020-08-01";"";"";"";"Essen";"indelivery";2000;"2020-05-28"
29241;"energy";"electricity";2000;2002;"2018-10-13";"2019-01-01";"";"";"";"Berlin";"indelivery";1001;"2019-09-15"
29242;"energy";"electricity";2100;2009;"2019-12-19";"2020-02-01";"";"";"";"Hamburg";"indelivery";1000;"2020-01-11"
29243;"energy";"electricity";2900;"";"2018-08-16";"2018-11-01";"";"";"";"Ulm";"indelivery";1002;"2019-09-03"
29244;"energy";"electricity";2800;2926;"2019-02-02";"2019-05-01";"2020-12-31";"2020-12-03";"Umzug";"Hofeck";"cancelled";1000;"2020-06-09"
29245;"energy";"gas";8200;8458;"2020-02-06";"2020-05-01";"";"";"";"Bonn";"indelivery";2001;"2020-08-07"
29246;"energy";"electricity";2700;"";"2019-11-20";"2020-06-01";"";"";"";"Dortmund";"indelivery";1002;"2020-09-25"
29247;"energy";"electricity";2800;2847;"2019-01-16";"2019-05-01";"";"";"";"Braunschweig";"indelivery";1002;"2020-03-29"
29248;"energy";"electricity";2500;"";"2020-07-11";"2021-02-01";"";"";"";"Cologne";"active";1001;"2020-08-12"
29249;"energy";"electricity";2000;1995;"2020-01-26";"2020-06-01";"";"";"";"Berlin";"indelivery";1000;"2020-09-16"
29250;"energy";"electricity";2600;2629;"2020-04-18";"2020-07-01";"";"";"";"Berlin";"indelivery";1001;"2020-08-01"
29251;"energy";"electricity";2600;2571;"2020-08-28";"2021-03-01";"";"";"";"Ulm";"active";1001;"2020-09-05"
29252;"energy";"electricity";2200;2308;"2019-02-19";"2019-04-01";"";"";"";"Hamburg";"indelivery";1002;"2019-04-09"
29253;"energy";"electricity";2500;2662;"2018-07-23";"2018-12-01";"";"";"";"Altchemnitz";"indelivery";1002;"2018-09-21"
29254;"energy";"electricity";2100;1993;"2018-06-14";"2019-09-01";"2019-09-01";"2020-04-02";"Wiederruf";"Bremerhaven";"terminated";1002;"2019-01-19"
29255;"energy";"electricity";2900;2866;"2018-09-26";"2019-06-01";"";"";"";"Gießen";"indelivery";1000;"2018-11-20"
29256;"energy";"electricity";2100;2082;"2018-05-03";"2018-07-01";"2020-03-31";"2020-03-03";"fristgerecht durch Kunde";"Berlin";"terminated";1001;"2020-03-03"
29257;"energy";"electricity";2400;2498;"2019-03-02";"2019-05-01";"2019-05-01";"2020-01-01";"Wiederruf";"Munich";"terminated";1000;"2019-05-11"
29258;"energy";"gas";11700;11884;"2019-02-05";"2019-03-01";"2019-03-01";"2019-04-02";"Wiederruf";"Ingolstadt";"terminated";2000;"2019-04-02"
29259;"energy";"electricity";2100;2088;"2018-12-06";"2019-03-01";"";"";"";"Mannheim";"indelivery";1000;"2020-04-06"
29260;"energy";"electricity";2300;2203;"2019-07-18";"2019-11-01";"2020-04-30";"2020-03-31";"fristgerecht durch LichtBlick";"Bonn";"terminated";1000;"2019-12-14"
29261;"energy";"electricity";2600;2758;"2018-09-19";"2019-07-01";"";"";"";"Karlsruhe";"indelivery";1000;"2020-06-11"
29262;"energy";"electricity";2200;"";"2019-12-31";"2020-09-01";"";"";"";"Forchheim";"indelivery";1001;"2020-08-31"
29263;"energy";"electricity";2200;2153;"2019-10-28";"2019-12-01";"";"";"";"Cologne";"indelivery";1001;"2020-07-22"
29264;"energy";"electricity";2600;2540;"2018-05-17";"2018-06-01";"";"";"";"Berlin";"indelivery";1001;"2019-12-18"
29265;"energy";"electricity";2800;2818;"2019-05-05";"2019-10-01";"2020-06-30";"2020-06-02";"Umzug";"Köthen";"terminated";1000;"2020-03-14"
29266;"energy";"electricity";2300;2421;"2020-03-31";"2020-04-01";"";"";"";"Bremerhaven";"indelivery";1002;"2020-07-11"
29267;"energy";"electricity";2400;2516;"2019-11-12";"2020-11-01";"";"";"";"Marienberg";"active";1000;"2020-08-15"
29268;"energy";"electricity";2700;2786;"2019-09-04";"2019-11-01";"";"";"";"Wilhelmshaven";"indelivery";1001;"2020-03-31"
29269;"energy";"gas";9000;8701;"2019-01-27";"2019-06-01";"";"";"";"Essen";"indelivery";2000;"2020-04-14"
29270;"energy";"gas";11200;11401;"2019-01-13";"2019-02-01";"";"";"";"Potsdam";"indelivery";2001;"2019-01-25"
29271;"energy";"electricity";2200;2193;"2018-04-04";"2018-10-01";"";"";"";"Berlin";"indelivery";1001;"2020-02-17"
29272;"energy";"electricity";2100;2002;"2018-10-02";"2019-03-01";"";"";"";"Berlin";"indelivery";1000;"2020-05-01"
29273;"energy";"electricity";3000;2945;"2018-01-09";"2018-04-01";"";"";"";"Duisburg";"indelivery";1001;"2020-04-16"
29274;"energy";"electricity";2900;2960;"2019-04-20";"2019-08-01";"";"";"";"Kassel";"indelivery";1001;"2020-05-31"
29275;"energy";"electricity";2700;2752;"2018-06-10";"2019-09-01";"";"";"";"Berlin";"indelivery";1002;"2018-10-27"
29276;"energy";"electricity";3000;2877;"2018-12-06";"2019-04-01";"2020-02-29";"2020-01-31";"fristgerecht durch Kunde";"Berlin";"terminated";1000;"2019-05-15"
29277;"energy";"electricity";2300;2227;"2019-09-15";"2020-03-01";"";"";"";"Meschede";"indelivery";1000;"2020-08-27"
29278;"energy";"electricity";2100;2226;"2018-05-17";"2018-10-01";"";"";"";"Munich";"indelivery";1001;"2019-01-11"
29279;"energy";"electricity";2500;2585;"2018-04-26";"2018-05-01";"";"";"";"Düsseldorf";"indelivery";1001;"2019-10-24"
29280;"energy";"electricity";2600;2583;"2018-11-16";"2019-05-01";"";"";"";"Düsseldorf";"indelivery";1000;"2019-06-25"
29281;"energy";"electricity";2500;2578;"2018-03-10";"2018-05-01";"2018-05-01";"2020-09-25";"Wiederruf";"Dortmund";"terminated";1001;"2019-08-14"
29282;"energy";"electricity";2600;2723;"2018-12-20";"2019-09-01";"2020-10-31";"2020-10-02";"fristgerecht durch Kunde";"Berlin";"cancelled";1001;"2019-05-15"
29283;"energy";"electricity";2700;2612;"2020-08-29";"2020-12-01";"";"";"";"Emden";"active";1002;"2020-09-18"
29284;"energy";"electricity";2800;2977;"2020-08-16";"2020-10-01";"";"";"";"Berlin";"indelivery";1001;"2020-08-24"
29285;"energy";"electricity";2600;2527;"2019-05-25";"2019-10-01";"2019-12-31";"2019-11-28";"Umzug";"Mainz";"terminated";1001;"2019-11-28"
29286;"energy";"electricity";2300;2456;"2018-06-11";"2018-07-01";"2018-07-01";"2019-01-31";"Wiederruf";"Magdeburg";"terminated";1001;"2019-01-31"
29287;"energy";"electricity";2100;2068;"2020-08-09";"2020-10-01";"";"";"";"Bremen";"indelivery";1000;"2020-08-21"
29288;"energy";"electricity";3000;2920;"2019-09-19";"2019-11-01";"2020-03-31";"2020-03-03";"fristgerecht durch LichtBlick";"Hannover";"terminated";1000;"2020-03-03"
29289;"energy";"gas";8000;8405;"2018-07-05";"2018-11-01";"";"";"";"Gera";"indelivery";2001;"2020-07-17"
29290;"energy";"electricity";2300;2480;"2018-03-29";"2018-04-01";"";"";"";"Berlin";"indelivery";1000;"2019-09-22"
29291;"energy";"electricity";2200;2255;"2020-03-24";"2021-01-01";"";"";"";"Berlin";"active";1002;"2020-07-01"
29292;"energy";"electricity";2700;2716;"2018-08-28";"2019-03-01";"";"";"";"Berlin";"indelivery";1001;"2018-11-29"
29293;"energy";"electricity";2500;2659;"2018-09-14";"2018-10-01";"";"";"";"Potsdam";"indelivery";1002;"2019-09-28"
29294;"energy";"electricity";2100;2088;"2019-04-05";"2019-05-01";"";"";"";"Munich";"indelivery";1002;"2020-03-20"
29295;"energy";"electricity";2500;2559;"2020-06-24";"2020-08-01";"";"";"";"Bremerhaven";"indelivery";1001;"2020-07-15"
29296;"energy";"electricity";2500;2633;"2019-02-06";"2019-09-01";"";"";"";"Frankfurt";"indelivery";1000;"2020-09-12"
29297;"energy";"electricity";1900;2003;"2020-06-11";"2020-07-01";"";"";"";"Cologne";"indelivery";1002;"2020-09-19"
29298;"energy";"electricity";2700;"";"2019-05-28";"2019-06-01";"";"";"";"Cologne";"indelivery";1000;"2019-11-01"
29299;"energy";"electricity";2800;2842;"2018-06-24";"2018-10-01";"2019-04-30";"2019-04-01";"fristgerecht durch LichtBlick";"Mainz";"terminated";1002;"2019-04-01"
29300;"energy";"gas";9100;9387;"2019-05-24";"2019-09-01";"";"";"";"Apolda";"indelivery";2000;"2020-04-21"
29301;"energy";"electricity";2600;2566;"2018-09-26";"2018-11-01";"";"";"";"Würzburg";"indelivery";1000;"2020-04-08"
29302;"energy";"electricity";2800;2754;"2018-10-25";"2019-03-01";"2019-06-30";"2019-06-01";"Umzug";"Hannover";"terminated";1001;"2018-12-25"
29303;"energy";"electricity";2300;2227;"2018-01-15";"2018-06-01";"";"";"";"Hamburg";"indelivery";1000;"2020-04-13"
29304;"energy";"electricity";2400;2431;"2019-06-30";"2019-08-01";"";"";"";"Dresden";"indelivery";1000;"2020-02-28"
29305;"energy";"electricity";2900;3093;"2018-06-23";"2018-08-01";"2019-06-30";"2019-05-31";"fristgerecht durch LichtBlick";"Berlin";"terminated";1002;"2018-12-19"
29306;"energy";"electricity";2700;2869;"2018-07-06";"2018-12-01";"";"";"";"Cologne";"indelivery";1001;"2019-05-17"
29307;"energy";"gas";11700;12340;"2019-10-14";"2019-12-01";"2020-02-29";"2020-01-31";"fristgerecht durch LichtBlick";"Hamburg";"terminated";2001;"2020-01-31"
29308;"energy";"electricity";2300;2243;"2020-03-10";"2020-12-01";"";"";"";"Münster";"active";1002;"2020-06-18"
29309;"energy";"electricity";2700;2705;"2019-05-16";"2019-07-01";"";"";"";"Altchemnitz";"indelivery";1001;"2020-07-15"
29310;"energy";"electricity";2100;1997;"2018-11-21";"2019-03-01";"";"";"";"Munich";"indelivery";1002;"2020-07-24"
29311;"energy";"gas";11700;11200;"2019-12-24";"2020-06-01";"";"";"";"Schleswig";"indelivery";2000;"2020-02-29"
29312;"energy";"electricity";2200;2312;"2019-06-29";"2019-12-01";"";"";"";"Osnabrück";"indelivery";1000;"2020-03-15"
29313;"energy";"electricity";2200;2230;"2019-04-13";"2019-10-01";"";"";"";"Freiburg";"indelivery";1002;"2019-06-08"
29314;"energy";"electricity";2300;2245;"2019-08-23";"2019-11-01";"";"";"";"Berlin";"indelivery";1002;"2020-03-24"
29315;"energy";"electricity";2800;2905;"2018-12-16";"2019-04-01";"";"";"";"Bielefeld";"indelivery";1001;"2020-02-11"
29316;"energy";"electricity";1900;1989;"2019-08-04";"2019-11-01";"";"";"";"Berlin";"indelivery";1000;"2020-03-22"
29317;"energy";"electricity";2200;2208;"2018-01-25";"2018-02-01";"";"";"";"Berlin";"indelivery";1002;"2019-04-27"
29318;"energy";"electricity";3000;2938;"2018-03-19";"2018-04-01";"";"";"";"Bielefeld";"indelivery";1002;"2018-06-10"
29319;"energy";"gas";9200;9812;"2019-11-14";"2019-12-01";"";"";"";"Frankfurt";"indelivery";2001;"2020-03-09"
29320;"energy";"electricity";2900;2765;"2019-10-10";"2020-01-01";"";"";"";"Düsseldorf";"indelivery";1001;"2020-05-07"
29321;"energy";"electricity";2300;2314;"2019-09-08";"2020-01-01";"";"";"";"Hamburg";"indelivery";1000;"2019-11-26"
29322;"energy";"electricity";2600;2735;"2020-05-09";"2020-07-01";"";"";"";"Stuttgart";"indelivery";1002;"2020-09-21"
29323;"energy";"electricity";2900;2809;"2018-03-13";"2018-06-01";"2019-09-30";"2019-08-30";"Umzug";"Hannover";"terminated";1001;"2019-08-30"
29324;"energy";"electricity";2900;2740;"2019-03-21";"2019-04-01";"2020-11-30";"2020-10-31";"Umzug";"Karlsruhe";"cancelled";1001;"2019-08-18"
29325;"energy";"electricity";2600;2703;"2020-07-30";"2020-10-01";"";"";"";"Berlin";"indelivery";1002;"2020-09-06"
29326;"energy";"electricity";2200;2141;"2020-05-24";"2020-09-01";"";"";"";"Munich";"indelivery";1001;"2020-08-02"
29327;"energy";"electricity";2300;2385;"2018-04-17";"2018-08-01";"2019-10-31";"2019-09-27";"Umzug";"Dortmund";"terminated";1000;"2019-09-27"
29328;"energy";"electricity";2400;2416;"2019-03-22";"2019-05-01";"2019-10-31";"2019-09-30";"Umzug";"Karlsruhe";"terminated";1001;"2019-09-30"
29329;"energy";"electricity";2700;2853;"2020-03-05";"2020-10-01";"";"";"";"Oldenburg";"indelivery";1001;"2020-09-01"
29330;"energy";"electricity";2500;2442;"2018-03-19";"2018-11-01";"";"";"";"Munich";"indelivery";1001;"2018-05-06"
29331;"energy";"gas";8000;"";"2018-09-21";"2019-03-01";"";"";"";"Cologne";"indelivery";2000;"2019-09-05"
29332;"energy";"electricity";2500;2527;"2020-01-19";"2020-04-01";"";"";"";"Oldenburg";"indelivery";1001;"2020-05-16"
29333;"energy";"electricity";2200;2233;"2019-04-02";"2019-07-01";"";"";"";"Wiesbaden";"indelivery";1000;"2019-12-03"
29334;"energy";"electricity";2300;2334;"2019-03-01";"2019-03-01";"2020-10-31";"2020-09-27";"fristgerecht durch Kunde";"Saarbrücken";"cancelled";1002;"2019-06-04"
29335;"energy";"electricity";2800;"";"2018-05-24";"2018-06-01";"";"";"";"Kassel";"indelivery";1001;"2019-12-18"
29336;"energy";"electricity";2700;2827;"2019-09-28";"2020-11-01";"";"";"";"Duisburg";"active";1000;"2019-12-27"
29337;"energy";"electricity";2300;2212;"2019-08-01";"2020-02-01";"";"";"";"Frankfurt";"indelivery";1002;"2019-10-05"
29338;"energy";"electricity";2400;2464;"2018-02-07";"2018-06-01";"2019-03-31";"2019-02-28";"fristgerecht durch Kunde";"Hamburg";"terminated";1001;"2019-02-28"
29339;"energy";"electricity";2700;2638;"2019-07-08";"2020-01-01";"2020-07-31";"2020-06-23";"fristgerecht durch Kunde";"Augsburg";"terminated";1002;"2020-02-28"
29340;"energy";"gas";9500;9045;"2019-03-26";"2019-08-01";"";"";"";"Düsseldorf";"indelivery";2001;"2019-09-19"
29341;"energy";"electricity";1900;2058;"2018-01-05";"2018-06-01";"2019-10-31";"2019-10-02";"fristgerecht durch Kunde";"Munich";"terminated";1002;"2018-01-29"
29342;"energy";"gas";9000;9050;"2018-11-16";"2019-01-01";"2019-04-30";"2019-04-01";"Umzug";"Munich";"terminated";2000;"2019-02-04"
29343;"energy";"electricity";2000;2118;"2019-10-05";"2020-03-01";"";"";"";"Frankfurt";"indelivery";1002;"2020-09-03"
29344;"energy";"electricity";2600;2550;"2019-09-06";"2019-11-01";"2020-11-30";"2020-11-01";"Umzug";"Frankfurt";"cancelled";1001;"2020-07-30"
29345;"energy";"electricity";2000;2118;"2018-11-23";"2019-09-01";"";"";"";"Berlin";"indelivery";1002;"2019-04-27"
29346;"energy";"electricity";2800;2976;"2019-03-11";"2019-05-01";"2019-09-30";"2019-09-02";"fristgerecht durch Kunde";"Lübeck";"terminated";1000;"2019-09-02"
29347;"energy";"gas";9100;9329;"2018-09-22";"2019-04-01";"";"";"";"Leipzig";"indelivery";2001;"2019-02-20"
29348;"energy";"electricity";2700;2780;"2020-09-08";"2021-02-01";"";"";"";"Kassel";"active";1001;"2020-09-21"
29349;"energy";"electricity";2600;2566;"2019-07-24";"2020-04-01";"";"";"";"Frankfurt";"indelivery";1001;"2019-08-03"
29350;"energy";"electricity";2700;2732;"2019-12-08";"2020-02-01";"";"";"";"Essen";"indelivery";1001;"2019-12-27"
29351;"energy";"electricity";2700;2710;"2020-08-10";"2021-02-01";"";"";"";"Munich";"active";1002;"2020-08-20"
29352;"energy";"electricity";2500;2516;"2019-12-18";"2020-02-01";"";"";"";"Stuttgart";"indelivery";1000;"2020-05-24"
29353;"energy";"electricity";2600;2638;"2019-02-16";"2019-04-01";"";"";"";"Hamburg";"indelivery";1000;"2019-08-29"
29354;"energy";"electricity";2700;2751;"2018-10-03";"2019-01-01";"2020-10-31";"2020-09-23";"fristgerecht durch Kunde";"Stuttgart";"cancelled";1001;"2019-05-10"
29355;"energy";"electricity";3000;3129;"2018-07-27";"2018-09-01";"";"";"";"Bielefeld";"indelivery";1002;"2018-08-10"
29356;"energy";"electricity";2300;2314;"2019-02-15";"2019-04-01";"2019-04-01";"2019-06-01";"Wiederruf";"Bonn";"terminated";1001;"2019-06-01"
29357;"energy";"gas";10300;10095;"2018-08-12";"2019-01-01";"2019-03-31";"2019-03-01";"fristgerecht durch Kunde";"Künzelsau";"terminated";2001;"2019-03-01"
29358;"energy";"electricity";2000;1962;"2019-10-16";"2020-04-01";"";"";"";"Marienberg";"indelivery";1000;"2020-04-11"
29359;"energy";"electricity";2700;2599;"2019-09-17";"2019-12-01";"";"";"";"Bonn";"indelivery";1001;"2020-07-31"
29360;"energy";"gas";11500;11181;"2019-09-18";"2019-10-01";"2019-10-01";"2020-09-01";"Wiederruf";"Coburg";"terminated";2000;"2020-05-17"
29361;"energy";"electricity";2800;2844;"2018-07-03";"2019-05-01";"";"";"";"Düsseldorf";"indelivery";1000;"2019-01-30"
29362;"energy";"electricity";2300;2350;"2018-01-12";"2018-02-01";"";"";"";"Dresden";"indelivery";1002;"2020-08-09"
29363;"energy";"electricity";1900;1899;"2020-08-08";"2020-11-01";"";"";"";"Berlin";"active";1000;"2020-09-05"
29364;"energy";"electricity";2900;3061;"2020-04-19";"2020-06-01";"";"";"";"Hamburg";"indelivery";1000;"2020-09-05"
29365;"energy";"electricity";2100;2193;"2019-08-04";"2019-10-01";"";"";"";"Wittlich";"indelivery";1001;"2020-03-26"
29366;"energy";"electricity";2200;2193;"2018-04-23";"2018-08-01";"";"";"";"Ratzeburg";"indelivery";1002;"2020-02-27"
29367;"energy";"electricity";1900;1850;"2020-06-10";"2020-12-01";"";"";"";"Stuttgart";"active";1001;"2020-06-25"
29368;"energy";"electricity";2400;"";"2020-01-19";"2020-03-01";"";"";"";"Berlin";"indelivery";1000;"2020-04-28"
29369;"energy";"electricity";2600;2749;"2019-06-24";"2019-07-01";"";"";"";"Hamburg";"indelivery";1000;"2020-05-08"
29370;"energy";"electricity";2000;1968;"2018-01-27";"2018-04-01";"";"";"";"Berlin";"indelivery";1000;"2018-07-28"
29371;"energy";"electricity";2200;2187;"2020-07-10";"2021-02-01";"";"";"";"Frankfurt";"active";1002;"2020-08-30"
29372;"energy";"electricity";1900;1922;"2020-08-31";"2021-02-01";"";"";"";"Cologne";"active";1002;"2020-09-26"
29373;"energy";"electricity";2500;2489;"2019-07-31";"2019-11-01";"";"";"";"Karlsruhe";"indelivery";1000;"2020-03-01"
29374;"energy";"electricity";2300;2252;"2019-10-13";"2020-03-01";"2020-10-31";"2020-10-01";"fristgerecht durch Kunde";"Cologne";"cancelled";1001;"2020-07-23"
29375;"energy";"electricity";2100;2183;"2020-04-09";"2020-11-01";"";"";"";"Cologne";"active";1000;"2020-05-02"
29376;"energy";"electricity";2700;2914;"2019-01-20";"2019-03-01";"";"";"";"Freiburg";"indelivery";1001;"2019-01-31"
29377;"energy";"gas";9500;9570;"2018-10-21";"2019-01-01";"";"";"";"Berlin";"indelivery";2001;"2019-08-24"
29378;"energy";"electricity";2500;2585;"2019-10-27";"2020-01-01";"";"";"";"Hamburg";"indelivery";1001;"2020-06-15"
29379;"energy";"electricity";2400;2422;"2018-03-17";"2018-09-01";"";"";"";"Berlin";"indelivery";1000;"2019-08-26"
29380;"energy";"electricity";2300;"";"2019-11-20";"2020-02-01";"";"";"";"Stuttgart";"indelivery";1000;"2020-05-14"
29381;"energy";"gas";9600;9815;"2020-05-10";"2020-10-01";"";"";"";"Munich";"indelivery";2001;"2020-09-12"
29382;"energy";"electricity";2400;"";"2020-09-02";"2020-10-01";"2020-10-01";"2020-11-28";"Wiederruf";"Hannover";"terminated";1002;"2020-09-08"
29383;"energy";"electricity";2300;2203;"2018-05-10";"2018-08-01";"2018-08-01";"2019-09-29";"Wiederruf";"Fürth";"terminated";1002;"2018-09-06"
29384;"energy";"electricity";2600;2513;"2019-07-08";"2020-01-01";"";"";"";"Potsdam";"indelivery";1001;"2020-07-29"
29385;"energy";"gas";10100;10780;"2019-05-03";"2019-12-01";"";"";"";"Wiesbaden";"indelivery";2001;"2020-06-25"
29386;"energy";"gas";8900;8966;"2018-02-10";"2018-09-01";"2020-10-31";"2020-09-28";"fristgerecht durch Kunde";"Bonn";"cancelled";2001;"2019-01-07"
29387;"energy";"electricity";2200;2168;"2019-08-04";"2019-12-01";"";"";"";"Münster";"indelivery";1001;"2019-10-13"
29388;"energy";"gas";9600;10031;"2020-03-01";"2020-10-01";"";"";"";"Potsdam";"indelivery";2001;"2020-03-21"
29389;"energy";"gas";9600;9452;"2018-05-14";"2018-07-01";"";"";"";"Regensburg";"indelivery";2000;"2019-07-06"
29390;"energy";"electricity";2300;2310;"2019-02-22";"2019-05-01";"";"";"";"Berlin";"indelivery";1000;"2019-07-06"
29391;"energy";"gas";9200;8940;"2019-04-21";"2019-06-01";"2019-06-01";"2019-08-03";"Wiederruf";"Regensburg";"terminated";2000;"2019-08-01"
29392;"energy";"electricity";2100;2067;"2018-09-11";"2019-01-01";"";"";"";"Berlin";"indelivery";1002;"2019-03-21"
29393;"energy";"electricity";2900;3129;"2020-08-17";"2020-09-01";"";"";"";"Freiburg";"indelivery";1001;"2020-09-23"
29394;"energy";"electricity";2100;2100;"2019-11-11";"2019-12-01";"";"";"";"Dortmund";"indelivery";1001;"2020-04-08"
29395;"energy";"electricity";2500;2661;"2020-06-15";"2020-07-01";"";"";"";"Cologne";"indelivery";1002;"2020-06-16"
29396;"energy";"electricity";2400;2562;"2018-05-30";"2018-09-01";"";"";"";"Berlin";"indelivery";1000;"2020-01-19"
29397;"energy";"electricity";2700;2729;"2020-08-12";"2021-06-01";"";"";"";"Dortmund";"active";1002;"2020-09-27"
29398;"energy";"electricity";2100;2247;"2018-09-17";"2019-03-01";"";"";"";"Berlin";"indelivery";1000;"2019-05-16"
29399;"energy";"electricity";2600;2725;"2018-01-26";"2018-07-01";"";"";"";"Osnabrück";"indelivery";1000;"2020-05-24"
29400;"energy";"electricity";2400;"";"2019-03-09";"2019-06-01";"2020-03-31";"2020-03-01";"fristgerecht durch Kunde";"Kassel";"terminated";1002;"2019-04-15"
29401;"energy";"electricity";2100;"";"2018-01-29";"2018-03-01";"2019-07-31";"2019-06-21";"fristgerecht durch Kunde";"Mannheim";"terminated";1002;"2018-11-18"
29402;"energy";"electricity";3000;2933;"2018-09-28";"2018-10-01";"";"";"";"Wuppertal";"indelivery";1002;"2019-10-11"
29403;"energy";"electricity";3000;3042;"2019-12-22";"2020-04-01";"";"";"";"Darmstadt";"indelivery";1002;"2020-03-13"
29404;"energy";"electricity";2200;2067;"2018-09-13";"2018-10-01";"";"";"";"Heidelberg";"indelivery";1000;"2020-08-28"
29405;"energy";"electricity";2700;2695;"2020-07-11";"2020-08-01";"";"";"";"Rostock";"indelivery";1002;"2020-07-31"
29406;"energy";"electricity";2400;2549;"2018-01-15";"2018-02-01";"";"";"";"Bad Neuenahr-Ahrweiler";"indelivery";1000;"2019-02-10"
29407;"energy";"electricity";2800;2794;"2018-12-24";"2019-02-01";"";"";"";"Leipzig";"indelivery";1000;"2019-08-04"
29408;"energy";"electricity";2100;2007;"2018-08-05";"2018-10-01";"2018-10-01";"2019-05-03";"Wiederruf";"Munich";"terminated";1002;"2019-05-03"
29409;"energy";"electricity";2300;2482;"2020-07-07";"2020-10-01";"";"";"";"Berlin";"indelivery";1002;"2020-08-30"
29410;"energy";"electricity";2400;2542;"2019-06-12";"2019-08-01";"";"";"";"Hofeck";"indelivery";1002;"2020-02-18"
29411;"energy";"electricity";2500;2615;"2020-06-19";"2021-02-01";"";"";"";"Gießen";"active";1000;"2020-06-22"
29412;"energy";"gas";10900;"";"2020-06-24";"2020-11-01";"";"";"";"Düsseldorf";"active";2001;"2020-06-30"
29413;"energy";"electricity";2000;2068;"2019-10-07";"2019-12-01";"";"";"";"Berlin";"indelivery";1000;"2020-02-25"
29414;"energy";"gas";11500;12323;"2018-01-01";"2018-03-01";"";"";"";"Berlin";"indelivery";2001;"2019-10-18"
29415;"energy";"electricity";2200;2322;"2018-07-19";"2019-07-01";"2020-11-30";"2020-10-29";"fristgerecht durch LichtBlick";"Saarbrücken";"cancelled";1001;"2020-09-24"
29416;"energy";"electricity";2600;2660;"2020-04-10";"2020-06-01";"";"";"";"Duisburg";"indelivery";1001;"2020-08-18"
29417;"energy";"gas";10000;9614;"2019-04-13";"2019-10-01";"2019-10-01";"2020-04-27";"Wiederruf";"Bielefeld";"terminated";2000;"2020-03-12"
29418;"energy";"electricity";2300;"";"2019-05-13";"2019-07-01";"2020-06-30";"2020-05-29";"fristgerecht durch Kunde";"Berlin";"terminated";1002;"2020-05-29"
29419;"energy";"electricity";2100;2184;"2018-06-22";"2018-08-01";"";"";"";"Kiel";"indelivery";1000;"2018-11-02"
29420;"energy";"electricity";2200;2167;"2019-10-10";"2020-01-01";"";"";"";"Altchemnitz";"indelivery";1002;"2019-12-26"
29421;"energy";"electricity";1900;1968;"2019-04-04";"2019-10-01";"2020-10-31";"2020-10-01";"fristgerecht durch LichtBlick";"Berlin";"cancelled";1000;"2020-08-19"
29422;"energy";"electricity";2300;2229;"2019-07-13";"2020-05-01";"";"";"";"Düsseldorf";"indelivery";1001;"2020-01-31"
29423;"energy";"electricity";2700;2807;"2019-07-17";"2019-08-01";"2020-12-31";"2020-12-03";"fristgerecht durch LichtBlick";"Stuttgart";"cancelled";1002;"2019-09-15"
29424;"energy";"electricity";2100;2287;"2018-06-21";"2019-02-01";"";"";"";"Naumburg";"indelivery";1000;"2020-07-27"
29425;"energy";"electricity";2100;2134;"2020-02-23";"2020-05-01";"2020-06-30";"2020-06-02";"fristgerecht durch LichtBlick";"Berlin";"terminated";1000;"2020-06-02"
29426;"energy";"gas";9900;9848;"2018-06-29";"2018-10-01";"";"";"";"Berlin";"indelivery";2000;"2018-12-16"
29427;"energy";"electricity";2600;"";"2020-03-17";"2020-09-01";"";"";"";"Berlin";"indelivery";1002;"2020-09-03"
29428;"energy";"gas";9900;10557;"2018-06-24";"2018-11-01";"";"";"";"Dresden";"indelivery";2000;"2019-06-04"
29429;"energy";"gas";10900;11403;"2018-07-21";"2019-04-01";"";"";"";"Cologne";"indelivery";2001;"2019-08-03"
29430;"energy";"electricity";2500;2623;"2020-03-12";"2020-06-01";"";"";"";"Oldenburg";"indelivery";1001;"2020-05-02"
29431;"energy";"gas";11400;11016;"2019-11-26";"2020-05-01";"";"";"";"Berlin";"indelivery";2000;"2020-04-05"
29432;"energy";"electricity";2500;2524;"2020-05-08";"2020-08-01";"";"";"";"Düsseldorf";"indelivery";1002;"2020-07-24"
29433;"energy";"electricity";2300;2273;"2018-06-24";"2018-08-01";"";"";"";"Leipzig";"indelivery";1000;"2019-06-22"
29434;"energy";"gas";10900;10684;"2018-10-02";"2018-12-01";"";"";"";"Saarbrücken";"indelivery";2001;"2020-06-09"
29435;"energy";"electricity";2100;2108;"2020-02-06";"2020-05-01";"2020-08-31";"2020-07-28";"fristgerecht durch Kunde";"Hannover";"terminated";1002;"2020-02-24"
29436;"energy";"electricity";2900;3047;"2018-02-14";"2018-08-01";"2019-10-31";"2019-10-03";"Umzug";"Bernburg";"terminated";1001;"2018-03-07"
29437;"energy";"electricity";2700;2708;"2020-08-08";"2020-11-01";"";"";"";"Wiesbaden";"active";1000;"2020-08-13"
29438;"energy";"electricity";2600;2511;"2019-04-18";"2019-07-01";"";"";"";"Koblenz";"indelivery";1001;"2020-06-18"
29439;"energy";"electricity";2100;2097;"2018-12-22";"2019-03-01";"";"";"";"Duisburg";"indelivery";1000;"2019-02-11"
29440;"energy";"electricity";2200;2253;"2019-07-18";"2019-09-01";"";"";"";"Bremen";"indelivery";1002;"2019-12-18"
29441;"energy";"electricity";2000;1975;"2019-11-12";"2020-06-01";"";"";"";"Berlin";"indelivery";1002;"2020-03-03"
29442;"energy";"electricity";2900;2995;"2018-04-27";"2018-06-01";"2019-02-28";"2019-01-25";"fristgerecht durch Kunde";"Bonn";"terminated";1002;"2019-01-25"
29443;"energy";"electricity";1900;1851;"2019-09-06";"2019-11-01";"";"";"";"Munich";"indelivery";1001;"2020-09-19"
29444;"energy";"electricity";2700;2838;"2019-02-01";"2019-04-01";"";"";"";"Berlin";"indelivery";1001;"2020-02-11"
29445;"energy";"electricity";2400;2441;"2018-02-16";"2018-09-01";"";"";"";"Berlin";"indelivery";1000;"2018-05-20"
29446;"energy";"electricity";2600;2500;"2018-04-16";"2018-06-01";"";"";"";"Erfurt";"indelivery";1002;"2020-04-07"
29447;"energy";"gas";10100;9683;"2019-01-18";"2019-06-01";"2019-06-01";"2019-08-01";"Wiederruf";"Duisburg";"terminated";2001;"2019-08-01"
29448;"energy";"electricity";2500;2500;"2020-02-22";"2020-08-01";"";"";"";"Wuppertal";"indelivery";1002;"2020-03-14"
29449;"energy";"electricity";2400;2474;"2019-01-06";"2019-09-01";"";"";"";"Bremen";"indelivery";1000;"2020-03-23"
29450;"energy";"electricity";2600;2828;"2018-08-04";"2018-11-01";"2020-11-30";"2020-10-30";"Umzug";"Munich";"cancelled";1002;"2019-02-03"
29451;"energy";"electricity";2700;2741;"2019-03-06";"2019-05-01";"2019-05-01";"2020-05-31";"Wiederruf";"Wiesbaden";"terminated";1001;"2019-11-17"
29452;"energy";"electricity";3000;3137;"2018-03-09";"2018-09-01";"";"";"";"Karlsruhe";"indelivery";1002;"2018-11-04"
29453;"energy";"electricity";2600;2615;"2019-06-12";"2019-07-01";"";"";"";"Siegburg";"indelivery";1002;"2019-08-08"
29454;"energy";"gas";11000;"";"2018-08-31";"2018-12-01";"2019-10-31";"2019-09-30";"fristgerecht durch LichtBlick";"Dortmund";"terminated";2001;"2019-05-10"
29455;"energy";"electricity";2400;2511;"2019-03-04";"2019-04-01";"";"";"";"Mainz";"indelivery";1001;"2019-12-30"
29456;"energy";"gas";10200;"";"2020-07-13";"2020-09-01";"";"";"";"Hannover";"indelivery";2000;"2020-08-25"
29457;"energy";"electricity";2800;2814;"2019-07-30";"2019-08-01";"";"";"";"Kiel";"indelivery";1000;"2020-04-01"
29458;"energy";"electricity";2000;1982;"2020-04-28";"2020-08-01";"";"";"";"Braunschweig";"indelivery";1002;"2020-05-01"
29459;"energy";"electricity";2100;2181;"2018-08-01";"2018-10-01";"";"";"";"Pforzheim";"indelivery";1001;"2018-12-07"
29460;"energy";"electricity";2800;2811;"2018-01-22";"2018-03-01";"2020-11-30";"2020-11-01";"Umzug";"Erfurt";"cancelled";1001;"2020-04-27"
29461;"energy";"gas";8200;8581;"2019-09-04";"2019-10-01";"";"";"";"Stuttgart";"indelivery";2000;"2020-05-09"
29462;"energy";"electricity";2000;2159;"2020-01-15";"2020-12-01";"";"";"";"Berlin";"active";1000;"2020-08-12"
29463;"energy";"electricity";2400;2422;"2019-03-20";"2019-04-01";"";"";"";"Berlin";"indelivery";1000;"2019-09-29"
29464;"energy";"electricity";2400;2424;"2019-05-27";"2019-07-01";"";"";"";"Bonn";"indelivery";1002;"2020-01-31"
29465;"energy";"electricity";2300;2243;"2020-04-23";"2020-06-01";"";"";"";"Bremerhaven";"indelivery";1002;"2020-08-13"
29466;"energy";"electricity";2300;2370;"2019-01-22";"2019-03-01";"";"";"";"Dortmund";"indelivery";1001;"2019-12-08"
29467;"energy";"gas";8100;8018;"2019-04-19";"2019-05-01";"";"";"";"Munich";"indelivery";2000;"2020-06-23"
29468;"energy";"electricity";2500;2539;"2019-02-17";"2019-04-01";"";"";"";"Berlin";"indelivery";1001;"2020-02-26"
29469;"energy";"electricity";2400;2505;"2018-11-11";"2019-02-01";"2019-07-31";"2019-06-29";"Umzug";"Osnabrück";"terminated";1002;"2019-06-29"
29470;"energy";"electricity";2600;2576;"2020-02-24";"2021-01-01";"";"";"";"Bielefeld";"active";1001;"2020-06-29"
29471;"energy";"electricity";2800;2962;"2019-05-13";"2019-07-01";"";"";"";"Frankfurt";"indelivery";1001;"2020-09-01"
29472;"energy";"electricity";2000;2078;"2018-10-28";"2019-01-01";"";"";"";"Koblenz";"indelivery";1000;"2019-12-30"
29473;"energy";"electricity";2500;2714;"2018-02-06";"2018-07-01";"";"";"";"Essen";"indelivery";1001;"2018-12-23"
29474;"energy";"electricity";2400;2505;"2020-08-28";"2020-12-01";"";"";"";"Altchemnitz";"active";1000;"2020-09-02"
29475;"energy";"electricity";2100;2008;"2019-12-11";"2020-06-01";"";"";"";"Berlin";"indelivery";1000;"2020-07-04"
29476;"energy";"electricity";2400;"";"2019-07-08";"2019-08-01";"";"";"";"Hamburg";"indelivery";1002;"2020-03-15"
29477;"energy";"electricity";2600;2631;"2019-06-30";"2019-09-01";"";"";"";"Itzehoe";"indelivery";1000;"2019-07-20"
29478;"energy";"electricity";2900;2767;"2020-07-25";"2020-09-01";"";"";"";"Heidelberg";"indelivery";1000;"2020-08-22"
29479;"energy";"electricity";2100;2049;"2020-09-13";"2021-01-01";"";"";"";"Marienberg";"active";1001;"2020-09-15"
29480;"energy";"electricity";2100;1963;"2020-09-07";"2020-10-01";"2020-12-31";"2020-11-26";"Umzug";"Munich";"cancelled";1002;"2020-09-12"
29481;"energy";"electricity";2900;3052;"2019-08-26";"2019-12-01";"";"";"";"Berlin";"indelivery";1002;"2020-07-27"
29482;"energy";"electricity";2700;2684;"2020-08-06";"2020-10-01";"";"";"";"Flensburg";"indelivery";1001;"2020-08-17"
29483;"energy";"electricity";2600;2540;"2018-09-06";"2018-10-01";"";"";"";"Mannheim";"indelivery";1000;"2019-07-17"
29484;"energy";"electricity";2300;2251;"2018-01-26";"2018-07-01";"";"";"";"Berlin";"indelivery";1000;"2020-07-15"
29485;"energy";"electricity";2700;"";"2020-03-06";"2020-09-01";"";"";"";"Cologne";"indelivery";1000;"2020-05-19"
29486;"energy";"electricity";2100;"";"2019-07-22";"2020-03-01";"2020-10-31";"2020-09-25";"fristgerecht durch Kunde";"Rostock";"cancelled";1002;"2020-09-17"
29487;"energy";"electricity";2200;2292;"2020-04-14";"2020-06-01";"";"";"";"Cologne";"indelivery";1000;"2020-09-14"
29488;"energy";"electricity";2100;2206;"2018-02-19";"2018-03-01";"";"";"";"Wiesbaden";"indelivery";1000;"2019-08-07"
29489;"energy";"electricity";2200;2353;"2019-04-28";"2019-06-01";"";"";"";"Marienberg";"indelivery";1001;"2020-08-09"
29490;"energy";"electricity";2100;2199;"2019-09-06";"2019-12-01";"";"";"";"Kiel";"indelivery";1001;"2019-12-24"
29491;"energy";"electricity";2200;2350;"2019-01-05";"2019-03-01";"";"";"";"Munich";"indelivery";1001;"2020-07-09"
29492;"energy";"electricity";2600;2535;"2019-02-13";"2019-04-01";"";"";"";"Cologne";"indelivery";1002;"2020-05-25"
29493;"energy";"electricity";2900;3084;"2018-05-26";"2018-11-01";"";"";"";"Bremen";"indelivery";1002;"2018-12-19"
29494;"energy";"electricity";2300;2387;"2018-03-15";"2019-03-01";"";"";"";"Hamburg";"indelivery";1002;"2018-04-07"
29495;"energy";"electricity";2000;1994;"2019-05-09";"2019-06-01";"";"";"";"Gera";"indelivery";1001;"2020-09-19"
29496;"energy";"electricity";2200;2214;"2018-11-02";"2019-01-01";"";"";"";"Rendsburg";"indelivery";1000;"2020-05-25"
29497;"energy";"electricity";2200;2123;"2019-01-16";"2019-06-01";"2020-11-30";"2020-10-31";"Umzug";"Karlsruhe";"cancelled";1001;"2020-03-30"
29498;"energy";"gas";10800;10411;"2018-09-24";"2019-03-01";"";"";"";"Schwabach";"indelivery";2001;"2020-05-04"
29499;"energy";"electricity";2700;2552;"2019-08-12";"2019-11-01";"";"";"";"Dortmund";"indelivery";1000;"2020-06-21"
29500;"energy";"electricity";2900;3111;"2020-05-15";"2020-08-01";"";"";"";"Münster";"indelivery";1000;"2020-06-22"
29501;"energy";"electricity";2200;2174;"2018-12-26";"2019-05-01";"";"";"";"Hannover";"indelivery";1000;"2019-12-04"
29502;"energy";"gas";8700;8851;"2020-06-02";"2020-09-01";"";"";"";"Oldenburg";"indelivery";2001;"2020-06-13"
29503;"energy";"electricity";2600;2541;"2018-07-05";"2018-10-01";"";"";"";"Mannheim";"indelivery";1001;"2019-11-25"
29504;"energy";"electricity";3000;2896;"2020-07-22";"2020-08-01";"";"";"";"Hannover";"indelivery";1001;"2020-09-05"
29505;"energy";"electricity";2300;2470;"2019-06-09";"2019-10-01";"";"";"";"Wuppertal";"indelivery";1000;"2020-04-18"
29506;"energy";"electricity";2600;2571;"2018-01-22";"2018-03-01";"2018-03-01";"2020-11-01";"Wiederruf";"Lübeck";"terminated";1000;"2019-04-19"
29507;"energy";"electricity";2700;"";"2020-03-20";"2021-06-01";"";"";"";"Düsseldorf";"active";1000;"2020-09-30"
29508;"energy";"electricity";2800;2812;"2019-05-03";"2019-08-01";"";"";"";"Magdeburg";"indelivery";1001;"2019-10-09"
29509;"energy";"electricity";2100;2044;"2018-04-15";"2018-09-01";"";"";"";"Ingolstadt";"indelivery";1002;"2019-06-08"
29510;"energy";"electricity";2900;3020;"2019-12-12";"2020-02-01";"";"";"";"Marienberg";"indelivery";1001;"2020-05-20"
29511;"energy";"gas";10500;10368;"2020-02-20";"2020-08-01";"";"";"";"Altenburg";"indelivery";2000;"2020-07-21"
29512;"energy";"gas";8200;8511;"2019-05-04";"2019-07-01";"";"";"";"Cologne";"indelivery";2001;"2020-08-27"
29513;"energy";"gas";10900;11145;"2019-10-28";"2020-02-01";"2020-06-30";"2020-05-29";"fristgerecht durch LichtBlick";"Berlin";"terminated";2001;"2020-05-29"
29514;"energy";"electricity";1900;1893;"2019-12-04";"2020-04-01";"";"";"";"Munich";"indelivery";1001;"2020-02-08"
29515;"energy";"electricity";2700;2656;"2019-04-22";"2020-01-01";"2020-01-01";"2020-10-02";"Wiederruf";"Leipzig";"terminated";1000;"2019-05-18"
29516;"energy";"electricity";2100;2066;"2018-03-28";"2018-06-01";"";"";"";"Erfurt";"indelivery";1002;"2020-03-18"
29517;"energy";"electricity";2100;2141;"2020-02-07";"2020-03-01";"";"";"";"Dortmund";"indelivery";1001;"2020-04-17"
29518;"energy";"electricity";2500;2657;"2018-07-27";"2018-09-01";"";"";"";"Hamburg";"indelivery";1000;"2018-10-17"
29519;"energy";"electricity";2300;2399;"2018-10-26";"2019-03-01";"2019-05-31";"2019-05-02";"fristgerecht durch Kunde";"Altchemnitz";"terminated";1001;"2019-05-02"
29520;"energy";"electricity";2700;2842;"2018-03-16";"2018-05-01";"";"";"";"Hannover";"indelivery";1002;"2019-12-24"
29521;"energy";"gas";9400;8970;"2019-05-24";"2019-08-01";"";"";"";"Bremen";"indelivery";2001;"2019-12-28"
29522;"energy";"electricity";2100;2072;"2020-07-14";"2021-08-01";"";"";"";"Eichstätt";"active";1000;"2020-08-28"
29523;"energy";"electricity";2000;"";"2019-12-09";"2020-02-01";"";"";"";"Marienberg";"indelivery";1000;"2020-03-27"
29524;"energy";"electricity";2300;2153;"2019-07-11";"2020-05-01";"";"";"";"Berlin";"indelivery";1001;"2020-09-17"
29525;"energy";"electricity";1900;1865;"2020-06-16";"2020-08-01";"";"";"";"Stuttgart";"indelivery";1002;"2020-07-26"
29526;"energy";"electricity";3000;3053;"2018-12-10";"2019-03-01";"2020-09-30";"2020-08-31";"Umzug";"Marienberg";"terminated";1001;"2020-01-25"
29527;"energy";"electricity";2700;2574;"2018-10-08";"2019-09-01";"";"";"";"Münster";"indelivery";1001;"2019-12-06"
29528;"energy";"electricity";2400;2553;"2020-08-05";"2021-06-01";"";"";"";"Münster";"active";1000;"2020-09-13"
29529;"energy";"gas";9300;9560;"2020-01-23";"2020-03-01";"";"";"";"Berlin";"indelivery";2000;"2020-04-24"
29530;"energy";"electricity";2400;2462;"2019-01-30";"2019-06-01";"";"";"";"Saarbrücken";"indelivery";1002;"2019-09-06"
29531;"energy";"electricity";3000;3056;"2020-09-06";"2020-11-01";"";"";"";"Hofeck";"active";1000;"2020-09-24"
29532;"energy";"electricity";2100;2214;"2018-04-20";"2019-04-01";"";"";"";"Stuttgart";"indelivery";1001;"2019-05-08"
29533;"energy";"electricity";2200;2160;"2018-07-12";"2018-10-01";"2018-10-01";"2019-03-31";"Wiederruf";"Rostock";"terminated";1000;"2019-03-31"
29534;"energy";"electricity";2200;2241;"2020-01-10";"2020-05-01";"";"";"";"Dortmund";"indelivery";1001;"2020-04-07"
29535;"energy";"electricity";2300;2383;"2019-11-29";"2020-01-01";"";"";"";"Berlin";"indelivery";1002;"2020-05-17"
29536;"energy";"electricity";2400;2365;"2019-02-02";"2019-11-01";"";"";"";"Berlin";"indelivery";1000;"2019-08-29"
29537;"energy";"gas";12600;12868;"2018-11-26";"2019-01-01";"";"";"";"Plauen";"indelivery";2000;"2019-10-16"
29538;"energy";"electricity";2200;2087;"2020-09-23";"2020-12-01";"";"";"";"Hamburg";"active";1002;"2020-09-28"
29539;"energy";"gas";9900;10465;"2018-07-06";"2018-09-01";"2019-03-31";"2019-03-03";"fristgerecht durch Kunde";"Neuruppin";"terminated";2000;"2019-03-03"
29540;"energy";"electricity";2400;2368;"2020-02-23";"2020-03-01";"";"";"";"Leipzig";"indelivery";1001;"2020-08-21"
29541;"energy";"electricity";2200;2305;"2019-01-03";"2019-06-01";"";"";"";"Munich";"indelivery";1001;"2019-07-07"
29542;"energy";"electricity";2400;2367;"2019-04-19";"2019-12-01";"";"";"";"Koblenz";"indelivery";1000;"2019-10-18"
29543;"energy";"electricity";2300;2403;"2018-12-30";"2019-11-01";"";"";"";"Augsburg";"indelivery";1000;"2019-03-23"
29544;"energy";"electricity";2700;2790;"2019-09-26";"2019-12-01";"";"";"";"Berlin";"indelivery";1002;"2020-01-24"
29545;"energy";"electricity";2800;2765;"2018-11-15";"2019-03-01";"2020-07-31";"2020-06-29";"fristgerecht durch LichtBlick";"Hannover";"terminated";1001;"2020-03-27"
29546;"energy";"electricity";2300;"";"2020-09-24";"2020-12-01";"";"";"";"Würzburg";"active";1002;"2020-09-27"
29547;"energy";"gas";11800;11567;"2020-06-22";"2021-02-01";"";"";"";"Berlin";"active";2001;"2020-09-25"
29548;"energy";"electricity";2500;2624;"2019-09-14";"2020-04-01";"";"";"";"Essen";"indelivery";1000;"2020-01-19"
29549;"energy";"gas";10600;11151;"2019-02-10";"2019-09-01";"";"";"";"Erfurt";"indelivery";2000;"2020-02-03"
29550;"energy";"electricity";2200;2303;"2018-06-18";"2018-08-01";"";"";"";"Frankfurt";"indelivery";1002;"2019-06-28"
29551;"energy";"electricity";2700;2658;"2018-02-24";"2018-04-01";"";"";"";"Heidelberg";"indelivery";1002;"2019-04-19"
29552;"energy";"electricity";2000;2151;"2019-04-03";"2019-07-01";"";"";"";"Duisburg";"indelivery";1002;"2020-02-05"
29553;"energy";"gas";7800;8299;"2019-09-18";"2019-10-01";"";"";"";"Munich";"indelivery";2001;"2020-06-09"
29554;"energy";"gas";9800;9467;"2018-05-02";"2018-07-01";"2018-12-31";"2018-12-03";"fristgerecht durch LichtBlick";"Munich";"terminated";2001;"2018-12-03"
29555;"energy";"electricity";1900;1963;"2020-07-04";"2021-05-01";"";"";"";"Stuttgart";"active";1002;"2020-08-08"
29556;"energy";"electricity";2900;2824;"2019-11-27";"2020-03-01";"2020-04-30";"2020-04-01";"Umzug";"Stuttgart";"terminated";1002;"2020-04-01"
29557;"energy";"electricity";2300;2440;"2019-06-15";"2019-08-01";"";"";"";"Stuttgart";"indelivery";1001;"2020-03-17"
29558;"energy";"electricity";2100;2210;"2018-08-07";"2018-12-01";"";"";"";"Dortmund";"indelivery";1002;"2020-03-15"
29559;"energy";"electricity";2100;2168;"2019-03-19";"2019-05-01";"2019-08-31";"2019-08-02";"fristgerecht durch Kunde";"Freiburg";"terminated";1002;"2019-08-02"
29560;"energy";"electricity";2300;2473;"2020-09-21";"2021-01-01";"";"";"";"Hamburg";"active";1000;"2020-09-24"
29561;"energy";"electricity";2000;2136;"2020-05-06";"2020-06-01";"";"";"";"Frankfurt";"indelivery";1001;"2020-08-10"
29562;"energy";"electricity";3200;3170;"2018-09-16";"2019-01-01";"";"";"";"Bad Schwalbach";"indelivery";1002;"2020-02-12"
29563;"energy";"electricity";2200;2094;"2020-03-15";"2020-09-01";"";"";"";"Stuttgart";"indelivery";1001;"2020-04-26"
29564;"energy";"electricity";2900;2961;"2018-07-26";"2018-10-01";"";"";"";"Hannover";"indelivery";1001;"2018-12-13"
29565;"energy";"electricity";2300;2384;"2019-08-18";"2020-01-01";"2020-04-30";"2020-04-01";"fristgerecht durch LichtBlick";"Stuttgart";"terminated";1002;"2020-04-01"
29566;"energy";"electricity";2400;2458;"2019-10-02";"2019-12-01";"";"";"";"Munich";"indelivery";1002;"2020-06-14"
29567;"energy";"electricity";2500;"";"2018-02-02";"2018-09-01";"2018-09-01";"2019-12-03";"Wiederruf";"Augsburg";"terminated";1001;"2019-09-16"
29568;"energy";"electricity";2100;2058;"2019-07-15";"2019-09-01";"";"";"";"Braunschweig";"indelivery";1002;"2020-03-09"
29569;"energy";"electricity";2300;2206;"2020-01-13";"2020-03-01";"";"";"";"Stuttgart";"indelivery";1001;"2020-05-04"
29570;"energy";"electricity";2400;2300;"2018-07-29";"2018-08-01";"";"";"";"Bielefeld";"indelivery";1002;"2020-02-16"
29571;"energy";"electricity";2600;2836;"2020-07-11";"2020-10-01";"";"";"";"Lübeck";"indelivery";1002;"2020-08-19"
29572;"energy";"electricity";2800;2819;"2020-09-03";"2020-10-01";"";"";"";"Cloppenburg";"indelivery";1001;"2020-09-04"
29573;"energy";"electricity";2100;2187;"2018-03-13";"2018-09-01";"";"";"";"Munich";"indelivery";1001;"2018-07-06"
29574;"energy";"electricity";2400;2523;"2019-06-01";"2019-10-01";"";"";"";"Duisburg";"indelivery";1000;"2019-11-24"
29575;"energy";"electricity";2700;2829;"2020-06-24";"2020-11-01";"";"";"";"Hannover";"active";1000;"2020-08-11"
29576;"energy";"electricity";2300;2346;"2020-04-06";"2020-06-01";"";"";"";"Berlin";"indelivery";1001;"2020-08-27"
29577;"energy";"electricity";2700;"";"2019-10-30";"2020-04-01";"";"";"";"Düsseldorf";"indelivery";1000;"2020-08-03"
29578;"energy";"electricity";2200;2115;"2018-05-17";"2018-08-01";"";"";"";"Gießen";"indelivery";1000;"2019-09-21"
29579;"energy";"gas";8500;"";"2018-12-10";"2019-03-01";"";"";"";"Munich";"indelivery";2000;"2020-03-09"
29580;"energy";"gas";10100;10493;"2020-08-29";"2020-10-01";"";"";"";"Ulm";"indelivery";2000;"2020-09-19"
29581;"energy";"electricity";2800;2737;"2019-04-22";"2020-03-01";"";"";"";"Remscheid";"indelivery";1000;"2019-08-01"
29582;"energy";"electricity";2200;2320;"2018-12-07";"2019-05-01";"2020-11-30";"2020-10-30";"fristgerecht durch LichtBlick";"Marienberg";"cancelled";1000;"2019-10-20"
29583;"energy";"gas";9400;9471;"2019-12-15";"2020-05-01";"";"";"";"Berlin";"indelivery";2000;"2020-03-11"
29584;"energy";"gas";9200;9511;"2019-09-25";"2020-02-01";"";"";"";"Koblenz";"indelivery";2000;"2019-11-01"
29585;"energy";"electricity";2300;2312;"2018-11-26";"2019-05-01";"";"";"";"Essen";"indelivery";1001;"2019-04-10"
29586;"energy";"electricity";2500;2703;"2018-12-07";"2019-02-01";"";"";"";"Ratzeburg";"indelivery";1000;"2019-02-20"
29587;"energy";"electricity";2500;2673;"2019-02-23";"2019-04-01";"2020-04-30";"2020-03-31";"Umzug";"Dortmund";"terminated";1000;"2020-03-31"
29588;"energy";"electricity";2200;2265;"2018-09-03";"2019-01-01";"";"";"";"Hamburg";"indelivery";1000;"2019-12-31"
29589;"energy";"electricity";2900;2897;"2018-06-09";"2018-08-01";"";"";"";"Leipzig";"indelivery";1002;"2019-02-28"
29590;"energy";"gas";9800;10181;"2020-09-25";"2021-03-01";"";"";"";"Frankfurt";"active";2001;"2020-09-27"
29591;"energy";"electricity";2200;2409;"2018-04-17";"2018-06-01";"2020-02-29";"2020-01-31";"fristgerecht durch Kunde";"Erfurt";"terminated";1001;"2019-06-21"
29592;"energy";"electricity";2500;2448;"2019-04-15";"2019-09-01";"";"";"";"Berlin";"indelivery";1002;"2020-01-23"
29593;"energy";"electricity";2600;2788;"2019-10-21";"2020-03-01";"";"";"";"Mannheim";"indelivery";1002;"2020-08-19"
29594;"energy";"electricity";2600;2557;"2019-11-02";"2020-03-01";"";"";"";"Potsdam";"indelivery";1002;"2020-01-05"
29595;"energy";"electricity";2300;2336;"2019-09-19";"2019-10-01";"";"";"";"Regensburg";"indelivery";1000;"2020-08-18"
29596;"energy";"electricity";2100;2039;"2020-03-28";"2020-04-01";"";"";"";"Munich";"indelivery";1000;"2020-06-27"
29597;"energy";"electricity";2000;1972;"2020-07-15";"2020-09-01";"2020-09-01";"2020-10-01";"Wiederruf";"Berlin";"terminated";1001;"2020-09-02"
29598;"energy";"gas";10800;11635;"2020-09-05";"2020-11-01";"";"";"";"Munich";"active";2001;"2020-09-09"
29599;"energy";"electricity";2300;2327;"2020-09-30";"2020-10-01";"";"";"";"Hofeck";"indelivery";1001;"2020-09-30"
29600;"energy";"electricity";2100;2080;"2020-02-07";"2020-03-01";"";"";"";"Dortmund";"indelivery";1000;"2020-08-24"
29601;"energy";"gas";10100;9639;"2019-09-24";"2019-10-01";"";"";"";"Dortmund";"indelivery";2001;"2020-09-18"
29602;"energy";"electricity";2900;3054;"2018-02-17";"2018-07-01";"";"";"";"Rostock";"indelivery";1000;"2019-01-24"
29603;"energy";"electricity";2600;2613;"2020-01-26";"2020-10-01";"";"";"";"Erfurt";"indelivery";1000;"2020-02-07"
29604;"energy";"electricity";2400;2546;"2019-01-09";"2019-02-01";"";"";"";"Stuttgart";"indelivery";1001;"2019-08-02"
29605;"energy";"electricity";2500;2442;"2018-06-05";"2018-09-01";"";"";"";"Lörrach";"indelivery";1002;"2020-09-26"
29606;"energy";"gas";9500;9539;"2020-01-17";"2020-04-01";"";"";"";"Stuttgart";"indelivery";2000;"2020-05-12"
29607;"energy";"electricity";2600;"";"2018-05-28";"2018-09-01";"2018-09-01";"2019-03-29";"Wiederruf";"Gießen";"terminated";1001;"2019-03-29"
29608;"energy";"electricity";2100;"";"2019-10-05";"2019-11-01";"";"";"";"Berlin";"indelivery";1001;"2020-03-21"
29609;"energy";"electricity";2100;2110;"2018-12-17";"2019-11-01";"";"";"";"Berlin";"indelivery";1002;"2019-04-01"
29610;"energy";"electricity";3000;3012;"2018-01-27";"2018-06-01";"2020-03-31";"2020-02-29";"fristgerecht durch LichtBlick";"Lübeck";"terminated";1000;"2018-06-27"
29611;"energy";"electricity";2400;2368;"2020-05-06";"2021-04-01";"";"";"";"Dresden";"active";1002;"2020-08-02"
29612;"energy";"electricity";2300;2472;"2019-05-06";"2019-07-01";"2019-08-31";"2019-08-01";"fristgerecht durch LichtBlick";"Leipzig";"terminated";1001;"2019-06-24"
29613;"energy";"electricity";2100;"";"2019-07-23";"2020-05-01";"";"";"";"Munich";"indelivery";1000;"2020-06-23"
29614;"energy";"gas";8300;8138;"2019-11-06";"2020-05-01";"";"";"";"Duisburg";"indelivery";2000;"2020-02-05"
29615;"energy";"electricity";2500;2369;"2019-11-06";"2019-12-01";"";"";"";"Berlin";"indelivery";1001;"2020-07-01"
29616;"energy";"gas";7700;8174;"2019-01-11";"2019-05-01";"";"";"";"Stuttgart";"indelivery";2001;"2019-05-12"
29617;"energy";"electricity";2200;"";"2018-09-27";"2019-01-01";"";"";"";"Hannover";"indelivery";1002;"2020-05-12"
29618;"energy";"electricity";2700;2652;"2020-09-11";"2021-05-01";"";"";"";"Dortmund";"active";1002;"2020-09-14"
29619;"energy";"electricity";2600;2650;"2019-12-16";"2020-06-01";"";"";"";"Wiesbaden";"indelivery";1002;"2020-03-13"
29620;"energy";"electricity";2400;2412;"2018-08-22";"2018-09-01";"";"";"";"Hamburg";"indelivery";1001;"2018-10-12"
29621;"energy";"electricity";2900;2840;"2019-10-12";"2019-12-01";"2020-11-30";"2020-10-29";"Umzug";"Kleve";"cancelled";1000;"2019-10-13"
29622;"energy";"electricity";2400;2539;"2019-08-28";"2020-01-01";"";"";"";"Braunschweig";"indelivery";1001;"2020-09-19"
29623;"energy";"electricity";2000;2114;"2018-05-01";"2018-07-01";"";"";"";"Mainz";"indelivery";1000;"2020-01-18"
29624;"energy";"electricity";2400;2352;"2019-06-23";"2019-08-01";"";"";"";"Heidelberg";"indelivery";1002;"2019-09-01"
29625;"energy";"gas";11300;11145;"2019-05-11";"2020-03-01";"";"";"";"Essen";"indelivery";2000;"2020-09-23"
29626;"energy";"electricity";2800;2840;"2019-12-17";"2020-04-01";"";"";"";"Cologne";"indelivery";1002;"2020-05-01"
29627;"energy";"gas";11100;10709;"2018-11-08";"2019-02-01";"";"";"";"Leipzig";"indelivery";2000;"2020-01-11"
29628;"energy";"electricity";2700;2689;"2018-07-30";"2018-08-01";"2020-02-29";"2020-02-01";"fristgerecht durch LichtBlick";"Essen";"terminated";1001;"2019-10-04"
29629;"energy";"electricity";2700;2703;"2018-02-10";"2018-04-01";"";"";"";"Hamburg";"indelivery";1000;"2020-03-12"
29630;"energy";"electricity";2700;2669;"2018-06-23";"2018-08-01";"";"";"";"Essen";"indelivery";1000;"2020-01-14"
29631;"energy";"electricity";2100;2120;"2020-06-14";"2020-07-01";"";"";"";"Dortmund";"indelivery";1002;"2020-07-30"
29632;"energy";"electricity";2700;2851;"2019-03-17";"2019-05-01";"2019-05-01";"2020-08-01";"Wiederruf";"Leipzig";"terminated";1000;"2020-07-12"
29633;"energy";"electricity";2900;3061;"2019-11-28";"2020-06-01";"";"";"";"Freiburg";"indelivery";1002;"2019-12-02"
29634;"energy";"electricity";2300;2360;"2018-01-13";"2018-03-01";"";"";"";"Heidelberg";"indelivery";1002;"2018-10-10"
29635;"energy";"electricity";2400;2437;"2018-01-17";"2018-02-01";"";"";"";"Marienberg";"indelivery";1002;"2018-12-21"
29636;"energy";"electricity";2700;"";"2018-06-28";"2019-01-01";"2020-03-31";"2020-02-26";"Umzug";"Saarbrücken";"terminated";1000;"2020-02-26"
29637;"energy";"gas";10500;10611;"2018-12-19";"2019-01-01";"";"";"";"Cologne";"indelivery";2000;"2020-03-27"
29638;"energy";"electricity";2900;3017;"2018-12-03";"2019-04-01";"";"";"";"Rostock";"indelivery";1002;"2018-12-28"
29639;"energy";"electricity";2300;2345;"2020-08-15";"2021-05-01";"";"";"";"Magdeburg";"active";1000;"2020-09-02"
29640;"energy";"electricity";2400;2436;"2019-10-01";"2020-01-01";"";"";"";"Hamburg";"indelivery";1002;"2020-06-04"
29641;"energy";"electricity";2400;2492;"2019-10-03";"2020-01-01";"";"";"";"Berlin";"indelivery";1002;"2020-06-22"
29642;"energy";"electricity";2700;2890;"2020-02-28";"2020-03-01";"";"";"";"Regensburg";"indelivery";1001;"2020-05-10"
29643;"energy";"electricity";2200;"";"2019-03-17";"2019-04-01";"2020-09-30";"2020-09-01";"fristgerecht durch Kunde";"Berlin";"terminated";1000;"2020-05-18"
29644;"energy";"electricity";3000;3091;"2019-12-21";"2020-05-01";"2020-05-01";"2020-09-02";"Wiederruf";"Bonn";"terminated";1002;"2020-04-14"
29645;"energy";"electricity";2300;2340;"2019-03-23";"2019-04-01";"2019-12-31";"2019-12-03";"fristgerecht durch LichtBlick";"Munich";"terminated";1001;"2019-12-03"
29646;"energy";"electricity";2200;2125;"2019-03-13";"2019-07-01";"2020-06-30";"2020-06-02";"fristgerecht durch Kunde";"Leipzig";"terminated";1001;"2020-05-07"
29647;"energy";"gas";8400;8158;"2019-08-03";"2019-09-01";"";"";"";"Berlin";"indelivery";2001;"2020-03-23"
29648;"energy";"electricity";2500;2526;"2019-11-14";"2020-01-01";"";"";"";"Cologne";"indelivery";1000;"2019-11-17"
29649;"energy";"gas";10700;10422;"2020-02-13";"2020-04-01";"";"";"";"Berlin";"indelivery";2001;"2020-09-02"
29650;"energy";"electricity";2200;2291;"2018-06-20";"2018-08-01";"";"";"";"Bremerhaven";"indelivery";1000;"2020-07-18"
29651;"energy";"electricity";2900;2869;"2020-03-08";"2021-04-01";"";"";"";"Münster";"active";1000;"2020-03-13"
29652;"energy";"electricity";3000;"";"2019-10-23";"2019-11-01";"";"";"";"Munich";"indelivery";1000;"2019-11-26"
29653;"energy";"electricity";2400;2558;"2020-09-16";"2021-02-01";"";"";"";"Göttingen";"active";1001;"2020-09-28"
29654;"energy";"electricity";2300;2216;"2019-04-21";"2019-09-01";"2020-04-30";"2020-03-29";"fristgerecht durch Kunde";"Dortmund";"terminated";1002;"2020-03-24"
29655;"energy";"electricity";2900;3002;"2018-07-14";"2018-11-01";"2020-03-31";"2020-02-29";"Umzug";"Dortmund";"terminated";1000;"2019-01-22"
29656;"energy";"electricity";2400;2315;"2020-08-13";"2020-11-01";"";"";"";"Berlin";"active";1001;"2020-09-05"
29657;"energy";"electricity";2000;2149;"2019-04-30";"2019-09-01";"";"";"";"Hamburg";"indelivery";1002;"2020-06-30"
29658;"energy";"electricity";2500;2470;"2020-09-11";"2020-11-01";"2020-11-01";"2020-12-02";"Wiederruf";"Lübeck";"cancelled";1001;"2020-09-25"
29659;"energy";"electricity";2100;2191;"2018-02-19";"2018-04-01";"";"";"";"Neuss";"indelivery";1002;"2018-03-25"
29660;"energy";"electricity";2000;2033;"2020-08-05";"2020-10-01";"";"";"";"Cologne";"indelivery";1001;"2020-08-28"
29661;"energy";"electricity";2800;2832;"2020-08-05";"2020-10-01";"";"";"";"Mainz";"indelivery";1002;"2020-09-10"
29662;"energy";"electricity";2000;2074;"2019-12-19";"2020-04-01";"";"";"";"Bonn";"indelivery";1002;"2020-06-23"
29663;"energy";"electricity";2400;2399;"2018-05-23";"2018-08-01";"";"";"";"Frankfurt";"indelivery";1002;"2020-06-23"
29664;"energy";"electricity";2500;2683;"2019-07-15";"2020-01-01";"";"";"";"Stuttgart";"indelivery";1002;"2020-08-17"
29665;"energy";"electricity";2600;2727;"2018-06-29";"2019-02-01";"2019-02-01";"2020-02-28";"Wiederruf";"Cologne";"terminated";1002;"2019-04-20"
29666;"energy";"electricity";2900;3042;"2019-09-30";"2020-04-01";"";"";"";"Karlsruhe";"indelivery";1001;"2020-04-12"
29667;"energy";"gas";11200;11082;"2019-02-25";"2019-03-01";"";"";"";"Bremen";"indelivery";2001;"2020-05-02"
29668;"energy";"electricity";2100;2086;"2020-05-23";"2020-08-01";"";"";"";"Düsseldorf";"indelivery";1002;"2020-07-01"
29669;"energy";"electricity";2700;2742;"2018-09-07";"2019-03-01";"";"";"";"Dortmund";"indelivery";1000;"2018-11-11"
29670;"energy";"electricity";2500;2408;"2018-08-09";"2018-10-01";"";"";"";"Rostock";"indelivery";1001;"2019-09-24"
29671;"energy";"electricity";2700;2648;"2019-04-22";"2019-06-01";"";"";"";"Freiburg";"indelivery";1002;"2019-09-17"
29672;"energy";"electricity";2100;2038;"2018-07-16";"2018-12-01";"";"";"";"Hamburg";"indelivery";1000;"2020-07-03"
29673;"energy";"electricity";2700;2583;"2020-04-23";"2020-08-01";"";"";"";"Fürth";"indelivery";1000;"2020-05-03"
29674;"energy";"gas";9400;9349;"2019-05-16";"2019-10-01";"";"";"";"Braunschweig";"indelivery";2000;"2019-06-03"
29675;"energy";"electricity";2600;2767;"2018-04-21";"2019-03-01";"";"";"";"Fürth";"indelivery";1000;"2019-11-18"
29676;"energy";"electricity";3000;3132;"2018-09-27";"2018-11-01";"";"";"";"Mannheim";"indelivery";1001;"2018-12-16"
29677;"energy";"electricity";2100;2163;"2020-02-18";"2020-05-01";"";"";"";"Cologne";"indelivery";1002;"2020-03-19"
29678;"energy";"electricity";2500;2516;"2019-06-13";"2020-01-01";"";"";"";"Gera";"indelivery";1001;"2020-02-02"
29679;"energy";"electricity";2900;2878;"2020-02-26";"2020-04-01";"";"";"";"Bonn";"indelivery";1001;"2020-06-22"
29680;"energy";"electricity";2300;2208;"2018-09-26";"2018-12-01";"";"";"";"Mannheim";"indelivery";1000;"2018-10-23"
29681;"energy";"gas";11600;12277;"2019-09-03";"2019-12-01";"";"";"";"Berlin";"indelivery";2000;"2020-08-27"
29682;"energy";"electricity";1800;"";"2020-02-05";"2020-07-01";"";"";"";"Munich";"indelivery";1002;"2020-06-03"
29683;"energy";"electricity";2800;2857;"2020-01-20";"2020-03-01";"";"";"";"Hamburg";"indelivery";1000;"2020-09-12"
29684;"energy";"electricity";2500;"";"2019-11-11";"2020-03-01";"";"";"";"Berlin";"indelivery";1000;"2019-12-27"
29685;"energy";"electricity";3000;3162;"2020-09-20";"2021-02-01";"";"";"";"Friedberg";"active";1001;"2020-09-24"
29686;"energy";"electricity";2300;2488;"2018-06-10";"2019-04-01";"2020-11-30";"2020-10-30";"fristgerecht durch Kunde";"Flensburg";"cancelled";1001;"2020-08-05"
29687;"energy";"electricity";1900;1845;"2020-01-17";"2020-02-01";"";"";"";"Munich";"indelivery";1002;"2020-09-27"
29688;"energy";"electricity";2500;2423;"2020-08-26";"2020-09-01";"";"";"";"Augsburg";"indelivery";1000;"2020-09-27"
29689;"energy";"electricity";2300;2307;"2019-02-16";"2019-04-01";"";"";"";"Berlin";"indelivery";1000;"2019-06-30"
29690;"energy";"electricity";2900;"";"2018-09-06";"2019-02-01";"";"";"";"Winsen";"indelivery";1001;"2019-12-07"
29691;"energy";"electricity";2000;2098;"2019-11-21";"2020-02-01";"2020-07-31";"2020-06-24";"Umzug";"Cologne";"terminated";1002;"2020-06-05"
29692;"energy";"electricity";2800;"";"2018-05-18";"2018-07-01";"";"";"";"Berlin";"indelivery";1000;"2020-07-26"
29693;"energy";"electricity";2500;2641;"2020-08-04";"2020-10-01";"";"";"";"Berlin";"indelivery";1000;"2020-09-20"
29694;"energy";"gas";10000;10604;"2018-02-18";"2018-06-01";"";"";"";"Erfurt";"indelivery";2000;"2019-07-02"
29695;"energy";"electricity";2300;2400;"2018-12-11";"2019-08-01";"";"";"";"Erfurt";"indelivery";1002;"2020-04-26"
29696;"energy";"gas";9300;8930;"2019-07-06";"2020-01-01";"";"";"";"Hamburg";"indelivery";2001;"2019-09-20"
29697;"energy";"gas";11000;11798;"2020-02-23";"2020-05-01";"2020-10-31";"2020-09-30";"fristgerecht durch LichtBlick";"Stuttgart";"cancelled";2000;"2020-04-27"
29698;"energy";"electricity";2500;2664;"2018-06-12";"2018-08-01";"";"";"";"Münster";"indelivery";1000;"2019-09-01"
29699;"energy";"electricity";2100;1996;"2020-03-10";"2020-07-01";"";"";"";"Hamburg";"indelivery";1002;"2020-03-14"
29700;"energy";"gas";9900;"";"2018-01-26";"2018-09-01";"";"";"";"Berlin";"indelivery";2000;"2018-07-24"
29701;"energy";"electricity";2800;2947;"2020-06-22";"2020-10-01";"";"";"";"Marienberg";"indelivery";1000;"2020-07-26"
29702;"energy";"electricity";2500;2718;"2019-05-21";"2019-11-01";"";"";"";"Wiesbaden";"indelivery";1001;"2020-02-04"
29703;"energy";"electricity";2800;2683;"2018-12-27";"2019-06-01";"";"";"";"Frankfurt";"indelivery";1002;"2019-03-23"
29704;"energy";"electricity";2100;"";"2019-02-06";"2019-06-01";"";"";"";"Dortmund";"indelivery";1000;"2019-11-02"
29705;"energy";"electricity";2800;2685;"2020-03-07";"2020-07-01";"2020-08-31";"2020-08-03";"fristgerecht durch LichtBlick";"Essen";"terminated";1001;"2020-07-25"
29706;"energy";"electricity";2600;2658;"2018-03-20";"2018-06-01";"";"";"";"Kassel";"indelivery";1002;"2020-04-12"
29707;"energy";"gas";7800;7534;"2019-02-02";"2019-03-01";"";"";"";"Munich";"indelivery";2001;"2019-06-04"
29708;"energy";"electricity";2200;"";"2018-03-20";"2018-09-01";"2018-11-30";"2018-11-02";"fristgerecht durch LichtBlick";"Bad Salzungen";"terminated";1000;"2018-11-02"
29709;"energy";"gas";10400;10761;"2019-03-18";"2019-07-01";"2019-09-30";"2019-09-02";"fristgerecht durch Kunde";"Oldenburg";"terminated";2001;"2019-09-02"
29710;"energy";"gas";10600;11144;"2019-06-10";"2019-08-01";"";"";"";"Hannover";"indelivery";2000;"2020-04-01"
29711;"energy";"gas";9900;"";"2019-09-09";"2020-04-01";"";"";"";"Freiburg";"indelivery";2000;"2020-02-02"
29712;"energy";"electricity";2400;"";"2018-12-07";"2019-03-01";"";"";"";"Waldshut-Tiengen";"indelivery";1002;"2019-07-10"
29713;"energy";"electricity";2600;2749;"2020-09-10";"2020-11-01";"";"";"";"Kiel";"active";1002;"2020-09-16"
29714;"energy";"electricity";2600;"";"2019-03-15";"2019-10-01";"";"";"";"Regensburg";"indelivery";1002;"2019-11-18"
29715;"energy";"electricity";2900;2962;"2020-04-11";"2020-05-01";"";"";"";"Frankfurt";"indelivery";1000;"2020-09-22"
29716;"energy";"electricity";2600;2474;"2019-04-24";"2019-06-01";"2019-12-31";"2019-12-03";"fristgerecht durch LichtBlick";"Berlin";"terminated";1001;"2019-12-03"
29717;"energy";"electricity";2800;2786;"2018-12-05";"2019-04-01";"2020-03-31";"2020-03-01";"fristgerecht durch Kunde";"Düsseldorf";"terminated";1001;"2020-02-11"
29718;"energy";"electricity";2800;2821;"2018-12-13";"2019-02-01";"2019-06-30";"2019-06-01";"Umzug";"Erfurt";"terminated";1001;"2019-06-01"
29719;"energy";"gas";10300;10419;"2018-02-22";"2018-03-01";"";"";"";"Düsseldorf";"indelivery";2001;"2019-09-16"
29720;"energy";"electricity";2500;2479;"2020-09-18";"2020-11-01";"";"";"";"Frankfurt";"active";1002;"2020-09-20"
29721;"energy";"electricity";2300;2329;"2018-03-20";"2018-09-01";"2018-11-30";"2018-11-02";"fristgerecht durch Kunde";"Duisburg";"terminated";1001;"2018-06-28"
29722;"energy";"electricity";2400;2391;"2018-11-03";"2019-02-01";"";"";"";"Frankfurt";"indelivery";1001;"2020-04-10"
29723;"energy";"electricity";2200;2245;"2018-04-15";"2018-05-01";"";"";"";"Regensburg";"indelivery";1001;"2020-09-28"
29724;"energy";"electricity";2400;2492;"2019-12-17";"2020-02-01";"";"";"";"Regensburg";"indelivery";1000;"2020-04-24"
29725;"energy";"electricity";2300;2431;"2018-05-13";"2018-07-01";"";"";"";"Hamburg";"indelivery";1001;"2019-04-29"
29726;"energy";"electricity";1900;1936;"2018-02-04";"2018-04-01";"";"";"";"Cologne";"indelivery";1002;"2020-07-28"
29727;"energy";"gas";8800;8643;"2020-04-27";"2020-07-01";"";"";"";"Bremen";"indelivery";2001;"2020-08-05"
29728;"energy";"electricity";2500;2520;"2019-09-15";"2019-11-01";"2020-09-30";"2020-08-23";"fristgerecht durch Kunde";"Berlin";"terminated";1002;"2020-01-15"
29729;"energy";"electricity";2000;2197;"2018-09-18";"2018-12-01";"";"";"";"Fürth";"indelivery";1002;"2020-06-26"
29730;"energy";"electricity";2600;2504;"2018-10-02";"2019-01-01";"";"";"";"Berlin";"indelivery";1002;"2019-07-20"
29731;"energy";"gas";10000;9587;"2018-05-06";"2019-04-01";"";"";"";"Hannover";"indelivery";2001;"2019-03-11"
29732;"energy";"electricity";2400;2307;"2019-02-21";"2019-05-01";"2019-06-30";"2019-05-30";"fristgerecht durch Kunde";"Flensburg";"terminated";1000;"2019-05-30"
29733;"energy";"electricity";2400;2286;"2019-04-17";"2019-07-01";"";"";"";"Düsseldorf";"indelivery";1002;"2020-08-14"
29734;"energy";"gas";10200;10752;"2019-08-19";"2019-12-01";"2020-10-31";"2020-09-30";"fristgerecht durch Kunde";"Aichach";"cancelled";2001;"2019-11-02"
29735;"energy";"electricity";2900;2750;"2019-08-30";"2019-10-01";"";"";"";"Mannheim";"indelivery";1002;"2020-04-10"
29736;"energy";"electricity";2500;2405;"2018-11-22";"2019-04-01";"";"";"";"Essen";"indelivery";1001;"2019-02-25"
29737;"energy";"electricity";2800;3053;"2018-02-25";"2019-04-01";"2019-04-01";"2019-10-03";"Wiederruf";"Altchemnitz";"terminated";1001;"2019-10-03"
29738;"energy";"electricity";2400;2559;"2018-08-01";"2019-01-01";"";"";"";"Munich";"indelivery";1002;"2020-02-24"
29739;"energy";"electricity";2600;2782;"2018-01-04";"2018-06-01";"2020-10-31";"2020-10-02";"fristgerecht durch Kunde";"Düsseldorf";"cancelled";1002;"2019-05-18"
29740;"energy";"gas";8200;8253;"2019-12-03";"2020-04-01";"2020-04-01";"2020-05-27";"Wiederruf";"Bremen";"terminated";2000;"2020-04-18"
29741;"energy";"electricity";2800;3014;"2019-11-15";"2019-12-01";"";"";"";"Wiesbaden";"indelivery";1002;"2020-04-24"
29742;"energy";"electricity";2000;2077;"2020-09-22";"2021-03-01";"";"";"";"Kiel";"active";1001;"2020-09-25"
29743;"energy";"electricity";2200;2325;"2019-03-12";"2019-10-01";"";"";"";"Wuppertal";"indelivery";1000;"2020-09-21"
29744;"energy";"electricity";2600;2721;"2018-12-10";"2019-07-01";"";"";"";"Essen";"indelivery";1002;"2018-12-16"
29745;"energy";"electricity";2100;2237;"2019-07-03";"2019-12-01";"";"";"";"Rostock";"indelivery";1000;"2019-11-24"
29746;"energy";"electricity";3000;2896;"2019-02-02";"2019-04-01";"";"";"";"Leipzig";"indelivery";1000;"2020-06-30"
29747;"energy";"electricity";2500;2431;"2018-06-11";"2018-11-01";"2019-04-30";"2019-03-25";"fristgerecht durch Kunde";"Berlin";"terminated";1001;"2019-03-25"
29748;"energy";"electricity";2400;2270;"2019-09-23";"2020-10-01";"";"";"";"Braunschweig";"indelivery";1001;"2020-05-22"
29749;"energy";"gas";11000;11043;"2018-06-11";"2018-10-01";"";"";"";"Essen";"indelivery";2000;"2019-03-23"
29750;"energy";"electricity";1900;1987;"2020-08-18";"2021-01-01";"";"";"";"Hamburg";"active";1001;"2020-08-27"
29751;"energy";"electricity";2200;"";"2018-05-11";"2018-06-01";"";"";"";"Bremen";"indelivery";1001;"2018-06-25"
29752;"energy";"electricity";2300;2277;"2018-06-12";"2018-10-01";"";"";"";"Hamburg";"indelivery";1002;"2020-07-04"
29753;"energy";"electricity";2100;2117;"2020-02-28";"2020-04-01";"";"";"";"Bremerhaven";"indelivery";1002;"2020-05-06"
29754;"energy";"gas";12700;12221;"2018-03-28";"2018-04-01";"2018-11-30";"2018-10-31";"fristgerecht durch LichtBlick";"Minden";"terminated";2001;"2018-10-31"
29755;"energy";"electricity";2500;2677;"2020-06-27";"2021-05-01";"";"";"";"Berlin";"active";1000;"2020-09-11"
29756;"energy";"electricity";2900;2816;"2019-07-09";"2019-09-01";"";"";"";"Bremen";"indelivery";1000;"2019-10-21"
29757;"energy";"electricity";2900;2767;"2020-09-07";"2021-01-01";"";"";"";"Düsseldorf";"active";1000;"2020-09-22"
29758;"energy";"gas";8600;8663;"2019-05-06";"2019-06-01";"";"";"";"Cologne";"indelivery";2000;"2020-05-16"
29759;"energy";"electricity";2800;2743;"2019-07-21";"2019-09-01";"2019-09-01";"2019-12-02";"Wiederruf";"Saarbrücken";"terminated";1000;"2019-12-02"
29760;"energy";"gas";10700;11027;"2019-01-29";"2019-05-01";"";"";"";"Duisburg";"indelivery";2001;"2019-10-02"
29761;"energy";"electricity";2300;2404;"2018-03-17";"2018-06-01";"";"";"";"Oldenburg";"indelivery";1002;"2018-05-03"
29762;"energy";"electricity";2900;2923;"2019-06-17";"2019-08-01";"";"";"";"Duisburg";"indelivery";1000;"2019-07-02"
29763;"energy";"electricity";2800;2761;"2019-09-04";"2019-10-01";"";"";"";"Hamburg";"indelivery";1001;"2020-06-11"
29764;"energy";"electricity";2100;2243;"2019-12-16";"2020-03-01";"";"";"";"Cologne";"indelivery";1001;"2020-04-24"
29765;"energy";"electricity";2300;2278;"2019-05-18";"2019-09-01";"2020-06-30";"2020-06-01";"fristgerecht durch Kunde";"Cologne";"terminated";1000;"2020-04-12"
29766;"energy";"electricity";2600;2640;"2020-08-20";"2020-11-01";"";"";"";"Karlsruhe";"active";1001;"2020-09-01"
29767;"energy";"gas";11600;12157;"2019-07-24";"2019-12-01";"";"";"";"Berlin";"indelivery";2001;"2019-07-29"
29768;"energy";"gas";9500;9406;"2020-07-19";"2020-09-01";"";"";"";"Gütersloh";"indelivery";2001;"2020-09-22"
29769;"energy";"electricity";2200;2277;"2019-05-09";"2019-10-01";"";"";"";"Düsseldorf";"indelivery";1001;"2020-07-02"
29770;"energy";"gas";10800;11336;"2020-06-24";"2020-08-01";"";"";"";"Munich";"indelivery";2000;"2020-07-05"
29771;"energy";"gas";10900;11145;"2020-03-16";"2020-06-01";"";"";"";"Karlsruhe";"indelivery";2000;"2020-04-13"
29772;"energy";"gas";10600;10381;"2018-02-11";"2018-07-01";"2018-07-01";"2018-12-24";"Wiederruf";"Dortmund";"terminated";2001;"2018-10-26"
29773;"energy";"gas";10600;10824;"2020-05-29";"2020-10-01";"";"";"";"Regensburg";"indelivery";2000;"2020-06-24"
29774;"energy";"electricity";2000;2082;"2018-10-16";"2018-12-01";"";"";"";"Essen";"indelivery";1000;"2019-04-27"
29775;"energy";"electricity";3000;3176;"2020-07-30";"2020-09-01";"";"";"";"Stuttgart";"indelivery";1002;"2020-08-30"
29776;"energy";"electricity";2800;2919;"2020-03-23";"2020-04-01";"";"";"";"Leipzig";"indelivery";1002;"2020-05-14"
29777;"energy";"electricity";2000;2086;"2019-11-26";"2020-02-01";"2020-09-30";"2020-09-02";"fristgerecht durch Kunde";"Stuttgart";"terminated";1001;"2020-06-24"
29778;"energy";"electricity";2100;2083;"2019-04-20";"2019-06-01";"";"";"";"Hamburg";"indelivery";1002;"2020-05-01"
29779;"energy";"electricity";2500;"";"2018-11-21";"2018-12-01";"";"";"";"Hamburg";"indelivery";1002;"2019-03-16"
29780;"energy";"gas";8500;8621;"2019-12-01";"2020-01-01";"2020-10-31";"2020-10-01";"Umzug";"Berlin";"cancelled";2000;"2020-07-28"
29781;"energy";"electricity";2100;2180;"2018-01-20";"2018-03-01";"2018-03-01";"2019-10-02";"Wiederruf";"Düsseldorf";"terminated";1002;"2019-10-02"
29782;"energy";"electricity";2000;"";"2020-06-22";"2020-08-01";"";"";"";"Jena";"indelivery";1000;"2020-07-03"
29783;"energy";"electricity";1900;1909;"2019-09-04";"2020-07-01";"";"";"";"Hamburg";"indelivery";1000;"2020-03-14"
29784;"energy";"electricity";2400;2445;"2019-01-04";"2020-03-01";"";"";"";"Berlin";"indelivery";1001;"2019-09-16"
29785;"energy";"electricity";2600;2762;"2020-04-24";"2020-06-01";"";"";"";"Dortmund";"indelivery";1002;"2020-06-08"
29786;"energy";"electricity";2500;2413;"2018-11-14";"2018-12-01";"2020-08-31";"2020-08-03";"fristgerecht durch LichtBlick";"Berlin";"terminated";1002;"2020-02-09"
29787;"energy";"electricity";2600;2497;"2020-07-04";"2021-06-01";"";"";"";"Munich";"active";1002;"2020-09-07"
29788;"energy";"electricity";2800;2716;"2020-08-05";"2020-12-01";"";"";"";"Erfurt";"active";1002;"2020-09-18"
29789;"energy";"electricity";2600;2645;"2020-03-18";"2020-04-01";"2020-04-01";"2020-10-03";"Wiederruf";"Duisburg";"terminated";1002;"2020-07-08"
29790;"energy";"gas";11700;"";"2018-05-20";"2018-07-01";"";"";"";"Duisburg";"indelivery";2000;"2018-06-01"
29791;"energy";"electricity";2100;2060;"2019-11-14";"2019-12-01";"";"";"";"Berlin";"indelivery";1002;"2020-01-18"
29792;"energy";"electricity";2400;2416;"2018-06-14";"2018-10-01";"2020-02-29";"2020-02-01";"fristgerecht durch LichtBlick";"Frankfurt";"terminated";1002;"2018-08-08"
29793;"energy";"electricity";2300;"";"2018-12-07";"2019-05-01";"";"";"";"Cologne";"indelivery";1002;"2020-09-21"
29794;"energy";"electricity";2100;2013;"2018-02-20";"2018-11-01";"";"";"";"Gießen";"indelivery";1002;"2019-11-29"
29795;"energy";"gas";12000;11884;"2020-05-15";"2020-07-01";"";"";"";"Kassel";"indelivery";2000;"2020-06-08"
29796;"energy";"electricity";2300;2373;"2019-09-30";"2019-10-01";"";"";"";"Bielefeld";"indelivery";1000;"2020-05-05"
29797;"energy";"electricity";2200;2307;"2019-01-15";"2019-03-01";"";"";"";"Bielefeld";"indelivery";1000;"2020-05-27"
29798;"energy";"electricity";2400;2367;"2018-08-26";"2019-01-01";"2020-02-29";"2020-01-28";"Umzug";"Frankfurt";"terminated";1002;"2019-06-16"
29799;"energy";"gas";11200;10895;"2019-08-21";"2020-04-01";"";"";"";"Düsseldorf";"indelivery";2000;"2020-08-16"
29800;"energy";"electricity";2000;2186;"2019-03-24";"2019-05-01";"2020-09-30";"2020-09-02";"fristgerecht durch Kunde";"Heidelberg";"terminated";1001;"2019-09-19"
29801;"energy";"electricity";2000;2122;"2020-06-16";"2020-08-01";"";"";"";"Hamburg";"indelivery";1001;"2020-07-06"
29802;"energy";"electricity";3000;2896;"2019-02-05";"2019-04-01";"";"";"";"Mannheim";"indelivery";1001;"2019-02-25"
29803;"energy";"electricity";2400;2563;"2020-02-08";"2020-03-01";"";"";"";"Berlin";"indelivery";1002;"2020-03-01"
29804;"energy";"electricity";2600;2807;"2018-04-21";"2018-07-01";"";"";"";"Munich";"indelivery";1000;"2019-10-28"
29805;"energy";"electricity";2200;2127;"2018-09-02";"2019-03-01";"";"";"";"Duisburg";"indelivery";1000;"2018-12-17"
29806;"energy";"electricity";2900;"";"2019-07-11";"2019-08-01";"";"";"";"Essen";"indelivery";1000;"2020-06-06"
29807;"energy";"electricity";3000;3147;"2020-01-27";"2020-03-01";"";"";"";"Hannover";"indelivery";1001;"2020-05-11"
29808;"energy";"electricity";2700;2781;"2020-02-03";"2020-08-01";"";"";"";"Leipzig";"indelivery";1002;"2020-02-09"
29809;"energy";"gas";10600;10789;"2019-05-18";"2019-06-01";"";"";"";"Braunschweig";"indelivery";2001;"2020-07-31"
29810;"energy";"gas";10100;10707;"2018-01-20";"2018-05-01";"2018-05-01";"2020-05-29";"Wiederruf";"Dresden";"terminated";2000;"2018-06-05"
29811;"energy";"gas";10200;"";"2020-02-10";"2020-04-01";"";"";"";"Cottbus";"indelivery";2000;"2020-08-12"
29812;"energy";"electricity";2300;2311;"2019-04-16";"2019-08-01";"";"";"";"Berlin";"indelivery";1001;"2019-07-28"
29813;"energy";"electricity";2900;2958;"2018-07-25";"2018-12-01";"";"";"";"Cottbus";"indelivery";1002;"2019-01-13"
29814;"energy";"electricity";2300;2365;"2018-04-17";"2018-06-01";"";"";"";"Munich";"indelivery";1001;"2018-11-28"
29815;"energy";"electricity";2500;"";"2020-08-11";"2020-09-01";"";"";"";"Wiesbaden";"indelivery";1002;"2020-09-12"
29816;"energy";"electricity";2900;2915;"2019-08-18";"2020-04-01";"";"";"";"Munich";"indelivery";1002;"2019-09-12"
29817;"energy";"electricity";2200;2140;"2018-11-25";"2019-06-01";"";"";"";"Duisburg";"indelivery";1001;"2019-04-09"
29818;"energy";"electricity";2800;2914;"2020-05-27";"2020-07-01";"";"";"";"Cologne";"indelivery";1001;"2020-07-06"
29819;"energy";"electricity";2200;2373;"2018-01-15";"2018-04-01";"";"";"";"Münster";"indelivery";1002;"2018-02-04"
29820;"energy";"electricity";2000;2141;"2019-10-27";"2020-06-01";"";"";"";"Munich";"indelivery";1000;"2019-11-25"
29821;"energy";"electricity";2500;2598;"2019-04-16";"2019-07-01";"";"";"";"Simmern";"indelivery";1000;"2020-06-19"
29822;"energy";"electricity";2400;2341;"2019-11-02";"2020-01-01";"";"";"";"Rotenburg";"indelivery";1002;"2020-08-31"
29823;"energy";"gas";9000;9266;"2018-05-26";"2019-04-01";"";"";"";"Dortmund";"indelivery";2001;"2018-07-23"
29824;"energy";"gas";10900;10410;"2018-12-21";"2019-04-01";"2020-08-31";"2020-07-26";"fristgerecht durch LichtBlick";"Eisenberg";"terminated";2001;"2020-03-10"
29825;"energy";"gas";10700;10310;"2018-11-23";"2019-01-01";"2019-12-31";"2019-12-03";"fristgerecht durch Kunde";"Augsburg";"terminated";2000;"2019-12-03"
29826;"energy";"electricity";2700;2633;"2020-06-03";"2020-07-01";"";"";"";"Ulm";"indelivery";1002;"2020-08-06"
29827;"energy";"gas";8900;8834;"2019-12-18";"2020-06-01";"";"";"";"Bremen";"indelivery";2001;"2020-03-01"
29828;"energy";"gas";11300;11696;"2018-06-30";"2018-08-01";"";"";"";"Hamburg";"indelivery";2000;"2019-03-28"
29829;"energy";"electricity";2500;2725;"2020-07-31";"2020-11-01";"";"";"";"Cologne";"active";1000;"2020-09-07"
29830;"energy";"electricity";2600;2596;"2018-05-17";"2018-08-01";"";"";"";"Mainz";"indelivery";1000;"2020-06-29"
29831;"energy";"electricity";2100;2212;"2018-06-26";"2019-04-01";"";"";"";"Munich";"indelivery";1000;"2018-08-07"
29832;"energy";"electricity";2800;2926;"2020-08-26";"2020-11-01";"";"";"";"Düsseldorf";"active";1002;"2020-09-30"
29833;"energy";"electricity";2700;2940;"2018-01-15";"2019-01-01";"";"";"";"Berlin";"indelivery";1000;"2019-08-04"
29834;"energy";"electricity";2600;2506;"2019-04-04";"2019-07-01";"";"";"";"Kempten";"indelivery";1001;"2020-01-07"
29835;"energy";"electricity";2900;2801;"2019-03-02";"2019-07-01";"";"";"";"Cologne";"indelivery";1001;"2020-03-13"
29836;"energy";"electricity";2500;2488;"2020-01-02";"2020-11-01";"";"";"";"Berlin";"active";1002;"2020-02-29"
29837;"energy";"gas";11300;12004;"2019-02-09";"2019-08-01";"";"";"";"Düsseldorf";"indelivery";2001;"2020-07-04"
29838;"energy";"electricity";2800;2743;"2018-11-24";"2019-01-01";"2020-02-29";"2020-01-28";"Umzug";"Berlin";"terminated";1000;"2020-01-28"
29839;"energy";"electricity";2400;2457;"2018-12-04";"2019-04-01";"";"";"";"Hamburg";"indelivery";1000;"2019-10-12"
29840;"energy";"electricity";2500;"";"2020-09-20";"2020-10-01";"";"";"";"Berlin";"indelivery";1002;"2020-09-24"
29841;"energy";"electricity";3000;2932;"2020-02-11";"2020-04-01";"";"";"";"Dresden";"indelivery";1002;"2020-03-14"
29842;"energy";"electricity";2900;2924;"2018-04-25";"2018-08-01";"";"";"";"Osnabrück";"indelivery";1000;"2019-10-24"
29843;"energy";"gas";11200;11697;"2019-05-10";"2019-07-01";"";"";"";"Beeskow";"indelivery";2000;"2020-03-13"
29844;"energy";"electricity";2700;2813;"2019-10-27";"2020-01-01";"";"";"";"Berlin";"indelivery";1001;"2020-03-24"
29845;"energy";"electricity";2800;2802;"2019-10-27";"2019-12-01";"";"";"";"Marienberg";"indelivery";1001;"2019-12-13"
29846;"energy";"electricity";2000;1943;"2020-03-26";"2020-07-01";"";"";"";"Berlin";"indelivery";1002;"2020-04-12"
29847;"energy";"electricity";2200;"";"2019-12-05";"2020-02-01";"2020-06-30";"2020-06-01";"Umzug";"Hannover";"terminated";1002;"2020-01-25"
29848;"energy";"electricity";2200;2286;"2020-04-13";"2020-12-01";"";"";"";"Bremen";"active";1002;"2020-05-16"
29849;"energy";"electricity";2000;1923;"2018-03-27";"2018-06-01";"";"";"";"Mannheim";"indelivery";1002;"2019-06-07"
29850;"energy";"electricity";2300;2188;"2019-12-03";"2020-05-01";"";"";"";"Rostock";"indelivery";1001;"2020-02-05"
29851;"energy";"electricity";2700;2570;"2018-08-25";"2018-10-01";"2019-12-31";"2019-12-02";"fristgerecht durch Kunde";"Hannover";"terminated";1001;"2019-12-02"
29852;"energy";"gas";11600;11660;"2018-12-07";"2019-01-01";"";"";"";"Simmern";"indelivery";2001;"2019-01-24"
29853;"energy";"electricity";2900;3024;"2019-11-13";"2020-05-01";"";"";"";"Berlin";"indelivery";1001;"2020-01-02"
29854;"energy";"electricity";2100;2189;"2019-04-04";"2019-10-01";"";"";"";"Wetzlar";"indelivery";1002;"2019-05-03"
29855;"energy";"electricity";2600;2806;"2018-02-03";"2018-04-01";"2018-11-30";"2018-11-02";"fristgerecht durch Kunde";"Marienberg";"terminated";1002;"2018-11-02"
29856;"energy";"electricity";2200;2360;"2018-03-04";"2018-08-01";"2018-08-01";"2019-01-29";"Wiederruf";"Freiburg";"terminated";1000;"2019-01-29"
29857;"energy";"electricity";2300;2212;"2018-06-28";"2018-10-01";"";"";"";"Hannover";"indelivery";1000;"2019-01-17"
29858;"energy";"electricity";2300;2313;"2018-01-14";"2018-10-01";"2019-08-31";"2019-08-02";"fristgerecht durch Kunde";"Cologne";"terminated";1002;"2019-05-06"
29859;"energy";"electricity";2800;2699;"2020-02-05";"2020-04-01";"";"";"";"Berlin";"indelivery";1001;"2020-04-30"
29860;"energy";"electricity";2400;2430;"2018-05-13";"2018-07-01";"";"";"";"Frankfurt";"indelivery";1002;"2018-12-17"
29861;"energy";"electricity";2200;2236;"2019-01-19";"2019-12-01";"2020-02-29";"2020-01-31";"fristgerecht durch Kunde";"Berlin";"terminated";1001;"2019-02-21"
29862;"energy";"electricity";2100;2202;"2019-02-12";"2019-08-01";"";"";"";"Cologne";"indelivery";1001;"2019-02-21"
29863;"energy";"gas";8200;"";"2018-05-13";"2018-07-01";"2019-10-31";"2019-09-26";"fristgerecht durch LichtBlick";"Hamburg";"terminated";2001;"2019-04-07"
29864;"energy";"electricity";2300;2253;"2020-06-12";"2021-05-01";"";"";"";"Osnabrück";"active";1001;"2020-08-12"
29865;"energy";"electricity";2200;2159;"2019-09-06";"2019-11-01";"2020-02-29";"2020-01-19";"fristgerecht durch Kunde";"Dortmund";"terminated";1000;"2020-01-19"
29866;"energy";"electricity";2700;2823;"2019-05-08";"2019-08-01";"";"";"";"Berlin";"indelivery";1000;"2019-06-21"
29867;"energy";"electricity";2600;2604;"2018-11-19";"2019-01-01";"2020-11-30";"2020-11-01";"Umzug";"Berlin";"cancelled";1000;"2020-08-27"
29868;"energy";"electricity";2000;1961;"2018-12-16";"2019-02-01";"";"";"";"Berlin";"indelivery";1000;"2020-01-04"
29869;"energy";"electricity";2400;2515;"2018-03-16";"2018-04-01";"";"";"";"Cologne";"indelivery";1002;"2018-11-27"
29870;"energy";"electricity";2700;2790;"2018-06-27";"2019-06-01";"2019-06-01";"2020-03-03";"Wiederruf";"Altchemnitz";"terminated";1002;"2020-03-03"
29871;"energy";"electricity";2400;2569;"2019-07-13";"2019-11-01";"";"";"";"Fürth";"indelivery";1001;"2020-03-02"
29872;"energy";"electricity";2900;2820;"2018-03-22";"2018-07-01";"";"";"";"Oldenburg";"indelivery";1000;"2020-01-03"
29873;"energy";"electricity";2500;2572;"2018-08-24";"2018-10-01";"";"";"";"Munich";"indelivery";1000;"2018-12-16"
29874;"energy";"electricity";2100;2219;"2020-06-14";"2020-09-01";"";"";"";"Wuppertal";"indelivery";1002;"2020-08-22"
29875;"energy";"gas";10000;10097;"2019-04-25";"2019-07-01";"";"";"";"Wuppertal";"indelivery";2001;"2020-01-13"
29876;"energy";"electricity";2800;"";"2019-06-25";"2019-12-01";"";"";"";"Munich";"indelivery";1002;"2019-10-17"
29877;"energy";"electricity";2100;2247;"2020-05-19";"2020-07-01";"";"";"";"Bonn";"indelivery";1001;"2020-09-20"
29878;"energy";"electricity";2700;"";"2018-12-23";"2019-03-01";"";"";"";"Wuppertal";"indelivery";1002;"2019-10-15"
29879;"energy";"electricity";2000;2063;"2019-05-07";"2019-10-01";"2020-02-29";"2020-01-25";"fristgerecht durch Kunde";"Bremen";"terminated";1000;"2020-01-25"
29880;"energy";"electricity";2400;2310;"2019-03-19";"2019-05-01";"";"";"";"Leipzig";"indelivery";1001;"2020-03-06"
29881;"energy";"electricity";2200;2289;"2019-06-23";"2019-12-01";"2020-06-30";"2020-05-26";"Umzug";"Munich";"terminated";1002;"2020-01-04"
29882;"energy";"electricity";2700;2611;"2019-08-14";"2019-10-01";"";"";"";"Leipzig";"indelivery";1001;"2020-02-09"
29883;"energy";"electricity";2000;2154;"2020-09-12";"2020-10-01";"";"";"";"Emden";"indelivery";1000;"2020-09-20"
29884;"energy";"electricity";2900;2824;"2018-12-18";"2019-04-01";"";"";"";"Rostock";"indelivery";1001;"2020-09-06"
29885;"energy";"electricity";2600;2451;"2018-05-13";"2018-07-01";"";"";"";"Dortmund";"indelivery";1000;"2018-09-22"
29886;"energy";"electricity";2100;2042;"2019-06-04";"2020-06-01";"";"";"";"Emden";"indelivery";1001;"2019-12-17"
29887;"energy";"electricity";3000;2974;"2018-08-10";"2018-09-01";"";"";"";"Meppen";"indelivery";1001;"2018-12-15"
29888;"energy";"gas";10100;10343;"2020-02-27";"2020-08-01";"";"";"";"Braunschweig";"indelivery";2000;"2020-09-06"
29889;"energy";"gas";11900;11864;"2018-08-15";"2018-11-01";"";"";"";"Bonn";"indelivery";2001;"2019-01-24"
29890;"energy";"electricity";2700;2823;"2018-11-04";"2019-02-01";"";"";"";"Hamburg";"indelivery";1001;"2020-03-11"
29891;"energy";"electricity";2200;2227;"2019-12-01";"2020-01-01";"";"";"";"Limburg";"indelivery";1001;"2020-01-06"
29892;"energy";"electricity";2900;2843;"2018-05-24";"2018-07-01";"2019-10-31";"2019-10-01";"Umzug";"Cologne";"terminated";1001;"2019-04-04"
29893;"energy";"electricity";2900;2787;"2019-08-16";"2019-12-01";"2020-09-30";"2020-08-29";"Umzug";"Viersen";"terminated";1000;"2020-08-27"
29894;"energy";"electricity";2900;3005;"2019-09-16";"2019-12-01";"";"";"";"Frankfurt";"indelivery";1002;"2020-01-13"
29895;"energy";"electricity";2200;2231;"2018-01-19";"2018-03-01";"";"";"";"Stuttgart";"indelivery";1002;"2018-07-04"
29896;"energy";"electricity";2200;2406;"2019-08-10";"2019-09-01";"";"";"";"Hamburg";"indelivery";1000;"2019-12-21"
29897;"energy";"electricity";2400;2398;"2018-02-13";"2018-06-01";"";"";"";"Bonn";"indelivery";1001;"2019-05-20"
29898;"energy";"electricity";2300;2231;"2019-06-19";"2019-08-01";"";"";"";"Bremen";"indelivery";1000;"2019-12-03"
29899;"energy";"electricity";2100;2152;"2018-04-11";"2018-11-01";"";"";"";"Düsseldorf";"indelivery";1002;"2019-07-03"
29900;"energy";"electricity";2100;2010;"2018-10-22";"2019-01-01";"";"";"";"Dresden";"indelivery";1002;"2020-04-25"
29901;"energy";"electricity";2800;2657;"2020-03-23";"2020-07-01";"";"";"";"Magdeburg";"indelivery";1000;"2020-08-11"
29902;"energy";"electricity";2200;2296;"2018-07-23";"2018-09-01";"2018-09-01";"2018-11-30";"Wiederruf";"Meißen";"terminated";1000;"2018-11-30"
29903;"energy";"electricity";2500;2433;"2018-02-19";"2018-11-01";"";"";"";"Marienberg";"indelivery";1002;"2018-04-13"
29904;"energy";"electricity";2200;2257;"2018-07-26";"2019-01-01";"";"";"";"Kiel";"indelivery";1001;"2019-09-08"
29905;"energy";"electricity";2400;2476;"2018-03-28";"2018-12-01";"";"";"";"Hamburg";"indelivery";1002;"2020-07-01"
29906;"energy";"gas";9400;9316;"2018-04-06";"2018-11-01";"";"";"";"Kiel";"indelivery";2001;"2019-10-17"
29907;"energy";"electricity";2600;2619;"2020-06-09";"2020-07-01";"";"";"";"Dortmund";"indelivery";1002;"2020-07-27"
29908;"energy";"electricity";2200;2130;"2018-10-05";"2019-05-01";"";"";"";"Stuttgart";"indelivery";1002;"2019-08-03"
29909;"energy";"electricity";2100;2087;"2019-07-21";"2019-08-01";"";"";"";"Augsburg";"indelivery";1001;"2019-08-11"
29910;"energy";"electricity";2900;"";"2018-08-13";"2018-12-01";"";"";"";"Gera";"indelivery";1001;"2019-11-12"
29911;"energy";"gas";8600;9024;"2019-03-11";"2019-09-01";"2020-08-31";"2020-08-03";"fristgerecht durch Kunde";"Frankfurt";"terminated";2000;"2019-12-31"
29912;"energy";"electricity";1900;1860;"2018-03-13";"2018-05-01";"2020-12-31";"2020-12-02";"fristgerecht durch Kunde";"Stuttgart";"cancelled";1000;"2020-07-05"
29913;"energy";"electricity";2500;"";"2019-07-08";"2019-11-01";"";"";"";"Stuttgart";"indelivery";1001;"2020-04-14"
29914;"energy";"electricity";2300;2408;"2020-03-15";"2020-04-01";"";"";"";"Dortmund";"indelivery";1001;"2020-07-26"
29915;"energy";"electricity";2800;2790;"2020-05-03";"2020-10-01";"";"";"";"Leipzig";"indelivery";1000;"2020-05-29"
29916;"energy";"electricity";2300;"";"2019-12-30";"2020-01-01";"";"";"";"Berlin";"indelivery";1001;"2020-07-07"
29917;"energy";"electricity";2300;2475;"2019-01-16";"2019-03-01";"";"";"";"Saarbrücken";"indelivery";1000;"2019-07-05"
29918;"energy";"electricity";2600;2675;"2019-06-24";"2019-07-01";"";"";"";"Lübeck";"indelivery";1001;"2019-12-25"
29919;"energy";"gas";11900;12086;"2020-04-30";"2020-12-01";"";"";"";"Bremen";"active";2001;"2020-09-21"
29920;"energy";"electricity";2600;"";"2019-05-28";"2019-08-01";"";"";"";"Wiesbaden";"indelivery";1001;"2020-06-15"
29921;"energy";"electricity";2800;2738;"2019-06-23";"2020-05-01";"";"";"";"Hannover";"indelivery";1000;"2019-09-26"
29922;"energy";"electricity";2700;2891;"2018-03-27";"2018-05-01";"";"";"";"Munich";"indelivery";1000;"2020-01-02"
29923;"energy";"electricity";2500;2691;"2020-04-23";"2020-05-01";"";"";"";"Essen";"indelivery";1002;"2020-09-29"
29924;"energy";"electricity";2900;3058;"2019-04-09";"2019-08-01";"";"";"";"Marienberg";"indelivery";1000;"2020-08-03"
29925;"energy";"electricity";2600;2585;"2020-06-22";"2021-05-01";"";"";"";"Hamburg";"active";1000;"2020-09-20"
29926;"energy";"electricity";2300;2268;"2018-08-08";"2018-09-01";"";"";"";"Bremerhaven";"indelivery";1002;"2020-06-09"
29927;"energy";"gas";11500;11863;"2018-08-03";"2019-08-01";"";"";"";"Hamburg";"indelivery";2000;"2019-03-10"
29928;"energy";"electricity";2100;2255;"2018-03-19";"2018-05-01";"2019-02-28";"2019-01-28";"fristgerecht durch Kunde";"Wittlich";"terminated";1000;"2018-12-26"
29929;"energy";"electricity";2800;2991;"2018-10-12";"2019-02-01";"";"";"";"Cottbus";"indelivery";1000;"2019-03-26"
29930;"energy";"electricity";2900;2864;"2018-11-22";"2019-04-01";"2020-03-31";"2020-02-18";"fristgerecht durch LichtBlick";"Dortmund";"terminated";1001;"2020-02-03"
29931;"energy";"electricity";2200;2286;"2020-05-11";"2021-01-01";"";"";"";"Dresden";"active";1002;"2020-07-24"
29932;"energy";"electricity";2400;2461;"2018-10-10";"2018-12-01";"2018-12-01";"2020-09-30";"Wiederruf";"Osnabrück";"terminated";1002;"2020-01-22"
29933;"energy";"electricity";2100;2227;"2018-06-16";"2018-08-01";"";"";"";"Schwerin";"indelivery";1001;"2018-12-27"
29934;"energy";"electricity";2400;2425;"2019-11-18";"2020-03-01";"";"";"";"Wiesbaden";"indelivery";1001;"2020-06-09"
29935;"energy";"gas";11100;11589;"2019-12-12";"2020-02-01";"";"";"";"Bremen";"indelivery";2000;"2020-06-16"
29936;"energy";"electricity";2800;2910;"2019-11-28";"2020-05-01";"";"";"";"Nuremberg";"indelivery";1002;"2020-09-15"
29937;"energy";"electricity";2000;1947;"2018-02-15";"2018-03-01";"";"";"";"Berlin";"indelivery";1000;"2019-04-09"
29938;"energy";"electricity";2900;2896;"2020-03-23";"2020-05-01";"";"";"";"Kassel";"indelivery";1001;"2020-08-04"
29939;"energy";"electricity";2400;2439;"2018-06-11";"2018-07-01";"2019-09-30";"2019-09-01";"fristgerecht durch LichtBlick";"Berlin";"terminated";1002;"2019-09-01"
29940;"energy";"electricity";2800;2974;"2018-11-26";"2019-01-01";"";"";"";"Mannheim";"indelivery";1002;"2019-02-28"
29941;"energy";"electricity";2800;2738;"2020-09-11";"2021-01-01";"";"";"";"Berlin";"active";1000;"2020-09-13"
29942;"energy";"electricity";2200;"";"2019-12-02";"2020-04-01";"";"";"";"Dortmund";"indelivery";1001;"2020-07-09"
29943;"energy";"electricity";2700;2778;"2020-01-12";"2020-02-01";"";"";"";"Frankfurt";"indelivery";1001;"2020-09-25"
29944;"energy";"electricity";2600;2632;"2020-02-10";"2020-05-01";"";"";"";"Duisburg";"indelivery";1001;"2020-08-28"
29945;"energy";"electricity";2300;2249;"2020-08-07";"2020-10-01";"";"";"";"Hamburg";"indelivery";1000;"2020-08-26"
29946;"energy";"gas";8400;8731;"2019-08-30";"2020-02-01";"";"";"";"Würzburg";"indelivery";2001;"2020-03-03"
29947;"energy";"electricity";2600;2598;"2020-04-25";"2020-05-01";"";"";"";"Simmern";"indelivery";1002;"2020-06-06"
29948;"energy";"electricity";2300;2408;"2019-02-25";"2019-08-01";"";"";"";"Hamburg";"indelivery";1001;"2019-10-27"
29949;"energy";"electricity";2700;2808;"2019-12-19";"2020-01-01";"";"";"";"Leipzig";"indelivery";1001;"2020-02-23"
29950;"energy";"electricity";3000;2927;"2019-05-16";"2019-07-01";"";"";"";"Fürth";"indelivery";1002;"2020-02-23"
29951;"energy";"gas";10600;10170;"2018-01-18";"2018-10-01";"";"";"";"Altchemnitz";"indelivery";2001;"2018-02-02"
29952;"energy";"electricity";2000;2139;"2018-10-12";"2019-09-01";"2020-08-31";"2020-07-25";"fristgerecht durch Kunde";"Duisburg";"terminated";1000;"2019-10-17"
29953;"energy";"electricity";2200;2210;"2018-08-14";"2019-05-01";"2019-08-31";"2019-08-01";"Umzug";"Osnabrück";"terminated";1002;"2019-06-13"
29954;"energy";"electricity";2800;2631;"2018-03-10";"2018-05-01";"2019-05-31";"2019-05-01";"fristgerecht durch Kunde";"Munich";"terminated";1000;"2018-08-17"
29955;"energy";"gas";10700;10486;"2020-05-31";"2021-05-01";"";"";"";"Hamburg";"active";2000;"2020-09-19"
29956;"energy";"electricity";2700;2877;"2019-10-31";"2020-01-01";"";"";"";"Essen";"indelivery";1001;"2019-12-17"
29957;"energy";"electricity";2000;"";"2020-03-08";"2020-10-01";"";"";"";"Frankfurt";"indelivery";1002;"2020-07-17"
29958;"energy";"gas";8900;8533;"2018-09-11";"2019-01-01";"";"";"";"Dresden";"indelivery";2000;"2019-05-17"
29959;"energy";"electricity";2100;1988;"2019-03-27";"2019-10-01";"";"";"";"Altchemnitz";"indelivery";1002;"2020-04-25"
29960;"energy";"electricity";3000;2918;"2019-10-12";"2020-06-01";"";"";"";"Bremen";"indelivery";1002;"2020-05-26"
29961;"energy";"electricity";2600;2583;"2020-07-06";"2020-09-01";"";"";"";"Ingolstadt";"indelivery";1000;"2020-08-29"
29962;"energy";"gas";9700;10107;"2018-04-02";"2018-08-01";"2018-08-01";"2020-06-02";"Wiederruf";"Kassel";"terminated";2000;"2019-02-17"
29963;"energy";"electricity";2000;2083;"2018-06-05";"2018-09-01";"";"";"";"Munich";"indelivery";1000;"2019-06-06"
29964;"energy";"electricity";2700;2808;"2018-11-16";"2020-01-01";"";"";"";"Rostock";"indelivery";1001;"2020-04-02"
29965;"energy";"electricity";3100;3012;"2019-07-30";"2020-02-01";"2020-12-31";"2020-11-27";"Umzug";"Paderborn";"cancelled";1000;"2020-04-29"
29966;"energy";"electricity";2000;1924;"2018-05-31";"2018-09-01";"2018-12-31";"2018-12-02";"Umzug";"Frankfurt";"terminated";1002;"2018-12-02"
29967;"energy";"electricity";2500;2522;"2019-03-27";"2019-05-01";"";"";"";"Berlin";"indelivery";1002;"2020-08-05"
29968;"energy";"electricity";2000;2119;"2019-05-27";"2019-06-01";"";"";"";"Berlin";"indelivery";1001;"2020-07-16"
29969;"energy";"electricity";2700;2814;"2019-09-26";"2020-03-01";"";"";"";"Magdeburg";"indelivery";1002;"2020-02-13"
29970;"energy";"electricity";2100;2252;"2019-10-15";"2019-11-01";"";"";"";"Munich";"indelivery";1000;"2020-07-24"
29971;"energy";"gas";8500;"";"2020-04-24";"2020-11-01";"";"";"";"Frankfurt";"active";2001;"2020-08-27"
29972;"energy";"electricity";2600;2823;"2019-06-11";"2019-08-01";"";"";"";"Munich";"indelivery";1002;"2019-08-30"
29973;"energy";"electricity";3000;3047;"2019-05-16";"2019-07-01";"2019-07-01";"2020-11-02";"Wiederruf";"Essen";"terminated";1002;"2020-01-05"
29974;"energy";"electricity";3100;2950;"2020-08-27";"2021-05-01";"";"";"";"Merzig";"active";1002;"2020-09-25"
29975;"energy";"electricity";2400;2516;"2018-06-29";"2018-10-01";"";"";"";"Ingolstadt";"indelivery";1001;"2020-03-07"
29976;"energy";"electricity";2900;2794;"2018-12-27";"2019-08-01";"2020-11-30";"2020-11-02";"fristgerecht durch LichtBlick";"Berlin";"cancelled";1002;"2020-07-26"
29977;"energy";"electricity";2600;2650;"2018-04-06";"2018-09-01";"";"";"";"Munich";"indelivery";1001;"2019-03-08"
29978;"energy";"electricity";3000;2915;"2018-04-03";"2018-06-01";"2019-05-31";"2019-04-29";"fristgerecht durch Kunde";"Borken";"terminated";1000;"2019-04-29"
29979;"energy";"electricity";2600;2653;"2020-05-21";"2020-07-01";"";"";"";"Frankfurt";"indelivery";1000;"2020-07-11"
29980;"energy";"electricity";2800;"";"2020-03-04";"2020-05-01";"";"";"";"Tauberbischofsheim";"indelivery";1002;"2020-07-31"
29981;"energy";"electricity";2200;2145;"2020-08-19";"2020-11-01";"";"";"";"Berlin";"active";1002;"2020-09-27"
29982;"energy";"gas";8100;8313;"2019-10-27";"2019-12-01";"";"";"";"Hamburg";"indelivery";2000;"2019-11-03"
29983;"energy";"gas";11100;11285;"2020-07-10";"2020-08-01";"";"";"";"Berlin";"indelivery";2000;"2020-09-15"
29984;"energy";"electricity";2400;2392;"2019-10-11";"2019-11-01";"2019-11-01";"2020-06-27";"Wiederruf";"Cologne";"terminated";1000;"2020-03-24"
29985;"energy";"electricity";2200;2315;"2020-09-10";"2020-11-01";"";"";"";"Bielefeld";"active";1000;"2020-09-25"
29986;"energy";"electricity";2200;2306;"2020-01-15";"2020-05-01";"";"";"";"Munich";"indelivery";1001;"2020-07-19"
29987;"energy";"electricity";2600;2634;"2018-01-11";"2018-04-01";"2020-12-31";"2020-12-02";"fristgerecht durch Kunde";"Marienberg";"cancelled";1001;"2020-02-14"
29988;"energy";"electricity";2600;2604;"2019-09-14";"2019-11-01";"2019-11-01";"2020-08-02";"Wiederruf";"Cologne";"terminated";1000;"2020-05-22"
29989;"energy";"gas";10300;11112;"2020-02-24";"2020-07-01";"";"";"";"Mainz";"indelivery";2001;"2020-06-14"
29990;"energy";"electricity";2700;2579;"2018-12-20";"2019-08-01";"";"";"";"Berlin";"indelivery";1002;"2019-07-29"
29991;"energy";"electricity";2800;2983;"2018-05-30";"2019-01-01";"2019-07-31";"2019-07-03";"fristgerecht durch Kunde";"Altchemnitz";"terminated";1002;"2019-07-03"
29992;"energy";"electricity";2700;2636;"2018-04-03";"2018-09-01";"";"";"";"Berlin";"indelivery";1001;"2018-11-07"
29993;"energy";"electricity";2300;2371;"2019-11-28";"2020-03-01";"";"";"";"Munich";"indelivery";1002;"2020-09-15"
29994;"energy";"electricity";2000;2054;"2020-01-20";"2020-07-01";"";"";"";"Frankfurt";"indelivery";1002;"2020-08-28"
29995;"energy";"electricity";2200;2198;"2019-12-22";"2020-02-01";"";"";"";"Dresden";"indelivery";1001;"2020-05-02"
29996;"energy";"gas";9500;9246;"2020-03-21";"2020-06-01";"";"";"";"Bielefeld";"indelivery";2001;"2020-08-09"
29997;"energy";"electricity";2700;2866;"2019-12-23";"2020-07-01";"";"";"";"Dresden";"indelivery";1000;"2020-08-07"
29998;"energy";"electricity";2800;2932;"2018-02-19";"2018-08-01";"2019-01-31";"2019-01-03";"fristgerecht durch LichtBlick";"Bremen";"terminated";1002;"2019-01-03"
29999;"energy";"electricity";2300;2383;"2019-08-01";"2019-10-01";"";"";"";"Rosenheim";"indelivery";1000;"2020-05-30"
30000;"energy";"electricity";2500;2429;"2019-11-06";"2020-02-01";"";"";"";"Altchemnitz";"indelivery";1000;"2020-06-12"
